100 100 62
79 87 2
21 65 1
8 73 2
30 85 2
35 83 2
71 26 1
53 15 1
51 3 1
100 92 1
98 77 1
77 31 1
94 93 2
56 19 1
92 81 1
55 61 2
17 31 1
55 44 2
57 51 2
29 71 2
19 3 2
66 11 2
34 60 1
49 87 2
70 67 2
53 86 2
32 81 1
96 28 2
85 54 2
37 72 2
23 72 1
38 81 2
72 84 2
24 89 2
67 11 2
39 69 1
4 46 1
100 3 1
33 7 2
93 75 2
4 50 1
56 74 2
66 9 1
27 46 1
35 72 1
58 96 2
43 89 1
57 65 1
42 61 1
51 14 2
5 85 1
14 67 1
47 99 1
15 92 2
37 42 2
55 95 1
87 57 1
17 35 1
37 25 2
93 32 1
15 86 2
21 1 2
21 42 2
46 89 1
31 95 2
67 54 2
41 68 2
22 5 2
37 79 2
14 40 1
68 30 2
15 87 1
13 85 2
93 52 2
23 61 1
1 19 2
97 13 1
50 2 1
5 76 2
82 17 2
62 48 1
54 31 1
84 10 1
49 80 1
20 4 1
2 34 2
2 45 2
2 28 1
69 37 1
95 81 2
30 98 1
63 61 2
98 52 2
53 47 2
95 18 1
15 42 2
47 46 1
83 93 2
85 77 2
51 7 1
10 9 1
