100000 100 810
32102 15278 2
20493 28610 2
53216 29237 2
80111 91994 2
4445 54721 2
82121 30846 1
17582 64376 1
95600 98507 2
52144 9098 2
19749 93237 1
98440 52985 2
53135 82535 2
75838 84933 2
43557 24465 2
9868 31177 2
28928 42607 2
98220 18632 1
98167 90113 1
13637 991 1
3300 81749 1
2234 4028 2
29064 84451 1
35860 31164 1
11050 4825 2
5216 54390 1
76587 30156 2
13666 55361 2
78381 74751 1
99645 12266 2
54490 30546 1
69872 55866 1
5367 4354 1
39432 93677 2
38198 58596 2
70956 35557 2
77218 16809 2
50100 76172 1
9490 16144 1
16686 96802 1
89572 95970 2
86899 52348 2
22787 35097 1
52326 83932 1
60666 40207 1
28683 18191 2
75692 57669 1
24967 43165 2
24605 72162 2
5784 93922 1
85780 14616 2
9170 56263 2
44573 53355 2
91435 76581 1
78122 75728 1
29256 85988 2
86371 17038 1
60607 34453 1
29348 38309 2
2321 7549 2
77781 78470 1
15878 71856 2
35735 50669 2
28205 74091 1
25409 55391 1
55753 38707 2
53285 41927 2
28898 41934 2
94063 61348 1
57153 43957 1
87673 60149 1
86680 66709 2
21606 52128 1
15027 86527 1
65796 4139 1
92710 47901 1
45769 33609 1
34764 37184 1
43821 99989 2
56680 25169 2
11347 92055 2
71544 78127 1
23262 56066 1
63000 30486 1
71359 21291 2
55838 91648 1
91990 81221 2
85857 39700 1
66906 15816 1
25091 73414 1
92017 10529 1
53467 83325 2
83064 30254 2
35754 43666 2
83144 15541 2
47293 10001 1
48882 36435 1
1 810 1
71298 255 2
49249 50035 2
37896 63641 2
