10000 5000 6323
1071 5615 1
3588 421 1
4438 1526 1
8253 2149 1
4251 1165 1
2027 9257 1
8682 8705 1
4279 312 2
1094 8532 1
2121 6382 2
2386 9916 2
9170 299 1
1446 7345 1
4163 5250 2
4240 6370 1
7764 300 1
6688 3473 2
4638 7091 2
6250 1474 1
433 6071 2
3224 1201 1
9359 1308 1
6342 8425 1
8271 8938 1
4676 1325 2
203 8716 2
6024 4274 1
1730 2962 2
665 6659 2
4119 6927 1
7541 9116 2
5376 187 2
4316 3488 1
3703 129 1
3970 468 1
7277 482 2
6641 3073 1
9730 1089 2
8836 8645 2
1598 6102 2
7438 1875 2
4604 5275 2
5217 494 1
9321 5041 2
4343 1474 1
4889 1276 2
8957 332 1
483 9523 2
6195 7677 2
5968 3585 1
6317 874 1
8032 6695 2
1893 2383 1
5492 7863 1
7222 375 1
405 890 2
3395 8566 1
6940 8812 1
7614 9200 2
3032 1851 1
3697 9343 1
7579 6363 1
9001 2528 1
8861 5796 1
9893 4246 1
376 3426 1
1675 6262 1
2682 85 1
1780 1562 2
3078 7135 2
4315 4014 1
7891 3944 2
8339 6406 2
3819 2141 2
3246 6470 1
9598 2557 1
7926 9576 1
4141 7259 2
9735 4058 2
6207 1951 2
2243 2957 1
1935 3301 2
9981 2791 2
4315 6716 1
3790 3938 2
535 6039 1
9364 123 2
8248 2032 2
6382 5844 1
698 8688 1
929 5298 1
7211 9785 1
2726 7071 1
6301 2460 2
3417 1673 1
776 4115 1
4844 3441 2
3045 2168 2
1186 8814 2
6708 7164 1
9892 2327 1
8807 3409 1
6607 4444 2
9077 9232 2
6196 9886 2
968 6629 1
8919 5507 1
575 558 1
8241 8387 2
4749 9263 1
2863 8861 1
6392 2848 1
5904 3731 2
474 7149 2
9898 8633 1
3780 4405 1
4821 1258 2
5846 6861 1
830 1555 2
5384 7946 2
5734 822 2
5125 6554 1
4369 1753 2
2842 4204 2
8488 1604 2
28 8067 2
1511 7095 1
7167 3095 1
2431 4737 1
271 3523 1
9461 8538 2
6171 6504 1
9041 2938 2
2549 3465 1
2209 8351 2
3027 2413 2
7987 2828 2
8049 8513 1
1886 132 1
2125 6339 1
1930 3123 2
6650 7688 2
6691 8438 1
4654 7654 1
5514 8973 2
483 8715 1
9652 8048 1
633 1732 1
3305 6295 1
2179 5959 1
5158 8577 2
470 474 1
6459 3326 1
4861 2569 1
3582 2613 2
9831 5364 1
407 8943 2
5015 270 2
6642 4842 1
179 1935 2
2736 5366 2
2070 4403 2
5526 3179 2
1935 2122 1
1836 3826 2
6000 1062 1
7983 6232 2
399 7583 1
8975 830 1
8536 1602 2
2178 5739 1
1560 2574 2
3327 3848 1
3940 9110 1
6564 9315 1
9360 738 1
529 2525 1
889 5837 1
6955 8300 1
9356 2040 1
858 3274 2
4524 1142 1
3834 9763 1
6704 4430 1
1038 2155 1
5698 2061 1
7064 9974 1
9713 7793 2
1651 8414 1
1056 6190 2
1642 3409 2
4261 237 2
5453 225 1
443 7256 1
6611 6626 2
8384 4256 2
1587 2511 1
199 6791 1
2714 6501 2
1272 4662 1
5656 3029 2
4155 3048 1
978 5783 1
8769 1053 2
9026 2450 2
5947 344 2
6674 1429 2
1472 8482 2
4453 7201 2
6204 3173 1
1567 2957 1
9307 3009 1
2471 9409 2
6738 58 2
3708 2315 1
2663 4616 2
4349 6877 1
532 6997 1
5456 9132 2
9176 3395 1
44 7875 1
3685 1476 2
7550 3246 1
3379 8800 2
9032 6912 2
4940 9106 1
7853 1533 2
4926 5307 2
9815 16 2
1868 1006 2
9906 5431 2
4605 5154 2
1902 9682 2
8812 8036 1
8800 9383 2
6358 6338 2
1713 8465 1
3071 2320 1
9998 6156 2
1181 1975 1
1942 1323 1
3963 8513 2
367 7763 2
4200 9327 1
514 4301 1
3590 6947 2
1914 8599 1
9323 8902 2
5801 6132 2
9651 2851 2
1060 1352 1
4124 4378 2
7730 4540 2
1176 9470 2
3424 4912 1
8415 2711 2
6416 9988 2
5786 1121 1
8981 190 1
5449 3195 2
7704 9143 2
8702 4890 2
9335 2846 1
3536 2419 2
2288 8995 1
2921 4516 2
1787 701 1
7656 3835 1
9869 8597 2
1920 5341 1
6758 7705 1
4951 9553 2
2388 4170 2
9480 8179 1
8653 9998 2
4801 913 1
218 6302 2
9798 3009 1
4070 2137 1
7388 6873 1
1683 4688 2
7903 470 1
9013 7288 2
3884 6502 2
9365 4379 2
1624 4558 2
8303 6951 2
9111 772 2
1076 4237 2
1861 5877 1
8313 5891 2
2145 113 2
8038 9123 1
8845 7466 1
1193 570 1
3360 5289 2
5696 3913 2
6548 4105 1
9090 3720 2
5896 6938 2
2151 286 2
8990 4607 2
4491 3434 1
7150 7584 2
3807 749 1
7730 777 1
9688 9470 1
8568 2905 1
3006 6916 2
9667 7748 2
8814 9952 2
2154 7618 2
8377 4992 2
7144 8494 2
2499 5405 2
4458 6871 2
2197 1342 2
8596 3922 1
1835 5410 1
684 3334 2
8854 5819 2
7326 5198 2
2314 173 1
4550 5611 1
6530 7411 2
3609 3952 1
3192 5163 2
4380 6692 2
109 5269 1
2235 8979 1
4567 3495 2
9108 5117 1
9789 7276 1
5385 2614 1
2749 9168 2
9378 4100 2
5191 9558 2
1225 5557 1
9360 1810 1
1116 8326 2
4672 9328 2
1278 5836 2
6932 6123 1
3798 8239 1
2684 1526 2
8014 6570 1
7694 3783 1
6373 3261 1
5745 1047 2
9966 5611 2
4899 3475 2
8431 7532 2
3572 542 1
2867 8636 1
5385 3789 2
9976 2138 2
6746 281 2
4498 1946 1
3748 8641 2
5974 1348 2
3911 8613 2
4624 211 1
3624 7964 1
4173 7542 2
33 6975 2
2385 6306 2
3021 8571 1
1315 6078 2
4572 7747 2
5548 9157 2
3573 3788 2
3004 7816 2
9791 912 1
5685 7498 2
1318 7244 2
366 1666 2
9229 8977 2
3857 1564 2
3574 3814 1
9965 1912 2
2811 5300 1
52 5290 2
3465 6105 1
6942 4696 2
1184 4726 2
1509 6415 2
7380 1489 2
5143 1887 2
4255 8948 2
8376 6826 2
7341 6236 1
3501 8297 2
9902 5034 1
4929 2087 1
4775 8406 2
356 6452 2
6097 9687 2
7127 5427 1
9625 4540 2
1521 7788 2
5998 8758 1
4653 2587 1
5495 9163 1
7994 3503 2
6122 1637 2
4505 5116 1
9878 3409 2
4259 1369 2
1466 5777 2
8449 1155 1
1595 922 2
7154 4152 1
5122 5511 1
3848 5117 1
300 228 2
9163 345 1
9016 8627 2
3092 7399 1
1949 3019 2
6323 5304 2
8049 292 2
9754 4831 2
9043 3868 2
9392 5763 1
6978 8261 2
4720 6544 1
2435 2308 2
4327 2246 2
5087 1620 2
4377 5065 2
6962 2497 1
4620 8751 1
2718 1806 1
43 2453 1
342 1711 2
9812 2379 2
3603 8991 2
7899 9955 1
2786 3132 1
101 646 2
7572 9702 2
9646 2367 2
6989 9075 1
3875 5677 2
7446 8686 2
6473 4565 1
8012 6804 1
3828 4414 2
8990 8645 2
7248 8660 2
1042 5049 1
1660 3078 1
8192 9336 2
9882 8568 1
4070 6433 1
8705 3138 1
7522 9156 2
811 1790 1
779 56 2
3127 6190 2
505 8598 1
3032 5235 2
5544 3003 1
7796 1415 2
4282 5450 1
3781 1861 2
9810 3512 1
2028 731 2
7145 6526 1
8233 3775 2
8492 4731 1
148 3975 2
5132 9952 1
2920 9759 2
4509 1090 2
1602 4119 2
2679 7755 1
8742 8339 1
2792 4248 2
1579 6665 2
9969 7644 2
1274 9910 1
2196 9468 1
898 8170 2
365 6866 2
5799 7015 2
5558 9067 1
6303 6390 1
5184 360 1
5140 2018 2
6785 4417 1
1764 922 2
8145 7453 2
4916 3555 2
4220 1403 1
1353 1684 2
2307 892 1
109 7833 2
5514 3510 2
7120 9121 2
4268 675 2
9284 6912 2
3410 5984 2
3760 6973 1
6080 9342 2
9071 837 1
1769 6933 2
6782 1174 1
6389 7676 2
817 1381 1
5842 114 1
222 2985 2
8944 4728 1
2144 9293 1
6004 8709 1
5269 9010 1
5542 8657 2
7777 5482 2
2883 1530 1
8745 8287 2
8875 7554 1
857 9674 2
7636 3710 1
3359 1788 1
85 249 1
9645 6840 2
9324 2863 2
7915 4295 2
8665 514 1
8034 6019 2
2464 3641 2
8930 5340 1
7755 5660 2
9757 1910 2
6870 2281 2
8362 3145 1
961 9506 2
3699 4784 2
4178 1869 2
4679 8394 1
3776 3619 2
1816 9244 2
201 6657 1
302 798 2
6365 4602 1
8291 3913 1
2032 2258 2
8853 6799 2
5196 2276 1
9352 6403 1
4317 6062 2
1489 9612 1
1507 8016 1
5707 3703 1
7395 8337 1
2118 4914 1
9511 3402 2
5203 4338 2
9609 8776 2
1209 1710 2
1500 4574 2
3092 1889 1
1699 5761 2
3744 5868 2
9656 9882 1
1682 8625 1
359 3688 2
6480 1561 2
7936 1995 2
2484 9232 2
4072 6506 1
3389 5139 1
2744 8830 2
2941 5497 1
2317 5493 1
6044 2951 1
6374 8848 2
7059 1018 1
4842 7541 1
7650 8562 2
1791 4173 2
1228 9185 1
4132 295 2
5222 4943 2
3848 9187 1
3819 7465 1
2912 7848 1
3498 3838 2
7397 4464 1
1446 1745 1
9859 3158 2
4341 9386 2
5052 1631 1
8450 853 1
1859 8206 1
2876 3025 2
674 3949 1
5572 7457 1
6420 9323 1
3187 1423 1
27 5113 2
802 2100 2
539 8748 1
5119 722 2
2205 8190 2
47 906 2
5117 5213 1
5782 5398 2
2813 5019 2
4433 6768 1
6768 5756 1
8909 3385 1
351 5515 2
8877 1667 2
248 5525 1
8727 8183 1
5546 7228 1
3271 9824 2
2554 9237 1
3404 3102 2
6800 7051 2
1078 261 1
4059 7690 2
7502 7755 1
6073 3204 2
2078 1069 2
3184 2560 2
7284 5338 1
4728 182 1
6900 4599 2
4927 6868 2
8291 8681 2
9379 6908 1
4541 5518 2
6779 707 2
1839 2757 1
687 36 2
5549 4353 2
2795 1147 1
4670 9610 1
3104 6683 1
7083 7835 2
2595 4776 1
7492 3301 2
3533 1166 1
6602 651 2
2681 5016 1
262 3060 2
3464 4089 2
1105 1741 1
6544 9559 1
5082 9204 2
4809 8042 2
9651 4382 1
4399 9474 2
6628 465 1
4051 6655 1
7559 3563 1
9754 4406 2
682 7001 2
8748 6707 2
4640 5121 2
7622 4897 1
1728 8025 2
2217 3892 2
3765 7677 1
3304 4991 2
6524 1885 1
9646 8894 1
3449 9164 1
4950 286 1
642 5250 1
8321 7936 1
8466 5035 2
3428 4858 1
1848 1542 1
231 2837 2
2821 8488 1
4055 8896 2
9970 8662 1
3908 5131 2
8887 1646 2
2452 3805 1
6581 6639 2
1566 9791 1
2206 411 2
6224 7295 1
1383 3132 2
2506 1838 1
9533 9229 2
5249 3490 2
2525 7837 2
7085 213 2
3306 912 2
7003 6868 1
5354 5565 2
9179 928 2
2858 9712 1
5987 417 2
198 5242 2
6938 5662 2
4593 3900 1
9246 1862 1
9027 3280 1
5023 2362 2
5718 1264 1
945 8432 2
2105 8573 1
9966 8050 1
6157 4953 2
3842 8941 1
7626 1309 1
2861 6739 2
7307 164 1
9204 1449 1
749 4782 2
4241 8953 2
7605 5486 1
6766 1521 2
4775 5629 2
3262 9555 1
5311 9221 2
3029 3507 1
188 854 2
1450 8972 1
4992 6356 2
3804 8027 1
914 6534 2
3386 2786 2
5403 2441 2
330 9751 1
7612 3084 1
4723 5634 2
6711 7474 1
9858 6723 1
6322 3347 2
8857 4297 2
9128 8522 1
2363 7564 2
9847 9800 2
1634 596 1
8146 480 2
218 7951 1
6960 7081 2
2931 4735 2
7547 8191 2
3362 9450 2
8643 435 1
9296 3160 2
2201 3766 2
3178 6057 2
7620 1906 1
9359 7116 2
9759 2497 2
6342 8361 1
1145 2084 2
1141 4360 2
2483 861 1
3995 4136 1
3718 6997 2
4167 8489 1
9882 4439 1
2222 9362 2
6864 9827 1
3609 6396 1
218 8044 1
804 3460 2
5773 1482 2
8017 4413 1
1622 2217 2
9155 5500 2
4722 2280 2
51 7594 2
5972 8011 2
9455 3030 1
7699 4122 1
2374 4576 1
5481 1472 1
1645 5551 1
5061 6172 2
797 4844 2
8218 4531 1
8450 2437 2
5998 812 2
6621 7595 2
1660 8499 2
7603 1396 1
8370 5286 1
5277 3082 1
8740 8171 1
8166 7577 1
5751 2088 2
7664 7877 2
8454 4186 1
9775 5074 1
8049 5391 2
9212 3242 2
5673 971 2
8451 5211 2
3046 1159 2
5477 9910 2
7953 2205 2
8615 3329 1
7706 3918 1
1458 646 1
979 5292 2
1697 9826 2
6114 6784 2
1637 7479 1
6147 8821 2
7908 8874 2
868 6139 1
3606 4389 1
1208 1749 1
3095 3382 2
6789 7259 1
2120 7695 1
1029 2393 2
7934 2068 1
4425 4782 2
8145 6800 1
5553 5662 1
9599 3760 2
5957 1665 2
2886 1078 1
4543 7345 1
845 2887 1
6655 1792 1
1436 7102 2
7302 7440 1
4703 247 2
5035 3257 2
3127 8468 1
1065 8054 2
3945 8556 2
3279 9896 1
2781 4903 2
9087 3890 2
5472 4467 1
3023 4267 1
6978 5714 2
6331 4127 2
905 7786 2
2465 2382 2
3997 2355 1
595 6892 1
6313 5021 1
7433 8575 2
4113 1319 1
5068 7237 2
6422 457 1
5788 8795 1
2131 6779 2
9771 7846 1
5140 1035 2
2288 6894 2
8794 7772 1
8805 5390 1
8360 1329 2
1274 3670 1
8457 1718 2
6655 5385 2
7768 1336 1
4046 2287 2
8485 3031 2
1438 2804 2
5143 2827 1
3633 4167 2
4677 9005 1
7 8508 2
8332 3481 1
9049 7083 1
8908 3506 2
8895 5662 2
3451 3742 1
2874 503 2
7040 3558 2
9419 4056 1
1481 296 2
4714 4201 2
7670 5701 1
2768 6629 1
8043 5811 2
8125 5245 1
9138 7851 2
4947 1603 2
9623 5868 2
1032 7281 1
7226 2903 2
9256 6112 2
6912 1 2
1329 8257 2
739 3572 2
1814 9480 1
1277 7693 1
7965 3899 2
1665 4016 1
5473 1607 2
4082 2944 1
9344 7676 2
2314 6999 1
77 9260 1
6389 4100 1
7359 944 1
4835 8792 1
8481 1187 1
7337 4440 2
6624 6932 1
1408 2270 2
5024 5065 1
277 5784 2
6536 1207 1
9480 8471 2
6289 8091 1
6589 802 2
4298 2676 1
3646 9552 2
7543 8886 2
8630 7217 1
8174 3336 1
4599 9014 1
5096 3623 1
9989 8821 1
5718 6849 1
5962 9494 1
1322 2043 2
8704 1512 1
937 1516 1
9498 4621 1
5776 5727 2
6619 761 2
8860 5749 2
284 2999 2
8640 5425 2
747 4452 2
963 7706 2
6183 8162 2
6639 5772 1
597 3191 1
1123 3095 2
2702 8875 1
9346 3374 1
8862 1597 2
8018 4154 1
3879 271 1
8654 197 1
9196 2902 1
2197 4959 2
2118 2507 2
3320 4909 2
83 3068 2
4560 5748 2
6722 9419 2
4933 3042 1
9240 1454 1
9064 9654 2
61 6174 1
4458 7091 2
9648 296 1
3379 3185 2
2655 2239 2
9276 8364 1
5920 807 1
1477 3235 2
2443 7564 2
9120 8538 1
4734 3193 1
3396 7897 2
6040 9329 2
7259 6506 2
1902 570 2
4484 6351 2
3800 3565 2
2305 3785 2
7125 7784 1
6090 4914 2
3331 4812 1
809 8357 1
7912 8910 1
300 4800 1
5372 5770 2
7607 873 2
2684 7628 1
751 2246 2
4009 3365 1
9391 6291 1
5239 892 2
8999 3056 2
9870 5466 2
4920 2465 1
189 5837 1
4553 7244 2
5186 3078 2
3333 5022 2
9427 8171 2
7227 679 2
3048 8437 1
5677 889 1
4542 9699 2
2529 4221 2
5573 4006 2
6851 7885 2
7123 8003 1
9345 5355 1
9392 4772 1
6670 1737 1
1480 2759 1
7359 9023 2
4332 5517 2
9729 1977 2
6001 5660 1
3089 3830 1
9071 8510 1
4370 8090 1
3299 9632 2
8411 9212 1
8445 692 1
1110 5465 2
5123 3823 2
8771 9471 2
2252 6203 2
5810 5347 1
4326 3446 1
6925 9996 2
5265 1554 2
9244 2677 2
2050 6243 1
6878 8367 1
1313 3012 2
2663 2252 2
4155 8290 1
9084 6117 1
5888 5807 2
9017 838 1
1446 5777 1
1515 8157 1
6612 1104 1
7671 862 1
8728 1307 1
4193 1041 2
8690 5460 2
4790 4691 1
7879 3311 2
4178 6657 1
2990 6535 2
1354 7456 1
3526 9546 2
6788 6520 2
6110 8760 1
6106 8196 1
8636 3255 1
9803 8803 1
7703 6674 2
2234 2266 2
5805 4437 1
9389 4464 2
3118 6403 2
5775 4625 1
9358 3521 2
5598 6300 2
7159 5816 2
4638 5269 2
6789 9638 1
6516 2467 1
2552 6493 2
1083 6355 2
5125 1043 1
8515 2195 1
9974 2193 1
61 9848 1
2085 3973 1
816 2665 1
6309 9295 2
8583 1649 1
7849 9191 1
641 6641 2
6235 3686 1
4304 2379 1
4775 3528 1
6922 9128 1
8605 7361 2
5147 4531 2
8722 4628 2
8881 8428 1
8255 1421 2
1039 7287 2
4017 9673 1
3930 4314 2
9751 2489 1
7295 9650 1
3736 8259 1
3243 1742 1
890 1809 1
2881 2195 2
2940 7567 1
488 8710 1
813 7649 2
8843 8037 1
3698 859 2
791 1407 2
1588 919 2
7008 5671 2
5712 6691 1
2380 9173 1
565 48 1
6134 2053 1
6265 1876 2
2893 5621 1
1781 7561 1
8578 6203 1
4692 7132 1
8558 2350 1
9208 5118 1
5913 1928 2
9205 1015 1
9380 4394 2
948 9134 1
5552 2952 1
9746 5842 1
8197 1369 2
5806 6932 2
124 5784 2
8110 2282 2
2757 6774 2
970 9118 1
6194 6069 1
2368 3149 2
7658 5886 2
7855 5593 1
4951 3692 2
3468 6952 2
4168 6767 2
7328 4114 2
4192 5995 2
3863 9078 2
6181 2118 2
9698 4582 2
2466 9549 1
1222 8422 2
4565 6991 1
6411 7809 1
1058 3808 1
9279 8852 2
9870 5048 1
2560 6833 2
9380 7906 1
9301 3150 1
1268 9357 2
7366 4435 1
5327 5662 1
9439 4688 1
4012 4540 2
7458 1988 1
7958 8259 1
4417 5511 2
1916 8386 1
1816 2737 1
6336 8157 2
9697 3264 2
3001 6971 1
1229 7639 2
5009 3161 1
4834 9145 2
2167 3157 2
3528 7906 2
1837 2276 1
2171 4478 1
1691 3084 1
3004 4720 1
5322 8954 1
4320 5741 1
2795 6478 1
2159 2254 1
9358 6987 2
534 3298 2
6955 5448 2
278 5017 1
7916 321 2
1955 4890 1
2081 1494 2
1013 1470 2
4666 522 2
6794 7794 2
9841 7477 2
9474 8489 2
3102 8675 2
9218 4104 2
4576 1187 1
8466 121 2
1275 617 1
4111 6744 2
4404 5085 1
5993 3497 1
7863 4778 2
8854 8112 2
2882 1503 2
2061 2455 2
3095 1201 2
6380 1228 1
7582 2727 2
4691 9728 2
8288 2333 1
3991 6473 1
3501 6066 1
9216 3424 1
887 5514 2
1803 2036 1
7205 7852 1
8600 5606 2
9777 7604 1
1357 2587 2
26 5155 2
2929 813 2
2643 9290 2
7266 3642 2
9698 8435 1
6768 6131 2
8498 9848 2
4047 4959 2
9201 6010 1
2473 8117 2
3299 2283 1
778 4533 2
1469 7684 2
4498 9504 1
8443 1552 1
6375 8395 2
6330 9167 1
3936 2449 1
5822 6180 1
9867 8782 1
3902 3720 2
5303 1076 1
7555 3956 2
1115 5514 1
2077 5579 2
4670 6584 2
9614 4686 2
2588 2156 2
4060 8725 1
7399 8968 2
5859 7117 1
6932 9857 2
3329 2053 2
3402 3586 1
1881 7664 2
327 6455 2
81 7270 1
7594 4770 1
1395 8082 1
8202 8618 2
479 5845 2
93 1383 2
7960 5682 1
4434 4871 1
5267 7184 1
9720 1373 1
8443 4011 2
148 5196 2
6591 1668 1
3839 1440 1
5026 4204 2
3158 1141 1
6155 6669 2
2072 3998 2
4915 6241 1
3692 1280 2
7049 6440 2
3384 7332 1
9601 2327 1
9307 4424 2
2960 436 1
2948 1279 2
530 4731 2
1800 4796 2
9573 4620 1
1232 7851 2
6827 3610 2
2792 2857 2
1308 1629 2
5794 3495 1
5121 5313 2
2593 3610 2
4490 693 1
8574 5838 2
5433 925 1
2855 8222 1
1157 4209 2
3579 8574 1
7576 1372 2
175 2146 2
7250 2397 2
1292 7316 1
7331 4873 1
5518 7025 2
7189 2823 1
4423 1836 2
3439 3234 1
6250 5210 2
7523 3019 1
5264 2469 1
4065 1877 1
9014 3466 1
4482 2455 2
1117 2698 1
3262 7502 2
1785 3804 1
3814 9640 2
7459 6634 2
8347 6569 2
119 8271 2
2276 8570 1
6950 9344 1
9085 293 2
5797 1120 1
194 6171 2
8013 2858 2
9992 7454 2
41 3658 2
4645 7287 1
7979 2612 2
8563 7073 1
7847 524 1
4497 1804 2
4245 1933 2
8290 9979 1
5027 1827 2
8971 5238 2
5234 3936 1
2361 2761 1
5876 1274 1
1705 5299 1
8949 315 2
399 1304 2
1119 784 2
4592 4320 2
3667 7003 1
4727 3253 2
71 2578 1
6563 4313 2
7475 8237 2
3480 9438 2
387 7115 2
2762 9788 2
2392 1390 1
8661 8318 1
455 5690 1
3911 1893 1
9784 2202 2
1908 4004 1
9128 1883 2
4482 3506 1
8247 5584 1
5258 2267 1
8171 3772 2
5805 9231 1
652 2923 1
9021 9298 2
8646 5881 1
5583 6474 2
4058 2729 2
1280 7204 2
6476 6559 1
717 9536 1
1110 6694 1
7193 6560 1
8260 7372 2
4827 8845 1
7799 2577 2
1533 546 2
418 7516 2
430 7167 1
3792 614 2
5569 311 1
1020 2428 1
8172 4178 2
8055 1329 1
4938 7004 2
6757 2298 1
6346 7508 2
6784 5680 2
2733 350 2
7620 9057 1
6331 6194 1
4449 5920 2
783 4170 1
7309 9297 1
7639 6712 2
7583 2110 1
7029 3262 2
5429 3988 2
112 7091 1
8271 9702 1
6516 3221 1
7777 4697 1
2765 8914 2
3013 7687 2
5216 6605 1
311 9308 2
2419 8720 2
7975 28 2
2736 4740 2
1530 5355 1
5270 6426 2
746 4643 1
8344 293 2
6017 9154 1
8876 2126 1
9698 5161 1
1068 6271 1
4401 6686 2
5593 6216 1
2821 3147 2
5587 9710 2
1229 365 2
6978 6935 1
6584 9765 2
5632 9695 1
3307 4586 2
9389 4469 2
4576 2198 2
954 6990 1
897 7349 1
2910 882 2
9777 5337 1
3700 5642 2
9875 9288 1
9947 3113 2
4513 2924 2
2277 4703 2
6214 2786 1
5320 9207 2
4388 3308 2
9968 3115 2
8528 2943 1
1019 7146 1
9953 3669 2
6331 1465 1
1988 7997 2
1432 7119 2
955 8630 1
4588 3047 1
2537 1607 1
6997 130 2
9047 6890 2
6118 5634 2
7219 2765 2
2294 1073 2
8604 9808 1
5391 7864 1
7143 4985 1
8512 9144 2
9917 6787 2
5708 6772 2
7018 2922 1
2697 9061 1
480 7104 1
8194 2309 1
1682 2588 1
8101 9652 1
745 4278 2
134 5175 1
1507 4716 1
9642 3779 1
8719 1393 1
6525 8086 2
562 8504 1
6109 655 2
8645 7965 1
7036 3057 1
3764 5980 2
6849 9236 1
2336 4840 2
9048 5572 1
7566 2150 2
7502 6752 1
9447 4767 1
4934 5740 2
422 2994 1
5926 5135 1
9293 6287 1
4538 6406 2
2928 8573 1
4880 5391 1
9367 6805 1
3035 9215 2
5905 9572 2
3041 4285 2
1980 6285 2
5629 8244 2
6958 6517 2
3853 5077 1
3583 4965 2
7348 6339 1
812 2908 2
9802 4101 2
1094 9130 1
2903 4615 2
8881 4662 1
7323 5881 1
5974 7513 2
6074 2799 2
8673 6785 2
1000 8095 2
3203 8623 2
9569 9334 2
1713 5513 1
8228 1523 1
7539 393 1
7234 6987 1
3590 748 2
8484 323 1
859 9587 2
7811 8761 2
2181 1509 1
4974 3708 2
3823 6603 2
8551 1503 1
2884 1075 2
1046 8058 1
1045 1119 2
1796 5097 2
4119 8499 1
9506 2491 1
5474 3914 2
9024 1988 1
3203 832 1
3814 155 2
186 7705 1
3854 9917 2
5293 1050 2
9015 3256 2
4692 6507 1
1252 4865 2
7562 1051 1
4507 9327 2
5890 4299 1
423 1757 2
1632 4434 2
9479 8876 2
7260 1975 1
2524 3742 2
2611 5323 2
9439 8028 1
9701 7469 2
4936 7442 2
4856 3875 2
6760 4318 1
867 6327 1
10000 3268 1
8068 4008 1
4632 6540 2
2123 2645 2
1977 7730 2
781 310 2
1011 5622 1
1970 5811 2
4520 2442 2
4854 1194 2
1807 9943 1
8956 4397 2
2 3048 2
8598 1922 2
1760 4956 2
9230 4993 2
9884 8360 2
4209 3194 1
3820 1427 2
8911 444 1
170 6121 2
5372 607 1
9415 4105 1
9010 1403 1
595 7239 2
7949 5407 2
7958 7370 2
1613 3067 2
3355 3743 2
9144 2966 1
2815 2292 2
5813 2616 1
5910 2110 2
3713 6705 1
8519 3076 1
1086 9249 2
1371 5153 2
4240 670 2
418 7286 1
3022 9937 2
2605 613 2
2215 7737 2
4149 6615 2
8794 9254 2
7875 5271 1
3436 7151 1
5750 5429 2
4006 45 2
5536 7173 1
2965 3597 1
4761 3597 2
7433 4930 1
6555 3146 2
2070 1761 2
3636 3627 1
517 2148 1
8823 3381 2
2404 8584 2
6155 1549 2
9442 6302 2
1882 9057 2
9140 2525 2
6148 6448 2
9059 1102 1
3450 8029 2
2972 7295 2
6115 752 1
8126 3825 2
3610 6180 2
9935 2474 2
3453 8154 1
7112 8180 2
3088 757 2
1700 5676 1
8488 5229 1
261 20 1
1377 3692 2
6191 3361 2
8905 7315 2
3371 2109 1
6450 2918 1
726 5030 1
9011 5036 1
8895 7422 2
2584 1248 2
7404 7113 2
7262 9811 2
998 8210 1
6104 2311 1
7304 1782 1
2621 5509 2
9508 9191 1
183 9208 1
5166 2122 1
213 8512 1
655 4009 2
9658 6113 1
2115 5762 2
8188 5073 2
4475 7639 2
1317 3725 1
6524 5260 1
2918 7700 1
6463 8732 1
8719 634 1
8143 3797 2
2600 2839 1
4414 5127 1
2652 8534 2
3056 5304 1
5416 2774 1
5213 3875 2
3089 3708 1
115 1188 2
1691 6671 2
4723 4542 1
5330 7195 2
3168 4837 2
5845 5695 1
4995 4180 1
9494 9759 2
7961 9433 1
2155 6194 2
4259 6436 2
8096 4805 2
9013 8684 1
1219 8918 2
6711 9129 1
7799 2729 1
5623 747 1
6385 6919 2
6661 4002 1
8142 4106 1
5830 3491 1
4235 2659 1
498 6410 1
9804 3764 1
134 5970 2
8998 2822 1
1235 5118 1
2596 693 1
3053 2420 2
2645 2126 2
476 3821 1
4668 4408 1
942 535 2
9359 8040 1
3907 1411 1
8377 8779 1
5024 1991 2
6905 4688 1
5725 2988 1
6769 4299 1
2423 6081 1
2007 4548 1
3166 5878 2
3767 822 1
4952 4498 1
7470 3664 2
6109 9310 1
7249 4295 1
6937 9464 2
4868 1298 2
1740 7793 1
4596 4061 2
6845 7839 1
5326 9191 1
4451 5260 2
1237 4820 2
7147 133 2
4400 1739 2
6757 4571 1
217 888 1
2743 3861 2
4223 7052 2
8264 1389 1
4277 3608 1
646 3375 1
5409 230 1
4177 7373 2
9662 352 2
8413 3741 1
4250 967 2
5956 2009 2
5112 1805 1
866 4670 2
2160 3883 2
3607 8270 1
1770 3628 2
4809 2830 2
3287 5664 2
9103 904 1
2696 9402 2
3143 2074 1
4116 306 1
2625 1446 2
9943 1252 1
9457 9264 1
9469 2448 2
2129 2947 2
2923 424 1
556 8444 2
5015 5924 2
3941 1069 2
3051 7761 1
1822 716 1
4022 2622 2
5905 8529 1
9450 4061 2
6299 7435 1
9967 5464 1
7611 1164 1
5695 8602 2
6744 1928 2
552 2818 2
5928 9626 2
9085 8116 2
1082 7552 1
9381 9847 1
7565 4890 1
1083 3495 2
4150 911 2
252 4292 1
3599 2455 2
3612 9218 1
7602 6722 2
2145 6488 2
482 6335 2
7622 5073 1
6418 5558 1
7594 205 2
6811 4015 2
5743 465 2
1419 7769 2
7643 4323 2
1153 644 1
10 5967 2
2402 3207 1
3834 1445 1
3095 3387 1
2845 7880 1
6573 1565 1
4219 6528 1
3299 1248 1
6413 7401 2
4431 7129 1
8051 2898 2
3978 6209 2
6047 3487 1
7343 2055 2
2120 8792 1
3072 2459 1
9160 2584 2
9361 8660 1
7342 7822 1
1467 2299 2
5341 3807 2
1402 270 1
9659 1586 2
880 8254 2
7571 9986 1
5584 5985 2
7091 6480 1
5923 3344 1
9247 6735 2
2854 2266 1
6028 3046 2
5466 9056 2
2598 194 2
851 2775 1
5562 6097 1
9674 6297 2
2941 2631 2
6267 9972 1
5283 5949 1
1320 9625 2
2376 8189 2
6180 4126 1
8283 9287 2
4712 5773 1
1982 6480 1
9409 3779 1
1448 3006 2
9552 9266 2
8035 1389 2
8153 1407 1
2974 8125 1
372 9300 2
9387 2113 2
6400 6847 1
7906 7617 2
6987 5265 1
1069 8489 1
8795 8081 1
7642 8408 1
1528 8199 2
3452 2370 2
2015 5345 2
7770 5631 2
5601 1153 1
767 1497 2
9345 2652 1
8808 4082 1
6250 3756 1
3497 8060 2
4919 9424 2
6104 2046 1
2569 551 2
8961 4006 1
3941 1945 2
8320 2498 2
7091 8206 1
5562 4485 2
9616 8404 2
8116 713 2
3037 4525 1
3498 3319 2
7197 5374 2
3802 5632 2
9931 2354 2
7078 5720 1
2322 9797 2
3414 2645 2
6675 5482 2
4980 548 1
2067 6486 2
4990 7173 1
7017 5586 2
7079 7354 2
6516 1052 1
2310 316 1
5764 102 1
325 5670 2
5021 4006 2
3971 3368 2
359 6837 1
1555 3221 1
7680 9712 1
3419 3509 1
2760 5562 2
8934 5156 2
5395 7944 1
4146 8833 2
4203 2275 1
1539 7888 1
2028 2410 2
8766 5769 2
838 6957 1
1759 7110 1
3295 6611 2
3107 4217 2
318 1653 2
9982 2884 1
913 7393 2
2871 6590 1
4888 5608 2
1063 7093 2
9479 8400 2
7198 135 1
5176 5538 1
8510 1223 1
9255 61 2
8094 8798 2
212 1905 1
7704 8472 1
5445 9077 2
6475 8707 1
6817 290 2
2969 531 1
4598 3958 1
3866 8433 2
3027 562 2
8424 2679 2
6175 7212 2
1505 6853 2
1072 6350 1
8729 3840 1
2373 8661 2
4069 7102 1
5421 3747 1
1872 3963 1
6158 8093 1
7977 5862 1
3007 5885 1
6676 4324 1
8717 6129 1
4485 1325 1
362 6394 2
5048 9178 2
7561 8350 2
7884 7181 1
7172 8055 1
5282 3289 2
2662 5410 2
8275 2166 1
2914 1793 2
8472 223 2
6410 9209 2
9328 9315 2
8072 4901 1
9069 2359 2
7704 6225 2
7639 8882 2
2588 4639 1
9351 1999 1
6023 1638 1
9533 9775 1
4323 9678 2
7195 1220 1
4347 5237 1
2776 4903 2
3393 3149 1
5487 7924 1
6185 8939 1
5389 4985 1
4236 8234 2
4102 5370 1
5927 1846 1
2464 9440 1
7177 930 2
5702 9189 2
7272 4466 1
7862 8921 2
3581 449 1
9476 5345 2
8403 5101 2
6677 7890 1
4252 8598 2
5061 6570 1
1868 4899 1
849 216 2
8332 6300 2
4894 8031 1
7208 369 1
5392 2775 1
1521 7697 1
4051 8300 2
4972 932 2
6198 1549 1
8754 1730 1
411 8878 1
5902 4938 1
1737 9542 1
322 1436 2
1050 6690 1
7666 5279 2
5885 4096 2
8199 5884 2
2725 5925 2
4861 1409 2
9320 7480 1
4165 7662 2
2944 7972 1
8276 3915 1
7454 3306 2
8674 1441 2
994 1629 2
6076 5804 1
5620 8068 1
835 4384 1
4607 3083 1
1995 2177 2
8592 9506 1
8109 5705 1
2043 156 2
53 3974 2
9334 3714 1
9092 1305 1
4605 3662 2
9631 216 1
5740 8992 1
6862 1596 1
8520 6813 2
7438 1284 2
3223 3546 1
2560 6993 1
3683 7237 1
6951 840 2
4378 3629 2
4286 5075 1
6545 7221 1
2864 448 2
7773 9013 1
4862 2064 1
3816 3337 1
8061 4585 1
6642 9120 1
3445 389 1
941 3134 1
3187 4785 1
2448 2490 2
4231 1807 2
6934 3601 2
6103 1460 1
4508 7921 2
6603 9274 2
1958 4623 2
5839 9503 1
2170 5842 2
3156 8469 1
5811 9621 2
1502 7376 1
1375 4201 1
2999 3291 1
8898 1424 2
2555 6659 1
6401 9171 1
7883 906 2
1672 429 2
250 773 1
6533 6382 2
5267 2335 2
1898 1370 2
8896 9076 1
3070 9895 2
5956 4519 1
5053 562 2
1763 2284 1
3988 4603 1
6933 2766 1
7046 692 1
7094 9690 1
8569 6470 1
8473 7939 1
2282 2235 2
9472 8796 1
9125 5589 1
2310 593 2
4541 5014 2
1477 6766 1
8842 2326 2
7264 5430 2
358 4561 2
4907 7709 2
9375 9654 2
3837 2559 2
6153 5641 2
5173 9255 1
8313 2145 2
4338 1480 1
9738 4203 2
3290 7240 2
124 885 2
756 1056 2
4880 1236 1
8862 2349 2
8525 1614 2
5479 5362 1
3903 8609 1
6022 116 1
6514 2154 2
6545 9500 2
4347 9007 2
9975 6569 2
7600 7574 1
4871 4171 2
7931 6731 1
2502 3753 2
8746 382 2
5806 3020 1
8210 5715 2
9385 4866 1
4280 3712 1
4122 9036 2
1526 738 2
5316 9104 2
3676 1320 1
4817 7591 1
6733 8742 1
1084 8256 1
1582 9636 2
1959 8988 2
4042 733 2
4934 1760 2
48 8529 2
9186 966 2
2467 5795 2
1912 8428 2
3513 3979 2
3575 9939 2
6669 8324 2
3798 1905 2
4862 8863 2
7755 960 2
9805 8255 1
5924 2076 1
9555 7899 1
1954 1273 2
7129 752 1
2250 2043 2
6525 2204 1
387 7709 2
2180 932 2
9466 3179 1
2178 1567 2
2160 807 1
7652 9656 1
6714 2071 2
1286 4976 1
8049 8949 1
174 3385 2
880 8878 2
4959 9004 2
5001 9396 1
8550 6948 2
7232 4444 1
9410 6657 1
846 8865 2
2371 9574 2
6079 8463 2
98 636 1
5124 6744 2
7625 2845 2
4306 8867 2
2886 9865 2
930 8072 1
4605 7988 2
9007 5 2
1667 9862 1
3675 2940 2
5476 9514 1
8490 6915 1
3165 7999 2
9828 530 1
9058 9674 1
3224 9112 2
7306 7762 2
2372 7271 1
2030 2723 1
8302 7652 2
6494 6588 2
1870 8648 1
8811 3137 1
4481 6337 1
2142 3865 1
3096 1681 1
3424 5040 2
2551 3230 2
5360 3415 2
1094 3809 2
1456 5759 1
3603 8695 1
2248 3778 1
383 4643 2
386 7146 2
684 2474 2
5244 6824 1
4789 8453 1
5257 1966 1
2391 6867 2
8816 6309 2
5680 9908 1
1180 4376 1
6199 9583 1
7194 3863 2
1987 8493 2
9038 5606 1
4674 4235 2
1470 2987 1
6628 6364 2
597 1907 1
9454 6501 1
1010 269 2
6584 6575 2
5526 8269 1
687 1033 1
5146 3259 1
1476 4932 2
2326 4210 1
1882 3125 2
1259 7313 1
1500 9846 1
8282 2781 2
9685 1300 2
8539 4941 1
9926 1155 1
9688 1293 1
179 7510 2
8206 6972 2
2022 3079 2
9283 3421 1
3163 2501 2
5562 6186 1
4738 5121 2
5632 7548 1
5249 528 2
6740 7876 1
5775 4908 1
4374 1206 1
826 6883 2
5823 4681 1
6146 1654 1
6297 6600 2
3436 6235 2
6291 9747 2
6175 7404 1
2382 735 2
1178 3734 1
6882 4594 1
5388 2955 2
1370 104 2
7915 3392 1
483 5457 2
8302 4464 2
6130 9552 1
6595 247 1
6619 8349 1
5930 6279 1
3802 4580 2
4391 7750 2
8478 5380 2
9108 2814 1
2249 6914 2
3213 3613 2
5889 3955 1
562 6355 2
9890 3413 2
7368 8582 1
9818 1974 1
6248 6464 1
748 7611 2
7967 8160 1
2910 2427 2
477 5909 2
5290 2386 2
1542 807 1
1505 495 2
548 8910 2
8083 6454 1
1794 744 2
4440 9998 2
5154 6791 1
5722 2899 2
361 9793 1
5881 9061 2
5614 2527 1
5958 1560 1
4862 2158 2
2168 9283 1
8491 4993 1
3370 6753 1
5144 2668 2
747 3202 1
1391 6027 2
5900 7915 2
2699 8153 2
646 4450 1
7646 3417 2
5921 9043 2
1772 6497 1
2030 9486 2
6558 858 2
5791 2438 1
4049 354 1
4505 643 1
5572 9385 2
1033 8865 2
2637 5143 2
9916 7023 1
869 645 1
1637 273 2
6823 5855 2
3115 7215 1
9909 3113 2
2488 1059 2
1459 1767 1
4267 863 2
6842 6211 2
6295 7973 1
5910 5274 2
1442 6205 2
2985 783 2
7335 1202 1
3494 6647 2
2724 1669 2
982 3500 2
8973 345 2
935 1851 1
5543 1237 2
9687 8069 1
7549 4469 2
8877 1697 1
6735 3226 2
4129 7080 1
1934 7733 2
1071 8472 1
4338 832 2
7913 6226 1
7524 565 1
8098 6541 2
5364 5812 2
3715 6016 2
8980 5426 1
9881 7291 1
3210 8933 1
5109 1583 1
7186 8089 2
3755 7761 2
6410 9293 2
3684 4092 1
2709 2183 2
9820 8012 1
8889 6172 1
2852 2611 2
9184 9161 2
9137 3623 2
7163 5485 2
2011 6722 2
3962 8732 1
1199 5009 2
7637 6045 2
3566 6502 2
5606 8445 1
3772 8198 1
8141 5211 1
1409 92 1
7915 8457 1
955 8676 2
9319 6049 1
5930 993 1
268 8270 1
6899 7559 2
4057 9903 1
7358 2209 2
831 4167 1
9000 1916 1
8007 448 2
6274 7050 2
9850 467 1
4495 9201 1
3831 3857 1
8106 1193 1
3760 9342 1
718 4818 1
3213 2752 1
6988 75 1
4791 6820 2
1017 1340 2
5806 8858 1
5133 5101 1
9044 6276 1
5685 2301 2
7248 7131 2
7537 8828 2
9708 202 2
7111 6657 2
9592 9185 2
9470 3684 1
5540 1539 1
9156 5205 2
7929 3160 2
7273 8164 2
8865 6860 2
8929 3078 1
9963 622 2
5366 759 2
4200 9394 1
4404 9906 1
4593 8032 2
8652 2315 1
590 466 1
6401 5382 1
3648 250 1
3373 4444 1
72 8777 2
477 8925 2
6862 1305 2
5617 2793 1
2027 4789 1
1070 5286 2
4799 2524 2
5595 6397 2
5500 4305 1
2327 221 1
6744 8301 1
7265 9559 1
2175 3612 2
3695 2528 1
6527 5084 1
7528 2690 1
7803 7313 1
7706 3675 2
3753 1876 2
4804 7740 1
3076 4319 1
4669 3339 2
5786 6354 2
9788 8545 1
7246 3122 2
4125 6125 1
3463 7284 2
7698 592 1
2016 6150 1
7056 559 1
3622 2359 2
4654 3940 2
429 4506 2
4073 2941 2
2795 8935 1
7411 7196 2
5100 6698 1
2127 5925 2
3068 6290 1
4663 9907 1
7328 5347 2
9623 4451 2
973 4581 1
2383 8167 1
4671 4450 1
4452 708 1
6788 2908 2
7375 9124 1
527 2901 2
28 4229 2
6421 1364 1
4541 2841 2
7059 2663 2
2709 4916 1
6630 6828 1
9886 4881 2
4177 518 2
4915 461 1
5307 6494 1
2278 9626 1
6846 3888 1
2779 1294 1
3353 6714 2
6555 3105 2
8543 2384 2
2787 9155 1
4230 171 1
9026 7667 1
4425 3125 2
8014 3865 1
4791 8734 2
7552 8781 2
3297 8394 1
9683 3277 1
9296 5825 1
905 7931 1
7004 8238 1
1110 6525 1
9526 3265 1
3571 2892 1
479 6365 1
1820 1589 1
9759 4538 2
7619 4763 2
6655 2804 2
1851 2803 1
127 3114 1
6125 454 2
2545 1792 1
6630 690 1
1804 3101 2
4327 7530 1
2490 8366 1
6948 5409 2
8378 817 2
5750 4051 1
7790 5211 2
2777 9453 1
9230 7459 1
7214 3744 2
6788 4116 2
906 994 1
4110 3135 2
245 3324 1
8976 903 2
8173 3037 1
9103 6579 1
8080 6117 2
4438 335 2
9525 5371 1
7125 9627 1
1380 5224 2
253 1962 1
8441 8202 1
8789 3589 2
3205 8146 2
2520 9910 2
9965 7206 1
389 6653 2
9049 7120 1
1502 6062 2
422 5372 2
3769 4353 2
5845 9342 2
2962 8081 2
9530 682 2
5431 2350 2
1741 6634 1
1227 555 1
8684 7132 1
9795 4816 2
1591 3809 1
5468 4857 1
6963 7680 1
4771 5029 1
2152 8336 2
4843 7544 2
4931 3985 2
4091 3209 2
1205 5636 1
253 2949 1
8401 1278 1
3041 9130 2
7378 6282 1
7735 3229 1
7555 7268 2
4105 1300 2
2917 5774 2
5135 7453 1
8412 3070 2
584 2870 2
4226 3086 2
1416 5554 1
7203 5931 2
5204 1066 1
2592 295 1
9176 9257 1
8396 5448 2
1249 9391 2
1138 5414 2
9716 6128 1
205 7600 2
9429 4002 2
2573 7032 1
1489 5106 1
9113 7970 2
1860 5008 2
3624 3578 2
4291 1294 1
7 6011 1
1140 7797 2
9574 3480 1
513 1343 2
4650 7766 2
2361 1470 2
7101 8448 2
5311 6484 1
9082 3186 1
4153 505 2
8993 3727 2
8866 2713 1
1977 2396 1
8072 8467 1
8121 6994 1
4014 6235 2
5437 4511 2
5484 4088 1
8663 7894 1
3258 7975 1
9516 8218 1
1641 3382 2
1779 5111 1
3290 6938 2
666 8586 2
3156 5865 2
2256 452 2
6322 2817 2
2668 2042 1
355 2223 1
5621 8520 1
7561 5129 2
887 4361 2
5498 3669 2
4420 897 1
2178 2175 1
897 2212 2
6687 4423 1
4597 3276 1
3124 6864 2
4717 6198 2
1750 2291 2
7899 4565 1
8482 570 2
6786 4030 1
3621 8421 1
364 1227 1
1314 7928 1
4836 7848 2
3952 4555 2
60 7113 1
4122 5561 1
1513 8690 2
5277 7617 1
9442 8477 1
7773 2153 1
8212 7048 2
3072 5318 1
6529 9684 1
2449 4932 1
7292 4247 1
5807 3284 2
606 4715 2
8075 5961 1
3269 8061 1
8589 4970 2
2112 4255 1
7696 6740 2
8532 6710 2
9938 8549 2
6010 6524 1
1781 4418 1
8990 7567 2
4497 2482 1
4865 8432 1
5087 7632 2
1609 7094 1
3439 6236 1
9756 9112 1
9283 4987 2
3240 3095 2
2514 6435 1
718 8929 1
7606 9376 1
6274 2927 2
7486 866 1
7645 7832 2
5213 6156 2
7211 4107 2
249 4151 2
5150 7354 1
9581 7373 2
9385 2473 1
3255 206 2
4789 6227 2
9786 1614 1
8831 2677 1
2654 6229 2
3944 7105 1
2347 4574 2
4020 7309 1
818 9208 2
3980 3474 1
5748 3784 2
6748 9229 1
7752 5381 1
1125 4464 2
5481 5227 2
8876 1154 1
7158 3513 1
7465 5371 2
7313 8147 1
2473 442 1
1985 5824 2
1517 3231 1
3648 4412 2
2425 2448 1
412 4664 1
5173 9576 1
4698 8405 1
6320 2516 2
9615 1549 1
1288 4900 1
2917 4186 2
8659 8048 1
2269 1469 2
9289 4560 2
1895 5288 2
1527 9667 1
8859 1796 2
829 4697 1
7459 4668 1
3697 1897 2
1599 448 2
3819 7228 2
3775 6484 1
5143 5440 2
3037 1070 1
7782 6246 1
9457 4619 2
2748 5603 2
4074 4666 1
3331 83 2
9452 2479 2
8983 6690 2
636 1746 1
9945 7905 1
1974 4366 2
3084 9015 2
6936 9346 1
8843 45 1
9540 1091 1
9249 6705 1
2530 8136 2
9983 1540 2
4923 4429 2
9545 3100 2
1263 785 1
6425 9235 1
1296 5783 1
9979 3877 1
8517 7321 2
6624 9830 1
9096 5040 1
5339 6458 2
1112 5661 2
6007 2395 2
9576 1028 1
3438 1767 2
7774 908 2
1971 3328 2
8869 6736 1
2826 8890 2
4091 4048 1
8491 3200 2
7108 3185 1
2162 5007 1
3381 5993 2
50 4968 1
9146 7268 2
9629 4675 1
5424 818 2
9821 2711 2
3755 3606 1
7391 2163 2
5186 1208 1
2275 8361 2
6542 7412 1
5757 1261 1
2383 1129 2
2503 5402 1
4503 2507 2
5245 5469 1
684 8226 2
5215 7096 2
9418 2425 1
2706 5120 1
6927 2431 1
1423 9472 1
3326 1417 2
1059 7812 2
5436 4142 2
1262 9135 2
1430 8634 2
596 5189 2
6665 4060 2
6703 9985 2
2601 3415 2
906 8913 1
7195 2421 2
1575 8181 1
9642 7519 1
4171 7747 2
8117 1718 2
5437 8102 1
4127 2894 2
586 4250 2
367 6893 2
4612 3250 2
3854 529 2
6574 7459 2
571 9447 1
4386 1462 1
2090 6501 1
2123 6185 2
1344 8625 1
7515 2239 1
3577 7287 2
1030 6028 1
6563 6022 2
8037 953 2
2768 84 1
9301 7286 1
5960 1942 2
9957 3011 2
596 489 2
5451 6470 2
9188 7132 2
5760 5400 1
9946 6947 2
4511 8664 2
2349 8022 1
9354 7414 2
2503 6255 1
6149 3833 2
56 6960 1
7257 8170 1
7632 2107 2
995 6647 1
6376 2680 2
7314 9569 2
7786 4482 1
6652 4846 1
3573 3658 2
4697 3703 1
7514 1123 2
7607 6299 2
2497 4804 2
1397 9643 2
5413 9705 1
1272 2572 2
7524 7474 1
9368 9640 1
240 851 2
3700 4781 2
6304 5075 1
5930 8940 2
6240 7085 2
3552 7419 2
5916 1265 2
2702 1300 1
7881 8836 2
4241 2116 1
5533 1004 2
4074 2220 1
530 3893 2
109 836 2
999 318 1
6691 7283 1
1599 6381 1
7080 1912 1
8559 7271 1
6669 7700 1
7668 2473 2
5975 5390 1
7371 482 2
2190 2029 2
1176 3366 1
5695 6802 1
6736 7900 1
2443 6971 2
8814 3841 1
7110 3201 2
8913 7348 2
4168 2059 1
8908 6887 2
7631 9624 2
3158 6724 1
2587 7194 1
9544 2230 2
7233 1285 1
8673 2428 1
9049 7700 1
7013 8377 1
5440 3685 2
3914 4422 1
2359 8488 2
825 5119 2
2386 787 2
6371 3874 2
6841 113 2
8586 6867 1
8026 7902 1
4963 3531 1
21 8605 2
8123 7604 2
2767 4786 2
4959 9727 1
4240 4857 2
3522 4782 2
7477 5949 1
3643 1322 1
8366 7105 1
6244 478 2
1761 1723 1
3228 9914 2
949 4852 1
886 4993 1
1576 8489 1
8504 5723 1
858 7773 1
7997 9828 1
2656 2229 1
8739 2651 2
2898 7690 1
1870 4884 2
6380 5611 1
7859 3174 1
9681 6200 1
2670 9406 2
4723 7992 1
9709 5563 2
6621 996 1
4082 1935 1
9081 921 1
1636 9284 1
2474 8730 1
6783 4341 1
1956 8716 1
7327 96 1
1535 3369 2
4409 6059 2
5399 5390 1
451 4636 1
1647 7244 1
9159 4288 1
3209 6122 2
116 5141 1
6591 6721 1
6573 2223 1
9422 7455 1
6920 1239 2
1558 581 1
2047 2375 1
9211 1049 1
243 7567 2
3047 2069 1
6180 3620 1
6597 5990 1
7562 5211 2
8008 5693 2
8319 3010 1
3666 8130 1
5651 6168 1
8013 2780 1
9783 4576 2
2582 8874 2
8178 3634 1
1420 6269 2
927 8634 1
8358 1547 2
9933 1319 1
1930 7358 2
5806 3485 2
8343 8179 1
4376 724 2
1500 3948 1
3159 7878 1
6846 7550 1
3593 2069 2
2214 4292 2
7104 6259 2
833 170 1
4244 8183 2
6014 8706 1
911 383 2
5811 3731 1
7487 2889 2
1529 3317 1
8695 8072 1
4811 3254 1
8878 9349 1
6299 5000 2
7902 6396 2
6174 4784 1
5622 2027 2
875 6985 2
9273 9014 1
2095 3327 1
317 8838 2
6091 6629 1
2493 725 1
676 4479 2
4903 8451 2
3779 8520 1
8959 7300 1
3859 6398 1
5722 336 1
1942 1969 2
2324 1890 2
688 759 1
7979 1338 1
9498 5659 2
4081 1195 2
4848 746 1
5693 5821 1
4116 516 2
7051 7100 1
9481 4209 1
344 8151 2
6920 4425 2
7527 4802 2
1566 2059 1
8590 7396 1
6924 2871 1
361 4746 2
390 6388 2
2038 7954 1
2197 1979 1
6136 8641 1
6821 665 1
9253 9070 2
4663 9617 2
9976 3252 2
96 5736 1
5615 1188 2
8569 8344 1
8205 3312 1
7597 4029 1
9657 9250 2
781 9979 1
6926 6211 1
6943 102 1
6425 52 1
4395 5176 1
5678 4152 2
4157 6350 2
884 4920 1
8726 1979 1
3348 4974 1
7883 7508 2
7806 490 2
6724 3123 2
6659 6112 2
6878 5061 2
2684 3208 1
7098 6123 1
6994 6861 1
2204 1133 2
2372 9135 2
7820 306 1
2084 1553 2
9096 6841 1
8282 5003 1
4736 7747 1
3855 1881 2
9017 3046 2
9972 2346 2
3451 1260 2
6121 3266 1
3907 5122 1
1222 5128 1
7538 4937 1
9925 7369 1
8715 1737 1
6197 7683 2
8697 8489 2
7321 4971 1
7191 5112 1
9911 3271 1
2918 1719 1
8522 6037 2
4395 8317 1
8513 5570 2
7854 722 1
4717 308 2
6267 276 2
1351 5761 2
997 5621 1
1591 277 2
3166 3770 1
6734 144 1
1297 94 1
6701 3766 2
6249 7293 2
1468 6877 1
5447 2633 1
5252 6786 2
7615 6105 1
2165 3524 1
91 3333 1
7841 5768 1
4023 2619 2
8863 483 2
7171 5245 1
8889 963 1
3861 8545 2
8830 1063 1
260 4896 2
2385 258 2
3086 5207 1
2024 1612 1
9922 2425 2
9981 7825 2
8711 4938 2
1873 1872 2
7524 8229 2
8788 3565 2
3541 6664 2
8046 6831 1
3613 243 1
9242 5971 1
2062 3629 1
853 7767 1
578 5359 2
291 5136 2
2006 5382 2
6219 9220 2
6474 3141 1
2966 3169 1
5138 8257 2
2148 7252 2
4072 4755 2
5814 5875 2
2375 4074 1
7685 6836 2
6113 7814 1
2474 2563 1
2107 6926 2
9732 8688 1
5916 219 2
6245 6462 1
8913 5723 1
2517 1030 2
4556 5871 2
1406 4578 2
4784 7597 2
6830 3250 1
5895 6542 1
7944 9642 1
732 5249 1
1411 4098 2
7185 2214 2
2009 1445 1
1195 2228 2
8394 3282 1
5009 8501 1
4566 6910 1
9168 6612 2
2487 9216 2
5530 5974 1
661 5284 2
8370 4382 1
9695 9657 1
9857 1766 1
7113 5731 2
5317 9133 1
8376 8073 1
1117 7316 1
5720 1096 2
5790 1312 1
5079 1774 1
7633 6171 2
1719 7296 2
8002 8595 1
4111 8356 1
467 26 1
5051 1272 1
5767 4276 2
1768 9177 2
4951 4860 2
8777 2813 2
208 4991 2
3925 1370 2
7235 6191 2
38 2604 2
1476 6449 2
9211 675 2
2684 3040 1
6855 7522 2
4663 4632 2
3728 3138 1
9143 3563 2
1584 6829 1
2655 6064 1
1592 35 1
8008 895 2
7496 1448 1
3887 9990 1
3720 1108 2
8677 663 1
1683 3122 2
1582 6503 2
9958 5985 2
163 9073 2
5270 4518 2
5984 6897 1
8439 9800 1
2646 8650 2
3925 2787 2
3130 5648 1
5455 4326 2
452 6415 2
7063 852 1
433 5650 2
5699 1687 1
3986 3772 1
4799 7784 2
891 8419 1
8409 1481 1
7301 2720 1
2260 4315 2
3708 9920 2
5829 3256 2
5825 9110 1
7801 3354 2
5753 5430 2
6637 578 2
828 3612 1
6692 4434 2
7703 4131 1
3189 8547 1
1866 8303 2
8731 4048 1
6363 2851 1
515 4537 2
322 683 2
3793 8721 1
1115 7988 1
5243 9825 1
6567 2335 1
4780 7667 2
8922 9170 2
2595 2183 1
7439 1222 1
3954 8769 1
7391 1370 2
9359 9 1
3534 4350 2
4518 6922 2
5103 1929 1
5012 9363 1
2826 4804 2
6254 6233 1
1213 6061 2
4840 355 1
488 4469 1
3423 5885 2
6720 1826 2
3216 5669 2
3100 8382 1
718 1505 2
9211 4118 2
7296 5720 1
9181 2892 1
3152 532 2
6901 8341 2
7373 6134 1
3678 4075 1
9082 130 1
8834 3852 2
8221 3710 2
4740 1753 2
1361 4184 1
8680 2760 1
6420 8685 1
1238 1795 1
1161 6499 2
3594 8679 1
7352 1280 1
6711 9766 1
1609 6128 2
3759 5317 1
1165 5907 1
7629 382 1
6453 3660 2
8907 5056 1
5208 5219 1
7084 3178 2
578 6324 1
2595 1571 1
1087 5230 2
6506 8437 2
5924 1765 1
2157 6941 2
1911 5777 1
8156 2045 2
1170 2221 2
8716 4571 1
5476 904 1
3959 8271 1
6223 1415 2
1575 5977 1
5963 5505 2
1535 6376 1
770 2482 2
5970 5684 1
2066 7881 1
8106 4821 1
6222 9289 1
5858 6809 2
3181 5964 1
1725 7858 2
6618 2123 2
6381 7846 1
8626 5991 1
7004 909 1
3017 9076 2
1223 743 1
613 8056 1
861 9268 1
7665 8753 2
116 2617 2
6252 5932 2
8069 9233 1
6600 1567 1
5563 8554 1
2219 6831 2
1112 148 1
5585 507 1
5217 6806 1
9416 4831 2
3405 41 1
9410 9426 1
5721 6234 2
8183 2185 2
8390 8028 2
7536 7249 1
9226 1284 2
8893 6889 1
4347 3899 2
208 2277 1
519 6000 2
9248 1645 2
8575 4131 1
247 9115 2
2584 9915 1
4724 2913 1
2424 5681 2
8538 3249 2
3759 8579 2
9791 5923 2
8827 7058 2
9502 3762 2
7266 7700 1
1365 9263 2
7005 4323 1
7544 3565 2
9111 4971 1
9740 723 2
4290 3808 2
6061 2301 1
5746 9702 2
4072 8923 1
7856 311 2
8050 4353 1
4008 2465 1
6559 806 1
8219 9445 2
2411 4181 1
2094 6761 1
1717 9678 2
9369 2039 2
4511 2342 1
8377 3740 1
9296 3810 2
5199 1130 2
6498 656 2
7951 9974 1
6852 9583 2
3266 1754 1
7784 7523 1
5380 9604 1
4918 9714 1
6198 2950 2
6936 1929 1
669 6404 2
9004 7479 2
7505 6473 2
2853 464 2
5631 1394 2
2074 2459 2
5496 1217 1
3462 677 1
9056 8427 2
9942 3116 1
1679 6091 1
1358 5397 2
3284 541 1
7556 8471 1
6029 1891 2
6979 926 2
5951 1876 1
538 4072 1
3204 8168 2
1787 8923 1
7896 5917 2
6412 6109 1
3516 7269 1
1305 187 1
3188 7830 1
1504 5251 1
4424 3976 1
9459 2969 1
1414 6699 2
5146 9158 1
7022 4670 2
494 9876 2
2565 633 2
4239 5316 2
5155 2180 1
2432 1624 2
3077 1693 1
4005 4793 2
9595 9095 2
6348 7154 2
123 7765 2
8385 8275 1
8684 2147 1
8520 5199 1
7836 9150 2
583 1102 2
2379 4118 1
4473 1772 2
7422 4115 2
7996 7800 1
3741 7742 2
4900 4646 2
9589 1571 1
998 4637 2
8822 4310 2
958 3418 1
4741 5354 2
1737 1707 1
1292 459 1
9883 4293 1
886 4102 2
2555 8863 1
1267 4684 1
3522 6213 1
8842 1651 2
3568 1461 1
7970 3060 1
9431 341 2
1239 1854 1
1694 3995 2
7500 3282 1
1663 6403 2
1731 1493 1
441 1166 1
8662 2945 1
6798 5357 2
2738 4979 2
2966 2874 1
9143 4719 2
9659 9935 1
473 7544 2
9387 2540 1
3570 7368 1
570 2213 1
9902 2686 2
6189 6722 2
8381 7819 1
8031 6574 1
2964 2484 1
1375 3001 1
5628 3011 1
3793 4278 1
386 4742 2
4873 7901 2
8565 9166 2
7987 410 1
348 9362 1
1422 5164 2
6205 1306 2
667 5303 1
6679 5956 2
2547 8371 2
3961 4849 1
9615 4202 1
1304 1737 1
2781 6478 2
3165 5251 2
6690 9520 2
7269 5054 1
8099 1194 2
2143 6220 1
9114 231 1
962 9041 2
6583 3205 1
324 5000 2
3452 5322 2
8708 3022 1
3680 3996 2
1105 1525 2
5870 9063 1
208 4163 1
8387 124 1
7274 2464 2
6931 9692 2
6859 8939 2
4532 7216 2
725 5350 1
8561 1173 2
2027 4742 1
1240 6344 1
7974 7428 1
701 446 2
9571 2302 1
9989 5375 2
9539 710 1
7068 7270 2
2874 786 2
6639 2467 1
3137 5227 2
3555 9577 1
1925 5566 1
5436 1952 2
3013 4590 2
6790 2036 1
1175 3503 2
9408 9572 1
9475 9837 2
9932 6612 1
6567 1795 2
369 7515 1
7633 5893 2
1849 9414 2
4504 4022 2
451 1155 1
6916 9122 1
5666 7911 2
5777 7286 2
2076 5273 2
4241 5491 1
4107 8852 1
4071 7630 2
9568 1913 1
5548 9635 2
203 6810 1
4045 5502 2
7492 5808 2
3387 2832 1
4710 7047 1
1898 1136 1
3918 397 2
1170 4663 1
3440 2534 2
4417 6115 2
4850 4091 2
2215 6853 1
9952 3590 1
857 7539 2
8342 1367 1
8319 6166 1
6633 1570 1
8439 5901 1
5103 2063 1
2031 8841 1
4273 777 1
7262 9583 2
4160 1216 2
380 9433 2
2798 9991 1
7045 21 2
7105 1286 1
3610 820 1
9059 5273 2
655 9852 2
4004 6975 2
830 8471 2
9366 2123 2
579 8802 1
512 5927 1
3455 6543 1
2749 1676 2
3574 4867 2
4474 5052 1
9952 1864 2
2827 1161 1
843 5293 1
678 538 1
2391 4513 1
8806 3053 1
3225 5307 2
1161 9615 1
9177 2325 1
2355 7158 2
1748 5628 2
73 3688 2
2554 8354 1
359 9841 2
6417 397 1
827 1377 1
6672 485 2
1223 9836 2
5749 2345 2
9106 7224 2
1568 7147 2
712 7522 2
2853 8527 1
950 8329 1
2078 5104 1
1567 3618 1
6199 5900 2
8505 8802 2
2944 1651 1
7009 2087 1
9007 5835 2
4803 3920 2
1547 8975 1
1346 320 2
1858 3163 1
5126 879 1
7764 5906 2
9609 5369 2
7637 9529 1
6873 2285 1
5135 873 2
3594 2863 2
6462 2144 2
9713 1862 1
6850 97 2
2201 718 1
4368 6335 1
9490 2152 1
3457 5478 2
9901 533 2
8594 6227 1
4625 1839 1
8595 8950 2
3578 7361 1
1288 3271 2
4116 3897 2
4507 159 1
7956 6925 1
5655 3546 2
1984 7123 2
6719 1820 2
9474 1559 2
8805 952 2
1416 8105 1
2595 282 2
2455 4668 2
1110 8335 2
6516 3369 2
1901 9608 1
8873 6586 2
1406 7739 1
6262 79 2
7986 2834 2
2814 4204 1
3813 5641 1
8854 249 1
9623 2324 2
1913 6289 2
3597 6695 2
694 5091 1
7152 7388 2
8864 4340 1
5324 7057 1
7421 3627 2
4115 8487 1
4520 5956 1
6344 1108 2
6704 9326 1
6997 9570 1
4646 1325 2
2293 6334 2
6435 328 1
6794 3529 2
5328 8668 1
584 2523 2
3835 7575 2
3192 8731 1
9817 9694 1
9126 440 2
6334 7879 2
660 6931 1
3383 9088 2
2869 578 1
8800 470 1
6258 8559 1
2926 4047 2
7737 5927 1
9735 5761 2
664 1068 1
6917 584 2
9718 916 2
6520 340 1
843 6615 1
9088 7912 2
980 1556 2
486 7821 2
7632 5421 2
612 9373 1
949 4486 1
5064 664 2
2043 4090 2
1510 6210 2
5455 5654 2
7075 819 2
6482 7740 2
5002 4565 1
808 3154 1
2571 1018 1
6554 2208 2
2167 884 2
8516 8694 1
454 3179 2
6167 8307 1
1681 9291 1
6328 2527 1
2792 6467 2
6255 6690 2
9180 838 2
7386 2618 1
4598 8510 1
2663 4778 2
6431 3396 2
4125 5397 1
5174 393 2
8676 5063 1
2509 1217 2
296 5100 2
3116 9491 1
7594 4311 1
9005 4266 1
9039 9981 2
9118 9351 1
559 5287 1
2722 3228 2
4055 5156 2
9664 8530 1
6408 6036 2
3650 7428 1
7989 9454 1
1304 7298 1
3561 3707 1
7251 5487 1
8655 5320 1
7258 7188 1
5016 8616 1
5448 6123 2
3209 7872 2
2140 3876 1
8890 4730 2
7959 8179 1
4904 4082 1
9618 7360 2
5459 1516 1
7989 6309 1
2993 6492 1
7089 4260 1
3657 1996 2
7447 1023 2
1689 2042 2
2383 270 1
1089 2359 2
3442 9037 1
7254 9689 2
1696 26 1
4656 9769 1
7195 8155 1
7883 6870 1
5930 4406 2
6890 4305 1
6279 4184 1
2207 5855 2
674 4623 1
9733 570 2
347 9760 1
9943 6544 1
2107 3425 2
2261 2898 1
3564 6688 2
790 5783 1
6909 3738 1
1393 6278 1
4239 5061 2
7411 9119 1
6538 9735 2
1788 5651 1
537 7292 2
6817 8823 2
2377 1908 2
284 8150 2
7535 2098 1
6823 3596 1
6271 6446 1
8901 3643 1
9125 6676 1
5834 2890 2
6784 7411 1
2605 5457 1
4242 8847 2
1741 9758 1
7761 4320 1
8425 1171 2
8585 6561 1
2231 8997 2
5864 7009 1
3950 7647 2
1985 1525 2
1051 9261 2
4122 4116 1
3664 4658 1
5357 4618 2
5936 738 1
3739 7141 1
2101 3896 1
6996 8155 1
987 2689 2
240 2307 1
1586 1120 1
8521 391 1
6175 1800 2
3663 6136 1
7483 4693 2
3203 5690 1
931 4643 2
5164 291 2
9526 8629 2
293 3649 2
9498 7184 1
9549 3697 1
2408 141 2
8341 1832 2
8892 3562 1
5750 9982 1
150 9386 2
3864 6222 1
9371 5872 1
8380 4408 1
8132 4088 2
5524 6367 1
5901 943 1
3477 4348 2
5640 9942 1
7788 8841 2
7608 4210 2
9222 7926 2
838 6591 1
5974 3143 2
9552 5816 1
8227 5811 2
7029 145 2
1479 9095 1
3146 4398 2
5713 1058 1
568 9753 1
1444 4519 1
9947 1887 1
7142 3149 1
1940 3396 2
2130 5554 1
5112 5562 1
6470 852 1
144 6254 2
6038 6087 2
6695 8444 1
6615 1362 1
2479 4661 2
6788 2849 2
8796 3600 2
6445 2804 2
7863 3943 2
6755 3023 1
4956 4149 2
8990 6776 1
5868 8623 2
7751 8141 2
7340 2408 1
8862 763 1
6676 9051 2
4277 8599 2
5474 9684 1
9698 4777 1
9124 5159 2
7713 3484 1
9633 9128 1
160 1280 2
2129 2802 1
9602 8424 2
7728 6193 1
9469 4061 2
4207 5367 1
5243 1432 2
675 2666 2
2269 28 1
5972 3220 2
5539 3002 2
3024 2 2
9989 4762 2
7205 4646 2
6685 4505 2
9994 9078 2
5979 9061 2
567 9706 1
416 2531 2
7048 6577 2
8675 6218 2
5550 653 1
1151 614 1
3534 6866 2
3411 3029 2
5584 9803 1
7152 5725 2
6817 6773 2
2559 196 1
4545 611 1
5097 8167 2
6118 5864 2
8493 6468 1
2119 6032 2
8077 4751 1
5746 2359 2
9153 1777 2
711 4160 1
1618 1300 2
6747 1455 1
9760 9672 1
2342 7903 2
1197 9474 2
8789 174 2
4640 4984 2
392 4764 2
6451 1158 1
5653 2128 2
3574 5371 2
1012 7651 2
5993 3501 2
6368 7986 2
2181 2577 1
8124 7328 1
1156 2292 2
5420 8674 1
7685 9637 2
8904 2881 2
9577 5864 1
2557 3340 1
6169 1396 2
2059 9235 1
3821 3078 2
6168 8237 2
7078 3628 1
2939 9155 2
1973 2923 1
6130 5394 1
2274 6746 1
8605 429 2
838 4244 1
8160 4345 1
5281 3338 1
6357 8576 2
2165 5871 1
8824 7918 1
6056 3786 1
41 6519 2
6486 983 2
1469 1759 1
4893 4630 2
7054 3536 2
7888 5323 2
2262 1208 2
4197 8268 2
5704 1336 2
7255 8183 2
1287 8934 1
2324 4521 1
2461 2188 2
2351 1863 2
1446 9447 2
6063 3865 1
5298 3848 1
1503 3322 2
6806 982 2
5532 5594 1
4507 4843 2
5018 5644 2
7294 4339 2
4015 1656 2
831 7248 1
3351 6650 1
178 9992 1
2494 8305 2
8641 9413 2
6201 8817 2
4263 5780 1
4829 7601 2
6982 1991 1
3638 5902 1
7026 8787 2
6434 7175 2
4980 3746 1
8388 7342 1
809 8259 1
4849 9149 1
9841 7061 2
7174 255 1
5696 431 1
1104 7490 1
7343 1147 2
9954 8028 1
7900 9575 1
1811 7731 2
8822 3747 2
6477 7123 1
4530 1077 2
543 2092 1
9481 7016 2
9724 8722 2
2791 9064 1
7978 8299 2
7582 1927 1
6964 5268 1
4113 2140 1
5497 6365 1
3961 159 2
3178 2424 1
8836 1934 1
8832 7886 2
8176 5644 1
3907 3450 1
1157 3980 1
9860 9276 1
424 8026 1
5668 2759 1
4889 9042 1
1355 7059 1
4694 5655 1
9986 8332 1
2133 8222 2
7977 8273 1
2254 5984 2
2562 246 2
191 4812 2
5412 7746 2
1254 5026 2
3865 9186 2
7018 329 2
9376 7284 1
9683 1434 1
6587 1213 2
2621 8978 2
1474 6724 2
7594 1044 1
5919 7492 1
9165 6149 2
7760 3550 1
1583 9518 2
7417 4868 1
5309 5662 2
1615 9375 1
2360 1941 1
5021 795 2
8244 8122 1
5411 278 2
5721 4278 2
1490 1156 1
3733 3287 1
1809 1006 1
6857 9790 1
2091 2254 2
663 4529 1
6815 7572 2
2267 3626 1
8799 9620 2
6735 5878 1
9265 9894 1
5812 5894 1
7761 5397 2
4016 6129 2
3949 2449 1
6459 1953 1
5159 7533 2
5601 8065 2
4599 6721 2
8211 7126 1
887 1176 1
5878 9843 2
1733 4019 1
8850 371 2
6596 8645 2
6628 6307 1
2955 1526 2
1068 8900 1
5652 5680 2
6800 7710 2
943 6229 1
6615 2904 1
956 2294 2
8399 4785 2
9925 6749 1
4488 6954 2
3010 5093 2
1527 5162 1
3442 4476 1
2804 1449 2
8153 7576 1
7948 613 1
2684 7983 2
2127 2272 2
5431 3213 1
5123 3903 1
3543 4210 1
5887 3692 1
9233 3265 2
5937 470 1
7401 4147 2
617 7340 1
7916 9634 2
5419 2358 1
1558 430 1
1009 2764 1
8940 9739 1
8183 2908 1
7108 529 2
1805 5304 2
9336 4907 1
8473 7046 1
9127 2697 1
6530 9854 1
7108 926 1
7270 8592 1
325 2466 1
9141 8155 2
1765 289 2
883 9815 1
3362 9546 1
138 7356 1
47 7184 2
4678 6441 2
8660 2813 2
8887 1598 2
3273 2458 1
2978 962 2
7935 2617 2
3329 3069 1
9255 5547 1
3838 9599 2
3672 4410 1
4764 7592 1
2493 3088 2
590 1198 2
3493 3134 1
1150 1274 1
5122 8551 2
4360 8315 2
9722 8482 1
2332 8593 2
841 2827 2
7183 179 1
9069 8802 2
2874 9498 2
9 1514 1
6938 9459 2
3010 4108 2
6126 7425 1
3653 4338 2
7661 1721 1
5279 9932 2
8077 6293 1
9411 1534 1
8045 7314 2
7528 7296 1
2300 1953 2
1017 3805 1
9423 1401 2
6851 4228 1
9839 4195 2
2762 7626 1
2089 349 2
9076 22 2
1500 8520 2
6444 3524 2
4974 3098 1
8752 4723 2
1224 6125 2
2996 8791 2
4165 574 1
7165 4167 2
1015 1247 2
5367 6192 1
2578 2277 1
6336 9760 1
2783 3306 1
4026 2140 1
4571 6604 1
2285 7562 1
3493 7661 1
5650 4200 2
7683 801 2
8265 5699 1
7517 9075 1
2884 3297 2
8545 3360 2
3994 2776 2
1582 7770 2
7413 3892 1
6121 2102 1
9188 2101 2
8347 8798 2
1002 6014 1
4912 1009 1
4269 2743 2
1417 2702 1
1064 3852 2
7867 6108 1
2857 1517 2
7678 8101 2
5331 3132 2
896 9063 2
6686 1154 1
1487 2194 1
6402 9529 1
8226 9164 2
5648 5379 2
1857 1952 1
7737 5282 2
1528 8362 2
8804 9982 2
9433 9069 2
3068 931 2
502 2493 2
1376 9407 2
4491 8261 1
4114 6872 2
1826 6867 1
809 8213 2
2012 423 2
4303 6112 1
6399 9656 2
5442 6714 1
9139 7614 2
1399 9655 2
3316 3065 2
5315 3278 2
8179 8761 2
496 58 1
9109 3811 2
3743 6364 1
5714 8467 2
6160 3462 2
7639 8180 2
5323 337 1
453 3609 2
3434 1080 1
9391 2216 1
236 5579 2
992 8442 1
7572 3469 1
3427 3165 2
4857 4615 1
3545 3666 2
8180 739 1
1927 2799 1
6100 7841 1
1061 9805 2
6477 1061 2
1200 5035 1
2292 2711 2
680 6249 1
2709 9249 2
6675 2862 1
5166 5125 1
9928 8003 1
1057 7061 1
4773 5430 1
8966 1273 1
1850 2616 1
8918 5084 1
9004 7007 1
5425 783 2
3699 8453 1
5385 9925 1
4908 7671 2
3861 2341 1
4631 9350 2
1823 8572 2
554 969 1
3750 8072 1
2412 9802 2
7437 8862 1
2523 677 1
7882 6068 2
9511 2204 1
2840 8072 1
2468 4821 2
2437 7527 1
3100 4730 2
5237 8919 2
7979 2728 1
5421 7133 1
8193 7265 1
7032 152 2
3828 4922 2
1158 2580 2
6075 3581 2
3816 4808 1
6820 7720 1
1062 953 2
4238 9437 1
1897 6260 1
3824 8880 2
6673 1720 1
5808 1084 2
1776 5209 1
989 2526 2
4940 5487 1
3974 4040 1
8097 6373 2
5617 1152 2
9709 7530 1
9333 6702 1
867 4979 2
8192 8737 2
7928 3255 2
7729 8027 1
9145 5858 1
6879 5152 2
6227 8914 1
912 7964 2
6890 4621 2
6307 8730 1
5523 2185 1
2135 6365 2
617 9107 2
7457 2683 1
4763 8713 2
3514 8476 1
1468 4272 2
5359 9104 2
6675 4222 2
8031 4086 1
7625 8784 2
5617 2630 1
9245 5142 1
1163 1880 1
6899 1826 1
684 4795 2
224 3869 2
1459 6095 2
2512 2354 2
8805 2155 2
7745 5425 2
3227 5272 2
4437 2093 1
2833 3795 2
4548 6399 2
937 5871 1
5671 241 2
3158 8129 2
1982 8099 1
3233 4322 2
7963 7097 2
1320 6337 2
2501 6762 2
7690 2334 1
1830 3763 2
9004 4240 1
3438 8595 2
3015 592 1
1213 2684 1
1383 7660 1
7948 6440 2
7421 8325 1
9765 290 1
1871 1761 1
7511 7129 1
7155 8377 1
6467 8992 2
7815 8492 1
7185 1393 2
8444 619 2
172 9637 1
1638 1275 1
9426 6093 2
1038 3894 2
741 8141 1
9632 9082 1
7356 523 1
1725 856 2
867 2821 1
8714 3958 2
9126 8152 1
5824 2750 1
9082 3641 2
4122 2861 2
9637 4704 1
7978 69 2
1793 6120 1
5891 7515 1
4141 7713 1
1472 1001 1
9180 1902 1
7132 8541 1
1427 200 2
6153 5193 1
2335 7464 1
2761 3009 1
7101 8289 1
4792 5712 1
1185 9764 1
9088 3299 1
9104 7961 2
2850 2940 2
9669 8589 1
4084 3616 1
5967 2398 2
9470 5018 1
961 9937 1
1580 326 1
8066 8685 2
8559 4726 1
4827 8094 2
9900 6225 2
5931 6402 2
8443 4607 1
2678 4511 1
1977 2654 2
626 4075 2
7270 3840 2
7896 5475 1
8088 6907 2
121 3989 1
3895 1543 1
1255 1077 1
3727 6035 2
5079 7452 2
6529 8369 2
4710 5748 1
3537 9446 2
7505 9421 2
6617 2459 2
251 3980 1
8901 5806 2
4139 8119 1
4390 6786 2
8507 7738 1
9103 3770 2
6218 2308 2
4923 8978 2
3963 7594 2
2085 6070 2
4420 852 1
4654 9833 2
9696 8012 1
1818 9616 2
2621 3746 2
5731 9668 2
3951 4234 2
3941 6196 2
6203 5003 2
6176 7888 1
3133 2066 2
2378 3759 2
3202 1261 2
6714 6234 2
1727 3281 1
6270 7135 2
6968 5989 2
4886 5743 1
426 388 1
806 9888 2
2737 6639 1
9368 3819 2
2610 281 1
8216 2975 1
7107 1689 2
2198 9196 1
3662 3243 1
6375 5577 2
2354 5119 2
4933 271 2
3570 729 2
858 8796 2
6020 2559 1
3993 3361 2
4962 7503 2
3413 8500 2
7756 9878 1
8120 8463 2
3461 1337 2
5534 4623 2
3906 2752 1
119 7958 2
9774 1094 1
7576 2201 1
2457 6155 2
5979 498 2
2516 8418 1
2154 3071 2
3638 4003 2
200 5937 2
4490 7370 2
8840 6095 1
6095 4038 1
4580 7856 2
4791 5819 2
4359 6196 2
2584 784 2
5747 5276 1
9694 1682 2
5229 2190 2
4615 8031 1
7020 5026 2
85 6412 2
1709 6599 2
6768 6480 2
322 7918 2
1393 8231 2
2814 3182 1
3225 2479 1
5674 7583 1
7928 4926 2
5572 831 1
3062 1082 2
5899 5808 1
6541 2703 2
6772 8663 2
8012 4829 1
4872 5535 1
6406 7704 1
4387 2868 1
3377 3046 1
4023 9305 2
4744 2324 1
6407 9698 2
8009 4082 2
1644 1771 1
8344 7298 2
7060 2047 1
3178 205 2
30 2049 1
8491 5982 2
5103 3127 2
5369 7220 2
1904 8473 1
8006 4005 2
7885 119 2
6089 9046 1
6967 7665 1
7790 9539 2
659 1436 2
6306 9742 2
6426 7444 2
6888 2519 1
1399 8180 2
7670 73 1
2316 3295 1
3592 7374 2
9037 7739 2
7804 2933 2
7970 6881 1
4501 9027 2
8842 687 1
1353 974 2
5427 677 1
2819 1428 1
627 6715 2
4689 5427 2
738 8426 1
550 30 1
7293 5150 2
617 9966 2
3637 2683 2
1989 7983 2
4030 7717 2
215 6879 2
8145 422 1
83 5826 2
6618 3948 1
5984 2448 2
8810 920 2
5607 3269 1
3286 7200 2
7768 8881 1
1190 7869 2
6612 1366 1
6103 3118 1
6516 8253 1
2937 8388 2
1633 7105 2
6242 5860 1
5290 2369 2
522 9592 1
8529 35 2
9197 3038 1
46 316 2
7852 6711 2
8202 3432 1
9500 5705 2
1542 9112 1
8565 462 2
4690 5471 2
7524 4051 1
8326 9605 1
729 9242 1
3132 2708 1
730 5272 2
19 2686 2
1982 6359 2
6654 8068 1
2851 2741 1
1843 4880 1
2761 6164 1
3965 7132 2
4565 5752 1
2571 9897 2
4847 28 2
4046 4522 1
6596 77 2
5503 1782 2
6884 8845 2
6758 8233 1
8565 6241 1
8404 8147 1
7166 7620 2
5594 7991 1
2829 1666 1
464 3646 2
8770 9038 1
5151 850 2
9010 6460 1
9639 5699 2
340 3703 1
7754 2549 1
5815 2732 1
4143 3040 1
155 1918 2
3168 5007 2
1587 9184 1
1996 2754 2
4969 8062 1
4054 6860 1
666 2228 2
2596 5797 2
9478 4645 2
6544 4952 1
2065 2693 1
7307 1478 1
4005 6480 2
3845 8370 2
2190 3281 1
7382 4276 2
4284 8891 2
4265 3718 1
7541 1860 2
6299 4170 1
4464 8709 2
9392 3393 1
9130 7371 2
9999 8709 2
2741 393 2
9857 8448 2
8196 7348 2
486 5123 2
6609 9781 2
3583 6433 2
1192 3243 1
341 3665 1
409 2326 1
737 8543 2
5321 893 2
7042 1515 2
4993 7273 2
7978 8376 2
942 6008 2
7345 7774 2
3424 3403 2
1345 1657 2
7131 2088 1
8728 1001 1
6120 7704 1
1625 8848 1
2389 5450 1
5707 3031 2
8129 4943 1
824 8793 1
5313 2972 1
8832 2149 1
8654 8107 2
3075 3872 2
1221 2234 1
2443 4737 1
6629 4666 2
6544 5652 1
5188 4961 2
6017 6792 1
5515 6185 2
1106 8097 1
5749 7086 1
4168 1094 2
7012 5844 1
9967 8516 1
2124 751 2
4597 3753 2
7318 6298 1
1900 1257 1
4255 1265 1
7003 9069 1
1750 5046 1
9998 6207 2
1585 6367 2
7410 4240 2
3241 5670 1
2234 4643 2
4665 3240 1
7645 7071 1
8675 3207 1
9493 7824 2
1355 9016 2
6449 5894 2
2650 3334 2
7764 7684 1
4124 7213 1
7460 1634 1
6306 6671 1
8427 4108 2
2817 7395 1
6730 8098 1
962 353 1
7873 5254 1
4592 8519 2
2328 4112 2
6221 8551 2
1594 8637 1
3069 7383 2
7380 268 1
8440 4671 1
714 912 2
2332 4094 2
4579 9393 1
4106 7926 2
5240 4170 2
8213 8156 2
5321 7084 2
3830 4553 1
5288 9210 1
9674 7835 1
9835 1356 2
6898 7588 1
1342 9580 1
8081 6666 1
6527 75 2
1106 582 1
1089 1261 2
4592 3413 1
9369 6697 2
3756 5306 1
7044 4538 2
6955 2682 1
63 4112 1
8533 2430 2
3981 7744 1
7399 1205 2
9637 3232 2
7698 9439 2
5250 1804 1
8282 5443 1
7377 148 1
9271 6634 1
6438 3131 1
2711 6577 1
311 4233 2
7162 4571 1
367 8074 1
4501 301 1
6253 5134 1
8528 9969 1
8707 3047 2
9864 3235 1
5687 4973 1
5117 4311 1
8597 573 1
3909 8769 2
842 1558 1
5240 3131 2
1915 6075 2
9281 6194 1
12 5140 1
4723 7786 2
7690 4428 1
9954 2486 1
6498 7428 2
7158 7600 1
7639 1279 2
3516 8679 2
6208 3076 2
2964 6812 1
8951 4256 1
1508 8084 1
7035 7217 1
4547 9289 1
2127 3004 1
4095 6137 2
2105 4951 1
9304 2533 1
6276 6479 2
6210 515 2
7854 5140 1
9015 4557 1
6426 9480 1
6563 6176 2
7552 9780 1
9638 1022 2
9896 6931 1
2918 9820 2
8675 7893 1
8970 4517 2
2802 382 1
2272 2501 1
8764 8996 1
2039 7662 2
3325 9636 1
3990 7543 1
9841 7613 2
1796 6151 1
445 8115 2
5805 5887 2
4471 2798 2
468 2110 2
7337 1096 1
2331 3098 2
7538 995 1
8588 6030 2
3796 6097 1
4404 1014 1
7015 7418 1
4482 804 2
7701 1209 2
1261 1567 2
4348 5279 1
7563 1695 1
7871 2767 2
875 4674 1
8357 7280 2
9084 906 2
4777 3039 1
9811 8013 2
3592 9338 1
4841 2900 1
1094 7701 2
9467 9836 2
1721 1689 1
6777 1224 2
3660 704 1
6391 9612 2
7102 4283 1
110 9172 2
4289 8780 2
8300 555 1
2315 7788 1
7568 8196 2
5352 5606 2
1263 9989 1
4901 8266 2
9970 5767 1
6775 8715 2
9909 152 1
9379 8210 2
8922 5512 2
6723 6152 1
7908 9151 1
4791 2960 1
3037 9030 1
3921 4123 1
2016 7001 1
1896 337 2
2719 9468 2
7062 8255 2
9310 6115 1
2634 3667 1
4070 7720 2
1223 8162 1
9491 3608 1
6051 1923 1
9959 8886 2
7049 7586 1
4741 7335 1
7959 462 1
9190 8357 1
3521 6378 2
2503 6781 1
2412 4000 2
9801 3200 2
7700 153 2
3472 4725 1
9158 2534 1
5253 9605 2
2614 7067 2
2484 5694 1
7035 8094 1
6607 4721 2
8350 5868 1
2936 3573 1
5503 4789 1
9371 2465 1
960 523 1
3186 5381 1
2296 8311 1
4703 8786 1
961 6772 2
3270 3805 2
4586 3074 2
6783 3953 1
949 5364 1
5384 1626 1
3514 6514 1
3586 522 2
7139 6232 2
5184 727 2
1406 3237 2
3995 4811 1
4846 6429 1
1248 4115 2
7370 7912 1
4207 6097 1
2653 2801 1
622 2522 2
340 5479 1
6629 6969 2
6259 5887 2
4400 6810 2
5264 9584 2
1520 9680 2
5094 3813 2
1338 591 1
2676 5087 2
6326 7554 2
6172 9793 1
721 6438 1
4292 7026 1
812 5789 1
5800 286 2
4122 9469 1
9974 5078 1
8038 8079 1
9600 8651 2
1307 3888 2
9806 7927 2
8410 2786 1
3801 6692 2
8183 2588 2
1969 7122 2
3660 870 2
8809 1590 1
9317 4511 1
421 7317 2
3459 4999 2
5027 125 1
4729 8549 1
2527 1405 1
1730 5505 1
3357 6936 2
6393 5819 1
9635 8807 2
431 275 2
4044 835 2
3000 6878 1
7350 2607 1
9150 9672 1
1477 8156 2
5645 6380 2
4750 9026 1
1077 9070 2
2669 4062 2
3084 2290 2
7855 3054 1
7353 6529 1
808 5943 1
1274 43 2
5503 5600 1
1727 672 2
1965 3076 2
4700 8406 2
9314 5380 2
3867 1895 2
1568 4595 2
3800 5327 2
8942 4024 1
4595 1650 2
390 2191 2
1362 7556 1
4807 5320 1
9388 9519 1
1363 5863 2
3135 7025 1
6418 3042 2
9050 7787 1
3998 6374 1
5092 3171 2
1813 9843 2
4355 9746 1
9338 6299 2
5382 4823 2
3733 3943 1
