100000 5000 37682
20967 86407 1
75448 74929 1
47822 85012 2
51421 53462 1
92854 40471 2
22994 57334 2
55214 95187 2
82230 40628 1
2854 61068 2
82893 31673 1
78131 11757 1
56189 12848 2
19598 70117 2
34417 44523 1
28918 56965 2
53721 1372 1
79273 39012 2
38536 70461 1
72175 88731 2
69013 42441 2
34960 54570 1
77562 37952 2
48504 52433 1
82328 41223 2
44826 75127 1
43121 27206 2
1354 64391 1
54829 72392 1
49282 22126 2
75126 68286 2
99198 29375 1
3387 36700 1
29280 35759 2
89585 61051 1
17132 42617 1
8973 63222 1
28813 49722 2
38315 75437 2
49807 71862 1
45002 60068 2
44610 12370 2
35822 3333 2
80606 22040 1
25565 93722 1
64153 32182 2
91779 40948 1
84498 10943 2
23534 92839 2
40618 7240 2
55954 33227 2
44262 99564 1
48197 21693 2
46638 22729 2
12388 9788 1
70033 21217 2
79405 91532 1
48863 12762 2
43747 28950 1
67565 16222 1
69454 92518 1
20213 63996 1
40920 87052 2
47955 35845 2
80944 43292 1
49033 81519 1
66251 85582 2
21212 87478 1
18558 1822 2
1908 15286 2
46149 98797 1
88864 76434 2
13696 50110 1
6384 54416 1
87312 14586 1
71865 58971 2
92575 60556 1
27125 52512 1
9269 9798 2
79200 79377 2
96963 22747 2
19164 20581 2
32796 25186 1
64718 90646 1
43031 48857 1
34622 32321 2
57167 81248 1
1339 36522 1
80675 7226 2
94933 11349 2
45942 82448 1
29921 69294 2
76080 38605 2
14681 17474 1
54331 83106 1
92281 84292 2
54214 81540 1
82435 6729 2
89702 13577 2
38876 62156 2
69616 52975 1
11149 78379 2
90593 17461 1
90371 76104 1
6646 16672 1
55055 26760 2
84372 33880 1
87622 32215 1
13473 34408 2
27490 12387 1
97929 30433 1
68031 75485 1
23802 5559 2
52095 42619 1
16072 73251 1
43623 29528 1
4714 61471 2
95775 29939 2
71067 60525 2
33526 22796 1
54426 52977 2
33052 98058 1
56106 30290 2
57735 78839 1
95315 86045 2
42350 50050 1
85791 19042 2
12593 12892 1
38461 33365 2
65743 57052 2
1986 65326 2
92269 22587 1
79267 35465 1
83894 25529 1
66749 28135 2
85078 86966 1
85101 82156 2
46494 78425 2
81976 64319 1
25763 25837 1
80612 91340 1
13535 2111 2
12381 22277 2
11055 84897 2
65777 68829 1
42451 47082 1
66100 39628 2
98417 19988 1
55037 35374 1
86161 13789 1
25063 96035 2
26370 1766 1
78417 52881 2
23476 62327 2
4575 33821 1
87581 40857 2
42294 23318 1
65493 61562 1
89860 25258 1
73369 56429 2
59350 76047 2
8907 48903 1
63871 11868 2
97616 57155 1
64344 21357 2
83505 54847 1
9786 45762 2
29819 65661 1
79718 26336 2
77119 83363 2
2430 22414 1
33842 22907 2
82569 50618 2
2670 57108 1
19 88018 2
5871 65279 1
12234 77867 1
59288 86099 2
43842 82046 1
45707 73673 2
20434 81414 1
82996 768 1
23861 12995 1
72319 71418 1
32714 56505 2
37181 34686 1
39797 1362 1
64452 21588 1
86427 62488 2
32012 35436 1
83178 50332 2
51058 43639 2
71151 70578 2
26872 47468 1
47837 72242 1
37571 17125 2
78669 27577 2
83580 26719 1
90616 86054 2
68912 92926 1
86623 86461 2
20304 93574 2
43716 44391 2
63058 71619 1
4942 92912 2
34862 28226 2
78153 18024 1
62017 78806 1
80387 17635 1
6957 61044 2
89233 20345 1
16887 39191 1
60200 84614 1
7432 27964 2
75716 74187 1
37485 14503 2
96708 1547 2
74551 94877 2
13611 21391 2
4252 86056 2
88673 36611 2
30772 88566 1
81905 87735 2
25500 23450 2
98921 77822 2
46519 84682 1
17916 88050 1
52648 88991 2
6851 77230 2
16281 53560 1
56952 60051 1
34647 86039 1
54585 87364 2
28211 36994 2
715 28041 1
99394 58435 2
72533 93104 2
86750 16105 2
62400 78695 1
4676 50565 1
56542 18756 2
7860 44462 1
36480 76829 2
80756 21181 1
60830 66288 1
50413 95538 1
30036 25756 2
38476 39533 2
91679 17862 1
17635 53109 1
77315 14966 1
16421 68917 1
31816 83191 2
55053 43674 2
94553 48506 2
23352 66102 2
67268 55923 1
69158 43872 2
67132 56795 1
14109 11506 1
25754 98348 2
6694 59722 1
65080 91240 2
76910 13737 2
11893 33427 1
51014 22775 2
59924 4052 1
23844 94461 2
81884 31864 1
99552 19017 1
3961 1199 1
5816 51150 1
3514 24109 1
64940 24833 1
18097 3946 1
21154 79549 1
52502 33059 1
79779 52544 1
93156 55927 1
64476 4588 1
95931 86730 2
7615 51175 2
51804 25797 1
95359 87867 1
36944 44436 1
8695 92278 2
13730 88359 1
59236 9643 1
35904 27697 1
87494 48976 1
11678 87916 2
46051 8158 1
68018 95060 1
39269 98676 2
34169 66471 1
50999 4341 2
55409 93707 2
28491 81733 2
34461 36488 1
47703 71951 1
60484 38858 1
37235 37922 1
68274 56032 1
10204 16687 1
91446 88928 1
76757 9421 2
52066 78305 2
32161 70838 2
86223 70879 2
32074 72519 1
6198 23770 2
8541 22212 2
52215 99895 2
22988 20849 2
64310 29950 2
5066 53658 2
95609 78682 1
47091 81228 1
77772 62396 1
51905 72954 2
80029 3961 2
39608 66041 1
62400 80743 2
79547 50308 1
11 7012 2
86516 31832 2
44379 57391 2
36688 90905 2
18670 26605 1
77889 16780 1
15143 52901 1
99834 72603 2
62830 55556 2
46167 21076 1
27309 36090 2
56146 45770 1
50228 80092 2
29839 82834 1
88181 84128 1
23153 4744 2
87752 31331 1
70722 37960 1
88425 31718 1
60751 55797 1
50165 44909 2
49642 99189 2
68817 73919 1
46535 11090 1
29411 69161 1
41183 67323 1
9911 90587 1
22512 68193 1
59931 9865 2
48602 61786 2
31427 97547 1
16323 40322 2
66438 90557 1
95700 725 2
61310 31104 2
38875 79254 1
17836 919 2
94407 74572 2
39123 46315 1
75759 93247 2
5976 94504 1
92491 6367 1
36712 11358 1
8665 12318 1
63826 98912 1
39834 46513 2
24137 29192 2
74290 31986 2
19619 72145 2
79883 82657 2
9276 53788 2
74098 93662 2
85876 74572 2
14809 71409 1
71053 45801 2
14804 47683 2
68654 48673 1
17660 11810 1
93155 48962 1
58223 93409 2
96794 68354 2
15917 26869 2
53223 5399 1
15069 83225 2
23841 73439 2
59846 57995 1
94787 85242 2
6262 98253 1
35468 36747 2
37343 43781 2
37183 84922 1
51381 2365 1
56548 69428 2
31633 51331 2
19205 85898 2
55889 50058 2
67698 71374 2
40885 94152 2
13885 21113 2
17764 66230 1
33151 33640 1
4101 69555 1
82545 69306 2
38726 86113 2
66100 69588 1
67161 48198 1
79562 95389 2
2834 67213 1
98138 71458 1
68746 2691 2
28368 30931 1
61311 92282 2
21338 97028 2
38834 59017 2
27852 92493 2
15943 29577 2
17757 35979 1
36584 6330 1
67912 17949 1
14275 97692 1
14700 15591 1
7719 41078 1
50220 65682 1
22635 41747 1
32080 14250 2
97832 67936 2
29826 43487 2
9690 21488 2
51634 64452 2
53954 6200 2
76563 80435 2
62087 37363 1
21979 34088 1
10256 38366 2
62055 44097 1
44043 61277 1
44181 21636 1
91850 82517 2
70567 48057 2
66689 39760 1
18791 9900 1
39433 42204 2
33342 85741 1
53824 71468 2
9755 12559 2
1735 41845 1
40146 61612 1
50914 48050 2
62714 37631 1
94972 28097 2
48270 7016 2
51744 16548 1
3309 64364 2
69569 36289 2
7899 42547 1
5971 86243 2
89694 71976 2
1231 81910 2
35937 68669 1
65587 89518 2
436 41604 1
7008 70433 2
98378 85719 2
69562 44616 1
19065 94544 2
22636 48675 2
92734 29778 1
8353 12434 2
24246 44958 2
40716 84892 1
11078 66079 2
52097 14956 1
39413 77471 1
76986 82927 2
46029 60335 1
43859 2103 2
1693 81059 1
43885 58267 2
31737 26036 2
80175 46965 1
67768 95100 2
8800 51714 1
43061 26749 1
25967 60998 1
21808 31451 1
20396 71621 1
52138 79101 2
43404 12715 1
54700 21264 2
46728 57509 2
95872 37380 1
94718 98726 2
86198 68685 1
14543 50755 2
161 41475 1
25951 23639 2
82360 70306 1
41785 79328 2
10069 68971 1
51368 18592 1
20793 84961 2
46943 28701 1
26182 69517 2
16530 45953 2
43972 7067 1
15899 58746 2
40477 5275 2
54422 96731 1
79296 32512 1
52197 86874 1
54017 73156 1
57868 69168 2
92311 5506 2
44630 36284 2
73022 49947 2
31822 12000 2
64787 72050 2
94887 61282 1
55643 48816 1
32309 15341 2
44411 76672 1
75506 77421 2
17025 24212 1
61178 22807 1
45466 42014 2
53871 96830 1
83866 35704 2
17557 35711 2
46039 25853 2
42935 1014 1
21998 34477 1
90752 11399 1
25437 36429 2
803 31990 2
81735 38917 1
53876 13231 1
33620 51648 1
43469 66527 2
17773 45903 2
81034 42168 2
7332 20039 1
3309 82641 1
15434 60382 2
51099 50596 1
80120 69330 2
11996 36623 2
24839 89762 2
73055 10483 1
31191 36530 1
47828 95832 1
72428 34188 1
18192 60231 1
37580 6714 1
77420 7246 2
51682 9677 1
6439 15008 1
16126 71993 1
72063 25330 2
57011 78358 1
49276 76416 1
34936 36993 2
84998 63590 1
49576 44889 1
28809 36934 1
63266 2402 2
56600 31944 1
31401 65509 2
61512 76374 1
13860 69198 1
24080 82332 1
88479 50285 2
74255 56014 2
64009 44342 2
77318 69922 1
51637 64161 2
12666 83249 1
24217 35658 2
48052 79227 2
95761 26418 1
47872 76672 2
38909 79580 2
21713 48167 2
26878 42513 1
50555 24923 1
82909 62076 2
8344 28360 2
8069 86511 1
5060 5475 2
42148 28189 1
34273 33344 1
41198 56989 1
77076 9465 2
17658 15533 1
17510 25166 1
26435 8493 2
30115 14111 2
31080 12384 2
8958 49908 1
20140 12687 1
23756 43990 1
20086 90661 1
23556 9043 1
53970 3763 2
67974 60349 2
58799 65134 1
59441 2348 2
22880 11276 2
53578 62008 1
34971 35915 2
55484 64735 1
47356 11082 1
1587 60677 1
77731 54222 2
44800 94351 2
60082 89503 1
37848 62055 2
94192 14088 1
73077 56603 1
32936 38970 1
38547 6526 2
65707 12553 2
67156 58118 1
38314 49678 1
25501 59692 1
2108 98179 2
42743 50383 2
91070 94442 2
59279 8369 2
93998 48519 1
37750 30488 1
53008 26337 1
23553 75599 2
45801 29093 1
68042 49890 2
47654 89187 1
52717 14437 1
63254 60175 1
88876 73006 2
27276 5185 2
20684 30583 1
27262 63157 2
53110 68253 1
8905 56108 1
64374 89955 1
61930 46506 1
79807 43792 1
49158 10326 2
35878 71564 1
95299 94684 2
85795 33383 2
29389 16430 2
30419 53651 2
66674 65183 2
64088 99685 2
11078 15271 1
82871 76728 2
67808 13922 1
78041 73545 1
74011 11089 2
17899 12764 1
13846 42839 1
61534 78198 1
40949 99708 1
35783 43041 2
477 88814 1
12960 107 2
11579 90395 1
77061 19783 1
61534 40889 2
20760 94986 1
65657 42719 2
67678 38191 1
49250 28649 1
92832 75284 1
7510 51351 1
72011 4059 2
93618 26414 2
60336 83306 1
48475 13206 2
45860 31115 1
66936 16506 1
4737 71788 1
66738 28363 2
37476 7009 2
26779 90653 2
23469 32221 2
70052 46985 1
95938 3420 2
8293 29674 2
49132 64189 1
43609 28928 1
80440 97472 2
6847 84688 2
65463 35724 1
29178 23617 1
86366 84140 2
33586 76448 1
10247 48044 1
58065 48797 1
65550 19201 2
8647 3820 1
90006 67103 2
99271 31205 2
63938 86048 2
61032 16965 1
96059 3428 2
42980 19659 1
93776 81291 2
91132 41339 1
14994 18109 2
50578 73598 1
25300 25186 1
30957 59200 2
16849 63371 1
62393 76177 1
22309 99431 1
58532 79301 1
48499 95694 1
24866 28596 2
83998 84506 2
714 26714 1
54128 95497 2
9432 51768 1
13622 57789 1
20777 68081 1
8225 40987 2
17441 15054 2
92070 29360 2
21224 18587 2
21119 11271 2
89416 87112 2
44137 14548 2
9105 8040 1
79076 42156 2
92342 84533 2
77046 19978 1
92334 21226 1
4296 38860 1
9971 7112 1
58471 76852 2
72806 59826 2
52036 44009 1
4713 75888 2
17237 77939 2
23747 72112 2
51890 88322 1
10784 41568 2
3896 67015 1
80495 97622 2
18345 96600 2
54210 74792 2
23691 72849 1
85041 39316 2
39109 61486 1
99671 22649 2
9445 19027 1
30644 35068 1
77532 88932 1
71369 69061 2
74079 76428 1
30975 71487 1
43432 44858 2
54272 71227 2
20276 78240 1
47036 53869 2
98851 35219 1
61254 71470 2
83899 11118 2
19669 56024 1
97605 59758 2
17860 68525 2
20142 13943 2
64945 29105 2
82152 57965 1
31809 22539 1
72870 83644 2
95131 60968 1
37379 18322 2
87401 9848 2
50364 64799 1
99162 80239 2
96977 56732 1
82435 34661 2
35144 22593 2
78489 86039 2
95754 62988 2
23864 86500 2
3653 53697 1
46655 35152 2
15976 20741 2
16114 14756 2
44682 94690 1
59735 95084 1
37699 56679 1
45177 89496 1
16880 54373 2
21736 91644 1
40724 1491 2
3479 1167 2
18642 12970 1
91325 30096 2
81684 67273 2
77749 10652 2
49511 33106 2
90878 10329 1
85532 50155 1
92187 69487 1
7049 75647 1
14995 88138 2
16486 42395 1
79602 75321 1
89873 84913 2
92743 69874 1
84714 17304 1
79172 73804 1
2711 33769 1
62690 77539 2
3457 69284 1
33274 42391 1
99286 68841 2
10284 22541 2
30021 4544 2
95132 91789 2
19493 88785 2
83856 50786 2
89422 91341 1
9779 86461 2
40510 79683 2
9142 60723 2
2613 89035 1
58505 9626 1
40281 33055 1
76710 14256 2
21843 81917 1
64103 41204 1
99696 47558 2
40939 21771 1
3842 54402 1
12981 72956 1
27357 92730 1
43277 78932 1
21882 39101 2
18237 24899 2
89591 49723 1
10612 59742 2
37620 17197 2
24039 78363 1
79223 41131 1
33419 25719 1
95977 29780 1
77245 97299 2
28248 66474 1
1850 6515 1
19251 83955 2
30727 83678 2
77521 62329 1
90346 4961 2
33386 97803 2
45166 68236 1
49532 86554 2
83588 67283 2
47527 67869 1
9181 58830 1
12210 75789 2
93072 5945 1
45380 70602 2
82842 76501 2
21835 34132 1
57753 17701 1
81368 42130 1
94224 28242 2
45153 59023 1
89159 80488 2
97022 27768 1
92776 52375 2
84141 15231 2
12099 14450 1
47023 5435 1
36906 8627 2
31720 4294 1
97622 28693 2
98818 56989 2
25504 41593 2
8523 11844 2
88201 7074 2
26578 56352 1
72275 11289 1
15694 15642 2
4709 35241 1
311 12771 1
2442 44899 1
3787 45354 2
8211 88348 1
69451 21064 2
66993 11307 2
12539 16949 2
96604 74475 1
27717 29391 2
46606 57407 2
37975 74266 1
40809 10793 2
94656 32923 2
18157 97617 1
2775 83068 2
515 43492 2
28628 45964 1
38325 7443 2
97685 63132 1
36467 32816 2
23771 3906 2
10063 86420 2
56266 55354 2
76642 38716 2
68076 23872 2
97733 36839 1
78703 87255 1
35961 42330 1
62754 80197 1
5151 59548 2
94588 19828 2
42561 97914 2
74229 71411 1
80519 40996 2
59787 51347 2
46691 62414 2
14079 99915 1
16518 36048 1
10389 45621 1
29576 23687 2
49624 67438 2
77604 94802 1
18163 41882 2
75385 74645 1
64889 44029 1
23146 80313 2
46590 9763 2
59583 95242 2
17851 19801 2
54146 97688 1
61422 79217 2
35235 88214 1
7607 28898 1
57397 41694 2
96637 69030 1
29326 38636 1
17255 33179 1
23851 83742 1
38180 87363 1
58825 74939 1
76835 44803 2
6125 67688 1
75387 81959 2
98142 33844 2
12677 68989 1
30693 82926 1
60637 11477 1
30964 62121 2
17124 30184 2
47036 58719 1
98369 54350 2
71573 16779 2
19451 20934 2
30554 21997 2
86593 13394 1
48490 35914 2
61058 83352 1
49097 58954 1
16373 76322 1
89052 46904 1
30323 89631 2
31889 67078 2
39608 76256 2
59029 27334 1
63333 58396 1
70747 43026 2
86017 35564 1
22172 59556 1
37203 27087 1
78865 4255 1
21002 35559 2
62011 73572 2
53429 29275 2
69308 27838 2
35499 51699 2
14843 57207 2
83653 89567 2
83684 95264 1
77183 99537 2
83910 70701 1
98971 64029 2
371 49207 2
67517 43488 1
85283 14776 2
42640 47063 2
34065 39826 1
26271 3427 2
76284 7497 1
28253 69484 2
59592 7908 1
90782 97307 1
5019 66736 2
8379 6430 1
51808 68861 1
5682 20231 1
38279 68927 1
96804 41870 1
41507 37038 2
16118 57739 1
85515 33638 1
82096 71676 2
48281 67368 2
70657 5349 2
15630 9623 2
48408 46731 2
45868 89596 2
19949 53784 1
37242 3971 1
29462 56283 2
3940 97212 1
96594 16613 1
3545 19098 1
32450 30700 2
10059 90359 2
11818 28139 1
62450 96238 2
75317 17536 2
48169 69440 2
43247 78766 2
42864 42448 1
56392 88761 2
70280 10407 1
55927 37772 1
88474 77328 1
10869 51830 2
85457 78269 2
44094 36584 2
84027 27136 2
22164 74745 1
85772 1747 2
42236 41346 1
90298 57713 2
9406 90755 1
87682 57434 1
4873 2940 1
10498 23795 2
18861 25013 1
87549 87556 1
66591 44534 1
97306 44824 1
7864 3151 1
2885 86464 1
60118 97170 2
79085 42961 1
23706 49140 2
20836 63489 2
48137 12080 1
2370 7470 2
75691 45251 2
6499 68087 1
92783 64593 1
14852 93632 2
61637 30975 1
82378 2835 1
42338 99639 2
19355 81786 2
56576 38279 1
84194 92998 2
22811 22274 1
42223 27275 2
10549 35069 1
5813 56513 1
20210 54387 2
82123 60261 2
10877 43714 1
9356 43606 2
65410 6892 1
66647 71192 2
42322 55223 1
98287 2612 1
91714 93101 1
87227 65014 1
72139 17789 2
12295 40942 2
47884 19384 2
79074 2736 1
48612 49908 2
77918 67924 2
62488 26861 2
47444 41014 2
46291 89727 1
67901 14071 1
13729 51277 1
99641 15482 1
26035 58174 2
23884 2248 2
22846 93882 1
75452 53964 1
56859 3537 1
70677 58040 2
88361 2292 1
62533 35935 1
84743 10138 2
96160 35800 2
83514 49533 1
66365 44225 2
43821 18138 2
46198 59514 1
3116 48661 2
16556 20070 1
54152 88914 2
50146 590 2
79958 2845 2
92125 70109 1
95056 22659 2
95498 49700 2
56530 79063 1
11352 32152 2
96350 57230 2
41753 33551 1
46457 57507 2
18566 65607 1
78347 58068 2
44664 85631 2
64931 69955 2
23888 4732 1
16913 82133 2
72687 69734 1
75242 74359 1
87422 23976 2
76264 92724 2
96008 23219 2
62535 43072 1
59259 28763 2
83177 86832 1
27371 28985 1
88723 76192 1
95887 97095 1
36718 70636 2
86722 21479 1
44359 24663 1
44483 80445 2
55567 57319 1
33045 17040 2
52091 27174 2
4096 86637 2
30981 82819 1
65902 13956 2
32233 97935 1
82799 59657 1
50281 32417 2
20182 12788 2
12810 71602 2
49177 43841 1
74965 81090 2
49972 6993 1
77335 12945 1
34471 680 1
60737 91014 1
99124 34541 1
78664 46476 1
85922 29900 1
15814 53360 2
79069 98679 2
99607 88740 1
76211 84097 1
53629 98495 1
69688 89666 1
77469 76347 2
62787 82102 1
2784 82006 1
39919 54686 1
78899 14417 1
46043 87165 2
75047 64340 2
41930 23451 1
8049 7144 2
61924 26246 2
93899 56187 1
84403 97069 1
19025 88672 2
30951 98659 1
81254 31724 1
84755 34882 1
8108 84859 1
56749 74021 1
40111 46984 1
11378 74124 2
86619 43928 2
58079 53116 2
17889 30992 2
47865 5277 1
93271 32218 2
50950 70586 2
36597 36869 1
30002 78372 1
48280 72482 1
58731 23311 2
40706 30952 2
45446 39924 1
28536 44848 1
8792 75726 1
19651 20921 2
93341 59229 1
51472 98277 1
42804 9062 1
11920 89019 1
6880 2192 2
69816 56899 1
22185 33224 2
73026 92941 2
29529 10430 1
88587 3434 2
80736 40998 2
65107 98001 2
49553 51000 1
31168 82492 1
7650 97969 2
7451 87848 1
30160 47824 2
30129 33657 1
45657 59289 2
58419 19283 1
26975 12149 2
50166 30594 2
18316 47504 2
82932 40915 1
52681 97050 2
69194 58073 2
64357 25255 1
70808 50473 2
18292 27471 1
49124 18782 1
49869 83086 2
65623 31253 2
3659 19813 2
98046 70290 2
32014 75671 2
90346 84346 1
63255 60397 1
44625 26391 2
69487 67571 1
34634 87127 1
96352 96153 2
70837 86605 2
65850 87442 1
1905 11535 2
20208 280 2
25412 40342 2
97528 82598 1
92855 2945 1
1423 7869 1
57367 73746 2
76595 48640 1
76149 21455 2
45191 1943 1
44167 61698 1
49234 63504 1
58117 52666 1
58176 5209 1
71341 6792 2
59584 5928 2
43775 28707 1
21796 41811 1
37505 84100 1
12004 40856 2
85564 25067 2
6523 95286 1
30621 55544 1
50920 22322 1
72341 81618 1
85743 36276 2
43098 32772 2
25398 62535 1
47908 7259 1
29192 71196 1
28880 74409 1
29941 30375 2
93185 62789 1
43632 5729 2
83386 22601 2
9168 35684 1
16069 81171 1
96143 67827 1
21263 48484 2
99406 23535 2
83337 39300 2
80175 16354 2
91561 89340 2
90458 93976 2
47047 22490 2
37753 88801 2
36576 71377 2
65115 89809 2
82711 72534 2
68916 32449 1
67119 8100 2
54460 95211 1
20146 68601 1
10188 93905 2
14861 76919 2
53924 65238 1
65969 69796 2
93896 20163 1
85012 95690 1
56958 64964 2
90702 56600 1
34161 22345 2
15677 91838 1
3377 25350 2
61729 86069 2
1809 8914 1
2784 95221 2
17064 18956 2
24451 45822 2
63857 93681 2
32151 97008 1
6986 19655 2
51022 3442 2
32825 87350 1
10587 84014 2
62786 72362 1
92505 18963 2
22994 16210 1
69285 74418 2
26008 57380 1
98207 53730 1
49574 71159 1
99342 87421 1
55444 62599 2
50777 44064 2
50526 5012 1
41102 89615 1
91233 50019 1
33086 89838 1
5634 15292 2
89215 73801 1
87879 85834 1
73513 67661 2
71611 36702 1
91546 30925 1
21614 43501 1
16914 11454 1
71379 30893 1
94743 91483 2
69313 79388 1
60979 64065 2
66707 24473 1
38801 71316 1
20392 10409 1
79331 87129 1
30115 91475 2
70687 57818 1
14027 36740 1
58461 88773 2
3629 12813 2
83067 39757 2
41941 10624 1
98841 15175 2
7801 26934 1
3837 20239 1
28590 58347 1
77777 57761 2
62512 66208 2
34688 37504 1
63167 97273 2
90364 72466 1
89276 42205 1
2875 96833 2
26929 76537 1
75893 81020 1
40454 32605 2
36392 42388 1
53580 99613 1
85845 14143 2
26870 19569 2
27424 66617 1
859 94837 1
96499 49150 1
19574 94538 1
21563 88049 2
10598 5683 1
41226 98841 2
62382 15737 1
38228 30814 1
63062 27624 2
82706 44592 1
99560 3376 1
12962 10209 1
39092 93124 1
27428 93350 2
99436 28254 1
97246 38585 1
87817 77849 2
9754 71066 1
69124 32054 2
44003 61417 2
90302 80952 1
19083 77486 1
58264 44136 1
51688 34802 1
3867 93585 1
63955 23171 2
40434 62692 2
39623 4052 2
10027 71670 1
55048 69626 2
92730 46718 2
55257 75280 1
79286 67671 2
76932 92180 1
26170 36196 2
54871 15816 2
32005 28295 1
76993 92466 1
63867 80552 1
1721 46492 2
85505 44948 2
71511 97396 1
42756 65660 2
94969 45293 2
33107 30034 2
23136 27933 1
22401 60879 1
13264 63517 1
56644 69616 1
38004 96812 1
3097 13652 2
85943 73228 1
21437 25216 2
83020 62755 1
4661 99931 2
21286 26140 2
82151 59378 1
11105 98596 2
13503 32917 1
46584 15725 2
54507 39480 2
44716 48174 2
21024 32659 2
60644 65888 1
86867 40931 2
50791 84579 2
93472 26727 2
10563 78743 1
47974 11235 1
45002 72036 1
9736 88768 2
83504 78386 1
718 24522 2
37390 85553 1
47234 97009 2
60706 15731 2
80180 14920 2
6669 78061 2
19926 38633 1
86483 32314 1
81985 72560 2
64415 78103 1
11663 83067 1
5436 71144 2
75614 42897 2
42173 69618 2
67411 41719 1
8790 58015 2
77300 76636 2
31072 97085 1
34061 37775 2
28057 6943 1
33869 74755 1
24322 33370 2
81286 22706 1
3999 65257 2
40656 21271 2
88410 54346 1
69158 23602 2
35905 57439 2
61095 94536 1
90276 57454 2
84726 74529 1
15863 31746 1
24539 75144 1
51734 519 2
3392 55663 2
63964 44817 1
86517 18920 2
33163 3030 2
6509 54157 2
92999 73903 1
91295 21208 2
27322 70908 2
24101 85708 2
6322 75421 2
59136 13994 2
99583 19673 2
55826 95421 2
61110 80123 1
27042 83887 1
64208 24176 1
18972 21233 1
37099 68490 2
72207 55543 2
69832 34176 1
72429 27674 2
56939 60652 1
81166 72436 1
95679 75531 2
58093 47559 2
96623 89313 2
55209 86583 2
82798 35186 1
91110 91627 1
12208 44650 1
77482 85872 1
30415 79446 2
73536 48150 1
13191 12777 2
25208 93265 1
30649 86648 2
997 53625 2
8172 31326 1
19997 3242 2
32807 81657 2
79709 72325 2
53433 29867 1
78275 6957 1
80850 67674 1
93650 48139 2
76775 2576 2
74929 56651 1
72529 30235 1
78092 72477 2
72878 29166 2
22322 92948 2
41343 1727 2
99733 93162 2
70857 11847 2
41005 24954 1
99220 71781 2
38805 23109 2
27119 79931 2
55533 47182 2
26506 13967 2
30582 97118 1
54554 89516 1
59769 7744 2
67352 27646 2
58784 14246 1
2786 45178 1
86908 33442 2
10777 57267 1
83901 6414 2
23586 5958 2
82973 79589 1
20421 49839 2
27670 66407 2
15377 50002 1
23591 23545 1
14998 99635 1
96211 83779 1
9641 49022 1
57665 29840 2
22628 20480 2
60605 60209 2
24259 71243 1
24918 93243 1
98696 92854 2
35550 57092 1
96695 50747 2
97293 12714 2
18363 86648 1
42142 94700 2
98079 70094 1
70833 33199 2
36758 84165 1
82919 36122 2
94388 14470 2
43465 21562 1
30675 35231 1
40930 23839 2
78831 17283 2
24288 17661 1
61578 42952 2
1975 48460 2
35625 23079 2
15230 91145 2
76916 7903 2
42575 25491 1
91738 95089 1
45995 55246 2
21323 61925 1
5428 19395 2
46524 53029 1
69810 34878 2
4519 35837 2
45583 13423 2
55944 92097 2
94267 21226 2
12193 23367 1
10632 90055 1
51799 94792 2
52206 56034 2
65458 17796 2
15977 88988 2
6017 61531 1
82326 38520 2
83540 19828 2
10554 37503 2
41664 49754 2
11803 64220 2
68319 8089 1
25700 76065 1
23885 98662 2
23526 73441 2
91052 63925 2
65778 95187 2
89857 29600 1
90271 37653 1
88180 65735 1
16874 91527 1
16404 19530 2
18929 33804 2
62673 67665 2
67351 93773 1
14144 76773 2
20132 78037 1
30619 83764 2
47906 35285 1
74206 56144 2
58881 15842 2
54027 76337 1
44403 54354 1
99815 74703 1
22033 9347 2
84347 42856 2
69812 34932 1
52787 87200 1
53532 17386 2
60962 76412 1
57485 3789 1
29725 62726 1
30669 52040 2
99835 76172 1
27336 11852 2
62044 41217 2
41580 39725 1
39391 65595 2
30221 70116 1
48810 47347 2
58882 19019 2
98501 13672 1
51110 77732 2
74111 93436 2
31992 69139 1
38760 62133 1
66779 28895 1
45013 26334 2
56599 95541 1
35680 44643 2
36790 52005 1
33989 40409 2
2184 59619 2
98214 65619 2
85087 54759 2
40232 78542 2
30804 95725 1
20660 6598 2
21536 39702 1
51191 7678 2
67332 84646 2
71522 31773 2
11458 72644 2
25098 21164 1
49953 63836 1
21065 3513 2
23596 68064 2
52251 42166 1
20948 387 1
32419 46938 2
57386 59421 1
24995 66047 2
72774 38378 1
20359 35906 2
34627 83019 1
11579 88455 1
38784 85123 2
52048 81331 2
64 17594 1
24252 25232 2
36523 34334 2
23062 42476 2
67787 58622 1
45854 36570 2
43056 52269 2
46995 59823 1
66604 39141 2
13979 25958 2
89496 33761 2
51775 17469 1
61325 65665 2
3947 10774 1
40780 78794 1
91987 89559 2
88535 90884 1
74313 50154 1
43669 57242 1
94600 5406 1
49938 95165 2
74988 30564 1
9756 17794 2
87191 11090 2
35047 93247 1
54766 70532 1
19978 8818 2
41914 84566 1
13504 68442 2
97320 58635 1
55817 78460 2
74825 47817 1
32038 81631 1
51539 19867 2
91264 58800 1
84670 51277 1
99425 81119 1
74567 86676 1
96761 67680 1
79152 17860 1
36795 76427 1
30782 52119 2
77757 43325 1
33082 37197 2
14076 97781 2
35537 99398 1
45141 32919 1
20052 73706 2
74317 22669 2
55993 56065 1
83883 46496 1
63352 34012 2
31128 16643 2
5966 52746 1
59494 52137 1
63549 89955 2
80710 34858 1
97290 41857 2
46608 16578 2
75326 27714 1
57471 30258 1
93446 20968 2
14130 33117 2
4691 13977 2
23661 72332 1
86043 99551 1
8278 19243 2
96950 98472 1
4408 29226 2
8065 72359 1
81571 73468 1
24254 13457 1
66890 50459 1
88563 47201 2
48259 78370 2
72774 52598 1
85899 68434 2
76296 35792 1
12352 51374 1
9031 22934 2
48933 75294 1
58489 51698 2
95009 55248 1
30232 56051 2
22464 22482 2
96353 8426 2
20528 50010 2
83508 48302 1
10406 57630 1
84215 66360 2
81847 28316 2
87891 76551 1
3807 86388 2
44245 81246 1
58205 69192 2
85678 71649 1
77205 10403 2
40276 11804 2
78797 29679 1
88671 78300 1
42992 17469 1
61325 83795 1
88366 21761 2
29886 32728 1
67034 58900 1
73752 18181 1
26538 3920 2
76388 82199 1
71387 13464 1
61007 60594 1
5963 67085 2
76682 2651 1
59069 93593 2
88715 82139 1
15064 23816 2
2922 48803 1
55176 85482 1
41189 95458 1
74268 43315 1
33084 24049 2
1510 75004 1
27157 14088 2
20382 2143 2
64537 66118 2
32608 50014 2
65717 63148 2
12329 98556 1
50906 52290 1
53502 28482 2
68926 50226 1
54180 66588 1
4761 15112 1
53929 81338 1
76137 60920 2
13178 9424 2
7118 44632 1
60619 27350 2
95438 62913 1
42611 88200 2
35218 55762 1
58508 58630 2
86120 93965 2
38711 85526 2
99871 23640 2
77014 63421 2
23854 47070 2
60753 7946 2
59757 72300 2
34386 54731 2
9337 78260 2
11816 51638 2
88149 25197 2
23016 35458 2
7236 4368 2
62535 94891 1
45584 72477 2
95169 8881 1
2790 85012 2
44342 53465 2
52760 29981 2
16967 22699 2
85561 62624 1
51453 40626 1
25700 32558 1
79459 223 2
94006 23638 2
24903 49767 1
42191 78288 2
63325 6912 2
51478 38550 2
59356 40552 2
62354 8070 2
14111 75646 2
1169 9666 1
19269 12551 1
82340 77775 2
74577 3786 2
99777 62169 1
7626 64148 2
86144 57038 1
55196 35830 1
88255 10111 2
48950 92898 2
63295 65538 1
16074 6513 2
92420 24338 2
76273 47615 2
6424 7213 1
1540 45389 2
93160 27445 2
2148 19359 2
62438 77936 1
90994 88604 1
12133 69704 2
12087 50385 2
55009 16876 2
5982 30766 1
32052 18701 2
49621 66183 2
83202 48674 1
91088 34804 1
6286 81956 1
24134 79537 1
20962 10451 1
7186 99839 2
58828 24271 1
31283 69057 1
28955 89791 1
53356 31392 2
57478 7502 1
44389 84552 1
12325 27945 1
2536 68841 2
39478 53346 1
68293 32758 1
56217 50480 1
48302 9033 2
96789 28717 1
87227 58109 2
21201 39350 1
33224 76403 2
14267 43343 1
68562 42670 1
87685 26909 2
28894 19223 1
98371 63337 1
42130 65849 1
45806 71524 2
53114 19782 2
7364 83005 2
21124 92624 2
71237 45997 2
64292 54065 2
88727 82060 1
61073 37187 1
37476 21624 2
97766 53097 2
94583 33429 1
51362 39621 2
85507 87592 1
17960 90207 2
27707 20123 2
17504 32132 2
84379 45213 2
41172 7973 2
60574 10719 1
46196 53524 2
55205 63031 1
25139 49610 1
57623 65505 2
13127 92100 1
30747 52409 2
51693 21345 1
77791 41442 1
10498 64006 1
64373 47938 1
36043 54618 2
26993 21315 1
95982 92554 2
78444 70836 1
567 9638 1
31812 32806 1
30644 14114 2
95865 13008 1
19513 84726 2
63666 84588 2
35389 18047 1
7734 41367 1
90043 32604 2
30292 4309 2
60818 95825 1
11067 82954 2
32518 66279 1
59042 81954 1
43741 20394 2
99297 18250 2
79618 17482 1
58038 15572 1
3813 79355 2
13538 73975 2
15384 96468 1
23977 65197 1
96916 28884 1
99094 40244 2
71218 97560 1
40692 62830 2
94099 88135 2
1270 44800 1
67065 40774 1
65648 63062 1
48427 93188 2
86363 93854 1
35445 37392 2
95349 61993 1
10245 47933 2
15711 15309 2
37903 32965 2
24733 83333 1
60010 13443 1
60282 58127 2
93298 33783 1
60481 44557 2
11876 17158 1
35205 52229 1
57412 41496 1
14266 44929 1
73690 21176 1
25177 20432 2
8368 8408 2
736 75651 1
68726 64618 2
4272 5393 2
25375 11464 2
94445 50963 2
37953 23436 2
46818 81128 1
46425 34585 1
85914 93810 1
22981 76912 2
59720 60792 2
75944 81852 1
46432 26018 2
48937 60487 2
27259 70976 2
1972 36930 2
48375 43588 1
78999 25729 2
44757 13539 2
54503 68093 1
65338 36791 1
70841 42000 2
7118 76608 2
45545 62684 1
4288 34622 2
49430 83301 2
13471 81113 1
899 66642 1
67074 50234 1
82168 90832 1
72226 49551 2
1248 62703 1
80507 8267 1
63305 13443 2
8815 4355 1
49798 70980 2
33314 64338 2
57296 95310 1
21343 47926 2
30145 93858 2
47217 43376 2
93624 5859 2
55307 56200 2
69400 73530 2
3809 96999 1
22632 60755 2
91373 93436 2
404 89726 2
11115 75480 2
63018 66190 1
16732 21777 2
27423 80893 2
82375 73602 1
44584 27430 1
6996 98474 2
59489 26762 1
39983 24137 2
1993 50412 2
23947 91686 1
23300 41237 1
74972 12235 2
86584 15856 1
70940 44455 1
80272 44975 1
68999 48971 2
47964 58052 2
32542 84302 1
2223 54825 1
20072 937 1
7136 39673 1
52973 83516 2
38121 50292 2
32985 1607 1
12811 43455 1
47935 40626 1
65672 81346 2
1011 37669 1
64456 62312 2
84943 39696 1
55669 61570 2
26671 79077 2
83806 32581 1
52181 98809 1
37720 67783 1
10757 83111 2
19160 8230 1
83466 82252 2
33722 88481 1
46672 71404 2
66814 41373 2
49992 94348 1
77669 64289 1
55015 61366 1
8568 66650 1
7974 33592 1
33634 26616 2
81891 20517 1
57361 45231 1
87551 55474 1
81049 69015 2
22463 36154 2
77296 39693 2
30476 48795 2
43347 6704 1
86994 29431 2
864 88260 2
57284 86388 2
48442 57010 1
71190 85884 1
22953 28966 2
54178 93438 2
54263 97936 2
65124 40299 1
25555 42276 2
46654 7866 1
46674 1434 2
30357 46500 1
78825 53454 2
65873 27816 1
1908 79745 1
80417 6536 2
57715 37910 2
96405 92171 2
21000 17526 1
25346 19545 1
8826 79628 1
23234 61666 1
63764 41994 1
97905 14903 1
40262 45859 2
85969 71567 1
93955 60206 2
48423 78436 2
85218 72457 1
25212 3539 2
54558 6196 1
43740 45408 1
8118 86578 2
61402 75183 1
33965 33228 1
48555 79660 1
46219 63917 2
40742 52388 2
45594 67718 2
13066 83114 2
85834 82156 2
58744 88819 2
32141 69941 1
33781 86522 2
52283 49567 1
86602 3581 1
55088 49418 2
80804 61086 2
35369 39480 1
82196 65379 1
43 5748 2
5679 3734 1
49148 22728 1
75215 29669 1
42920 81925 1
336 74083 1
23869 8671 2
35156 70565 1
26543 85519 1
19936 91207 2
62581 12847 1
19581 75045 1
70698 14433 2
88887 95234 1
51821 26473 1
89857 37028 1
16097 79886 2
94928 62069 1
17294 99837 2
35035 88068 1
30494 20774 2
96226 19426 1
26497 53277 1
18916 72134 1
78153 82042 2
96839 90921 2
47535 78778 2
40979 21931 2
72748 18427 1
42487 91308 2
20384 61060 2
42787 98547 1
97103 50299 2
23853 42571 2
48383 37804 1
84428 69761 2
20028 35529 1
59968 97288 2
18388 80357 1
8168 41813 2
38012 29656 1
25130 91138 1
61928 63646 1
87342 18191 2
54294 47160 1
83555 73501 2
53957 18953 2
30841 72721 1
7894 9818 1
87238 82743 1
3346 66806 1
46018 55964 2
16067 91791 1
95082 61139 1
28313 13687 1
7296 21202 1
89350 99112 2
16841 17874 2
87971 5501 1
86414 65073 2
26601 1750 1
64700 35219 1
92377 27576 2
43748 68477 1
1525 62283 2
81947 34938 2
66052 68698 1
64699 37078 2
81394 35862 1
9313 98501 2
9485 82804 1
76941 3325 1
9001 80554 2
1573 26967 1
71101 14806 2
22065 27346 1
84420 70839 1
21376 61456 2
52061 67794 1
67587 91448 2
77964 42958 2
62989 33586 2
8790 23768 1
21241 14606 1
83945 99584 1
14371 19389 1
9170 3642 1
57229 44246 2
50724 80254 1
36732 61011 1
92216 66985 1
27993 81265 2
29223 65402 1
94993 56820 2
67506 4949 2
53685 97312 1
24827 88196 1
19899 20097 1
96681 27280 1
28219 29604 2
2152 52044 1
10386 18908 2
60967 95915 2
66114 82494 1
97240 43109 1
51344 37893 2
35155 62615 1
23269 73967 1
71283 90047 1
16686 82013 1
10967 83811 1
85309 77687 1
52355 76171 2
47621 3942 1
32828 81859 1
68289 83033 1
58384 50427 2
28974 30624 2
99500 25446 2
93196 20180 2
82083 22814 2
36897 26733 2
51438 47870 2
95158 72298 1
28391 85863 2
84408 94637 2
86604 58428 2
37016 58940 2
51234 83941 1
81612 76129 2
10480 37200 1
82636 7403 1
92224 54763 2
74901 95307 2
3841 84588 2
28393 7352 2
97831 15785 1
72717 20651 2
57546 5600 2
15274 52708 2
26371 92177 1
57965 57763 2
59698 61470 2
45608 51119 2
37114 57810 2
49710 61299 1
93251 13175 2
61722 32988 2
90040 68702 2
59241 44092 2
92807 45435 1
83291 25642 1
73828 38823 1
24694 80480 2
67973 96509 1
77731 74588 1
9767 45437 2
1199 83103 2
9896 12011 1
28748 90897 2
48075 61008 2
2605 52091 1
23319 88024 2
6797 53867 1
50232 62451 2
1225 59732 2
82109 7061 1
64321 68203 2
52568 51767 1
96027 25739 1
24737 11923 1
1184 46994 1
84051 7243 2
56541 19650 2
68622 84642 1
28004 1377 1
95987 36577 2
73192 35225 1
71691 39892 1
70436 29209 1
69217 69419 1
37685 81586 1
98627 40154 2
50523 58970 1
25349 34681 2
69373 15532 2
30749 95588 2
12450 58407 1
72168 48571 1
27928 59883 2
36708 42468 2
82800 1311 2
66196 57252 2
37920 52269 2
90528 47786 1
54464 18980 2
17010 15300 1
25934 56789 2
64121 78920 1
65322 51991 2
64522 83405 1
44826 24484 2
21722 72175 1
26727 73241 1
33733 35566 2
39358 79162 2
65931 93999 2
35153 4299 2
40429 93146 2
53780 50392 1
5108 30746 2
70432 55278 2
26667 83040 1
61074 23968 1
87136 1185 1
77453 50211 1
56775 41267 2
67412 42226 1
69591 35892 2
5201 62634 1
49322 97763 1
14897 18607 2
8321 52005 2
77062 99174 2
96158 62113 1
81347 53209 2
1609 34148 1
50852 39350 2
55052 54143 2
34531 89616 2
14071 35908 2
67140 36637 2
35868 50668 2
31882 10166 1
37716 21780 2
30463 89530 1
62040 27994 2
1616 56875 2
616 22789 2
27759 67087 2
82952 89403 1
31312 94832 1
67134 12457 1
63660 6621 1
34934 4511 2
18177 27815 2
39134 98353 1
17487 24804 2
84234 43895 2
31100 92848 2
95889 77069 1
88786 95879 1
43374 96628 1
25084 50252 2
83232 10511 2
75884 25478 2
21354 28615 2
32824 60381 1
3347 49640 1
60408 52161 2
28104 42850 2
70058 68036 2
16021 29288 2
58831 30683 2
73584 1396 1
1419 56800 2
67342 49185 1
48840 65907 2
93868 53840 2
78579 13972 2
711 21124 2
33022 12395 1
16740 97638 2
72541 49025 2
17801 90785 2
22953 45124 1
79842 40231 1
34848 42215 1
41309 63338 2
95746 73887 1
99854 32676 1
8726 59783 1
57068 25424 2
82435 96765 2
2034 91214 2
37847 46147 2
46463 97027 2
42308 12959 1
29206 93462 1
62110 75099 2
81695 63380 2
43486 58309 2
92516 15854 1
52322 59792 2
50133 34998 1
48490 78034 2
99140 57733 2
13213 58244 2
59978 78552 1
35586 6309 2
88064 64494 2
4840 16727 1
34215 65132 2
86334 36193 1
43457 17241 2
21179 6475 2
66517 94274 1
21815 87013 1
14959 46679 2
70576 81344 1
60573 91116 1
1831 10803 2
48915 60057 1
83712 49591 2
37928 41723 1
37829 69644 2
60759 77809 1
74948 21778 2
81599 75231 2
5292 24241 1
74148 29294 1
71444 66705 2
87307 66570 1
56821 20674 2
11426 75011 1
55531 6390 2
52789 40493 1
14807 23138 2
68922 28672 2
54976 48769 1
51751 32792 2
18925 14129 1
60534 91765 2
7469 90323 2
3432 69885 1
36719 71983 1
81791 78581 1
58506 99406 1
50562 76780 2
70294 7742 1
9277 44689 2
27313 96274 1
95518 81015 1
92188 50463 1
6617 76056 2
77628 41953 2
35365 66031 2
81593 89492 2
97597 53692 2
50593 41146 2
95776 75972 2
8422 31996 1
33970 3567 1
71132 32481 1
93241 61384 1
89404 36312 2
99616 37121 1
44708 80564 2
72407 48780 1
17941 30059 1
95441 67427 2
87668 49015 2
47588 42881 2
46121 3733 1
3149 49318 2
81923 904 1
39146 71126 2
77745 43542 1
17949 79739 2
5194 8394 2
1840 26079 1
84647 31217 2
18700 73747 1
70372 92157 1
65088 92203 2
22594 58693 1
96288 77120 2
12840 8355 1
90531 40492 1
31293 2068 2
75205 24017 1
61520 31132 1
62243 38323 2
66737 58975 2
39937 20953 1
52597 68329 2
82119 90384 2
22133 64999 1
52832 6600 2
10767 79820 2
53754 94581 2
54852 86829 1
8808 91151 1
65848 14693 2
44707 68754 1
96086 9138 1
94565 33471 1
21674 43446 1
98188 52793 1
15524 38999 2
27997 38761 1
43931 62527 1
13247 82619 1
14696 46972 1
84156 74911 2
28743 77569 2
49635 23529 1
46746 23076 2
35496 95984 1
97157 39134 1
69379 46067 2
69843 74766 2
589 87695 2
9071 65014 2
7526 12906 1
29068 70076 1
10994 58028 2
39774 42475 1
33687 35808 2
47615 46959 2
98464 76120 2
92043 15645 1
19293 50246 2
27876 33192 1
4577 19396 2
96782 95789 1
19779 26029 1
36212 808 2
30877 46369 2
42338 98269 1
79920 88069 2
16104 75856 1
96990 90913 2
86654 52813 1
62159 6368 1
52666 59681 1
45645 9171 1
30971 34014 2
50119 367 2
73474 48795 1
64274 71882 1
11476 146 1
54947 77474 1
2169 69185 2
98870 73590 1
3456 23338 2
98442 71595 1
86649 45458 1
49283 57288 1
8665 72773 2
37511 80346 2
19418 94928 2
8641 34257 1
1400 64902 1
62018 1665 1
64661 60221 1
75354 85154 2
7669 782 1
61091 38257 2
44995 14584 2
86711 77325 1
11467 51613 1
77301 36090 1
98205 37251 1
64160 53377 1
12849 10996 1
83808 45294 2
28541 82142 2
14655 497 1
31713 43924 1
75660 37278 1
90875 24204 2
41180 64429 2
46579 19135 2
82756 95610 2
81777 33901 2
68704 80870 2
89217 40950 2
60624 90580 1
8022 93025 1
46229 10221 1
26821 61081 2
2840 97372 1
76037 53099 2
72260 16019 1
39798 96873 1
74375 78757 2
24566 8042 2
43509 40233 1
40845 30471 1
3941 51358 2
43331 75648 2
92370 60737 1
41317 60661 2
64059 64888 1
82500 69678 1
57187 18187 2
24885 33908 1
32913 79109 2
26866 21269 2
33362 69879 1
65175 4996 2
30706 33526 2
5958 42742 2
27239 78456 2
32547 72518 2
2438 18971 1
79321 3921 1
44683 33311 1
61236 23259 1
77814 87494 1
27077 745 1
44169 61723 2
79521 3269 2
56171 24008 1
51394 86334 2
43623 46430 1
99460 73572 1
10542 68017 1
4425 76560 2
47633 11834 2
50326 24474 1
19688 4787 1
98068 67329 2
79789 91870 1
44720 65607 2
97378 64319 1
61115 65586 2
60071 31101 1
85930 42829 1
36100 95173 2
97623 74308 2
27590 95943 2
17470 15788 1
34745 9655 2
513 25400 2
71059 42349 1
30021 13669 2
52457 43910 1
90099 61135 2
83576 26272 2
56152 31258 1
15133 78402 2
67173 51402 1
46045 80882 2
97519 98859 1
97598 51357 2
56080 48586 2
78924 84434 2
64900 85305 2
22517 23015 2
48717 76143 2
92429 38195 1
79440 2214 2
30347 23666 2
86006 92891 2
84682 44517 1
46764 8178 2
38313 15503 1
47843 14768 1
66476 88473 1
25392 65119 1
10264 79278 2
27245 62829 2
78299 25600 2
46006 47757 1
44609 96225 1
70381 8052 2
17344 49899 1
65271 92797 2
20237 49849 2
25469 35430 2
645 58155 1
74988 94385 1
49734 87494 1
31061 89668 1
52466 94706 2
88334 92937 2
78771 55962 1
87854 26159 1
27601 43791 2
60533 45159 1
87006 46502 2
88034 89959 2
8139 10037 2
95899 10923 2
44528 93338 2
55849 38671 2
70728 23796 1
70137 64118 2
14066 44808 1
72796 31942 2
84881 51517 1
84007 19274 2
81101 38432 1
22868 24207 1
24817 96033 1
29696 48807 2
84202 80948 1
98347 56745 1
53646 98770 2
49051 22126 1
24051 41685 2
50617 1462 1
89139 77919 2
41874 88001 1
92015 59475 1
61495 75223 2
45321 30139 2
60221 61601 1
13448 33537 1
64670 81933 2
72056 71957 1
77239 44173 2
38919 51341 1
57768 68472 2
13674 61600 1
81175 27144 2
92438 48107 2
16781 3707 1
26599 40716 2
29239 68883 1
37052 46954 1
14086 23286 1
21944 11018 2
70511 20750 2
33635 89211 2
83340 14633 1
27272 17228 1
44538 22106 2
56245 26352 2
61081 36662 2
39677 32513 1
50831 249 1
75993 49882 2
64613 51807 2
16194 23164 2
92072 74763 1
11161 84394 2
92777 91587 2
21984 91693 1
16030 89265 1
52063 99216 2
97023 10532 2
93855 65316 1
53225 7853 2
76114 5598 2
12383 99587 1
65641 61428 1
58404 89215 2
1532 804 2
8930 68000 1
32710 71054 2
70918 39561 2
59207 61300 1
63169 70910 1
15072 89313 1
46985 58347 1
32474 77855 1
11446 69021 1
75104 7743 2
93573 48006 1
32672 5014 1
72344 58077 1
49485 44826 1
88884 31996 2
8864 40169 2
50082 9408 2
68947 5634 1
87984 43565 1
75812 30985 2
63533 64104 2
92729 40487 2
47311 68442 1
27830 57225 1
89937 98068 1
90376 27260 1
50317 31877 1
44509 88567 2
4934 80998 2
37546 16242 1
18402 74575 1
34916 57607 1
31272 18367 1
79591 61656 1
6566 78423 2
36306 1960 2
74893 53439 2
70793 44704 2
19571 44641 1
83442 30092 1
84912 11561 1
18681 5212 2
1921 18795 1
2476 79236 2
83145 48701 1
49950 98716 1
45739 28376 2
75624 41600 2
97713 75195 2
79364 23600 2
6792 14984 2
3249 33522 1
68097 53093 1
55602 52587 2
80338 25437 2
24686 42890 2
12307 87869 1
82609 55038 2
23074 70359 2
84586 41306 1
43743 59522 2
11531 80088 1
57968 75351 1
63757 13011 2
57247 21974 1
87753 33931 1
78391 24159 1
72575 11941 2
40554 76442 1
45555 50761 2
27214 58320 2
51403 88802 1
13243 39279 1
46450 63745 2
35247 13737 2
67385 5627 2
49674 63701 2
32945 61734 2
42578 13581 2
48849 29632 2
47952 66063 1
34262 10888 1
46066 94013 2
89662 31779 2
22567 3740 1
70188 51384 1
92518 92536 1
11496 98933 1
31207 351 1
99100 93352 2
8168 65890 1
85144 67110 2
27465 93047 1
686 27559 1
93456 94585 2
246 18152 1
5607 66374 2
51596 71240 2
40441 35968 1
85389 61355 2
96184 27597 1
11678 18298 1
32922 46232 1
40805 63841 1
10455 42989 1
47917 9424 2
40333 7744 2
34535 90043 1
8348 23303 1
23300 53498 1
13483 4923 2
48572 28649 1
69985 38300 1
25833 8041 1
75692 38858 2
23244 91133 1
12798 68012 2
82760 19598 2
34058 76429 2
51362 35048 2
140 7258 2
7943 80155 2
18238 25509 1
76294 80538 1
26116 93093 1
77266 60895 2
26657 77364 2
16673 79173 1
44287 89391 2
78735 5197 1
58380 86554 1
97724 28186 1
98839 26042 2
54378 86965 1
25591 17336 1
55264 10537 2
50180 13701 2
80393 25800 2
49916 76272 2
22166 52836 1
42240 11058 1
84888 57687 2
66036 13379 1
91047 17884 2
52194 84353 2
46366 99059 1
79192 19504 2
18396 7777 2
13957 33749 2
82468 19373 2
62112 18490 1
94462 97029 2
7521 60590 2
40052 2135 2
28038 60194 2
23094 83864 1
79344 43660 2
59862 57664 1
88227 26920 2
66477 44460 1
55593 65650 1
59988 54299 2
29424 37709 1
87180 25970 1
95719 98495 2
52151 1688 1
34117 84082 2
38236 54746 2
97187 1013 1
54118 14280 1
67708 67513 1
47174 75286 2
74228 26581 2
20077 17948 1
83150 77411 1
31731 5815 2
31029 96128 1
21363 24326 1
61044 10160 1
28268 23309 1
26782 88343 1
38241 94261 1
22183 56577 2
48986 15946 2
45640 35483 1
54401 11036 2
79487 6775 1
82278 74335 2
38285 80429 1
82044 60459 1
30614 88308 2
13177 10012 1
28164 97677 1
76954 23058 1
57541 9113 1
92764 6163 1
53416 49405 2
36 28997 1
24100 5285 1
63961 49620 2
31506 4223 2
40388 48658 1
12942 87836 2
72951 79985 1
13433 94226 2
11747 74475 1
76506 43676 2
32576 84475 1
19288 45528 1
92361 70689 1
50018 41192 2
33821 49794 2
68999 35378 1
13920 12966 2
22366 86816 1
93431 92953 2
92224 35105 2
59248 26186 2
40937 38118 2
52568 50478 1
77626 10790 1
12226 45214 2
33498 57498 1
50631 41045 1
48240 58625 1
51585 4147 1
42027 65662 1
30670 57053 1
36091 24245 1
11347 47098 1
53013 30737 1
58679 42423 2
93362 32225 2
40035 89156 2
52048 48823 1
25321 45109 1
26224 57576 1
71674 83715 1
83638 89486 2
79854 57512 1
53901 39785 1
68960 78886 2
70176 20889 1
58960 31649 1
9858 55078 1
415 42560 2
57479 49433 1
28630 31280 1
70344 66080 1
92671 75809 1
53443 16238 2
10986 32615 2
825 36312 2
92298 40378 2
93871 441 1
11958 72470 1
43245 34767 1
57544 76988 1
98242 34811 1
9569 16527 2
27550 40869 1
79715 4920 2
22454 91926 2
12374 36803 1
29987 3677 2
91011 10880 1
29411 13003 2
52668 66691 1
71127 46358 1
57810 3171 2
86788 96346 1
14973 57855 2
36658 20915 1
87065 78612 2
6608 19716 1
71331 9224 2
82894 71219 2
32031 85059 1
21825 9610 1
46389 17425 2
37154 83256 1
42832 30913 2
27855 2478 2
52990 93352 1
66505 90339 2
23443 86335 2
87989 11633 1
28165 64545 1
90235 6965 2
34801 8942 2
69834 19826 1
31797 96523 1
90514 81583 1
82708 66240 1
60360 55700 2
60661 15736 2
62853 99729 2
19460 5956 2
33480 40344 1
52432 99513 1
94991 19326 2
77675 71789 1
6210 11742 1
85006 67806 2
50633 84565 2
77522 77419 1
7248 37607 1
55703 66905 1
45834 69273 1
96097 96975 1
5195 77909 1
21782 11770 1
49069 70409 2
26081 28074 2
12044 3624 2
33298 64851 2
74218 4903 2
60316 27373 2
83596 28865 2
42358 5397 1
48922 32500 1
61499 58794 1
44355 68738 1
50666 97840 1
35191 48849 1
79014 96144 2
27147 8363 1
13718 99446 2
84761 15807 2
68486 89298 1
68893 20734 2
84741 29784 2
54265 57247 2
75365 34240 1
9009 30395 1
12831 49958 2
66320 17457 1
10988 45131 2
98498 94691 2
46124 70610 2
98264 97112 2
9955 10916 2
29831 49752 2
59095 36941 2
70761 53651 1
74516 91036 2
77050 89082 1
84104 36071 2
70428 29412 1
15239 70725 1
43635 67979 2
92552 52882 2
92970 60748 1
62086 72494 1
29389 51275 2
65183 53342 2
85549 88556 1
47609 65450 1
56863 94619 2
10040 24701 2
97597 17733 2
23305 23433 2
55299 37501 2
77947 58208 2
23827 91448 1
63713 19259 1
5842 17521 1
87921 91479 2
67112 95654 2
68999 25428 2
47556 89 1
76995 43316 2
854 94896 1
83942 27010 2
48468 44533 1
68442 88840 1
18581 1590 2
69639 17015 2
5657 85382 2
31710 79107 2
13855 78650 1
86962 75301 2
29964 32494 1
37626 19543 2
13547 63774 1
21745 37083 2
872 60909 1
88150 27253 2
96276 20993 1
90061 14316 1
93604 45700 2
80507 99501 2
54034 56069 1
22445 27656 1
44474 87605 2
42418 65073 1
82750 57643 2
54557 10816 1
90563 88192 1
39876 26898 1
16914 34068 1
30596 27429 1
29816 81159 1
68346 37312 2
85702 55520 1
93419 31273 1
17073 10890 2
23997 62829 1
62003 17394 2
67740 84507 1
49064 41195 1
58006 60073 1
15282 96458 2
55007 81646 2
35990 11881 2
61102 33926 1
29821 18760 1
72222 88178 2
3412 27720 2
38062 51733 2
99596 59534 2
44161 96920 2
82778 31718 1
70943 27366 1
81496 6557 2
27730 78673 2
94947 37190 2
57002 63467 2
17051 53783 2
42522 61198 2
37318 44937 2
9752 54037 1
62124 89851 2
56097 45248 1
84028 34574 2
85810 77396 1
82342 28010 1
48208 70009 2
86432 87961 1
83873 90842 2
27714 66919 1
15985 24456 1
96169 73992 2
4655 41784 2
99895 82770 2
32077 12192 1
40497 38078 2
59107 87166 1
6304 94155 2
11532 57265 1
12401 35739 2
4903 41310 2
5749 89845 1
43127 77932 2
59842 22337 2
67652 49192 2
81295 20015 2
39576 57570 2
52636 41072 1
31203 98958 1
64072 38331 2
54200 83941 1
473 51818 1
54797 38273 1
78296 36090 1
36831 98500 2
50770 97327 2
29292 37329 2
29976 16749 1
85591 41938 1
54079 83392 2
11719 53937 2
13345 10645 1
12552 69278 1
68603 65887 2
43080 37359 2
12493 38547 1
47835 91195 1
9629 28364 1
48888 92799 1
46164 95624 1
82618 23801 2
13375 19176 1
86497 39856 1
66287 39796 1
96526 59081 1
10202 5077 2
66058 27251 1
19352 94522 1
88575 28317 2
69126 79539 1
81245 83898 1
54182 24761 2
97879 1892 1
52381 90404 2
85732 64950 2
26964 16819 1
52286 84561 1
78840 83624 2
10118 88856 1
36571 90153 1
12158 10740 1
91664 17409 1
3757 96560 2
61714 15580 1
7423 48221 2
4990 57166 2
62179 53968 2
26324 49549 2
67435 88095 2
80986 97267 1
95695 4040 2
38041 83389 2
85098 76139 1
66558 96782 2
95131 73386 1
14810 4205 1
16230 5872 1
24707 9506 2
72465 74375 2
58033 71805 2
44167 44864 1
73249 81616 2
13048 2224 2
69494 60368 2
36375 10829 2
22227 10359 1
43515 51765 1
7746 63813 1
63486 99463 1
26288 52506 2
87777 86663 2
47598 20158 1
29510 47294 1
71506 3674 1
69173 20569 1
97236 5308 2
51576 16933 2
37777 79575 2
27358 2521 2
22764 17472 1
4604 16653 1
50856 76594 2
82375 52795 1
14767 44267 2
87963 34853 1
93806 78093 1
36055 46 2
62582 43518 2
97887 25535 2
26045 94728 2
9721 27396 1
52539 26458 2
18672 40045 2
40974 44133 2
61812 47150 1
18486 79935 1
4056 54559 2
97305 11332 2
41907 30492 2
91360 19056 2
6240 75173 2
85720 62470 1
13182 55232 1
97971 50636 1
52080 65874 1
80164 90508 2
72285 95882 1
76134 5941 1
58609 31063 2
82070 20537 2
87163 63180 1
85813 24972 1
85965 80195 2
30503 48459 2
93695 27447 1
93014 9970 1
13357 33928 1
99087 85893 2
44916 64635 1
6563 82632 2
1881 59000 2
32200 97223 2
18978 6186 2
56278 70831 2
4730 5250 1
38219 8819 1
25265 93269 1
83943 53352 1
29946 82297 2
50929 20585 1
85292 87340 1
656 99763 2
87746 93869 2
3858 2282 2
18363 97985 1
39944 42003 2
79162 58415 1
3240 29464 2
88743 4069 2
33258 16583 2
34860 46353 1
60844 84787 2
25688 98280 1
56238 9746 1
64832 79266 1
48375 10141 2
75385 27164 1
16878 98867 2
36031 25173 1
57313 50710 1
46802 19665 2
84193 75916 1
24244 9113 1
97988 86175 1
54412 10905 1
22914 53310 2
70821 2977 1
2489 70810 2
13647 72613 2
82058 64810 1
82173 2973 2
54649 63143 2
25574 32389 2
27952 63408 2
24837 38302 2
2108 16455 2
38937 13611 2
58735 27891 2
98949 83829 1
49885 73436 2
74321 8328 1
30239 48658 2
16839 83348 2
38771 24967 1
94903 25548 2
33241 5360 2
57939 81066 1
5591 54951 2
91028 86569 2
52535 98188 1
48211 9674 2
71716 63936 1
61521 99920 2
71985 84136 2
31279 24100 2
17425 93744 1
71735 55345 1
80384 21445 2
78449 67849 1
37304 38554 1
96207 87038 2
33437 95012 2
85954 95722 1
83858 60062 2
417 83048 1
930 61542 2
36809 8120 1
42456 48350 2
14744 22239 1
24454 85836 1
83410 228 1
65986 95354 1
49500 82901 2
10981 45142 2
27044 7072 2
10954 77715 1
43254 88730 1
65877 54823 1
31272 44123 1
8425 8331 1
3407 96800 1
16145 70270 1
60392 46952 1
84568 86114 1
16144 85656 1
37457 11102 1
54668 66999 2
34064 29178 1
47107 25810 2
76206 68614 2
23998 82681 1
43721 11283 2
12399 19808 1
55873 42136 2
62759 12415 1
2045 45230 2
12286 66195 2
87684 76853 1
32591 39419 2
70500 79277 2
68505 86875 2
95439 46910 2
50559 29244 2
76793 34288 1
49737 36554 2
34683 56947 2
22177 41461 2
37299 92761 1
61239 33233 2
56770 93559 1
28286 39894 1
94860 4776 1
83020 1408 2
31068 2986 2
24990 21391 1
78621 88318 1
28945 35401 1
33954 11404 2
31210 54132 1
95775 26109 1
96463 59996 2
85933 7551 2
77676 29235 2
18922 37413 1
10672 25291 1
2647 53764 1
15597 45598 1
29912 34168 1
31291 82727 2
74903 64541 2
72213 87815 2
98754 78390 1
19066 36352 2
89641 26697 1
79757 30429 1
27521 34944 1
41398 69961 1
53475 46857 1
91680 1203 1
90829 3224 1
89753 55952 2
41632 12160 2
43828 80281 2
37760 69086 2
48202 94569 1
27800 70990 2
42420 92224 1
81203 30963 2
57075 45379 1
2852 7603 2
52937 90329 1
64287 48153 2
81981 34799 1
56733 23634 1
57275 14549 1
83580 88080 2
63602 17695 1
32189 13258 1
6164 61830 2
44356 75418 1
23417 51300 1
46844 84637 2
89916 83131 2
40624 74871 2
3004 90159 1
27283 73292 1
62621 19463 2
41113 89032 2
57317 68784 1
90044 92536 2
62847 55898 1
87480 82127 2
55099 23481 1
82575 44642 2
45356 22597 2
58981 48684 2
73640 18874 1
54309 82379 1
3660 1721 2
38074 96129 2
57654 36357 2
47415 2292 1
12137 57287 1
47664 41486 2
28716 65451 1
55550 99229 1
58443 40609 1
56640 17588 2
53013 99293 2
19220 46153 2
79836 12182 2
45154 93269 2
77560 63979 2
96209 19351 1
66180 17209 2
54544 12561 1
51392 57030 2
2255 6793 2
14381 97722 2
11011 1802 2
22164 27553 1
133 54945 1
37728 39210 1
77364 42560 2
75615 67467 1
48974 26462 2
33060 46970 1
27963 99060 1
97800 51797 1
66499 41825 1
37541 7995 1
67410 58408 1
54522 24977 1
40283 34061 1
58474 69599 1
786 21372 1
44316 4816 1
45393 17506 1
58876 46357 2
11604 52625 1
98905 85091 2
81853 35296 1
4453 26800 1
24624 58601 2
53208 22810 2
86104 63626 1
14734 99936 2
98753 82821 2
34244 6823 1
55963 30815 2
73343 25878 2
94462 62724 1
99909 32730 2
15584 19714 1
97697 18691 2
57152 88521 2
34883 17957 2
68223 78994 2
28382 12376 2
71906 84469 1
48457 40761 1
38001 69649 1
72223 16999 2
32155 65608 1
34302 65446 2
64624 512 1
80108 33631 2
93925 71235 2
25645 24030 2
81876 3007 1
81678 89267 2
51865 93767 2
81054 17266 1
98390 51985 1
87343 54323 1
83088 74327 1
91802 59922 2
36719 51382 2
57976 8272 1
60546 49841 1
26729 39248 2
20921 65358 2
89393 4539 1
35689 77976 1
3510 11197 2
82636 41756 1
90628 3045 1
52830 63468 1
41481 43369 2
64833 34847 2
28857 91872 1
14234 56206 2
45002 77862 2
72945 18617 1
7225 81115 2
98741 96608 2
19396 95332 2
2710 22731 2
12430 55337 2
27401 86083 1
52415 76245 1
39240 91414 1
6721 44090 2
32399 23767 2
22948 25930 1
14432 96795 1
82746 74815 2
79072 78781 1
84828 75603 1
63096 77051 2
51811 38505 1
33109 21334 1
79312 11138 1
60392 99542 1
78852 37993 1
25414 97476 2
75080 88168 2
66985 65455 2
61159 6672 2
1101 25736 1
64367 91381 2
2676 17061 2
58804 22960 1
22755 24801 2
36269 17915 2
98722 52762 2
48437 94680 1
32288 94386 2
58763 13355 1
14893 62639 2
12562 33723 1
77855 32252 2
48818 67253 2
32973 96453 2
95637 7273 1
29271 55551 1
52715 45451 1
51868 23389 2
22630 97171 1
82753 78204 2
19775 94334 1
75601 85176 1
52559 89322 2
68408 23573 1
22327 20862 2
13319 279 1
94617 63232 1
6995 42634 1
92348 89341 1
28182 26171 1
5548 19108 1
35693 22236 2
35735 16619 1
34488 97668 2
46481 65129 1
80669 65453 2
59569 23706 2
54564 27125 1
54290 72319 2
19228 60349 1
32659 89083 2
48597 2189 1
66199 88919 1
3461 686 2
17574 97502 2
21635 53326 1
18698 62466 1
36335 92512 2
39059 77109 1
22824 59097 1
61940 66225 2
73044 56756 2
41603 72049 2
12412 6671 1
20989 80021 2
24013 24396 2
13279 50722 1
37912 57041 1
878 90848 2
17586 19752 2
9328 13946 2
27125 77824 1
58289 86593 1
34013 43466 2
83007 3434 2
23308 53660 2
16366 86699 2
62311 60210 2
55990 4450 2
62007 12520 2
12688 20110 1
27369 83425 1
15612 81940 1
4046 85699 2
70621 52955 2
4924 3321 2
98971 14736 1
77867 10608 2
94144 71299 1
98264 27738 2
732 85960 2
88005 11694 1
38882 49752 2
46039 45477 1
58824 31373 1
47159 33855 2
66923 19785 2
6674 16604 1
74280 8816 1
6297 56740 1
29476 91497 2
61026 69376 1
48230 16481 2
1253 21598 1
19543 71495 2
79263 38960 1
45481 41553 2
52658 397 2
2413 32758 1
64835 63695 2
14139 64819 1
3067 85300 2
63950 80838 2
99751 93342 1
15045 49014 2
27576 33811 2
5604 97288 2
66628 22429 1
18705 10859 1
41827 50026 2
68183 15086 2
18994 61741 2
59494 82948 1
66068 89435 2
30577 78823 1
56556 14736 1
84174 70770 1
54116 8712 1
53274 68998 1
11977 4486 2
96627 198 2
51340 16752 1
65564 53275 2
11010 28624 1
76988 86384 2
36101 60949 2
59327 23638 2
9138 85552 1
52819 58338 2
61065 11096 2
65869 8234 2
73552 97446 2
61250 33004 1
2608 56441 1
25006 41640 1
52534 61588 1
7376 90688 2
44276 10395 1
48972 66687 1
84541 97146 1
80712 31087 1
97484 78366 1
93487 62913 2
10430 91129 2
80241 38794 2
30163 32034 1
44161 1568 1
42801 83 2
83798 40993 1
49889 63337 1
59562 18540 1
96848 8168 1
43102 43205 1
46159 64117 1
64084 70614 2
87380 37434 2
32532 62473 2
35767 44485 2
68583 71727 1
71158 25512 1
41535 56444 1
44433 96731 1
69197 82312 1
27662 35894 1
89514 71759 2
65142 48856 1
38031 5330 1
99670 52003 2
80028 48852 1
3296 32188 2
18197 81214 1
62759 46736 2
43392 50940 1
37798 70890 2
23528 87262 1
32250 69054 1
27901 312 1
73283 36354 2
74322 80418 2
21031 53487 1
73470 31928 2
69552 40900 2
3131 54874 2
72713 89859 1
53098 50638 1
33540 94899 1
78157 56665 2
21847 17916 1
62796 92362 1
66490 24366 1
91345 86704 2
88010 67674 2
83916 22430 2
426 22135 2
14863 10830 1
40989 97471 2
50802 37435 2
23149 97167 1
90864 1445 2
4839 14570 1
47913 18481 2
72669 10711 1
5023 12679 2
194 62239 1
20793 53490 2
80882 87984 1
19042 46275 1
85063 56444 2
19850 54959 2
13861 38618 2
4804 30732 1
82095 89988 2
86535 87032 2
42543 69336 1
71694 23666 2
88946 37400 2
61944 39839 1
7178 97193 1
74216 25030 2
14826 80599 2
91973 87957 2
94413 93904 1
25531 16442 2
30448 90821 1
16249 39850 1
51636 53196 2
80722 98141 1
26653 96000 2
15868 37744 2
52693 14079 2
55635 39842 2
15593 2763 2
20183 6519 1
56651 65130 1
67177 68248 1
85231 54087 2
22098 15409 2
85454 19918 1
38045 16562 1
7109 84339 2
87000 13903 1
1367 19692 2
10551 47360 2
71495 30034 2
75025 96801 1
8511 36773 2
12001 34739 2
83885 23205 2
61030 6329 2
56768 93305 2
37923 93628 2
32527 95276 1
57568 22856 2
89298 971 1
19175 7181 2
38023 87912 1
41672 92958 2
19438 35130 1
10965 98549 1
34830 25179 2
70407 26893 1
54670 87849 1
19575 34183 2
93532 35173 2
87397 24006 2
96202 61751 2
12725 75411 1
72012 17512 2
24301 75865 2
1051 64166 1
2969 59626 1
66069 73379 1
92711 85240 2
55578 9591 1
31627 78813 1
14865 20442 2
27868 20212 2
53345 38187 2
39541 77309 1
22168 107 1
45109 59965 2
73064 68994 1
94592 42779 1
39429 59257 1
87387 44741 2
76616 60063 1
88243 76201 2
1999 28421 1
9207 83196 1
67418 49537 1
9914 81014 1
40784 89007 2
21138 66740 2
22200 27307 2
37052 36629 2
37888 10968 2
91509 91838 2
91066 17564 2
19362 42742 1
49402 11522 2
84105 64970 1
99161 86806 1
40950 94698 2
51829 10317 2
46839 20970 1
44591 9786 2
13888 59650 2
70059 9434 1
84136 39023 1
49363 38537 1
77482 72784 2
92405 75435 2
87558 17481 2
29280 25092 1
47421 66371 2
26347 30400 2
22808 72778 1
42607 87852 2
83393 56110 1
74184 91994 2
70920 58595 2
54967 50114 1
34687 81793 1
33443 11963 1
52159 58244 2
68371 3782 2
45089 68333 2
65589 61124 1
58022 84127 2
17819 23515 1
55248 60547 1
8377 81205 1
6022 32004 1
66536 17792 1
14484 89204 2
56550 52367 1
59240 33317 1
21396 27575 1
64791 94897 2
37878 70995 2
47638 57715 1
84567 71041 1
23265 16620 2
49090 72803 1
15639 97439 2
29418 99583 2
98299 75476 1
63715 50367 1
61173 20409 1
27590 1618 1
35919 89660 1
82545 94313 2
42201 25362 2
13413 67931 1
85766 82004 1
95878 97409 2
93037 81981 2
33343 54106 1
32968 46573 2
95515 58601 2
19096 20713 2
42893 84530 2
15327 75960 2
37065 50336 1
22372 28487 2
91881 32770 2
34131 72806 2
91625 96170 2
55866 1993 2
18378 89485 2
30542 75017 1
39315 11109 1
69348 13344 2
55947 43410 1
94552 56656 2
9313 10932 1
16585 93853 1
75876 41139 2
75643 72366 2
43820 87896 2
38387 92752 1
47247 91281 2
60447 53235 1
78028 33585 2
5804 32299 1
89060 22573 2
39150 74448 2
49275 67072 1
75163 27550 2
72380 12936 1
17488 84982 2
86802 49158 2
66667 72539 1
92784 6850 2
35535 70742 2
5546 52357 1
95171 98803 2
37658 79166 2
67027 22754 2
44892 18622 1
21166 71447 2
36050 73595 2
95558 46537 2
9248 95505 1
73747 6839 1
30097 7356 2
12624 84702 1
6192 5695 2
95292 65476 1
93584 33472 1
12091 59665 1
29925 65993 2
22003 7505 1
86729 34313 1
26415 24243 2
55288 3569 1
71967 49293 2
95284 12280 2
71190 44405 2
83681 5272 2
70539 94761 2
43882 55630 2
67961 48104 2
2682 68317 2
46462 96887 2
63844 85356 1
14944 11646 2
84700 52291 1
90307 44360 2
82332 42706 1
28628 81702 2
28960 44331 2
47426 18797 2
57962 73219 2
41663 47827 2
63679 7509 1
48419 22550 2
93255 96990 1
41929 60021 1
59889 46498 2
25937 42901 2
7629 87942 2
44764 77469 1
17808 21844 2
63379 83834 1
96403 39002 2
94017 52828 2
78709 88459 2
61812 36983 1
43668 19804 1
22272 53635 1
23736 7464 2
53244 52509 2
37289 77453 1
93922 49188 2
10963 27021 1
27763 89628 1
69097 88590 1
21297 53486 2
17216 88122 1
24036 38 2
92719 26784 1
30550 68596 2
50709 86065 2
13815 64492 1
22259 93284 1
66841 79878 1
1550 29298 2
33908 49854 1
80719 98170 1
85380 59541 2
8738 69566 1
19686 3278 2
35066 37893 1
40959 10610 1
38539 46679 1
20245 23949 1
79887 23268 2
35411 69134 1
39618 16157 1
28938 81611 1
87046 42425 2
4074 30619 2
63744 93106 2
64301 4826 2
90585 34566 2
66189 38536 2
45437 4950 1
1353 42762 2
52351 85418 1
89668 71944 2
19412 28810 1
31078 77933 1
1619 78150 1
95705 5003 2
97052 70992 2
8941 68052 1
54318 6845 2
58228 89762 2
20750 84232 1
49798 69455 1
20263 30703 1
70015 95678 2
62853 21876 2
82780 93648 1
76345 35581 1
98786 66992 1
21368 7316 2
1303 61576 1
76412 647 1
41351 16649 2
80417 7625 2
14432 16455 1
89161 12944 2
59862 46459 1
94489 50805 2
64256 71103 2
29402 54039 2
96057 23061 1
62296 34296 1
71808 15585 2
9094 65598 1
94744 5418 2
71161 14163 1
65417 701 1
44233 48166 1
17341 3850 2
54707 22728 1
46532 78597 2
39097 82288 1
84944 98854 2
67776 31735 1
34842 23210 1
82353 125 1
48347 335 1
50776 93218 2
468 57116 1
91048 47630 1
27878 19447 2
46774 97929 1
41339 63149 2
28986 9219 1
83995 33773 2
49905 28814 1
83608 98285 1
65661 83199 2
66627 26468 2
45859 99728 1
17332 10382 2
39116 57825 2
42726 10028 2
15332 55091 1
75480 7905 2
82879 18987 1
66349 18230 2
7311 57461 2
77613 88406 2
77551 32831 2
19170 19795 2
16763 33689 2
48668 98847 2
42421 508 2
36717 67380 1
2114 68960 2
63438 97741 2
17899 31524 1
19576 62442 2
42269 51369 1
48204 76592 1
33353 26103 1
84620 22055 1
64356 77656 2
8799 86682 1
89064 53144 1
849 54618 1
33074 5419 2
17104 49212 1
53378 43719 2
84816 64054 2
72606 68805 1
38344 44838 2
79375 69380 1
21811 50795 1
85730 40359 1
11152 74314 2
84872 66130 2
28387 57610 2
7606 83440 2
94642 91864 2
71622 68624 1
56328 19044 2
20980 99139 1
60917 43202 2
52131 2912 2
73227 67083 2
4694 54049 2
66051 48729 1
15638 91843 2
32823 20622 2
10258 9002 1
23813 87342 2
58043 61402 1
83666 6848 1
25476 44671 1
516 9841 2
67144 25926 2
7847 28400 1
52387 98850 2
18154 41651 2
74552 20488 2
72927 19857 2
1002 50003 2
42814 34183 2
99 16833 1
86690 37683 1
77264 51283 2
59914 74716 1
4034 61649 1
2874 88936 1
55406 43588 2
99096 18819 1
80174 73883 1
86703 91903 2
29311 5222 1
18543 15534 2
94081 27134 1
87467 61450 1
9562 11579 2
19449 63566 2
40275 25756 2
22134 96379 1
60633 10211 2
8576 78004 2
59357 6070 1
43578 40002 2
95477 70016 1
33451 99760 2
8505 10573 1
81247 63343 1
55014 90321 2
40164 8020 2
59070 91746 1
751 82678 1
56902 23482 1
45493 55504 1
78439 48118 1
64434 29189 1
36495 93721 1
93125 11286 1
62605 38474 1
21682 89742 2
93015 87953 2
45118 26615 1
41479 32894 1
1751 29058 2
38234 28035 1
63530 66724 2
83696 70709 1
34123 2579 2
46383 97582 2
46320 60653 1
15008 69454 1
28630 28945 1
2704 39990 2
25851 26787 1
31057 26571 1
59010 68813 2
62518 57881 1
56594 6681 2
55706 20589 1
8855 56088 1
23962 37370 2
30624 51230 2
5078 22197 2
70975 51043 2
24308 40889 2
49804 78371 1
93981 89540 2
50147 1855 1
96895 62968 1
73217 47642 1
43849 95707 2
73994 74013 2
99314 53399 2
27046 75252 2
88146 33339 1
16896 98191 1
82470 75544 1
41606 16098 2
28337 68388 1
73484 92485 1
22390 40539 1
2281 25972 1
87647 72569 1
96183 14288 2
16985 74273 1
56631 31964 1
73909 16313 2
21771 41408 2
39561 50508 1
72571 16042 1
10541 4710 1
16753 60169 2
43007 72124 2
78396 34928 1
36191 81697 1
82161 18169 2
16371 36178 1
12709 96127 2
17316 59180 2
52212 33730 1
7552 84592 2
38014 30823 1
86870 5413 2
16004 77142 1
11037 41878 2
9679 84122 2
2989 58096 1
81386 41221 2
38691 57350 2
19267 96681 1
57890 40301 2
36846 45215 2
11917 32864 1
83842 53060 1
99342 56189 1
96409 37911 1
84434 14149 1
60340 36157 2
61035 89024 1
70550 22365 2
35213 5655 1
21028 61573 2
10321 53848 2
10123 44899 1
3252 64438 2
71962 13996 1
44537 79463 2
92259 50456 1
56419 84708 2
65919 42212 1
96188 23404 2
12711 24079 1
21746 21217 2
87355 32605 2
31924 37769 1
28767 10615 1
67161 65742 2
67065 35337 2
82489 13247 2
4789 16163 1
3154 64045 1
25793 14457 2
59844 51695 2
66641 1827 2
41045 76638 2
22748 71613 2
73167 99769 2
701 68872 1
74493 99267 1
11731 53063 1
58641 72864 1
93761 52675 2
62177 13243 1
54287 3080 1
10629 85027 2
57031 13030 1
94939 46250 2
40088 15184 1
37572 76133 1
81431 72288 1
69764 56367 2
34809 19729 1
69605 38245 2
44699 40356 1
64181 13515 1
49850 46908 2
72131 83685 2
98587 98 1
68166 22623 1
88964 35041 2
73590 68486 2
32641 25195 1
88241 99533 2
57984 33490 1
48408 52425 2
64277 49392 2
18351 9845 1
59191 32448 2
30912 15631 1
69121 46626 2
88664 26521 2
13970 69435 2
25001 86393 1
43981 53234 1
77607 67545 2
26010 51285 2
49323 82759 2
32323 8562 1
81299 21206 1
9528 66270 1
53696 53532 2
54348 25073 1
52278 97234 2
43957 37064 2
18047 85111 1
58703 44930 1
43209 26701 1
35834 57572 2
19043 11163 2
36888 91189 2
91492 40745 1
28304 44866 2
11620 87175 2
2414 20571 2
22945 46598 1
58656 83572 1
88476 54429 2
84314 46373 1
42937 45317 1
18579 90571 1
24931 94110 1
90694 58981 1
41381 86152 1
1490 3159 1
27410 63723 2
13371 73706 1
20702 51823 1
49286 59946 2
39682 36260 1
41281 98311 1
30236 47260 1
12985 35477 1
29868 91180 1
85185 18540 2
90329 15151 1
41330 6248 1
68522 42979 2
9061 86666 1
38862 34633 2
55355 84149 2
94228 30473 2
22774 86162 2
84851 300 2
60605 30956 1
48036 40288 1
49436 34581 1
59811 55736 2
52193 82623 2
35985 57418 1
24864 93252 1
90037 8335 2
28560 23391 2
25622 3334 1
7436 1361 1
25891 21649 1
32276 30781 1
44011 39158 2
12169 91819 2
83877 92799 2
97588 24457 2
95082 10523 2
55167 92965 2
67766 26427 2
71546 6964 1
66954 18485 1
30328 51247 2
13677 35141 1
50159 71409 1
79366 27879 1
15132 41434 1
32644 27934 2
65853 17935 1
7286 2832 2
43701 69175 1
69939 94280 1
66571 74847 2
93620 85075 1
53387 29911 1
76757 21507 2
6019 63955 2
61336 91215 2
13415 29932 2
61217 50577 1
45359 82972 1
42715 48966 2
59764 98405 2
53905 36530 2
63126 73003 2
28182 79514 1
33560 80757 2
33502 93127 2
7458 1552 2
89058 95434 2
27551 18796 2
36736 9138 2
59005 63517 2
2617 72343 1
37679 6491 2
39058 99731 1
6926 97122 2
97459 73604 1
2516 93683 1
46795 55532 1
9599 80050 2
55785 79345 1
20468 47589 1
45605 34333 2
44634 22107 1
72309 30782 2
86939 40163 1
46200 21095 2
70726 95281 1
59471 83214 2
38832 81372 2
83358 99468 1
82702 30723 1
70192 67360 1
99740 12579 2
18097 16268 1
12633 93442 2
30609 21718 1
72041 35880 1
51431 64265 2
86482 13729 2
88332 33362 2
43647 40060 2
84860 8195 1
44416 3247 1
97465 16627 2
96392 35376 1
22120 56667 1
36078 8925 2
25457 12410 1
62092 50869 2
53667 91411 2
34915 8285 2
87214 30634 2
96277 13437 2
31975 1195 2
32714 16064 1
38151 96515 1
43180 73719 2
81868 11236 2
54538 70839 1
88439 66502 2
34745 61462 2
28845 92544 1
66126 28178 2
27446 52595 2
71461 66154 1
98657 99136 1
14142 93987 2
29246 63916 1
43290 59684 1
23202 22307 1
78146 93786 1
29095 87955 1
94081 22197 2
78825 53388 2
91557 15497 2
61066 59911 2
58626 67854 1
66030 58140 2
51374 83393 1
23616 55722 1
5030 45441 2
59980 16979 1
85608 306 1
5123 92413 1
79287 12541 2
93882 45650 1
18619 94670 1
93354 44096 2
13726 597 2
73330 96475 2
85199 79334 1
77041 69238 1
95075 73273 1
21324 52878 1
29199 82090 1
89454 90847 2
98223 41306 1
74563 83788 2
73443 6924 1
4892 77531 2
66060 14057 2
91310 55447 2
59412 29277 1
60050 42029 2
47875 6391 1
21799 74095 2
8106 2445 1
652 32404 1
476 29046 1
4614 30134 1
11696 69198 1
42816 89170 1
41281 94805 2
51750 29580 2
53550 37136 1
40553 57128 1
24506 38695 2
30942 38578 2
77741 3429 2
20767 3383 1
24657 46076 1
8616 67306 1
91445 87006 2
23259 83456 1
72558 46565 1
32093 46132 1
10545 55467 2
84438 24068 1
88603 59955 1
79861 657 2
18121 86526 2
95178 70403 1
35936 60791 1
57738 74819 2
76102 25000 1
30447 38400 1
36615 70338 2
91189 28363 2
67409 52153 2
31454 25434 2
85496 92838 2
52175 38952 1
17267 1923 2
31665 23283 1
81885 59666 1
50161 28477 1
36373 62839 1
41536 87373 1
34590 6169 2
9235 22187 2
47520 11173 2
34084 80935 1
59621 41451 2
83215 40626 2
61660 9343 1
73782 37251 2
26970 17081 2
58430 71283 2
22484 90518 2
10256 28641 1
99815 86676 2
81849 9136 2
60752 20634 1
59914 36676 2
40084 96270 2
28184 6153 1
40473 92861 1
14589 6124 1
13643 60246 2
23445 50911 2
52376 64751 1
43938 47961 2
55092 38079 1
81513 41108 1
82870 90530 2
2227 26510 1
57881 55609 1
24749 60968 2
6108 42055 2
38856 18890 2
63235 4021 1
14201 85597 1
36755 45294 2
98586 33551 2
74970 64004 2
73767 34195 2
50885 68073 1
32451 59806 2
37831 99767 2
97296 99947 2
94937 43881 2
85562 11928 1
36788 35583 2
3693 59911 1
27449 39262 2
62490 25758 2
21962 31694 1
19703 44391 1
80942 35866 1
82460 19857 1
3793 28755 2
95462 71821 2
70625 30926 1
71415 24849 1
5682 60961 2
65620 17529 2
73403 18378 2
3878 21441 1
19223 30888 1
23578 99852 1
15269 26048 1
53121 43168 1
77449 79545 1
47728 59720 2
66280 70080 1
43905 2641 2
33264 3589 2
20177 21421 1
62318 66268 2
24640 29555 1
95349 72222 1
90260 31708 1
99230 47397 1
95670 32680 1
10242 21075 2
27603 54711 2
70946 19020 1
39004 24369 1
33888 40215 2
22662 50079 1
1123 96609 2
48427 20975 2
16471 75993 1
84648 76275 1
52042 16725 2
10941 97987 2
84369 86060 2
22064 93750 1
77249 77531 2
89578 1613 1
51254 51552 1
9272 29257 1
68335 1570 1
38219 46928 1
71343 26631 1
16345 42572 1
26654 83579 2
84217 15723 2
70023 560 2
57547 99616 1
62296 80313 2
5710 32416 2
42436 54541 2
67624 70887 1
24548 27658 2
22754 76625 1
46162 98352 1
45577 51361 2
87084 2274 2
63982 63325 1
29879 2025 1
99175 75055 1
6874 40336 1
52108 89062 1
70271 52905 2
71290 60275 1
90805 50566 2
35380 78061 1
32848 46177 1
38045 589 2
26535 46132 1
91615 81394 2
3638 31778 2
41767 73727 1
52410 45165 2
13542 39320 2
80727 84509 2
49906 23081 1
84789 95935 2
42915 15519 2
41023 69251 1
68822 86924 2
52323 30846 1
50926 49831 1
72820 61574 2
11182 99274 2
84171 36121 1
67680 74994 2
71458 79190 2
83377 56611 1
52248 5345 1
29522 10690 1
66448 79460 1
24793 85881 2
47345 44233 2
83038 45622 1
24167 58657 2
27934 39724 2
14017 84000 1
14300 64592 1
33905 95262 2
99259 50685 2
1327 88119 2
52741 47377 1
87766 21836 1
32295 27310 1
70886 2848 2
72274 53434 1
92416 90396 1
62748 30975 2
88141 69740 1
59549 36875 2
4728 67264 1
44851 85457 1
74607 64716 1
91870 59719 2
12390 77480 2
89828 4678 2
72211 47696 2
73422 49293 2
20051 10277 2
48841 62014 2
75780 9546 2
38983 48544 2
169 1960 2
98843 60603 1
46762 95626 1
18432 73951 1
13873 62082 2
62963 59645 1
49965 70050 2
3892 51372 1
87475 10404 1
16298 94054 1
80696 11683 1
81660 87304 2
86232 45055 1
86424 91157 1
82066 19677 1
7567 97684 2
28554 41925 1
44567 55470 1
64006 25570 2
36648 3537 2
98898 44486 2
81472 75791 1
30972 15907 1
90847 8671 1
98776 62034 1
97323 92987 1
15644 23568 1
5294 24705 1
65029 46268 1
90995 55827 2
6609 67643 2
20716 33431 2
2275 18324 1
36239 21239 1
53443 89397 1
94196 16065 1
60347 76236 2
89721 93256 1
66747 96558 2
414 98113 1
2133 80179 2
67689 84615 2
21377 93016 2
78884 38232 1
97275 84828 1
23450 97334 1
26752 15235 2
17981 55431 2
73109 4630 1
92099 41654 1
3456 30561 2
98436 82927 2
5453 81556 2
91198 87654 2
38666 40227 1
51057 6993 1
48523 5734 1
97220 6698 1
20647 89529 1
67742 26478 1
12825 88029 2
32685 60608 1
97567 52725 1
88515 54758 1
69055 14378 2
74036 45131 1
75901 38856 2
65529 1244 2
37894 86463 2
31568 97291 1
6473 12354 1
24985 71823 1
67929 14731 2
60506 31970 1
48556 96405 2
23421 31138 2
27071 88481 2
82797 1808 2
63087 87122 2
29724 57716 2
54145 26545 2
27968 58743 2
20923 93929 2
33873 32103 2
96425 99020 1
88557 22007 2
72921 83788 1
65461 29660 2
26271 30979 1
9005 26577 2
47474 46476 2
6719 12244 2
24429 80263 2
41593 36230 1
41327 94393 2
