10000 5000 1510
4666 5957 1
7969 3731 2
7764 7341 1
1566 6846 1
4378 9500 2
993 6917 2
9542 1239 1
7792 1700 1
4008 2118 2
4116 6544 1
6901 9718 2
2172 47 2
7778 2024 1
9977 5099 2
2477 5567 1
7312 834 2
8021 9334 1
4315 6937 2
2381 7192 2
5592 2949 2
3469 7222 2
8520 2624 2
6817 8181 2
9185 7370 1
8648 9613 1
3421 4325 2
8358 1451 2
7449 3880 1
770 3791 1
3079 4558 2
7993 9663 1
9820 5684 1
7897 9763 1
5858 6190 1
5751 9703 2
6551 3458 2
3562 1772 2
4173 2427 1
8477 646 2
8072 5991 2
8193 9455 2
7171 2234 2
5880 1891 2
6443 9881 1
4699 5987 1
2786 864 2
1221 6050 2
5677 2157 1
8726 5339 2
2119 2930 1
2434 248 2
8956 7702 2
2799 3020 2
8527 3077 1
5834 5099 1
532 5932 1
3971 1901 1
5494 46 1
3228 9134 2
4322 2865 2
6782 9841 2
7835 8802 1
1827 6360 1
8500 1341 1
5213 6254 2
57 1541 1
5822 7245 1
1302 9298 2
8574 7320 1
7294 3918 1
9 1571 1
6949 1671 1
7230 6805 2
8839 9457 1
3233 3629 1
4255 9889 1
617 4554 1
5808 3378 1
1235 2994 2
5088 4180 2
557 8700 2
5432 6728 2
4044 9542 1
9269 8085 2
5606 2047 2
8634 6439 2
9641 9934 1
492 138 1
9026 169 1
7236 3187 2
9063 6719 2
5249 744 1
6926 9983 1
4307 4691 2
6483 318 1
481 5410 1
1814 230 2
3156 7018 1
3611 2017 2
6170 8240 1
7976 7394 2
6148 1598 2
9402 3836 1
40 7300 2
5904 8425 2
5855 5781 1
8142 1156 1
2120 4214 1
716 8879 2
3012 8834 2
6213 414 2
5080 3320 1
3049 458 1
1182 6955 2
2299 4128 2
8916 9585 1
8899 2991 2
1515 6341 1
2908 2574 1
6025 790 2
5127 8435 2
7832 4533 1
7287 2524 2
1508 4187 1
2115 6970 1
3569 4577 1
1736 3506 2
8675 2693 1
1700 827 2
2821 1468 2
3228 7058 2
1923 9690 1
1063 728 1
7967 2220 1
6704 242 1
7487 4110 1
5832 9161 2
7597 1174 1
4785 3480 2
966 8135 1
8196 3649 2
5116 4206 2
2028 7160 1
9300 2586 2
5065 3638 1
5801 827 2
4062 6391 1
4759 6602 1
676 7932 2
5696 6689 2
3525 6458 2
2571 6238 1
3249 8186 1
3648 8677 1
9244 4839 1
9629 3435 1
1422 6275 2
3540 7996 1
1346 9234 2
3787 3797 1
8871 4828 1
1578 634 2
6418 7968 2
7616 3858 2
826 6460 2
2015 9510 2
9035 1110 2
6044 4806 2
5588 3062 1
7200 3283 2
2569 7449 2
4553 374 2
4001 8128 2
3705 2392 2
1992 5631 1
998 7672 1
3567 2414 1
265 1848 2
1335 3067 2
5775 7728 1
4522 2567 2
6971 2618 1
4754 6644 2
1234 2388 1
6576 61 1
1117 2977 1
4134 1055 2
5627 4888 2
3677 8984 1
7692 6580 2
3472 895 1
6535 8770 1
8239 2427 1
933 3126 1
2958 7306 1
131 7174 2
3795 8380 1
452 525 1
4203 7334 1
9501 9642 1
933 3568 1
9175 1230 2
8693 6087 2
3185 4066 1
4371 156 1
1004 5470 1
8314 1042 1
1021 6163 1
9801 6900 1
2446 3490 2
8389 3309 2
5660 6163 1
4837 3582 1
1675 9296 1
2501 11 1
6014 8118 2
8052 6382 2
2335 1067 2
8325 1395 2
5581 5842 2
4882 5274 1
7785 9448 1
1972 2585 1
4728 3884 2
6300 1351 2
2740 5822 1
3470 9410 2
939 3399 1
417 314 1
1070 4049 1
7312 5316 1
3891 4699 2
5499 9975 2
7828 3606 2
9607 8802 2
9278 9050 1
9050 8516 2
8835 8498 2
5184 6115 2
7048 1467 1
2393 3238 1
1480 2170 1
3640 5099 1
8015 8787 1
7237 2786 2
9439 4498 2
8796 2383 1
8702 4886 1
8188 5148 2
1302 8417 1
1690 357 2
421 1801 2
8315 7194 2
9739 266 1
45 1472 1
5742 6370 1
7726 3984 1
6296 8228 2
3715 4791 2
4152 3622 2
2611 6165 2
5453 8850 1
8170 174 1
95 5945 2
7495 5324 1
9750 5227 1
6798 9450 1
5936 1760 2
9110 458 2
8671 3442 1
7003 2081 1
2169 3633 1
9485 2470 2
919 1854 1
6112 486 2
1382 496 1
2843 707 1
7161 3218 2
8009 2912 2
420 5667 2
6954 4839 1
3315 5444 1
131 8131 2
5025 542 2
9930 8054 1
8257 8057 1
8587 7476 2
3721 9846 2
4662 9318 2
8242 5303 1
3918 9817 2
3306 9921 2
4011 4492 2
9297 7201 2
9113 2693 2
6175 5588 2
7543 7709 2
3037 9325 1
9609 8159 2
2791 8083 2
5303 829 1
8705 144 2
7947 5403 2
47 723 1
9527 4242 1
6891 6511 2
1501 6734 2
4034 8666 1
3941 3841 1
2151 8895 1
4522 5262 1
3967 2524 2
2509 9774 2
9460 9173 2
5585 4063 2
3939 2399 1
621 4287 1
8653 6949 1
9549 1861 2
5033 2423 1
4146 5769 2
176 998 1
1965 1111 1
3312 9978 1
9944 6401 2
9754 156 1
6189 8074 2
9333 8188 2
268 6715 2
8296 1868 2
906 4257 1
8499 9970 2
1437 4717 2
9719 7658 2
1553 2851 2
3353 2322 1
5301 9756 1
6788 4845 2
9311 3828 1
2804 6289 2
5316 4044 2
3403 2072 2
5537 3881 2
6287 3923 2
4181 7619 2
3562 7938 1
6116 7143 2
4393 5549 2
3237 1590 1
3630 4302 1
4021 9620 2
6030 9301 1
6739 137 1
5876 979 1
1233 6035 2
1980 9519 1
7817 5762 2
3033 4612 1
1702 8427 1
6479 3489 1
4423 9158 1
8153 7799 1
7567 3104 1
9428 2223 1
8648 778 2
2402 930 2
4331 4407 2
8137 1471 1
5001 1410 2
5665 2216 2
5942 4438 2
9066 2373 1
8952 6452 1
9731 8527 1
7148 4513 1
964 1638 1
5810 149 2
1269 9948 1
236 8109 1
8389 4936 2
2275 7849 2
4020 4756 2
3154 7647 1
1865 2768 1
3385 3926 1
4700 1676 1
571 9948 1
7645 6929 2
480 3233 2
412 329 1
3268 2057 2
1182 8067 1
5958 7022 1
8767 6864 1
3610 7660 1
4298 3449 2
6216 4164 2
5267 7798 2
1162 8905 2
222 3432 1
7186 4805 1
356 5088 2
7921 6149 1
3381 1702 2
8753 9305 2
9985 6163 2
1485 7638 2
8926 3335 1
1140 2643 1
2949 980 1
9305 7903 1
837 1072 2
9557 7545 1
4767 1751 2
3156 1863 2
2344 2087 1
5268 48 2
9770 5715 2
1161 3826 2
1763 7041 2
1596 9004 2
9220 1164 2
4583 5157 1
6147 1954 1
8698 1172 2
5433 4422 1
4186 5861 2
8277 1071 2
5180 9274 1
1560 1992 1
9054 856 1
8487 3566 2
2543 1222 1
8012 8357 2
9298 3969 1
9877 1859 2
8623 8603 1
2116 6516 1
722 1799 1
5133 7572 2
1626 7487 2
7931 1688 2
8587 6143 2
7451 597 2
2029 7239 1
9567 9687 2
1594 4716 2
2268 2828 2
9588 6535 1
828 1927 1
7325 2212 1
7213 8301 2
3340 7237 1
3825 8603 2
7695 669 2
8252 8398 2
9572 9414 1
6009 521 1
5582 3003 2
2501 403 2
9542 4478 1
7842 2070 2
2792 803 1
1014 9617 2
1138 1107 2
9257 6583 2
4472 6507 2
7771 6494 2
3523 9818 2
939 5313 2
749 1254 1
1441 3151 1
1158 4920 1
8181 6953 2
7378 3883 1
6549 2632 2
9177 9569 2
1331 9892 2
6854 4862 2
1317 9454 2
8601 1771 2
116 8727 1
6069 2324 2
1725 4567 1
2978 9371 1
1635 9735 2
844 7699 2
2523 2631 2
4002 3333 1
4190 2745 1
5736 862 2
3562 6948 2
9877 655 2
1458 1154 1
1286 9452 2
8361 3234 2
1193 7934 2
2043 3446 2
3443 3745 1
6277 1286 1
8635 950 1
7112 6796 2
6636 8898 1
2746 9926 1
1831 4749 1
3636 3864 2
1679 5205 2
5989 1767 1
7067 5224 2
8029 3470 2
4199 2781 1
6275 1677 1
8387 5644 1
7680 4021 1
66 1041 1
1970 9277 1
9901 8797 2
5306 6608 1
1806 4965 2
4478 8397 2
9141 9585 1
5656 2854 2
1782 1310 2
3844 465 1
7657 925 2
8278 1674 2
4553 594 1
4018 783 1
9206 5557 2
7746 6227 1
6515 9140 2
4404 7451 2
2200 1519 1
6345 228 1
7393 2811 1
6344 4379 2
3533 3312 2
9128 1043 1
5664 6875 2
5929 4835 1
9393 4509 2
6124 1989 2
61 6809 2
5526 8393 2
1922 7466 1
9522 4511 2
1269 8763 2
9692 3057 2
3820 5677 2
8054 4455 2
4213 1428 2
5302 2000 2
4638 2282 1
4854 8544 1
5978 4075 1
2499 540 1
7922 2568 2
4655 3488 1
4257 5636 1
7968 3625 1
9095 6298 1
4750 8524 2
5624 5525 2
3000 7037 1
8986 3461 1
2032 185 2
8618 4465 1
5226 3116 2
8248 1392 1
3234 6379 2
166 5055 1
3315 2540 2
2461 6750 1
208 8969 1
9735 2674 2
1006 4993 2
4614 8485 1
3336 1127 1
348 2738 1
9194 8577 2
6113 5257 1
5591 9850 1
3633 8801 2
8116 6512 2
8715 4689 2
330 86 1
4723 5077 2
3879 9412 2
5744 9711 2
3406 2546 1
9887 4244 1
7010 8689 2
718 6811 1
9695 4994 1
3106 1538 2
4418 3484 1
1089 7416 1
9628 1546 2
5465 4884 2
7858 3851 2
567 2557 1
6544 1761 1
6449 5375 1
4913 2050 1
6525 4300 1
2777 8298 1
1399 3033 2
1612 135 1
1167 6973 1
9492 9724 1
1128 2677 2
6558 174 1
6555 931 2
9293 6506 1
3890 266 2
3286 8141 1
4893 8084 1
5715 5210 2
7344 5020 2
9472 2136 2
675 2980 1
6145 6578 2
913 5201 1
602 3589 1
505 6826 2
4965 2581 2
9649 6972 1
4032 5816 2
622 793 1
588 8041 1
3020 3364 1
1455 3655 1
236 9302 1
1043 1731 1
5377 9645 2
2757 7125 1
7250 3960 1
5911 9624 2
6380 1884 2
8254 6426 1
6765 2210 1
8100 8237 1
714 9622 1
8759 5481 1
6938 4857 1
824 5431 2
5416 7873 1
9966 9207 2
6580 2788 1
48 2891 1
4035 688 2
2143 2138 2
2923 4326 2
7273 1454 2
3512 4890 1
4023 454 1
8346 8549 2
7504 3365 1
9268 291 1
291 7025 1
7919 9062 2
3250 6581 2
6421 6609 2
6913 7471 2
1878 6381 2
7323 4466 2
886 4983 2
5149 310 2
6493 5440 1
7785 4067 2
2630 3148 1
7829 714 1
2208 2148 1
1642 764 1
9456 7780 1
3573 8672 2
5261 5997 2
568 6161 1
8755 4900 1
1946 3166 1
9601 8385 1
5379 4985 1
155 2321 2
3202 9865 2
792 7765 2
5495 5528 1
7988 7777 1
1400 7268 1
7296 925 1
7536 7954 2
3341 5992 2
2876 455 1
6389 832 1
3276 909 2
9346 8683 1
3976 6517 2
4405 6305 2
8808 3791 1
6208 2543 1
4667 5635 2
5532 773 2
177 9883 2
9172 3065 1
7441 7191 2
4552 5235 2
8660 7575 2
396 1903 2
568 7797 1
7846 9278 2
798 3113 2
7507 132 2
139 2450 1
7314 3259 2
4795 8820 2
407 9103 1
2586 9700 1
2250 9201 2
4537 5854 1
4278 3508 2
9935 1136 2
1914 3379 1
9125 9692 1
2075 5113 1
441 1418 1
8576 5767 1
4236 9203 1
885 3921 2
3316 8839 1
1161 6145 2
9243 7720 2
8159 5299 1
2397 1485 1
4641 8568 1
6318 7360 2
1352 6339 1
6898 5808 2
7221 367 1
2579 9712 2
3292 8182 1
5743 4902 1
8660 651 2
8120 6557 2
4120 7394 1
8434 1187 2
5192 9939 1
712 2460 1
5705 9242 1
4583 5101 2
609 2714 2
9424 4434 1
4236 5381 1
7787 6136 2
5434 4405 1
1055 5203 2
3806 167 2
7291 6410 1
6688 3323 2
2801 2438 2
4444 4581 2
1573 2695 1
833 1711 1
3810 5903 1
5491 4213 1
1109 8292 2
7258 9511 1
6512 4770 2
7025 4058 2
1848 5783 1
2023 4263 1
6632 9958 1
6641 267 2
9820 6196 2
8598 1910 1
7479 9646 1
274 8204 1
8605 6033 2
7156 9639 2
3977 5953 1
6527 5858 2
8825 5651 2
5037 2671 2
7741 7538 1
1079 3923 2
1419 3453 1
7422 9749 1
9694 215 1
5382 5218 1
2738 8247 1
4709 9980 1
122 6726 2
7977 1462 2
2219 7251 1
799 5706 1
7838 1522 2
8749 7219 2
9473 4920 2
633 4547 1
3431 2705 2
3983 2974 1
3572 7243 1
2638 605 1
9025 7704 2
8316 5293 1
6942 432 1
1438 5901 2
827 7756 2
9969 771 1
3470 7244 2
9860 8568 2
4304 114 2
875 5175 1
3712 4757 2
8766 834 1
1006 3967 2
9079 8605 2
8353 336 2
4312 9521 2
1218 120 1
2691 2859 1
2255 3648 2
6928 9066 2
3257 2898 1
3178 7636 1
7094 1373 2
5506 1873 1
2111 6578 2
1323 6623 1
8195 9337 1
2572 4685 2
7299 9229 2
8017 5168 2
772 6508 1
9050 1328 2
6784 3704 2
955 1404 1
9717 4600 2
7979 6210 2
6900 6072 2
2613 5080 1
3827 468 1
8233 694 2
1964 2225 2
3836 6873 1
6316 7525 2
8020 3202 2
1780 2234 2
5181 9813 1
4508 2783 2
9910 5435 2
4219 3367 1
4005 4160 2
1136 6503 1
4783 6629 2
5724 8828 2
7601 7711 1
3334 2691 1
3594 6694 2
6293 6096 1
638 8071 1
9386 2424 2
8436 2307 2
7171 150 1
1833 3262 2
9225 8121 1
1324 9536 2
9571 9940 2
6271 2407 1
4800 702 1
9820 7763 1
5474 3232 1
7454 793 2
253 6073 1
7460 7841 2
8492 4413 1
8929 8344 2
6093 3858 1
3582 2639 1
176 2449 2
7079 9194 1
9643 7339 2
7818 1841 2
7993 6050 1
3083 9554 1
5782 5163 2
9955 9917 2
1621 659 1
60 6439 1
7338 8295 1
8695 8664 2
1809 3130 2
454 2557 1
2821 819 2
3154 6774 2
8793 8652 2
1926 3081 1
5875 2308 1
2674 941 2
3660 1262 1
969 4096 1
4705 1152 2
2035 4226 1
3877 5013 1
5596 8296 2
4925 2667 1
4611 9354 1
2418 2726 2
6988 4660 2
5587 8747 2
4174 329 1
400 950 1
486 6091 2
7696 6357 1
8707 9045 2
9484 1674 2
8327 3105 2
6593 1116 1
3004 146 2
4194 1735 2
5053 6476 1
1716 8119 2
1432 2695 2
9873 7569 1
8915 8367 2
5990 9355 1
1732 4791 1
3860 9327 2
4488 5345 1
4018 3628 1
8781 8263 1
9545 4997 2
4839 4710 1
8519 4352 1
6399 7934 2
7853 407 1
6991 4307 2
3393 3883 1
5623 5551 2
4845 3628 2
4396 3901 2
2926 4994 1
7779 7872 1
5525 4087 2
3866 8426 2
5866 7211 2
160 1893 1
8596 6159 2
56 1374 1
6226 8186 2
3338 8660 1
181 7879 1
50 8078 1
7763 229 1
6975 6674 2
4502 7222 1
6805 5903 1
4555 7584 1
8972 8580 1
4372 783 2
3374 8854 2
4838 721 2
5613 7934 2
6316 1096 2
187 1513 2
1010 6572 1
3263 7142 2
4586 3255 2
8951 1963 2
8443 6071 1
561 6881 2
6397 1583 2
5072 499 1
7662 2806 2
9325 4659 2
912 6742 1
6628 8342 2
1960 5550 1
7859 1635 1
4049 2033 1
910 3639 2
5751 917 1
9870 4995 2
6509 5253 2
3709 7148 1
8199 1103 2
1899 3579 2
3104 5943 1
5484 3835 1
3734 4626 1
3640 7598 2
5113 8348 1
6426 2472 2
415 1043 2
1138 2066 2
9667 5385 1
9523 8584 2
2130 5637 1
6517 556 2
4092 2947 2
6244 9409 1
4441 8608 1
7375 7760 1
9281 4735 1
5210 5030 1
691 3062 1
252 8372 2
6703 4657 1
2370 3326 2
124 5310 2
7338 6909 2
4243 80 1
4313 4941 1
6177 541 2
3974 9663 2
4505 5360 1
7212 7608 1
5472 1319 2
4316 6017 1
5712 9589 2
5112 9333 2
8629 4193 2
8842 8469 1
1955 5302 2
9371 7223 2
6222 4673 2
6684 9347 2
2096 8774 2
2704 533 2
7462 2812 2
9536 1070 2
5075 3884 1
9862 4739 1
236 9430 2
402 1404 1
9243 7099 1
3224 4838 1
2685 3396 1
4448 6258 1
2579 378 1
5733 4180 1
2901 8188 2
4215 8868 2
1754 156 1
2585 7248 1
4705 4178 2
2563 7992 2
3611 7223 1
7745 673 1
4638 8412 2
7074 8067 2
5572 5089 1
3146 2587 2
618 4334 2
2272 346 1
3105 1533 1
2961 7731 2
337 4589 2
3243 4177 1
3745 9697 2
6899 4207 1
8272 8095 2
1759 1390 2
1743 4418 2
3357 5555 1
949 2489 1
5466 4758 1
6138 5717 2
5564 2243 1
6284 2815 2
9705 8605 1
5117 5295 1
5645 4502 2
6562 1622 1
8776 7305 1
6230 4853 2
5966 4001 2
6677 2004 1
2405 8623 1
8577 4572 2
8490 6551 2
5425 7005 1
3292 9123 2
6765 2073 1
8224 3247 2
2675 5831 1
7963 2811 2
3077 449 1
7019 5677 2
5273 9254 1
4575 7548 2
968 73 2
2938 9990 1
2639 1984 2
3828 8154 1
2753 5365 1
5785 2671 1
2898 3433 2
6360 9260 1
4381 9196 1
2901 7021 2
480 8598 2
4327 165 1
1611 2642 2
4331 278 1
7637 973 1
7439 9674 1
8615 7611 2
424 7342 1
5886 9971 2
8332 3282 2
6685 9342 1
8601 4122 2
6489 1276 1
8636 9680 2
5723 3838 1
1115 3071 1
2258 301 1
1660 3817 1
9902 3714 1
7019 1619 2
8950 4508 2
9208 2004 1
2595 3693 1
7174 9449 2
5091 8461 2
5374 4324 1
8167 38 1
8314 3176 2
4037 8006 2
8858 7807 2
3014 3936 2
642 9892 1
8905 6715 1
8314 8761 2
1614 3697 1
6621 1955 2
8492 2914 1
298 8457 1
7021 3966 1
3862 8616 2
1660 9551 1
3368 402 2
6158 5229 1
9932 1690 1
8950 9415 1
3057 841 1
8718 7761 2
1291 5741 2
4853 3472 1
1473 7045 2
9900 4784 2
5152 2806 2
5832 8735 1
7174 8057 2
7267 7999 1
9160 4458 2
7995 1623 1
3132 6555 1
9218 3827 1
5952 7423 2
1980 5840 1
8961 4175 2
4244 1969 1
1077 1368 1
6759 1165 2
7810 1563 2
9815 542 1
9940 7644 2
1033 435 1
5691 8676 1
3912 1679 1
9210 3167 2
2272 5320 1
4906 5727 2
6355 4984 2
8517 6519 1
1192 8240 1
8859 3888 1
3271 32 1
4496 3015 2
6878 48 2
7452 109 2
6783 6875 1
8970 3366 2
751 2174 1
3769 3067 2
8633 4894 1
3390 2168 1
2841 575 1
2256 6766 2
4850 861 2
5099 6642 1
7304 1815 1
6366 8076 2
8231 5183 1
9708 8729 1
7226 8987 1
8463 9914 1
4740 5351 1
3744 5491 2
2699 5569 2
9249 141 1
1048 8460 2
9651 6644 2
5128 7389 1
5248 105 2
7806 4209 1
338 5601 2
9694 8069 2
970 5748 1
1412 5420 1
6762 9535 1
2747 3325 2
7515 5426 2
9943 3539 2
4040 8867 1
5451 7371 1
4129 1178 1
6867 9961 1
3465 7763 2
8108 227 2
1033 6671 1
8919 9412 2
2715 82 2
9514 3371 1
6895 6071 1
830 1258 1
2665 7991 1
3666 135 1
1473 8726 2
4598 302 1
2594 8359 2
5825 5756 2
475 2258 1
7612 4006 2
1057 5077 1
8037 8048 2
3995 7264 2
9293 6647 1
5925 7208 1
9514 24 2
4205 8132 2
8006 3350 2
217 1571 1
3838 9928 1
8512 7893 1
452 7432 2
9900 8813 1
781 9701 2
782 1094 1
8179 2050 2
2346 8202 2
6212 9173 2
3558 988 1
3489 3257 2
7104 4800 2
7248 9452 2
3685 7710 2
1755 721 1
9915 82 2
2639 8176 2
6008 7375 2
9646 8113 1
8040 7015 1
6349 469 2
2475 1813 2
134 4877 1
6820 227 1
4520 1248 2
4667 8084 2
6274 3242 2
9228 8011 2
107 6871 2
7990 1538 1
5629 2508 1
6013 6005 2
4069 1167 1
7945 2772 1
149 362 2
9061 7268 1
8243 5100 1
9696 367 2
2711 7767 2
8415 5951 2
7057 4147 1
1209 4519 1
3472 8314 1
5738 5610 2
4396 7930 2
8241 6578 1
3533 1542 2
5121 762 1
7201 4341 1
3652 9781 1
6266 2066 2
6707 9925 1
4382 7306 1
8543 9940 1
3077 5057 1
7964 6431 1
5743 3805 1
3184 9733 2
9308 2025 2
9641 7884 2
1633 7348 1
6452 8429 2
7753 192 2
6903 2979 1
9826 9555 2
6935 3232 2
6156 3273 2
7011 3353 1
7326 208 2
8647 8437 1
8753 5530 2
170 5809 2
5250 4767 1
8977 8734 1
8020 8744 2
4825 5570 1
12 9685 1
1777 7395 2
3587 1320 2
2365 5871 2
6536 4856 1
7701 3271 2
7291 3983 2
4851 3632 1
9139 3100 1
521 2608 2
2665 7442 1
5161 935 2
2603 4487 2
2043 67 1
1930 822 2
6298 8906 2
4556 4141 2
7879 2517 1
6747 4336 2
7589 8287 2
2435 5028 1
5739 8922 2
2680 453 2
9605 6314 1
8526 7920 1
2195 7112 2
3071 6266 1
4601 5136 2
5961 167 1
158 643 1
7197 9523 2
3885 7830 1
4033 2269 1
3702 9601 1
9951 6071 1
5326 3537 1
3716 3496 1
1098 9607 1
7874 2490 2
9720 4023 2
3294 8780 1
2839 6250 1
1794 3856 2
1003 2508 1
6444 2270 1
5546 6094 2
9774 2128 2
1569 8949 2
5388 9732 2
4959 6665 2
6625 9069 2
6088 199 1
234 9410 1
3587 8768 1
4569 6990 2
8333 8168 2
5827 1870 1
8004 535 2
1091 8822 1
4045 6220 2
3477 908 2
271 821 1
4875 1451 2
3702 1495 1
9356 3282 2
4976 7452 2
2272 2675 1
2387 9552 2
8981 3652 2
7397 5332 2
3757 449 1
9107 6844 1
8174 6152 1
459 5664 1
5216 5883 2
5777 5022 2
3971 3762 2
3054 406 2
8294 1782 2
2924 2173 2
9169 839 1
9356 6235 2
8380 2312 1
9088 7789 1
6725 621 2
4881 6179 1
3039 8772 2
4346 691 1
3517 3321 1
2651 5780 1
9099 1600 1
6583 9060 1
8006 9535 2
2166 7427 1
8350 5505 2
1572 7142 2
2971 3108 1
528 6165 2
4950 1324 2
1486 7165 2
2891 2382 1
2725 5774 1
926 6070 1
4834 5053 2
5682 9521 1
7907 8980 1
1475 1219 1
6397 9022 1
5662 5139 2
9207 7195 1
4180 5050 1
893 8290 2
5179 3864 1
3981 6298 1
7980 4943 2
1405 3167 1
8198 6342 1
8499 2372 2
5578 2375 1
1531 891 2
8637 1857 1
4022 4846 1
1593 4198 2
2501 1866 2
6267 6110 1
450 3455 2
1927 5667 2
4663 129 1
5184 3555 1
3684 2554 1
4496 6754 1
8461 1238 1
9766 421 2
2826 8101 1
787 6967 2
6950 4044 2
2684 6119 1
2369 9476 1
3227 5993 1
398 2218 1
8270 1585 1
1493 317 1
4726 4747 2
4978 6964 2
8346 1782 1
9604 4437 2
226 307 2
1359 2127 1
7276 6187 2
5883 7537 2
1273 8311 2
8002 2032 1
3217 8373 1
4134 4309 1
6459 5930 1
4392 3421 1
8022 3931 1
7842 4359 1
2756 3826 1
6479 666 2
3993 4639 2
5757 9964 2
8896 1348 1
1234 460 2
4070 9096 1
3556 8281 1
9677 6790 2
2191 8088 1
8747 7739 2
5828 1618 2
4584 7467 1
9860 7795 1
8227 2332 2
4392 3101 2
1790 3145 2
3389 1683 2
7262 7936 2
3472 5966 2
5660 9477 2
2102 7979 1
2166 1437 1
3991 2139 1
2062 6180 2
3486 6962 1
6474 4407 2
9787 1641 1
291 6379 2
4993 461 1
9766 9380 2
3368 2605 1
2246 5582 2
748 8239 2
7 5000 1
1276 5115 2
1573 4228 1
5052 8127 2
459 5737 1
7619 4153 1
8093 8753 2
9118 6336 1
2814 7899 1
8411 2620 2
4122 9066 1
3679 5321 2
4270 3764 2
5473 2073 1
363 1843 2
8524 1055 1
1110 520 1
2129 1700 1
7115 5459 1
9714 6245 1
6022 5068 1
2968 2787 2
632 6702 2
1071 4962 1
5528 5814 1
7957 6762 2
5999 4328 1
5806 7625 1
3435 3978 2
1283 9775 2
5837 2296 2
4526 8433 2
1483 2046 2
2975 8311 2
5230 4625 2
7050 6527 2
6949 8695 1
9703 8327 1
1281 9577 1
9297 230 2
5543 6200 2
4472 228 1
2785 9702 2
6047 8653 2
8429 1193 2
5998 2850 1
92 6795 1
4417 5367 1
2836 5548 1
9495 1958 2
8959 2670 2
2227 7563 2
3610 7160 1
2495 1527 1
5447 8501 2
1508 8558 1
9387 5458 1
1844 6584 1
704 1971 2
33 2131 2
5349 9262 2
2242 6527 2
3849 1630 2
9797 2481 2
9507 6561 2
8807 9201 2
2957 7179 2
9902 8396 1
9940 721 1
80 2066 2
8746 3407 2
6745 6521 2
6517 883 2
1593 1992 2
4589 7183 2
1988 5885 2
8769 4138 1
6352 5896 2
4115 9120 2
1690 6541 2
1079 942 2
9297 2326 1
6984 1815 1
5418 8463 2
5956 9905 1
4858 5912 2
7835 4729 2
8463 7671 1
323 2971 2
2072 7795 2
503 7882 1
5960 5066 2
7779 574 2
6679 6428 2
7354 6641 2
8833 1789 1
5489 8801 1
6773 3207 2
4113 7202 1
4615 2646 1
7656 6841 1
4062 5754 1
9977 8577 2
9798 1832 1
4023 6826 2
4112 2377 2
5870 8197 1
6109 6858 1
9867 3369 1
6407 8219 2
2622 9570 1
8633 5504 2
9679 7340 2
6785 7651 1
2935 2860 1
9141 7231 1
5122 2232 2
5483 6519 2
5684 7402 2
2815 6861 2
9872 5584 1
3969 8155 1
1474 2319 1
5972 9982 2
4087 6956 2
7745 8357 1
3744 9681 2
7714 470 2
9827 2558 2
5991 5530 1
9754 5174 1
5252 7309 1
7489 8526 1
1025 8319 1
956 8193 2
2857 4085 2
8879 4478 1
7803 5128 2
9508 5912 2
3804 2436 1
121 9973 1
5091 5355 1
6415 3424 2
8332 4288 2
2988 2568 1
9126 2925 2
1690 4254 1
1493 9421 1
1542 6955 2
6416 3778 1
5505 1608 2
1412 5536 1
1587 2035 2
5919 6304 2
7811 7489 1
2886 1758 2
3808 326 2
351 9692 1
9771 4863 1
4536 4189 1
9962 7336 1
7070 4330 1
4455 1462 2
7287 5265 2
3071 351 2
2105 8368 2
1540 7133 2
9584 414 1
7452 1760 2
5548 6467 2
9855 4728 1
8256 9180 1
3308 8062 2
6053 5352 1
6677 3468 2
2165 6813 2
4574 9904 2
2000 675 1
9314 6174 2
8794 6423 1
8126 2027 2
8603 8330 1
6676 6322 2
2477 2496 1
2570 979 1
2450 2658 1
8920 943 2
2908 9804 2
4702 8078 1
6675 1103 1
7387 6041 2
3043 1472 1
3911 8368 1
2923 3239 1
7290 8916 2
2302 2594 2
6066 1758 1
150 8223 2
7506 9927 1
204 1029 1
5085 1102 1
9057 172 1
2223 5797 1
4329 768 1
7812 4260 2
2907 3458 2
7599 5397 1
5730 4471 1
8341 7686 1
2959 8743 1
1999 9850 1
6916 5167 2
4236 6216 1
3898 3536 2
2300 8218 2
7052 9389 2
3382 9504 2
8138 2721 2
3507 7355 1
1015 5143 2
3488 1330 1
8588 9088 2
4480 2224 1
5987 2289 2
2488 1076 2
4796 7394 2
674 7343 2
9611 4448 1
7450 4762 2
5544 859 2
1140 1837 2
6205 9033 1
2228 8649 2
6972 2257 1
2804 4367 2
2743 2017 1
4914 8375 1
4486 1513 2
8175 1370 2
37 9614 2
6417 7688 2
3570 4952 2
4769 7203 2
1667 1555 1
6254 1282 2
2750 8530 2
4105 6527 1
8176 2007 1
2951 7482 2
9735 1373 1
4354 3523 2
7688 9695 2
3048 2643 1
2617 1837 1
4234 5428 1
3608 9630 2
3679 2853 2
1458 5545 2
1742 7959 1
6349 7579 2
4439 2626 2
4527 6212 2
8331 6721 2
6804 4953 2
6239 353 1
380 8340 1
1966 9911 2
5594 6639 1
3156 5591 2
2518 9805 1
8051 1213 1
2428 5218 2
6498 6504 1
4395 1925 1
6793 1770 1
9719 1637 2
7238 233 1
1192 3441 2
2235 1169 1
5593 2255 1
4973 7824 1
5353 6582 1
3639 2713 2
7677 7843 1
581 9282 2
5212 4744 1
586 4885 2
5250 4584 2
1994 4563 2
7821 2957 2
9984 2748 1
6787 5795 2
3641 9864 1
9211 9658 1
2648 5665 2
4863 887 2
3856 4151 1
2512 2099 1
4285 6955 2
6738 9371 1
5835 7940 2
3899 3070 1
4893 1901 1
3465 5906 2
6216 6629 1
6041 6352 1
3461 9149 1
8720 4388 2
2770 5310 1
8134 6222 1
3266 2768 2
4102 3651 1
3640 452 1
6592 3004 2
3520 7100 1
2279 437 2
6695 6445 2
4596 4528 1
3678 1508 2
9873 736 2
3130 1214 1
3438 2590 1
5927 3790 2
2447 5352 2
5984 2795 2
1851 6509 2
1337 7439 2
4991 3138 1
6790 5241 2
7386 2944 1
3329 1036 1
6223 9683 2
6983 6110 2
4197 4108 1
2108 7034 2
9178 8576 1
7378 5662 2
1996 1368 1
1158 6318 2
9295 8687 1
8852 1919 1
9386 7319 1
9021 220 1
4905 3412 2
4616 9429 1
5148 8959 1
6591 891 1
1879 3780 1
1965 3670 1
5632 116 2
1927 5199 2
485 6148 2
7520 9958 1
4627 3420 2
5379 8813 1
8431 8922 2
1196 9162 2
1201 4572 2
4847 9561 2
1892 537 1
4752 696 1
8152 7817 1
8602 9930 1
3920 664 2
7497 7397 1
6677 7095 2
2559 2931 1
8240 171 1
66 9973 2
7636 9740 2
6508 6923 2
2738 2440 1
2074 5133 2
754 5453 2
8398 9781 2
2993 5122 1
1998 3283 2
7917 7583 2
2146 3176 1
4715 9712 1
7225 6699 1
5186 5718 2
6805 3383 1
6702 6950 1
1322 8347 2
5965 4152 2
1491 7288 2
3669 1497 2
2061 5559 2
2476 9465 2
7659 2113 1
9807 2382 1
6160 693 1
8700 3471 1
5304 3541 1
1399 3002 1
591 1945 2
7417 6047 2
9960 3226 2
700 755 1
4439 5384 2
7248 7054 2
9111 9813 2
2874 381 2
9126 9560 1
4896 8208 2
5236 8971 1
5662 5421 2
6856 8638 2
1315 972 2
3915 3345 1
4837 9352 1
7946 6301 1
3065 4804 2
2344 7772 1
7292 7684 1
6746 2845 2
509 6160 1
8329 8417 1
6304 7893 1
2980 1105 1
6524 8371 2
9835 4229 1
3294 8080 2
3461 7566 1
260 8547 1
2779 2813 2
6499 6842 2
906 9530 1
690 8549 2
9717 3214 1
4460 5592 1
7265 3545 1
6994 8829 2
7672 5389 1
3607 2368 2
1574 6400 1
1458 5105 2
7151 9310 1
9503 1925 2
9719 2677 1
2462 3910 1
3368 5832 2
5859 3566 2
6992 5709 1
5508 608 2
48 863 2
5679 3967 1
7630 1292 2
4113 981 1
9428 327 1
9343 9870 2
5535 7047 1
8865 6042 1
2608 455 1
1682 5774 1
7918 1924 2
7186 4083 1
1027 290 2
868 6838 2
9803 5895 1
5296 2855 2
216 271 2
130 3770 1
7104 2870 2
393 8825 1
5869 4417 2
665 7679 1
9292 6277 2
137 7006 1
8959 9166 2
6470 5338 1
219 7738 1
1727 4204 2
2602 8636 2
5942 9681 2
603 9545 2
7317 2009 2
2717 14 1
1559 2008 2
8279 6008 1
9194 2839 2
8515 4426 2
6996 1476 1
3023 283 2
6955 9086 2
8411 5237 2
1611 778 2
1533 3591 2
6532 65 1
6976 820 1
9818 367 1
6384 7250 1
1571 6486 1
5007 9132 2
5580 1225 1
836 2769 2
1445 5905 2
903 2210 1
208 5628 1
5894 5880 2
7974 5096 1
7860 379 2
2914 7501 1
8756 796 2
1092 6032 1
4098 4284 1
6831 9393 1
7226 467 2
9147 9006 1
47 5818 1
5476 2093 1
8374 9361 1
4025 4262 2
7256 8090 1
5182 1415 2
6164 5820 1
5050 2926 2
7162 6033 1
9434 4994 1
9937 6760 2
2092 5243 2
4930 4115 2
5941 2053 2
8874 9322 2
7980 914 1
1660 1767 1
2828 7189 2
6157 5528 1
9318 2199 2
9766 9201 1
3020 9541 1
7862 5287 2
2567 6528 1
4029 9093 2
4147 9852 1
9250 9819 1
7230 6225 1
5790 4442 2
2204 4941 2
9471 3897 1
3830 2289 1
7718 7811 1
1894 7023 1
3961 8359 1
9340 9139 1
306 103 2
716 3415 2
4494 9 1
3886 7708 2
78 8857 2
7837 9416 2
7849 677 2
5449 6675 1
9865 3551 1
181 3321 2
4393 5343 2
4345 5003 2
7054 8751 2
5168 4814 2
8491 6333 1
8603 4954 1
8603 9996 2
7437 7276 1
1995 4707 2
574 4484 2
2812 5500 2
8216 6616 2
8102 4999 2
5821 5967 2
1088 4244 1
3470 5527 1
9801 5069 1
5941 4368 2
1362 1226 1
9725 6255 1
5474 1434 2
4532 7116 2
7249 2561 2
864 3732 1
205 7876 2
5687 9303 2
9320 5199 2
7413 6651 1
7623 335 2
5962 471 2
8820 6057 1
3833 25 1
8206 2689 1
9531 7265 1
2580 2788 2
4730 9619 2
9710 9358 1
1062 9449 1
8452 4068 2
5155 3439 1
4132 8300 2
921 565 1
8304 8976 1
4659 8257 2
5054 2015 1
8545 6010 2
4086 2444 2
9606 2542 1
4664 9725 1
2202 3997 2
9587 4717 1
825 7883 1
8047 4122 1
5202 7602 2
7636 6407 2
2920 8926 2
2113 3932 2
9669 1711 1
8854 5281 2
2210 8154 1
5386 951 1
8033 9321 2
3653 495 2
275 8086 2
6327 1680 2
194 260 2
5664 6965 2
5960 8902 2
4646 6573 1
9094 7590 2
2834 8074 2
2015 3664 1
4451 6066 2
3034 1076 1
2697 5409 1
5155 6839 2
7563 1493 2
5770 4882 1
8370 753 2
9298 8418 1
7355 3706 2
6980 838 1
4969 8205 2
5914 3157 1
2113 2455 2
7716 5525 2
9421 2411 2
5686 7445 1
5418 1648 1
392 6980 1
985 753 1
2933 3911 2
2161 8363 1
5292 1207 2
1083 5922 2
770 9921 2
1509 1388 2
1854 7572 2
5760 5844 1
3580 7494 2
3858 3416 2
9387 960 1
3093 6924 2
7839 2669 1
1030 4277 2
5599 6303 1
1079 6111 2
7576 2314 1
8941 3352 2
5320 5831 1
6130 8850 2
7828 8739 1
5508 2837 2
9170 5549 2
5717 2490 2
3472 1723 2
729 5137 2
5963 3301 2
4539 5628 2
1465 9817 2
3256 3746 1
3296 4230 1
3554 5805 1
4636 8593 2
7966 4204 2
6365 4771 2
3270 9026 1
2262 7480 2
8441 2101 2
9007 225 2
886 4944 1
804 7299 1
6916 8545 1
8421 630 2
8829 6395 2
2228 4872 1
7471 6022 1
9242 3303 1
1194 6906 2
7969 986 1
6532 6408 2
1627 5705 1
5768 6833 1
538 704 2
3298 7676 2
8790 3649 1
8277 3716 1
8779 7358 2
4773 7336 2
2935 3891 2
4493 8122 2
8192 9706 1
651 7601 1
8989 4580 1
6079 6503 1
9528 4071 2
4704 90 1
546 1947 1
9366 3343 2
6303 3980 2
7553 315 2
2262 9899 1
6593 5336 2
1762 1693 2
539 1015 1
8948 2922 2
9851 3256 1
2782 1087 1
5100 4051 1
9353 6909 2
7553 5010 1
1904 5447 1
528 2436 1
4643 9624 2
7218 4268 1
1349 9835 2
6357 7969 2
1967 3153 1
5786 3260 2
3883 3199 2
4743 8956 2
2345 9789 1
3653 9509 1
2685 8152 2
6323 3372 2
9183 832 2
3713 9981 1
7641 9771 1
3094 7494 1
605 7648 2
7979 2905 2
2653 3133 2
8062 3502 2
8721 4386 1
6400 414 2
5508 7508 1
3943 553 2
9415 9339 2
9997 4337 1
3997 1460 1
2479 7293 2
1997 4559 1
4446 6503 1
7140 8594 2
97 3902 2
3200 1332 1
1730 773 1
6774 8419 1
7085 6466 2
3068 9391 1
4708 432 1
4752 9788 2
7693 7053 1
9135 6500 1
9970 6173 2
2623 3395 1
5168 645 1
2069 4841 2
8105 7568 1
4640 9500 1
4482 8846 2
4524 3763 1
4517 4288 2
1296 6700 2
3136 5230 1
5217 9318 1
6725 8081 2
1708 4024 1
1832 6089 2
4496 2472 1
5428 2904 1
4273 8501 1
8822 7604 2
2823 9342 1
8016 8745 2
3357 9769 1
8296 9765 2
2402 3949 1
6 8027 2
235 56 2
9161 4736 2
4015 6857 1
2739 737 2
9626 1783 2
3224 1963 1
8378 8824 2
7188 1538 2
3301 1099 2
194 2075 2
1089 4495 1
4069 9537 1
8827 185 2
339 2819 2
7649 2466 1
2868 5396 2
3240 1703 2
1032 2091 1
5174 519 2
8142 2241 1
584 9129 1
3246 4965 1
5070 1475 2
80 9195 1
1834 20 2
2019 1960 1
1637 2651 1
503 4200 1
1562 3501 2
2931 2665 1
9033 6403 1
1184 8717 1
7845 6089 2
8939 3852 1
5463 2641 1
6007 367 2
6297 8430 1
6105 9446 1
1611 6745 1
5962 947 1
9489 624 1
7705 301 2
8146 7714 1
7318 94 1
8283 7492 2
2856 5286 1
9403 3343 1
840 3061 2
7236 655 1
9588 2756 2
6688 2085 1
5149 2397 1
1978 1831 2
9705 9007 1
6561 9451 2
5713 7211 2
7144 5679 1
8692 969 2
889 4660 2
4739 1108 2
4909 4446 1
7139 1498 2
3269 5142 2
6382 8173 2
8661 3400 2
9682 1972 2
3155 8149 2
1280 1307 2
3565 546 2
9966 4638 2
4912 4840 2
550 866 1
1489 5810 1
8965 7021 2
5624 226 2
1165 9049 1
2336 7387 2
7011 3237 2
2473 2520 2
6833 9124 2
3686 8932 1
69 8795 1
1168 7793 1
2305 5575 1
5712 9233 2
2969 4837 1
6105 3248 2
6408 793 2
2076 9112 1
1659 1736 2
385 8730 2
5556 8093 1
6773 6396 2
6328 4407 1
9494 7302 2
2274 1673 2
4121 3924 2
4446 9226 2
4773 1351 1
1422 579 2
8662 9524 2
9225 3139 2
2538 9795 1
1127 6334 1
5399 5441 1
8630 554 2
3 7950 2
3016 3952 1
5595 1232 1
211 8737 1
1709 1519 1
4207 8415 2
2733 1479 2
587 1999 2
7492 2681 2
4809 5102 1
3068 809 1
2638 2105 2
8997 721 2
243 6067 1
2180 4749 2
1334 4339 1
1999 9198 1
1034 5267 1
9506 5447 2
130 7170 1
6796 6211 2
3418 5539 2
8562 5293 1
2894 7980 2
316 5622 1
305 7656 2
8164 2386 1
8072 6293 1
8522 3179 2
4524 6775 1
5250 4285 2
4108 5859 1
8739 312 2
8232 3109 1
2650 7458 2
3831 6346 1
4085 9106 2
2418 2023 1
5705 1126 2
2759 464 1
781 4606 1
3287 3602 1
6092 8878 2
4856 6345 1
2999 6336 1
5555 6602 1
4641 3456 1
6599 523 1
6801 3214 1
7028 1254 1
8211 8079 2
113 8074 1
2199 3629 2
1639 2010 1
7313 2930 2
4836 5852 1
9543 1057 1
9337 1530 2
6631 7981 1
5228 9988 1
5166 448 2
1575 7501 1
8513 9510 1
9671 3210 2
5512 751 2
4078 310 1
3198 7488 1
8929 6257 2
1539 5555 1
9898 8924 2
8506 578 1
1639 6446 1
6155 960 1
5177 9634 2
2418 9360 1
199 2247 2
9134 3964 2
6120 2751 2
7731 9887 1
3068 7600 1
8296 6491 2
5572 3622 2
7882 1077 2
5142 2799 2
9431 8596 1
7290 5613 1
4500 3381 2
2591 6088 1
3544 6714 1
8454 825 2
1439 4198 2
9686 7633 2
9095 5490 1
9991 8928 1
1222 9436 1
6631 4542 2
4114 6499 2
8152 4709 1
4311 7148 1
751 3220 2
6469 7456 1
583 8014 1
4400 2875 2
9788 6777 2
6686 9535 2
3169 6064 2
684 6735 1
3034 3105 2
2874 4516 1
7683 3392 2
74 9612 2
2759 1186 1
1445 3926 2
6697 8083 1
9862 3783 1
1263 5233 2
780 7672 2
7121 2366 1
877 7221 2
9535 7617 1
6078 5951 2
4553 8038 2
475 6171 2
7892 9242 2
3814 4754 2
2924 3728 1
9711 4943 1
5276 94 2
1953 9092 2
9511 5696 2
2310 3237 2
3923 6692 1
9837 2938 2
4633 8813 1
2395 5410 1
871 1121 2
1750 1611 2
8205 9835 2
6700 8155 2
1987 5033 1
5611 2794 2
3010 4622 2
806 8917 1
3302 8849 2
758 1037 1
4819 1197 1
6423 8454 1
1341 8303 2
1687 3513 1
6382 5051 2
3114 4290 1
564 9496 2
6664 978 2
7472 1951 2
3181 8782 2
7880 7104 1
3865 4894 1
9013 9692 1
2350 9839 1
6678 9772 1
165 2001 2
3180 4681 1
3417 5642 1
8700 2466 1
873 3762 1
928 9977 1
4635 4597 2
9942 9014 1
3908 3764 2
8463 3170 2
736 8420 2
7265 9278 2
2608 8109 1
6390 5162 2
4519 4892 2
571 2430 1
8109 3633 1
8114 8644 2
6412 1138 1
10000 1291 1
838 2518 1
2351 8230 1
3116 8475 2
1581 8907 1
7320 5633 2
1404 6037 2
3924 125 2
9152 3107 2
9281 3799 1
5268 6502 2
2626 4172 1
2197 999 1
9262 7484 2
6821 5902 2
5489 4573 1
6025 396 2
7323 5286 1
8044 1746 1
1247 6629 1
3370 4472 1
9558 3498 1
6822 6439 1
2634 3674 1
1668 1007 2
8651 5836 2
2063 9202 2
45 8335 2
8180 3991 1
2040 3171 1
1814 3192 1
5111 955 1
3768 8340 1
570 337 2
9270 9758 1
4340 2274 1
8220 220 2
637 2094 1
4525 5368 2
5216 777 1
5853 5363 2
1358 6621 2
5368 333 1
746 262 1
4873 3454 1
2764 5300 2
4691 7665 2
9902 8893 1
4188 3859 1
290 312 2
7949 6232 1
2633 530 2
8755 8711 1
9981 2573 2
5921 5465 2
3000 1772 1
7388 9182 1
4107 4809 2
7373 7639 2
2713 2496 1
6995 5837 2
169 9665 1
2430 3513 2
4599 2337 2
9397 3482 1
8051 697 1
9185 8066 2
4080 3494 1
1408 6761 2
4902 4856 2
7011 2297 2
2145 3331 1
9648 7952 2
609 3424 1
5504 5217 1
9976 3453 2
2866 6931 2
6911 1449 1
4727 992 1
7729 9561 2
9684 2344 1
5837 1878 1
7011 811 2
3752 5533 2
8338 8659 1
5401 9101 2
9682 7608 2
4956 748 1
7257 1049 1
7888 4819 2
5249 2410 2
9081 2477 2
8550 6736 1
2142 7580 1
6588 6343 2
8492 5508 2
3479 381 1
3777 3086 1
8626 6532 2
2497 4231 1
6873 1363 2
2597 6782 1
5694 1062 1
7767 9513 1
1111 9866 2
7032 7905 1
4974 1842 1
7819 2337 1
8544 8101 2
7527 2027 1
63 333 2
7560 4067 1
6864 5513 1
3486 4546 2
8990 6636 1
5196 612 2
6085 8604 1
2778 474 1
247 4499 2
2196 1577 1
4683 7538 2
9034 890 1
8153 8393 1
8110 4632 2
4031 320 1
5160 2677 2
8783 5554 2
4853 1573 2
2655 5852 2
4388 2816 1
7159 8994 2
3544 9348 1
4806 2075 1
761 7554 2
1534 1728 1
9298 2541 2
8580 8913 1
6548 5726 1
3793 8240 2
7362 5986 1
419 7827 1
5412 9130 1
1932 8006 2
1172 6473 2
8642 7271 2
2131 986 1
1198 153 2
2613 1208 2
2733 5073 1
1329 4388 1
4930 6092 2
8050 5155 1
7730 5991 2
4136 2141 2
4246 3701 1
1560 1647 1
109 7517 1
168 9242 1
5335 7706 1
9588 4754 2
6603 9337 2
492 8943 1
3250 8590 2
1827 3183 1
7449 9439 1
1809 6578 1
8707 7623 1
6066 9533 1
3845 7301 1
5878 4456 2
5993 6955 1
9135 9984 1
6715 8463 1
9685 2805 1
3887 5053 1
517 6717 1
473 4018 2
1374 544 1
2627 7155 1
8595 5625 1
9754 1556 1
7388 939 1
9490 8114 2
2740 4554 2
2686 3546 1
4204 3902 1
2936 9679 1
7479 5604 1
8863 3880 1
9804 8556 1
1476 6927 2
5864 8956 2
4604 8995 1
1225 3803 2
2417 2599 2
852 407 2
3617 4497 1
1327 6736 1
4669 5356 2
4087 7770 1
8315 2710 2
3692 4319 2
5333 1554 1
6768 7179 2
1496 776 2
4812 4270 2
8886 144 2
3243 1886 2
3092 3451 2
5965 7858 2
9549 234 1
1430 7576 1
3725 3540 1
1404 2863 2
486 3157 1
940 6574 1
8703 7417 1
3029 7372 2
1967 5253 1
2619 885 2
6759 8767 2
6358 7756 1
566 8705 1
304 6371 2
6770 5642 1
2347 6756 1
2406 4364 2
4729 4524 1
4686 8127 2
6706 1738 1
60 8205 2
6577 6693 1
9511 9268 1
1991 7891 1
5623 7175 2
5767 5603 2
2410 7597 2
5432 8388 1
3250 3937 2
9575 2123 1
5413 4976 2
3618 2801 1
2044 3662 1
8861 3267 1
6772 2433 2
8449 5457 1
1536 8260 1
7144 2767 1
2980 326 1
3363 4038 1
2204 8025 1
372 3044 2
8451 9283 1
3636 6936 2
508 5584 2
3118 5239 1
8045 5725 2
4466 1402 2
8111 735 1
9667 1837 2
448 9291 2
1850 9202 1
3616 3963 1
7184 7292 1
1543 3487 2
4424 6773 2
1438 3641 2
9955 1800 2
737 2880 2
5929 5943 2
900 4878 2
263 6374 2
2123 2562 1
4715 9326 2
8784 2175 1
9834 4059 1
3936 2459 1
8619 9775 2
9582 1681 2
394 6557 2
2975 8607 2
5158 5614 1
5501 4681 2
1042 511 1
8341 4628 1
4920 3153 1
1224 1900 2
4401 8744 2
4301 8782 2
3006 1229 1
397 190 1
5011 8172 2
4838 2755 2
2966 4759 2
729 1862 2
772 4768 2
8941 8487 2
7101 9123 1
4393 9944 1
9443 7386 1
8733 6464 1
5295 2215 2
7050 8297 1
6556 1118 2
2933 1106 2
1482 7863 1
7065 5181 2
6092 3024 1
4946 2978 1
5786 5146 1
2226 203 1
7488 9800 2
223 8854 2
1213 1283 1
2867 1142 2
4373 6152 1
9931 6226 1
9424 9287 1
6041 9061 2
6041 1686 1
3490 2572 1
767 6845 2
1697 9195 2
9319 696 2
2866 5320 2
4360 6616 1
9576 126 2
7725 4546 1
6279 2108 2
5991 4734 2
8986 3300 2
3577 8729 1
3054 1500 1
5066 3012 2
2453 6656 1
3158 9906 2
4245 4958 2
6750 3102 2
2599 4216 2
9987 6931 1
920 9318 2
1231 738 2
1434 225 1
7292 4079 1
4452 5625 2
7562 2916 1
7886 3393 1
5758 4781 2
8183 5853 2
2141 619 1
7295 6107 1
6133 7201 1
5405 5127 1
7493 5914 1
6585 3429 1
4784 9777 2
5267 2587 1
8815 3063 2
8859 1812 1
7707 4928 1
1478 9486 1
3943 2950 1
96 9853 2
5508 1077 2
4132 4886 1
4026 2989 2
1814 2165 1
4966 3988 2
1482 2119 2
7430 7697 1
5225 3344 1
6767 226 1
8435 2087 1
4024 6983 2
8040 213 2
8540 4980 2
4286 2410 1
6012 9203 1
9327 3304 1
2555 7984 2
4679 8086 1
9232 3131 1
2042 5806 2
583 4394 1
1724 1119 1
4304 5684 1
9399 7275 2
6959 5927 2
1785 9242 1
9722 8226 2
9491 8198 2
8302 5820 2
9371 4557 2
2395 9355 1
8682 9394 1
4739 3374 2
3103 1309 2
7119 8580 2
459 3382 2
954 9955 2
8883 2237 2
5060 7794 2
3153 6341 2
4944 5534 1
7971 7077 1
3174 1209 2
4763 1798 2
4978 7430 2
2045 3256 2
2915 4111 1
7556 7964 2
5565 2015 1
2285 8011 2
6247 6584 2
3994 62 1
4318 2767 2
400 8611 1
304 4539 1
6585 431 2
5938 1673 1
4723 4743 1
4331 8491 1
7056 5957 2
8486 2068 1
8884 8313 1
9492 1694 1
2522 2565 1
8328 1716 2
8895 7072 2
4345 6168 1
6149 2420 2
2419 5358 2
2242 7009 2
5638 8607 1
8814 4680 2
5622 4008 1
7737 528 1
4217 4472 2
3410 2068 1
6796 4981 2
9857 9282 1
8735 2104 2
8350 2670 1
8596 1548 1
6807 1789 2
4852 803 1
4254 9259 1
3402 2273 1
3257 9365 2
5397 6687 2
1473 9696 2
7291 6873 2
7795 5904 2
8961 848 2
1330 5009 1
5779 8377 1
3395 706 2
3154 6141 2
7471 6517 2
7473 3079 2
3796 1025 2
2888 6361 2
597 7232 1
3073 279 2
4086 9265 2
9726 1290 1
3504 8087 2
1905 6878 2
2499 8744 1
7441 2708 2
79 8462 1
9420 9073 2
6186 6234 2
3167 381 1
7277 7964 1
208 1765 1
9335 8268 2
9573 2778 1
8648 6869 2
8954 7328 1
9959 2884 1
6751 2368 1
4045 5997 1
5960 8694 1
9400 5686 1
3883 7411 2
905 4603 1
9205 6988 1
470 8632 2
1334 1033 1
8041 6162 2
3728 535 2
9470 9327 2
3196 4487 1
5881 7720 2
2821 2412 1
894 1214 2
4602 8129 1
807 1171 1
8768 6641 1
8082 9053 1
447 1021 1
4496 2838 2
3472 1402 1
9816 1822 1
7141 1392 1
7441 3159 1
3281 2092 2
9131 9432 1
76 5406 1
6695 7836 2
8608 9868 1
6442 640 1
6479 6718 2
6671 7256 2
4874 7472 1
1458 2266 1
3947 8883 2
3669 785 1
1964 843 2
6254 3787 1
8606 3458 2
7735 2556 1
5444 4420 1
5757 9913 2
1637 1873 1
6914 62 1
429 7951 1
6108 3913 2
6668 6149 2
5971 8300 1
3157 8337 2
2374 9134 1
2833 1987 2
9287 7147 1
2314 6992 1
4075 2336 1
368 2912 2
8187 7712 2
7687 2095 1
565 3217 2
8967 5536 1
6651 8464 2
5003 6853 1
1171 3625 2
4995 4041 1
5493 8111 1
5634 5734 2
4993 4730 1
2624 6127 2
9654 3012 1
7080 5304 2
8364 3211 2
9675 8360 2
7723 9395 1
9532 4430 2
6833 9521 1
2259 7433 2
4737 9568 1
5002 7887 2
1262 8640 2
8994 7735 2
5140 4834 2
3695 3279 2
9824 9885 1
1736 5622 2
8915 6429 2
3128 9667 2
6738 5502 1
2800 3532 2
5801 3109 1
3810 8048 1
3699 6664 2
439 9870 2
9076 5473 2
4811 1435 2
1264 494 1
9244 4241 1
3457 628 1
3182 7050 2
1668 1864 1
4825 7001 1
5708 8228 2
1449 6193 1
1582 9304 2
5694 1612 2
7300 2487 1
7226 6597 2
4619 8454 2
5542 4350 1
7508 288 1
6764 4443 1
3334 7988 2
5902 1509 1
2154 5381 2
942 9273 2
1486 8793 1
1796 4566 2
5283 6123 1
524 3491 1
2255 5770 1
9765 8422 1
1692 9927 2
8163 4749 1
9207 6443 2
8077 5561 2
8898 4126 1
2511 5871 1
7138 4737 1
3610 6549 2
4401 6182 2
9727 4235 2
189 9730 2
9720 4271 1
5927 738 2
2431 5831 2
5638 6066 2
6949 1980 1
5025 455 1
428 5673 2
9625 39 2
669 2464 1
8252 6780 2
4340 6549 1
1939 3029 1
2255 7025 2
4549 3941 2
1826 3136 2
6689 2530 2
2309 8387 1
4937 9911 1
7476 3375 2
433 2834 2
6367 3853 1
660 7159 1
1784 4280 2
6383 1595 2
6871 8562 1
9380 7977 1
6857 1871 2
265 6705 1
2621 8247 1
2167 3732 2
7958 217 2
3499 9258 2
5164 5155 1
2663 604 2
6474 267 2
6034 6521 1
4321 9449 2
6724 8101 1
68 5738 2
6700 1862 1
1466 2943 1
6538 7094 1
8384 5212 2
1556 2660 2
4932 9017 2
7109 2978 1
1787 9684 1
1066 1288 2
7595 4717 1
6675 5824 2
3810 4233 2
5944 5288 1
5613 128 1
4065 6275 1
3154 8495 1
9149 7848 1
5207 7751 1
9740 6977 1
3400 4204 2
6309 6478 1
5637 438 2
9153 4016 1
1025 7059 1
1006 9902 1
2548 9379 2
4525 5811 2
2890 8011 2
5475 7886 1
8611 163 2
9596 96 1
4993 5432 2
1412 914 2
7580 395 1
1484 8188 2
65 5327 1
203 2799 2
7663 9935 2
2730 8156 1
9881 5606 2
7671 5131 2
9159 4613 1
7555 7317 1
9828 8608 2
1076 5386 1
1889 3953 1
1348 9500 1
5905 4116 1
7567 3186 1
3515 9193 1
7769 2358 1
8412 1174 2
8838 4808 1
6434 5138 1
4064 8744 1
4673 1291 1
6581 3567 2
7602 1681 1
8471 4183 2
9631 8776 2
1322 4271 1
6153 1658 2
2809 6376 1
3298 9507 2
7121 3594 1
147 3619 1
6403 3248 1
8215 8624 2
3287 3031 2
4398 1489 1
6516 660 1
7564 5348 1
6073 5915 1
9031 5065 1
1032 6952 1
2108 5412 2
4693 8090 1
3226 1903 1
5627 2227 1
2021 501 2
9255 5145 1
7621 9609 1
6747 6792 2
9668 1725 1
3548 2878 2
4804 2123 1
9941 8462 2
6967 1040 1
6866 6382 1
485 2444 1
8086 5144 1
4217 7187 2
8485 5213 2
3428 1695 1
1450 6221 2
2985 3643 1
3955 6288 2
1215 5417 2
4272 3040 2
7683 4398 2
3767 9581 1
8467 9745 1
3667 5432 2
2435 8623 2
6480 3240 2
1244 6922 1
3633 6120 1
5496 2037 1
2571 9878 2
9128 9417 2
631 1846 1
78 6228 1
372 3678 1
8435 101 2
7410 7223 2
8578 9585 1
8184 7026 2
9771 8193 1
398 2833 1
9057 6082 2
1988 9657 2
9020 6275 2
6202 7703 1
5208 3274 1
1638 552 1
7157 2288 2
7393 6511 1
325 4800 2
5194 355 1
7936 6460 2
577 9854 2
2691 4744 2
8845 2895 1
8636 9117 1
2087 5529 1
5248 7127 1
4221 2162 1
7206 2264 1
960 6149 2
1754 7939 1
5110 5104 1
4875 609 1
888 9895 1
9804 4831 1
7557 9663 1
4662 7310 1
1214 4083 2
181 98 1
6904 259 1
5927 8068 1
7677 9152 2
7617 7136 1
2491 8690 1
4489 6968 2
4259 3042 1
1772 9727 2
5931 4496 1
8202 6254 1
7725 4158 1
6037 3730 1
6118 5794 2
4406 1580 1
7591 8712 2
3304 4080 1
9848 8606 1
1675 4342 1
1088 4423 2
4354 4333 1
4398 1049 1
6229 1507 2
3251 6558 2
48 126 1
4726 6823 2
5426 1990 1
9054 1812 1
9231 7880 2
4732 3853 1
607 9989 1
9726 1564 2
4461 160 2
2077 2529 1
2872 132 2
9824 7101 1
4661 1468 1
886 4247 1
6459 6617 2
2913 9114 2
3125 9792 2
6773 7125 1
9924 1225 1
9645 7081 2
6635 1537 2
1735 463 1
2353 5257 2
3187 5520 2
5810 3428 2
279 7947 2
2302 7181 1
4126 4258 1
4329 1935 2
2340 9293 1
1594 8347 1
8028 9925 2
6156 4598 2
171 714 2
3759 7832 1
1386 1006 1
471 974 2
8279 7016 2
4924 1912 2
2500 5618 2
2681 6156 1
6647 4124 1
1806 3697 2
1033 7542 2
926 149 1
3031 9753 1
3457 584 2
836 9183 1
7827 6286 1
9877 71 1
6947 6609 2
9715 5026 1
7365 989 2
7117 9529 1
5953 5891 2
7491 2996 1
7026 9958 2
6508 6420 1
7655 9472 1
7649 458 1
4453 590 2
6480 9757 1
2131 2288 2
9161 5833 1
9164 3306 2
5540 2139 2
8433 6582 1
3706 9670 1
2277 336 1
5208 4672 2
4943 6968 2
5231 4085 2
619 1588 2
102 9331 2
4169 4875 2
1798 7117 2
3805 8251 2
5085 9273 2
3613 8771 1
1820 1682 1
8374 5322 2
761 9510 1
2168 295 2
8494 9160 2
4901 1574 1
5272 6575 2
6822 4121 1
9032 8406 1
1302 1237 2
6358 1898 2
4549 9153 1
7209 7007 1
7222 154 1
704 1627 2
2353 594 1
9116 5322 2
530 8572 1
9891 8840 1
1128 4610 1
9055 1642 1
4071 992 2
5213 5765 2
8662 8694 2
6959 8485 2
5282 4201 1
6778 2536 1
5113 3282 2
1017 3809 1
5040 9133 1
1240 4677 2
1262 860 1
1289 9425 2
3854 3954 1
9939 2930 1
97 2921 1
3822 7371 2
2586 1500 2
6248 3475 1
7776 1837 1
867 4100 1
6575 3440 1
6164 9661 1
9319 6702 2
6438 5249 2
7100 9876 2
1285 9606 1
1748 8785 1
6932 6199 2
8908 3419 2
3239 419 1
276 7899 1
7561 4699 2
6046 8460 2
7496 4424 1
7427 6016 2
5940 770 1
3006 6859 2
7523 2138 2
6350 2534 2
880 337 2
3128 1005 1
8648 671 1
5028 4482 1
2027 9629 2
7515 1208 1
657 4011 2
7135 8776 1
1682 5355 2
5683 2079 2
5693 9588 1
3759 1966 1
1826 4848 2
6797 9929 2
4744 9150 1
7135 7369 1
2488 928 2
3062 9434 1
7615 8670 2
6796 6525 1
7088 4786 1
5948 999 1
7152 4026 1
900 9152 2
9081 4250 1
1194 9798 1
3895 5655 1
6324 3895 2
3998 636 2
9566 7226 1
2850 9769 2
7720 9783 1
4909 7535 2
3974 2666 2
9484 1013 1
7678 6660 1
6258 3910 1
8765 9914 1
3956 4657 1
6115 1668 2
4636 8376 2
3650 4031 2
6119 9217 1
8035 7356 2
9686 2552 1
6225 9311 2
9521 3579 1
9675 8432 2
2847 3116 1
4662 2397 1
3455 2035 2
3369 7302 2
9122 7562 1
9920 6272 2
7214 6255 1
1898 179 2
9053 2901 1
8379 1644 2
8284 83 1
2395 6236 2
109 4195 1
3812 8118 1
3525 9220 2
839 245 1
8926 2345 2
2632 5108 1
6406 5960 1
1902 6452 1
1087 604 1
5844 6649 2
4653 3396 1
3467 4493 2
907 4546 1
8902 4188 2
7222 2828 1
9052 5447 1
2288 6142 2
9801 3361 1
8334 8597 1
2541 3173 2
107 2070 1
3899 2781 2
1715 2005 1
8060 8908 2
7416 1166 1
9610 7462 1
7281 3584 1
8709 3043 2
4614 3469 1
7585 160 2
7669 44 1
7590 5149 2
7040 2359 2
3711 3663 2
5885 1037 1
7179 3376 2
8821 801 1
576 2090 1
9221 8633 2
8403 4624 2
8960 48 1
1360 2374 1
986 660 2
680 4291 2
1326 6296 1
846 8406 1
106 8820 1
1658 4158 2
8942 8208 1
1126 1281 1
5153 5405 2
5235 5990 1
1612 44 1
469 6363 2
7212 4820 1
8851 1759 1
2868 5680 1
7544 7465 2
4105 7631 2
7637 9071 2
8580 5619 2
5708 5040 1
8212 8386 1
3894 6571 1
9529 7336 1
9855 6406 1
538 259 2
3589 6056 2
8704 7910 2
8252 126 2
1945 8278 1
1276 8874 2
5142 4176 1
3057 1135 1
7757 1089 2
1563 5719 1
6407 3516 1
1676 29 2
2067 8680 2
7996 5891 1
865 2848 1
9432 7085 1
4857 5777 1
8159 6773 1
7058 3343 2
9716 7093 1
890 8672 2
8591 4399 1
8053 3119 2
6460 9753 1
3062 458 2
8250 8537 2
9751 4501 1
460 9582 2
4039 4693 1
6124 2391 2
3783 6294 1
9763 361 2
1180 6950 1
7411 637 1
8240 3735 2
9645 1375 2
3953 673 1
2331 4576 2
8161 9661 2
2871 5445 1
3428 8555 2
8594 2743 1
3557 45 2
2686 1857 2
7729 3610 1
1972 709 1
7738 9324 1
5952 6711 2
2885 1522 1
8015 864 1
3693 4623 2
1800 1100 1
7454 5049 2
7824 5581 1
6218 3691 1
5892 2102 2
7528 9027 2
7411 6656 2
4176 2004 1
482 3880 1
2032 2326 2
5158 2399 2
6026 5569 1
685 4617 1
1811 9062 2
2390 6111 2
2566 1670 1
6452 4813 1
1231 7336 1
1855 9604 2
7569 1559 1
8386 3097 1
3936 4674 2
590 3860 1
1432 1259 1
486 6370 1
8532 7913 1
8673 3188 1
3671 9525 1
3724 1054 2
5127 1392 2
7365 760 1
4733 8172 1
9777 7729 1
9446 1583 1
4086 2471 2
1845 4707 2
9874 5727 2
9727 5225 1
6962 8836 1
1693 4049 2
7468 2880 2
5773 7491 2
6438 3028 1
4994 3913 1
4332 8806 2
8544 2706 1
8142 9678 2
5584 3841 2
4815 232 2
466 1629 1
6039 1285 1
7222 3327 2
4018 7657 1
7202 998 1
4175 286 1
7983 5558 1
1427 4576 2
2252 2132 1
8675 2752 1
4970 5388 2
9629 529 2
2717 4348 1
9072 7934 1
1970 3718 1
7023 7170 1
4883 9650 1
8914 2894 2
7332 9257 1
7572 9542 1
5514 4795 2
9254 8308 2
7183 346 2
2651 8612 1
8720 4925 2
474 4055 1
6031 5342 2
8048 6432 2
8289 1372 1
8347 4249 2
7168 6794 1
9087 6831 1
2762 1854 1
1013 2306 1
4384 2787 1
4935 4903 2
8440 6311 1
7814 85 2
204 8446 2
5636 427 2
1817 3181 1
7354 8905 2
7473 2575 1
2867 4738 2
185 2260 2
5471 4832 1
2987 2653 1
3697 1504 1
3638 9234 2
1058 946 1
2361 3500 1
7868 8362 2
6987 9499 1
6031 6066 2
1158 8848 1
3535 1638 1
5735 4132 2
5940 566 1
720 5648 2
6696 3479 2
9079 1875 2
8173 3666 2
4820 4768 2
2485 1540 1
3671 6428 1
5928 2557 2
5055 1316 1
7553 6945 1
5764 5829 2
3281 1370 1
7038 4835 2
3627 3747 1
1595 4499 1
9990 6974 1
5661 7920 1
9935 3488 1
9418 1273 1
6724 8848 1
4458 7089 1
5353 6523 2
4381 8254 1
1207 995 1
2995 9820 1
2184 9051 1
6993 6999 1
2189 7181 2
1570 6052 1
6568 9764 2
7172 6408 2
2626 6290 2
2759 6319 2
2358 4283 2
1602 8551 2
7236 6168 1
7390 2658 2
1791 6406 1
7432 4552 2
5631 4180 1
3987 6034 2
5072 3128 2
4804 3936 1
5633 6283 2
1572 6484 2
854 5416 1
8626 9445 1
9591 9137 1
2015 2669 1
3807 3770 1
9295 2508 2
7693 2828 2
8254 290 1
8214 196 1
5049 4088 2
8849 5729 1
4833 9768 1
1882 9673 2
5660 7249 1
5103 3156 2
4260 6052 1
4422 7184 2
1237 3113 2
2085 6507 2
3123 4555 2
7033 9324 2
1666 3288 1
4288 8923 2
4684 5650 2
1262 277 1
4863 2448 2
796 7497 2
8956 3182 2
8532 653 1
9993 3224 2
759 3113 2
8256 9731 2
5815 3434 1
2014 1701 1
6189 2753 1
7205 2920 1
2004 114 1
2106 5035 1
5756 2166 2
8391 7488 2
6696 457 1
3802 8431 1
5760 4636 1
8197 8978 2
6896 9284 1
7196 4887 1
2823 9465 1
3002 7458 2
8409 3208 2
3212 9736 1
1006 9218 2
804 9364 2
4209 8411 1
1351 7413 2
4241 1211 1
2688 8254 2
1795 7680 2
2043 1750 2
2078 8634 2
5514 4502 2
9901 4782 1
1220 7229 2
4545 9220 2
8209 351 2
2189 3913 1
6751 5714 2
3448 7598 2
2160 4751 1
1454 8311 2
8442 6567 2
1727 1916 2
6357 7932 2
4751 8379 2
193 4483 1
3428 8244 2
4797 2697 2
4620 4508 1
6977 379 1
2036 5067 1
5765 956 1
5073 3422 1
7672 9939 2
8875 9141 1
2298 6842 1
9677 5766 2
385 8880 1
6247 6952 1
7752 4344 2
9820 2009 2
5500 6408 2
228 8665 1
4877 1147 2
5419 4333 2
3603 5567 1
6912 972 1
5351 744 2
9623 9973 2
3621 1819 1
9176 3512 2
8257 2756 2
9006 3464 2
894 2528 2
8088 7680 2
4520 1236 2
1515 3274 1
4908 52 2
7342 6329 1
2507 7964 1
5996 161 2
6171 1483 1
7382 1961 1
7877 19 1
4831 3280 2
3384 1147 2
5534 1973 2
1941 5997 2
8943 6590 2
1473 7272 2
3266 7474 1
9526 3375 1
9035 191 2
913 9047 1
6080 5445 2
9126 6829 2
734 9048 1
9304 3950 1
3413 8690 1
8753 9134 1
9255 7198 1
1696 7218 1
8157 2110 2
8166 6949 2
2210 4807 1
6008 8359 1
4230 5424 2
6864 3081 1
2380 3159 1
9836 5826 1
5900 9883 2
1085 6877 1
7890 2563 2
5578 2345 2
6269 6885 2
9899 4952 1
6257 2784 2
1214 1824 2
2917 5427 2
7076 8765 2
4742 2003 2
5605 6253 2
3410 8905 2
4344 3234 2
1470 2914 1
8284 180 1
2145 8829 2
947 1724 2
998 368 2
7841 5962 1
7646 1460 2
9025 1329 1
3820 4276 2
1472 4630 1
2103 1042 1
640 2372 2
4987 9154 1
7143 8586 1
1432 1549 2
5645 3467 2
2738 3088 2
7025 6333 2
655 5914 2
9381 9291 1
524 3409 2
7566 6323 2
1176 1806 1
3077 5625 1
6616 5068 1
7256 8402 2
3538 1741 1
8921 4474 1
3825 1029 2
3054 3583 1
5991 4941 1
5568 259 2
4230 6049 1
7388 4557 1
7590 8451 2
6005 4665 1
2211 6758 2
5999 5220 2
9068 723 1
262 6833 2
5749 5911 2
1957 9734 1
6550 1107 1
1632 8831 1
7193 4507 1
4810 8314 1
6224 7848 2
1855 4154 1
2972 4838 1
8860 6693 1
1287 3494 2
3234 406 1
2860 7565 2
7063 6011 1
5161 1412 1
1556 2695 2
5220 8790 1
7896 9601 2
339 8836 2
3411 9732 2
3106 9300 1
2892 573 1
6913 4366 1
8348 3296 1
3780 7214 1
1889 4980 2
2545 3397 2
2172 6114 2
3077 8536 1
9363 7018 1
3792 2527 2
9679 9789 2
4708 1959 1
6783 3892 1
3258 5105 1
292 648 2
6220 1329 1
6979 9608 2
8332 7519 1
1878 982 2
8572 9529 2
283 6298 2
4516 7199 1
899 7821 1
2032 2038 1
116 831 1
9407 7142 2
5128 2483 1
5429 4012 2
2412 2270 2
4361 3241 2
2482 8027 1
344 6736 1
9903 233 1
8096 1404 1
5486 8315 1
5398 1672 1
2475 6887 2
9025 8789 1
7544 5624 2
9052 5111 2
8171 7933 1
904 6520 2
2526 7111 1
551 8180 1
3326 1871 2
4243 6044 2
1309 7069 1
8741 7651 2
3985 3378 1
9854 5796 1
1058 3327 1
9025 2874 2
6799 28 2
1639 566 1
3658 5170 2
1434 2972 2
4615 8913 2
1850 7654 2
6305 6843 1
1659 7280 2
9654 1511 2
6773 1514 1
7206 7583 2
8851 5306 2
8295 9426 1
9780 119 2
5588 6931 1
6525 8495 2
2857 5688 1
9829 2593 2
617 5483 2
3528 324 1
7369 3677 2
293 79 1
6594 6862 2
4512 782 1
7602 9526 1
7168 5716 2
5772 800 2
2018 211 2
7507 8857 2
500 2997 2
6451 6293 2
5771 5367 2
889 299 1
7694 7945 1
3701 6068 1
2456 3423 1
5887 4016 1
1082 9843 2
2256 5632 2
2470 9008 1
4580 7341 1
9765 7224 1
3663 9072 2
4210 9248 2
4596 1320 1
8717 2479 1
5551 7495 2
2426 7666 2
7261 133 1
9055 3963 1
8047 7228 2
5113 4573 1
27 6538 1
9111 6914 2
8203 6386 1
3518 5413 1
9995 75 1
3155 5192 1
5807 175 2
1748 7792 1
6955 8893 2
9472 7444 1
7801 6392 2
3258 6289 1
9607 8967 1
3738 649 2
9286 7907 2
5148 1279 1
3340 4331 1
8079 5564 2
259 2371 2
4726 2878 2
8152 4000 2
4395 5220 1
1084 7102 2
5895 3523 2
2263 5531 2
5195 4772 1
2352 7145 1
9675 7459 2
8566 8015 2
2222 7378 2
6714 1097 1
2207 7844 1
98 9988 1
2831 7138 2
2936 5155 1
2992 9017 2
7737 5565 1
1899 6666 2
4215 9036 2
6075 5753 1
7496 5631 1
1920 5407 1
2340 5065 1
5694 8664 2
6122 6111 2
8059 7174 1
6572 2814 2
6692 4060 1
4734 5172 2
1992 483 2
587 6434 1
8731 9304 1
6576 7696 1
7029 9404 1
2447 9849 2
3857 5939 1
6622 9498 2
4495 6070 1
9317 3431 2
1954 3425 2
9572 4695 2
9218 4053 2
266 5939 2
7034 3463 2
9887 3563 2
2123 8575 2
2555 8833 2
2792 3802 2
7244 2699 1
6376 9321 1
7909 4037 1
2328 3280 1
4009 8893 2
5958 7944 2
3460 6006 2
2407 2973 1
5586 9397 1
4097 4224 1
9910 8199 2
1266 9014 1
7813 4553 1
7975 103 1
200 8190 2
6422 2528 1
6766 9021 1
7045 2961 2
999 8513 1
1760 3968 2
5034 2407 2
6471 3317 1
368 9059 2
285 1068 2
2774 5803 1
218 822 2
3887 4186 1
5610 999 1
7808 3823 2
3900 1017 1
1971 9835 1
8661 6408 2
5124 5703 1
1066 7413 2
4295 3596 1
4313 8868 2
5072 5672 1
5201 7325 1
2137 9888 1
9732 4814 1
1776 5816 2
4236 8007 1
7318 7181 1
1364 5212 1
113 8188 1
2955 3495 2
9690 7272 2
6101 3412 1
8272 4344 2
8553 9908 2
1940 1654 1
6947 3898 2
3435 7633 2
2420 6401 2
3967 5820 2
333 1843 1
6910 3085 2
4872 9811 2
5145 5151 2
6527 7157 2
4231 3680 2
6867 7537 1
3711 5443 1
7494 2691 1
369 3488 2
1121 4926 1
2142 3823 1
5103 9844 1
7708 4321 1
3072 4959 2
2211 2231 2
8823 4700 2
4866 7400 2
8141 7963 2
9962 1296 2
7100 7968 2
466 6939 1
8196 949 2
5074 1758 2
3209 4390 1
2920 1743 1
9842 1683 2
6646 3992 2
8124 5489 2
7329 7352 2
1670 8778 1
6020 5825 2
8707 8520 1
491 6283 1
3739 5534 1
1097 3376 1
8889 5727 1
6274 7150 2
4302 1029 1
3953 5384 2
413 9163 1
4675 3445 1
6813 5252 1
5691 448 1
1098 9106 1
6236 9014 2
7653 7151 1
4658 2315 1
4559 5719 2
3897 5941 2
7346 8604 2
3716 6463 2
3752 3217 2
296 1560 2
4946 1888 2
7038 9553 2
5986 2500 1
6756 8467 1
913 8015 1
3389 2503 2
9674 7750 1
9116 1611 1
6445 800 1
5581 9220 1
5389 8506 2
3229 6278 1
5058 4981 1
9373 3278 2
7832 503 2
1618 1257 1
3518 7158 2
8616 3610 1
6120 9568 1
6554 4168 2
5246 3430 1
6284 5853 2
4283 6924 1
6242 8840 2
2190 8411 2
3702 508 2
8476 1584 2
1014 3695 1
9548 1754 1
9731 1500 2
5002 8431 1
6867 1089 2
228 9816 1
3007 2306 1
9520 8000 2
7926 8244 2
1860 3769 1
1048 1971 2
5949 6023 1
6685 1036 1
745 3154 1
4652 7571 1
1692 9065 1
4308 6303 2
5103 2970 1
694 3465 1
4508 1163 2
5320 6177 2
2996 2388 2
9108 5865 2
8729 9682 1
5831 8168 2
8740 2182 1
2866 9352 1
6672 8468 1
5948 3208 1
7917 8309 1
6447 5290 2
7822 9813 1
3943 3126 2
1963 1893 1
4070 1798 1
9232 5530 1
4450 7448 1
460 636 2
3685 7327 1
3395 9160 1
8620 6418 2
2557 5247 2
6169 8508 1
7332 6005 2
9506 6170 1
202 7106 2
4015 3744 2
1969 6980 1
543 2772 1
3857 7772 1
5924 6481 2
3093 8908 1
8098 1190 2
750 8671 1
8164 4709 2
7055 1713 2
8280 2820 1
3439 6851 2
9294 4639 1
9882 9977 1
9132 8596 1
9312 4107 1
5645 165 1
9845 7623 1
6845 10 1
5503 8557 2
5615 9868 2
8860 3250 1
5159 4923 2
2937 1518 2
8353 6650 1
5211 2222 2
3752 2813 2
6026 1346 1
847 3906 1
4673 4080 1
6396 8309 1
8128 911 2
6936 7466 1
3082 2973 1
8336 2055 1
6727 1978 1
4903 39 1
9811 43 1
4482 7416 1
9421 7176 2
6266 1278 1
7577 3853 2
686 4318 2
655 9533 2
1022 7107 1
3497 2602 1
2849 9277 2
1497 7071 2
2160 2061 1
7729 7430 2
3352 2923 2
4073 8418 1
7852 480 2
8684 1159 2
1841 716 1
9579 8285 1
9665 9745 1
552 3088 2
1304 8902 2
8813 259 2
6298 4549 1
5363 7144 2
7467 3949 2
2395 9769 2
8549 6672 1
2872 7443 1
4630 1958 2
7395 2070 2
1231 1753 1
6166 3350 2
6790 1991 1
9794 1725 1
1397 1651 1
6569 7382 2
7225 9957 2
5748 6324 2
6355 1541 2
8814 7641 1
9514 5955 1
6438 6047 1
8536 8210 1
2050 4883 1
5785 1625 1
2519 9972 1
1903 5425 2
9778 3097 1
9328 1306 2
6914 200 2
2070 4069 1
9323 7824 1
1262 1739 2
5572 6576 1
4250 5493 2
1402 4157 2
6175 5905 1
3659 6848 2
8312 6996 1
2316 4486 2
4289 6499 2
6948 8350 2
412 8360 2
398 9647 2
8143 1891 1
3467 3103 2
6932 2278 2
5085 5932 1
7897 1544 2
4750 1319 1
1230 1747 2
999 9317 2
9529 8487 2
361 8237 1
9717 2949 2
5751 6924 2
7630 7620 1
3514 515 2
3446 1887 1
9740 1320 2
8564 7732 1
8493 1153 2
4144 903 2
2066 5692 1
2440 2077 2
5120 3946 2
3199 7234 2
5333 159 2
5608 3043 2
2752 1332 2
6159 148 2
4948 6150 2
3232 8316 2
3065 5156 2
3422 4500 1
6523 6036 2
8990 7292 1
6745 6126 1
8185 7414 2
3399 9215 1
8174 5545 1
4733 7096 1
9933 2991 2
3381 6333 1
4413 3863 1
2369 6695 1
5255 7972 2
3202 8898 1
904 9292 1
354 9456 1
5891 2329 2
6731 9699 2
4317 7772 2
9998 135 2
1343 9541 1
1038 7350 1
2376 8028 1
546 5554 2
2664 9500 2
4822 9710 1
2022 5826 2
8938 2837 1
3467 5426 2
2802 6162 2
4709 5730 1
276 4998 2
2565 974 1
1341 7622 2
3105 7554 1
1036 4346 2
6627 6963 1
9894 5951 2
120 8087 2
8112 5606 1
4609 3079 1
9064 6563 1
8357 964 2
7533 8926 1
5838 6960 2
3250 7878 2
7799 4224 1
8303 1241 2
5413 4513 2
2160 8508 1
7291 7840 2
5172 4825 1
4580 2704 2
1663 476 2
2125 5768 1
4472 4742 1
9159 6131 2
9916 635 1
9098 9454 2
537 5667 2
2717 4573 1
3268 156 2
7039 8838 2
6804 6342 1
8945 5972 1
8452 4470 1
490 5013 2
7685 2132 2
4530 3805 1
377 5020 1
2295 5649 2
745 2849 1
5451 1309 2
9809 5910 2
9603 5695 1
7423 1027 1
7946 313 1
1655 7062 2
6828 3938 1
4977 8815 1
7755 2038 1
5513 8706 2
7118 6258 1
2287 5193 1
3757 5897 1
4005 9296 2
6694 6689 1
2804 9143 1
3947 3607 1
9799 2468 2
1218 7767 2
5453 2014 1
643 6276 1
5163 3315 2
5822 5590 1
1736 2067 2
6306 9015 2
2448 8178 1
8599 8357 1
2146 714 1
8533 3396 2
5074 7847 1
8331 2649 2
407 3145 1
5049 9967 2
6702 2837 2
9974 5190 2
9797 324 2
1850 7599 2
5521 995 1
4341 5665 1
1257 5042 1
6935 40 2
7048 805 2
7814 2160 2
5999 4262 1
8779 2398 1
3280 352 1
645 4856 1
5524 2518 1
1476 4839 2
326 9930 2
815 5724 2
4950 9734 1
6111 6025 1
6680 8007 2
8722 3988 2
1602 9676 1
9993 9063 2
8337 3595 1
1337 6034 2
8148 9341 2
4286 9992 1
9696 5502 2
9668 5102 1
9898 7054 2
2380 6751 2
3504 3602 1
7453 8906 2
3729 2083 2
5328 9858 1
8272 7133 1
4995 6685 2
7093 4018 2
1767 7894 2
3035 9397 2
6899 7564 1
3699 2895 1
2430 7344 1
7008 6222 1
9880 3771 1
7626 9297 1
6178 6757 1
9947 6637 1
5441 3983 1
3476 1755 2
5839 2746 1
1033 6999 2
6986 1262 1
8481 9635 1
2532 484 2
39 5490 1
3281 988 2
652 4685 2
5132 2072 2
7042 402 2
6690 8335 1
6322 7119 2
3381 7787 2
8391 9883 2
5866 2699 1
3905 6606 2
43 7058 1
1668 4981 2
9223 3382 2
934 1951 1
1853 8978 1
4932 3378 2
8116 4244 2
9533 2198 1
7718 2736 1
5253 2232 2
2513 587 1
7588 2905 1
197 3424 2
4293 1277 2
1608 7711 2
7303 1021 1
2709 8425 2
6047 8645 1
6184 7957 1
3604 8134 1
4644 3871 2
498 3525 2
5677 803 2
1768 4698 1
2030 870 2
7642 6531 2
1877 8750 2
6223 5806 1
6130 181 1
4468 8338 1
3676 8682 2
6423 8791 1
9307 4719 2
2524 5353 1
6783 1676 2
1324 4265 1
2504 1883 2
1393 492 1
8939 5130 1
1548 4266 1
6164 7580 1
1007 8816 2
7294 1784 1
1699 7871 2
1981 2136 1
2084 1594 2
8468 7532 1
5584 1516 2
5375 2965 2
1691 7120 2
8267 4698 2
2221 7191 2
3097 5782 1
8818 7462 1
4863 8535 1
5609 3029 1
486 6449 2
8134 7905 1
1741 6826 2
7985 9210 2
4820 9627 1
7861 5798 1
3506 8773 1
5649 5212 1
2720 1897 2
8522 7754 1
8316 3247 1
7 7040 1
455 432 2
8500 6179 2
8295 6988 2
3152 5227 1
6630 613 2
2335 8644 2
3377 1154 1
5368 833 1
3881 45 1
3367 5972 1
1253 9830 2
1277 5512 2
1983 6781 1
8571 2088 1
6211 8811 2
9515 6596 2
6323 7546 2
3639 4931 1
1637 9337 2
5824 8284 1
8307 8553 2
9192 9580 2
1466 5490 2
3032 2019 2
1420 2687 2
4315 454 2
5166 9693 2
2449 3951 2
5258 8512 2
2621 9528 2
510 1487 1
536 2228 1
5132 8963 2
6379 567 1
3528 5724 2
937 3448 1
5101 9772 1
1411 1958 2
232 4281 1
7441 8896 2
4491 6079 2
288 5804 1
2252 7820 2
4095 2289 1
6963 7971 1
5761 1212 2
5423 5578 2
9501 7263 1
3234 7563 2
5937 2621 2
8336 5207 2
5995 3024 1
6053 4030 1
3631 9908 2
3068 8392 2
3364 6633 2
184 1695 1
9174 436 2
6623 147 1
5382 5614 2
4905 7093 1
4821 372 1
7766 7068 1
4205 7045 2
2741 3427 1
4856 2855 2
7454 5720 2
4118 8515 2
9321 3151 1
9356 308 2
6213 6526 1
9088 1308 2
4642 270 1
5742 5024 2
7767 9680 2
6166 4983 2
9325 5030 2
1035 2670 2
3649 6325 2
277 9127 2
2454 9162 1
4000 9445 1
497 2706 1
4875 9937 2
859 4816 1
7594 8857 1
4227 5035 1
9525 2716 1
9177 973 2
7767 8079 1
5956 1909 1
1759 7067 2
6333 6726 2
7666 3116 1
7938 3206 2
8407 5827 1
7012 1120 2
3833 613 2
1657 2674 1
6937 523 2
9386 8335 1
1082 5952 1
8198 3711 1
5955 9686 1
3406 4842 2
7521 9393 1
4359 5457 2
2146 6330 1
8235 1317 2
7610 5245 2
9256 5630 2
9266 3403 2
8863 9797 1
3556 6489 2
966 8234 2
33 6639 2
8391 3375 1
8107 2555 2
8591 7690 1
571 8891 2
6016 9815 2
7948 7174 2
7215 3908 1
9246 6500 1
7446 9684 2
4740 4193 1
6003 7853 2
2422 2526 2
3816 2057 2
7456 2528 2
5593 2137 1
7697 1215 1
353 3773 2
5677 6264 2
9597 9421 1
2604 6060 2
1503 5859 1
2216 9535 1
7420 3023 2
9187 9162 1
8623 2514 1
6831 5001 2
6692 1571 1
100 2925 2
3901 9037 1
3421 75 1
9537 7775 2
8347 1835 1
5704 2554 1
2769 2410 1
3808 1143 1
8102 5928 2
1403 3183 1
9814 6155 1
3695 9920 1
3409 9210 2
2660 9951 2
1995 1155 1
8729 4241 1
1450 2422 1
3392 4656 1
2747 4456 2
1902 7628 1
1998 7057 2
1468 6215 2
8549 6382 2
8248 5448 2
2201 671 1
6629 6745 1
213 362 2
7830 4025 2
8153 1079 2
4983 4459 1
3144 257 2
852 7941 1
7450 7083 2
2256 6418 1
5611 1289 1
3936 4753 2
