100 100 43
81 90 2
16 40 1
52 44 1
40 61 1
25 81 1
41 42 1
87 96 2
32 45 2
49 25 1
63 56 1
69 1 2
41 61 2
85 39 2
57 26 1
25 8 2
99 49 2
94 20 1
73 81 2
3 67 2
83 51 2
94 82 2
39 54 2
64 47 1
70 32 1
54 56 1
70 15 1
33 77 2
22 53 2
18 1 1
9 29 1
14 61 1
47 59 2
12 77 1
30 79 1
26 61 1
54 71 1
88 37 2
58 1 1
77 97 1
29 90 1
84 70 1
73 33 1
32 47 1
64 4 1
60 29 2
33 26 2
20 28 2
28 32 1
6 23 1
79 60 2
74 56 2
66 5 1
26 2 1
56 9 1
74 93 2
63 50 1
14 5 1
85 89 1
83 68 2
9 74 2
62 43 2
90 46 2
65 1 2
32 51 2
20 8 1
45 48 1
41 46 2
46 18 2
36 49 2
95 92 2
48 19 1
10 44 1
92 12 1
97 7 1
71 86 2
35 53 1
68 12 2
83 56 2
91 92 1
93 4 2
18 35 2
19 5 2
77 10 2
66 13 1
7 51 2
50 57 2
94 4 2
25 96 2
7 96 2
57 60 1
83 7 1
61 75 2
7 3 1
40 36 2
81 2 1
46 91 1
61 5 1
9 57 2
49 72 1
14 93 2
