10000 5000 2723
3164 9014 2
5182 5348 1
6151 823 1
3295 6170 1
2505 1476 2
8089 3680 1
7635 7116 2
2932 2337 2
9189 6948 1
3421 8698 2
8807 9665 1
8821 861 1
2308 7009 2
4416 8976 2
2873 339 2
4343 2299 2
4603 3786 2
982 4798 1
8766 4654 2
7038 4424 2
3966 9034 2
2676 97 2
3690 943 1
3696 7585 2
1780 1360 1
6080 8022 1
7842 7076 1
498 435 1
1840 4808 1
7549 571 2
5276 8842 2
281 2762 1
89 3823 2
7922 8541 1
4397 9789 1
7801 7540 2
1074 8066 2
3203 4039 1
1912 5595 1
376 718 1
690 8478 1
5333 8008 1
8069 5425 1
9882 7541 1
1196 9872 2
5069 8636 1
6294 1083 1
9254 5750 1
198 1573 2
1185 5249 2
2546 1558 2
9439 1181 2
5413 6794 2
5493 2066 1
8382 6849 1
9179 6281 2
3503 7005 2
9870 7695 1
5006 8518 1
4398 1957 2
2007 2649 2
4849 722 2
5879 7157 1
9214 335 1
7043 9821 2
611 2506 2
8351 5881 1
224 7060 1
7240 3380 2
2474 3283 2
2603 4687 2
2793 8657 1
6379 7245 2
2425 8810 2
2799 7429 1
5757 9074 1
4961 3364 2
5079 4269 2
512 3256 2
5618 8389 1
47 9765 1
7929 2104 1
1364 4932 2
9068 4392 1
6890 9279 1
8386 9017 1
6783 6551 1
8338 2774 1
2694 158 2
4601 1020 1
4679 6061 1
6167 2780 1
3818 3407 1
8113 2510 1
3072 2116 1
4577 217 2
6266 7839 1
6769 3852 1
8367 7481 1
6372 9208 2
1403 3260 1
9582 2724 2
1434 7576 2
6534 6520 2
7889 6001 1
8171 6178 1
150 9103 2
7548 9668 2
6163 6572 2
5903 3107 1
2151 6154 1
6395 8234 2
3252 8843 2
7261 709 1
8162 9063 1
4103 8183 2
3291 2937 1
9740 9860 2
669 9442 2
2438 423 1
2635 6421 1
4721 6334 2
3196 1593 2
5901 905 2
6251 6571 2
6367 3198 2
6837 3385 1
2304 8200 2
9310 807 2
4781 6691 2
7820 8078 1
357 3826 2
3866 8712 1
3438 3274 1
2999 8246 2
7761 5284 2
1269 2474 1
2953 222 2
4282 4509 2
7096 8939 2
9890 3866 2
3491 2671 1
27 6289 1
6033 6739 1
3175 7525 1
8783 2743 1
8094 5758 2
3711 7691 2
2745 5928 2
3604 837 2
8328 3954 1
487 9902 2
5421 7217 1
8934 6613 1
7279 3578 1
1695 5114 2
1416 8699 1
4410 1988 2
7191 4578 1
6284 1436 2
3263 7924 2
5141 8784 1
134 7736 1
9971 769 2
7719 1162 2
8668 5765 2
7328 5912 2
9545 5109 2
8613 4184 2
2389 6128 2
3675 1840 1
1506 3191 1
7550 5389 2
6500 6079 2
6507 7629 1
9732 5042 2
8375 3413 2
9374 4222 2
1782 2315 2
9203 5844 1
9204 5132 2
9528 2986 1
9312 7384 2
1909 3594 1
3052 9777 2
7160 6417 1
4591 1760 2
7567 6768 1
7827 304 2
3697 735 2
5143 9201 1
5318 5637 1
8205 2998 1
7562 5361 1
1373 1303 1
4974 5492 2
8417 7024 2
3671 7749 1
5191 8928 1
6957 91 1
2402 3035 2
8365 9863 2
3289 6377 1
7704 4631 1
4183 6101 2
4738 2244 2
9833 1982 1
8260 2533 1
611 8793 2
5178 7449 2
3835 2285 2
8725 5058 2
4605 581 2
5593 8420 2
8645 2498 2
9713 1690 2
2040 5511 1
3335 8690 1
235 6475 1
6636 2284 1
122 4474 1
3222 2238 1
5683 2500 2
364 2163 1
1528 125 2
6860 8775 1
913 9627 2
5990 8557 1
7464 9036 2
1647 6921 2
2139 2317 1
399 9143 2
8493 2595 1
2083 3666 1
7701 1542 1
1419 1293 1
4413 6433 2
3309 7390 2
7220 6820 2
9376 686 2
3629 8306 2
1938 9834 1
302 211 2
2051 4693 2
114 5715 2
4856 4420 2
6407 7121 1
3017 5232 1
49 8609 1
5203 5768 1
1637 3627 1
9190 3052 2
8831 2394 2
3527 5283 1
2796 2269 2
6384 7510 1
1472 4457 2
748 8674 2
2290 9381 1
1867 3642 2
8891 5148 1
2148 6707 1
8539 9519 1
7278 9127 1
36 8193 1
85 8483 2
829 6457 2
5788 8712 2
5040 3075 2
9029 7677 2
572 5791 2
7386 6475 2
1827 1233 2
632 5024 1
3277 3615 1
9455 9213 2
2740 3574 1
3667 7800 1
1014 5174 2
7518 1691 1
3735 2257 1
7788 2371 2
3548 8176 2
7485 4529 1
9424 5614 2
438 9021 2
5011 5851 2
4432 4718 2
5654 9226 1
2872 6371 2
9264 9939 1
5981 3677 1
9964 3378 1
5366 98 1
6329 70 2
1577 8028 2
4808 6227 1
2581 264 1
3938 4288 1
4809 8872 2
448 6394 2
1466 8977 1
7409 5727 1
6577 5134 2
5671 8628 2
5243 2283 2
8474 544 1
4087 6346 2
4291 8126 2
6620 2258 2
5698 8687 1
2624 8795 2
1881 4822 1
5362 947 1
7391 1146 2
8129 76 2
7871 4823 2
6610 2475 1
8790 3341 1
942 8555 1
9320 8544 1
8049 1784 1
6939 4438 2
909 4005 2
2938 7324 1
5717 8342 2
1603 3362 2
3378 3094 2
1146 6858 1
2177 3363 2
3348 4253 2
9779 5405 2
5053 8918 2
988 9610 2
2530 9732 1
1317 3845 2
8056 5468 2
1227 9227 2
1603 4021 1
6109 4828 1
9071 6139 2
4593 9104 2
9083 3469 2
8943 6607 1
8105 8079 1
4485 1432 2
8976 9209 1
1745 5323 2
7546 3605 1
138 6191 2
1926 3013 2
8744 6093 1
6167 1722 2
9623 786 1
1363 9902 1
6745 1329 1
4676 3308 2
9361 2063 2
8811 7682 2
6104 1845 1
3512 1142 2
3275 2770 1
4083 926 2
715 5783 1
7911 7206 2
3980 5145 1
8689 3518 2
7350 9890 1
4597 8058 1
4503 7423 2
9178 6608 2
7776 1075 2
2681 2429 1
2147 3507 1
2609 4465 1
4460 3785 2
4646 7726 1
6821 3458 1
1070 9373 2
1999 8351 1
7075 857 1
1936 1896 1
9635 705 2
9856 5012 1
2275 6074 1
779 5106 1
4120 8955 2
5922 3235 1
1788 8048 1
1833 1869 1
9023 1400 2
2011 7770 1
3459 8711 2
1489 3591 2
5983 1524 2
6175 6645 2
3406 8188 2
5080 5308 2
6605 3613 1
7268 9763 1
2016 9548 2
7089 6889 1
2189 1600 1
2559 2063 2
2847 2548 1
7315 6444 2
1764 5625 2
6501 9656 1
7936 1073 1
1474 8305 2
6392 7894 2
7530 6505 2
4680 8321 2
9715 7141 2
9294 9171 1
8788 7552 2
6124 1231 1
6363 1846 1
1418 9950 2
7752 937 2
5649 1898 1
5855 7840 1
7633 4307 2
8890 1619 1
5036 7341 1
7493 7200 1
4249 1552 1
8736 4393 2
7890 3319 2
8625 7700 1
4438 6673 2
879 9210 1
4103 1811 1
2568 9112 1
7469 5717 1
7004 4433 1
3890 4512 1
4671 8937 2
8004 8246 2
459 6427 1
1303 6874 2
8748 4069 2
7488 7555 1
5986 7911 2
3994 2878 1
258 1688 1
7893 4921 1
758 7057 1
9410 3833 2
5272 6351 2
1656 7221 1
379 7557 2
7683 2328 2
306 1880 2
5327 8387 2
6759 2369 2
8993 7272 1
7382 591 1
799 2608 1
8591 8322 1
3059 4663 1
8983 7297 2
8748 4330 2
1351 7317 2
7660 7584 2
1996 4668 2
1611 9614 2
6597 9527 2
242 6353 2
6617 2492 2
5233 9065 1
30 7604 1
7019 9512 1
3731 8958 2
2421 6422 2
5159 9370 2
1914 7056 1
4335 2959 1
4873 7125 1
4452 2743 1
2341 3880 1
8914 109 2
36 7265 1
8587 486 1
9233 7148 1
6258 5589 1
8491 7960 1
9713 5268 2
99 4008 2
51 1842 1
6866 9958 2
4986 4608 1
4225 1323 1
1866 3251 2
4510 9513 1
6396 1717 2
8894 4353 1
2348 420 2
6533 7453 1
5196 8050 2
944 3527 1
2111 4435 2
364 6048 1
2254 6018 1
4540 3546 1
4887 5388 1
9238 6734 1
3225 2083 2
6998 631 2
6665 5292 1
3915 309 2
3871 9074 1
5925 6588 2
3306 1329 1
605 1170 2
2376 4923 2
7661 6644 2
7471 199 1
451 8961 2
5319 8205 1
3907 3038 2
7406 699 1
6242 9376 2
8578 3635 1
5996 6341 2
7098 6634 2
7006 8460 2
3182 107 2
2316 8808 1
9850 8226 1
845 1489 1
7247 2930 2
7866 2946 2
7970 4703 2
8339 8364 2
9132 4677 2
7033 9266 2
9944 7599 1
1797 2603 1
9879 64 1
5280 884 2
4095 5774 1
633 6875 2
6520 5393 2
7954 4133 1
7262 8089 2
5987 4440 2
8130 566 2
9606 5602 2
6953 1453 2
1209 688 2
9835 842 1
1487 1960 2
3493 3480 1
9343 1472 2
4248 875 1
2292 2212 1
4119 5094 1
9963 692 1
1693 5557 2
104 8979 1
2085 4037 1
3089 7033 1
7072 4791 1
1025 4306 2
3139 7105 2
3479 6109 1
8470 4652 1
5412 8047 1
7062 5767 1
8705 925 1
7251 4930 2
2182 4325 1
6099 9572 2
9364 1030 1
3885 7206 2
9485 1842 1
2351 6918 1
5926 6451 2
9513 4741 1
6796 5156 1
816 1849 1
1100 1172 2
1132 4220 2
8505 4135 1
4858 9083 1
2009 1524 2
746 9335 1
8377 7063 1
5154 2616 2
9477 353 1
4105 6037 1
480 4611 2
8605 9149 1
6770 3799 2
2046 6305 2
2357 1703 1
5792 3831 1
2888 2692 2
9933 6617 2
668 8960 2
7345 8324 1
3721 5012 2
8348 1210 1
1978 6283 2
6467 112 2
6140 4949 1
48 3504 1
4452 3845 1
8237 7416 1
4310 2308 1
781 4778 2
3918 7644 2
7556 2010 1
2171 4205 1
7545 9491 2
6447 6475 2
3739 6034 1
9041 4589 1
7817 6249 2
618 4928 1
2601 7006 2
5099 1715 1
4210 665 2
6646 537 2
8865 2554 1
4545 58 1
1336 8736 2
5607 4945 2
714 8883 1
7942 6591 2
3633 2507 2
4417 3623 1
185 1622 2
8351 3360 1
5922 982 2
4842 2486 1
8657 7905 1
4786 1626 1
2815 8575 2
5768 8605 1
5193 2576 1
5811 1753 2
8494 7347 1
9822 7944 2
437 736 2
8584 4843 1
4 1855 2
3986 4580 2
4074 2031 1
3653 1436 1
8038 7584 2
665 8270 1
8301 889 2
1487 9978 2
4648 5299 1
8009 5827 2
5939 1803 1
540 49 2
8272 1316 1
7685 2240 2
3570 2979 1
3361 383 2
6018 8401 1
2019 6706 1
1598 8205 2
4418 5825 1
3637 9063 2
3608 4055 1
9532 2630 1
580 3059 2
2476 835 2
3433 3610 2
257 3564 1
7117 3731 2
5100 7986 2
667 2490 2
6194 9387 1
7985 5741 2
3164 7377 2
5235 7698 1
4437 9216 1
6006 6495 1
6751 1852 1
9269 3105 1
9966 665 1
8128 982 1
3467 3793 2
4392 1218 1
7010 3986 2
6709 5054 1
5156 4109 2
9632 1252 2
1798 8056 2
2089 9365 2
2657 253 1
2722 2547 2
1040 5385 2
433 8631 1
5188 1710 2
2306 3420 2
5779 9793 2
4867 9586 1
9301 3276 2
5095 5228 2
8950 4765 1
7076 4754 2
6727 9254 2
4644 9536 2
3789 4891 2
2600 8213 2
7536 7079 1
6784 4805 2
9054 1959 1
1204 7832 2
9717 8013 1
3710 1960 2
2204 350 1
5582 631 1
2875 7109 1
6709 2327 1
1422 5118 2
826 7824 2
2806 9035 2
1768 6253 1
1032 7059 2
7598 1535 2
8716 5966 2
1582 5929 1
6383 5546 1
926 7298 1
9137 153 2
906 662 1
6168 1585 2
9520 5653 1
8220 2442 2
1058 5043 2
616 3556 1
904 7382 2
6912 4686 2
4027 4668 1
9749 1280 1
4107 4098 2
2130 2674 2
4746 109 1
4915 7026 1
1999 8213 1
7929 2403 2
2548 5333 1
9175 3640 2
9817 8669 1
5512 3357 2
6990 5168 2
8999 4223 1
7165 7014 2
3876 8798 2
1933 9179 2
198 9106 2
7552 1630 2
3652 6644 1
3510 4227 1
6795 9168 1
9576 9058 2
5451 1481 1
6526 4965 1
4458 6933 2
745 6158 2
9711 9805 1
922 4143 2
7144 3327 2
857 8736 1
997 6284 2
991 7676 1
9866 8250 1
9740 3316 1
481 3762 1
9362 4922 2
774 7683 2
8935 6440 1
9721 2030 1
7255 7207 2
879 4904 2
1536 5944 2
8738 9867 2
1365 5327 2
4604 1364 1
7196 5554 1
5104 1959 2
528 3790 2
5089 1847 1
303 19 1
5193 2862 1
8028 2387 2
2724 4331 2
6638 6903 1
3442 2063 1
1584 6090 1
4744 5871 2
7743 1147 1
2991 6165 1
7919 6352 1
7652 15 2
2215 990 2
7975 6846 1
4384 3890 1
8748 5129 2
3241 9115 1
6797 4103 1
278 6973 1
5733 4408 1
3485 9743 2
9078 1773 2
6423 302 2
9044 988 1
9717 8456 1
6585 125 2
6009 2530 1
7247 6607 2
5944 6563 1
9545 6084 1
6031 6054 1
5082 7584 1
7483 1324 1
7131 2014 1
1439 1688 1
6890 2315 1
5602 2785 1
2374 4057 1
6350 1107 1
4116 7278 2
3922 3646 1
8669 7890 2
7969 5637 1
7629 7284 1
8401 5025 1
4614 1926 1
3789 7388 2
9883 9837 2
6484 7766 1
9573 8002 2
9815 6996 1
7042 4275 1
879 5403 1
5601 930 1
1844 5257 2
5735 5333 2
4855 3005 2
2700 2885 2
3929 7786 2
8831 5199 1
1602 9816 1
1790 4006 1
3835 1171 2
5503 4798 2
8052 5498 2
2378 2803 1
3455 257 1
9261 6944 2
3187 7072 2
1959 8728 1
8842 8017 2
8141 4481 2
8835 9622 1
3671 3588 2
4848 6496 2
884 5631 2
9401 4985 1
818 9315 1
9144 2076 1
3431 1637 1
2219 4375 2
7739 2945 2
1478 880 1
1243 995 2
5134 8557 2
6456 2572 2
2590 6666 1
7878 8259 2
7366 6487 2
4461 6529 1
7943 4856 1
5308 9780 2
2696 1731 2
6033 893 1
5412 2853 1
9890 4834 2
9946 9278 1
199 716 1
4124 7792 1
9261 7226 2
5712 8244 2
1204 2429 2
3074 2100 1
1346 7050 2
4640 5138 2
8111 2267 2
4237 4480 2
8167 9038 2
9998 3126 2
8491 996 2
5600 160 2
8880 2403 1
400 3789 1
9806 9077 1
2545 2353 1
210 6311 2
3930 691 1
940 5899 1
4613 4160 1
322 6630 1
8674 2502 2
1435 6146 1
3793 2922 1
949 1917 2
9596 2627 2
4368 3497 1
4299 6972 2
7201 442 1
7389 9670 2
1024 8315 2
5158 5379 1
890 4553 2
5323 44 2
1631 8534 2
3528 9117 2
133 1928 1
1690 2820 1
6547 7 2
9014 8725 2
3303 4226 2
3440 4120 1
5793 2379 1
309 5386 2
8486 854 1
2817 8424 1
1357 7646 2
9897 9703 2
1893 3297 1
4963 8671 1
1485 1823 2
5897 8043 2
5643 110 2
8378 2682 1
8582 9113 1
585 4289 2
6668 6876 2
3164 4023 2
6349 4234 2
958 4632 2
717 9352 1
1837 2867 2
1942 8959 2
3901 8748 2
2900 845 1
2707 2666 2
8535 468 2
5306 5434 2
2196 634 2
3106 6138 2
9317 6344 2
7228 4111 1
8836 700 1
2943 6256 1
7236 3286 1
4726 3000 2
1288 4478 2
3648 3912 1
7450 237 2
2991 9154 1
4326 8687 2
9353 7167 2
2396 9496 1
2282 6986 1
9505 6075 2
4560 2483 2
1726 2580 1
2926 4750 1
8480 8672 2
4649 8193 1
5014 9904 1
7934 121 2
3367 6202 2
7818 8133 2
4745 1688 2
8320 4570 2
8907 9558 2
9543 7741 1
8796 5256 1
5354 3276 2
4289 258 1
8198 4822 1
3667 8654 2
6319 5422 1
7455 2538 2
5627 3020 1
4436 4487 1
2181 7724 2
6152 6091 1
7164 1516 1
4580 3408 1
9153 3746 1
9763 8883 1
557 1589 2
1687 7989 2
5032 5439 2
9780 6958 2
3635 7377 2
3043 1621 1
6655 4655 1
2577 649 1
1492 3968 2
4925 91 1
9323 6175 1
8893 8945 1
7252 7373 2
7769 757 2
2289 1276 1
1103 4644 1
8649 6821 2
9326 6688 1
7750 2851 2
5835 4591 2
9479 2246 2
6287 5705 2
7039 2722 1
838 2637 1
6964 3373 1
1857 3693 2
6961 4788 2
2805 2909 1
7876 3926 2
3450 1976 2
6417 1847 2
9742 8635 2
5069 1311 1
3327 5656 2
4787 6841 2
5284 8933 2
6995 1620 2
7365 5098 1
6670 6997 2
958 7703 2
1403 1843 2
6593 1291 2
5109 7322 2
3152 366 1
4619 6345 2
1111 6328 2
8047 8340 2
1552 3831 2
872 1090 1
6604 94 1
7632 4784 1
8177 2016 1
8646 5292 2
9863 1081 2
7116 6491 2
4762 8565 2
7306 9683 2
8123 6279 2
7289 1825 2
2175 3108 1
6506 2789 2
9614 7317 2
1517 4674 2
6405 6105 1
410 5071 1
7861 176 1
1019 4424 1
8706 8737 1
2112 4173 1
3604 1909 1
9369 5777 2
8937 1177 2
6704 4092 2
3025 7600 2
9965 5674 1
2577 7071 2
6415 698 2
8465 2112 1
522 6128 2
2142 4095 1
5395 4052 2
6904 7376 2
9046 1425 2
4405 7431 2
2257 8102 1
8572 7294 1
9638 5688 1
2683 9923 1
5805 3918 2
4066 2087 2
4927 596 2
9318 3552 1
940 1273 2
3807 7271 2
2214 4001 2
4314 1003 2
6740 7955 2
3959 6717 1
6240 6043 2
2876 2354 2
7401 6506 1
240 3892 2
4706 9473 2
897 4593 2
401 1370 2
8335 8362 2
1905 7935 1
8974 1814 1
2112 8945 2
2600 3100 2
2210 9666 2
7097 5740 2
6892 7179 1
8529 2615 1
9018 5895 2
7670 1762 1
1337 9622 1
8159 9192 2
7261 4635 2
3514 5925 2
2989 4671 2
8070 1819 1
9250 8859 1
7146 2417 2
4748 4306 1
957 7407 1
3757 7125 1
7707 7891 2
6763 44 1
5414 8511 1
338 4852 2
9123 5464 2
3456 444 2
6889 7609 1
7272 7671 1
1046 4238 2
8656 125 1
4425 6297 1
2578 6729 1
1513 2193 1
6750 1884 2
3420 9806 2
7927 9289 2
7649 2862 2
9202 5703 2
7159 8052 1
8378 5314 1
7075 4851 1
1118 6699 2
8446 6455 1
3985 3539 2
9413 8716 1
2538 2932 2
4679 5877 2
4418 1160 1
1499 3159 1
6664 9231 2
9319 2555 2
3392 4270 1
3818 9871 1
7615 7595 1
5939 4086 1
4241 3842 1
8407 115 1
5636 2307 2
3167 82 1
2394 3857 1
5799 4480 2
9291 3924 2
1761 9326 2
9968 6392 2
2192 7185 2
1209 428 1
6973 8309 2
7512 2516 1
3334 4069 2
468 3320 2
2970 2245 2
3527 4003 2
5742 2793 1
8369 9316 1
2475 3355 1
8802 4400 1
7757 2872 2
9668 8558 1
5062 2643 2
4382 6649 2
425 5089 2
1138 7410 1
1759 364 2
2112 9388 1
1733 5121 1
6833 7486 1
3436 7553 1
1005 4645 1
8984 7347 2
2581 7775 2
9842 5185 2
6010 6352 1
2774 2806 1
8163 5601 2
9045 6951 1
188 1468 1
7556 1927 2
4113 5170 1
3212 1121 1
4231 1989 2
856 5089 2
7476 5694 2
9754 9435 2
3202 2808 1
2486 1907 1
160 3427 2
7524 8276 1
6529 9394 1
274 5034 1
4938 4717 1
1713 9207 2
72 2048 1
6419 193 1
1176 7722 1
3828 8914 1
3998 2847 1
5598 4503 1
6271 1383 1
6562 6642 1
8806 316 1
1350 4921 1
1362 3472 1
2450 7876 2
6855 6677 2
4786 1378 1
9321 8179 2
2743 3013 1
8548 1269 2
6342 8433 1
9686 9068 2
5015 865 2
5043 747 2
6199 5986 1
6753 2585 1
5414 7175 2
8089 5682 1
6250 4595 2
252 4166 2
1275 5234 2
7676 3529 1
8533 4496 2
6414 5153 2
2425 4384 1
9535 4027 1
9339 1542 1
7564 7335 2
3141 4077 2
6904 983 1
2371 675 1
4154 8964 1
9686 5992 2
9596 201 2
1825 8595 2
4797 598 1
4319 8173 2
6448 6814 2
5755 291 1
7963 3353 2
1222 9928 1
5257 3923 2
84 5105 1
7369 6747 1
9327 5607 2
3468 3669 2
5779 7560 2
4442 1753 1
1504 9735 2
6110 6033 1
4812 9512 1
4374 4479 1
9326 4885 2
1716 8021 2
228 5019 2
3743 9450 1
2686 381 2
9299 572 2
8240 912 2
8588 4537 1
564 9806 2
9375 7988 2
7750 2851 2
6978 7351 2
7270 9763 2
4527 9771 1
5209 146 1
7397 321 2
7625 1194 1
9271 8380 2
6432 5753 2
3723 1893 1
657 4672 2
2731 6214 1
5520 3253 2
2472 4207 2
372 8754 2
4594 2869 2
5052 9764 2
5505 7454 2
3975 8028 2
4047 9798 2
6362 1489 1
5500 4284 1
3647 8877 2
5193 8501 1
3600 940 1
7757 9081 1
2240 9872 1
4259 2289 1
6738 1263 1
730 3312 2
5408 5363 1
5908 614 1
3109 8489 2
4791 8798 2
8435 5459 2
3007 594 1
3375 8486 2
1482 5377 1
4800 8140 2
4650 4368 1
2627 4308 2
663 3606 1
7114 7757 1
3579 8414 2
8696 8782 1
7588 7593 2
3222 337 1
6565 9017 1
6690 8100 2
1701 5272 1
699 8295 1
8638 7183 1
6886 2256 1
1967 1951 2
1852 186 1
6475 555 2
7369 4673 2
6568 492 2
9215 2535 1
5249 5644 2
1985 4083 2
2612 1275 1
7016 765 1
5637 6798 1
7234 9939 2
1753 8778 2
4318 5608 1
3404 4109 2
9265 9983 1
1356 2998 2
5108 4340 2
6779 200 2
8227 323 2
944 4075 2
8543 303 1
1831 9147 1
8173 333 2
7565 7479 2
918 678 2
4661 4707 2
9173 2457 2
6341 8598 2
9388 8518 2
3353 7645 2
7247 6820 1
2911 7110 2
4438 5980 1
4266 6294 2
144 4843 1
8416 4420 1
1835 7524 1
4188 8059 1
6941 380 2
7820 2780 1
4414 4812 2
5299 5642 1
4347 5187 1
4377 3660 2
9653 1313 2
7910 8766 1
1296 8925 2
906 3312 1
3237 8320 1
2025 2902 2
4080 2648 2
3623 1414 2
4034 422 2
8080 4813 2
3888 4464 1
83 4826 2
1986 9248 1
3745 4034 2
7157 9187 2
3619 1978 1
8874 1146 1
706 5408 2
9380 7196 2
6909 1171 1
5006 7954 1
9798 3014 1
7795 4186 2
8981 2481 1
7412 950 2
7347 3584 1
3270 5594 2
353 5234 2
1953 9169 1
7775 1451 1
2850 5031 2
3861 9746 2
2841 6224 1
125 8100 1
9388 7681 1
7126 8063 1
6147 4034 2
2595 664 2
7657 8178 2
6010 2966 2
2017 7874 1
4102 6324 1
9119 4761 1
4838 1459 2
6587 6990 2
827 4037 1
2882 3842 1
3886 6371 2
692 7892 1
7111 2281 2
9863 522 1
5111 6357 2
1282 2238 2
6287 8427 1
1379 5935 1
7751 6339 2
810 2684 1
4680 9081 1
3724 2477 1
8930 9757 1
2625 4778 1
1415 9649 1
7973 3441 2
4590 3518 1
363 6852 2
4673 7759 2
2069 7577 1
2687 2915 1
2317 3880 1
7355 6895 1
2064 5281 2
3819 5722 2
4382 195 1
3401 976 2
9355 662 2
2358 2384 2
6465 7458 2
4962 9566 2
1132 2854 1
8277 9521 2
3756 5042 1
1978 9382 1
1623 3053 2
1646 8651 2
4116 1183 1
309 3477 2
3840 6440 1
1942 8635 1
2221 8168 2
7258 4072 2
6415 7093 2
8785 7789 2
3405 1768 2
1948 5548 1
1174 1216 2
7140 8638 1
9961 2205 2
6658 2894 1
2907 8518 1
7173 7148 1
6581 8196 2
5487 7068 1
4900 3172 2
6456 3988 1
3592 8809 1
1626 4193 2
2245 7768 2
7923 5602 1
852 3883 1
6294 4332 1
2835 7487 1
5194 8916 1
6449 7957 1
8793 3496 2
5779 6276 1
8115 8471 2
8514 9109 1
1945 2324 1
3195 5622 2
2338 9863 1
7389 744 2
1897 6667 1
3406 2097 1
4908 6193 1
2103 8283 2
5471 412 1
899 6723 2
9911 676 2
5316 7083 2
7360 5043 1
7214 5000 1
1560 8378 2
8426 1668 1
977 8317 1
8469 7213 1
7298 9363 2
2510 8821 2
1447 6391 1
9019 1824 1
7245 6426 1
4229 4905 2
7719 3182 2
4039 6877 1
2620 12 2
1315 3422 2
118 7839 2
3885 1825 2
4660 4535 2
5470 6384 2
8297 4488 2
6530 3097 2
2075 3736 1
3354 5358 2
7508 2180 2
3499 7475 2
6389 4539 2
8382 4579 1
5214 2497 1
9006 9596 2
8583 2878 2
5997 9966 1
1291 2509 2
1311 4527 2
7127 2381 1
8172 538 1
5584 8451 1
8514 2907 2
7210 3286 2
9714 2437 1
3121 6738 2
7679 1580 1
2724 2054 2
338 4475 1
949 4246 1
2504 2240 2
298 5673 2
2834 5099 2
1951 4748 1
2052 6659 1
946 2109 2
4614 6240 2
1494 2528 1
1846 786 2
976 430 2
2868 2937 2
2413 145 1
2437 2730 2
8042 6970 2
6673 7809 1
1147 843 2
5717 7257 1
2229 8317 2
4018 2373 1
6035 5612 2
2748 9675 1
1716 8773 2
1371 740 1
8987 6351 2
3485 8206 1
8766 1887 1
6098 890 2
8408 434 2
527 4542 1
4776 3031 1
7532 2179 1
7760 5394 1
2486 6680 2
678 1403 2
3997 7757 2
1030 2285 1
6583 9737 2
7373 951 2
6460 8597 1
8816 3358 1
4616 3919 2
2195 2761 1
2043 9336 2
7187 8484 1
28 7622 1
1645 158 2
3154 5571 2
9860 5499 2
6730 2812 2
5343 5682 1
1764 6898 2
9192 8559 1
518 3964 1
6334 2851 1
8071 5284 1
9492 2895 2
6645 8054 1
1792 7981 2
8448 1812 1
8029 4631 1
4220 4420 1
6201 9310 1
4803 7328 2
2295 4900 1
801 9669 2
9631 1570 2
7718 5429 1
905 5827 1
8232 5973 1
3334 8807 2
8686 2143 2
9623 3393 1
8678 7825 2
6691 2121 1
4480 141 1
8598 779 2
6704 6935 1
6764 3143 2
2448 3402 1
6330 7919 2
8955 355 1
422 8987 2
996 4804 2
9450 9288 1
3645 4739 2
4917 9253 1
4528 6552 1
3353 8756 1
5610 1426 2
8638 1055 1
8442 2083 2
1662 4913 1
7303 2015 2
8535 1993 1
4823 1585 2
1212 7227 1
1449 9127 1
5476 574 1
7212 5921 1
9018 8334 2
805 3046 2
1291 8267 2
6238 9774 2
3451 1193 2
385 825 1
2144 6159 2
9313 678 1
7733 8824 2
4545 3629 2
2105 5828 1
2570 486 1
6910 6072 1
3866 6112 2
3930 8090 1
9936 3659 2
5113 1478 1
9249 4958 1
9465 4748 2
7462 5842 1
460 7519 2
4460 1540 2
1242 5223 1
8818 1415 1
5132 1472 2
8926 4160 1
1378 2345 1
7961 5352 1
2622 6518 1
9662 8638 2
2551 5007 1
6319 2338 1
8023 9903 2
5296 235 2
5293 3253 2
9098 2306 2
1532 3014 2
2169 8197 1
1626 9833 1
9823 9077 2
5938 2185 2
4927 1608 2
1346 5991 1
274 8759 2
1230 4966 1
5525 3601 1
1307 8397 2
3641 2903 1
2357 2617 1
5858 9342 1
2633 3768 1
3753 6768 2
716 1582 1
2730 1147 1
9906 2708 1
2775 8752 1
8263 9636 2
5011 1893 2
8778 2750 1
455 3908 1
13 2247 1
1008 8442 1
8215 645 1
3119 8281 2
3810 7892 2
2248 214 1
6941 6004 1
8579 5531 2
442 8312 2
3327 1542 2
3489 7560 1
3098 872 1
7148 6848 1
4826 3576 1
3833 9519 2
9655 5934 2
587 7433 2
14 6680 2
2521 9366 2
6912 4712 2
5118 6448 1
8768 7651 1
9223 2041 2
9817 4243 1
2008 387 2
7798 1655 2
1959 9637 2
7832 9726 2
5824 5661 2
8740 6976 2
5167 6393 1
178 5685 1
9017 2588 2
9855 9387 1
4499 8112 2
9452 164 1
8457 7438 2
3884 4773 1
2281 8823 2
6202 9193 1
501 8367 1
6289 9372 2
9733 5084 2
2146 433 1
723 9099 1
7970 3405 1
2685 9868 1
8024 1081 1
9990 865 1
355 2131 2
7893 8931 2
7347 8925 2
5092 7373 2
3628 3117 2
7282 335 1
5222 2620 2
8738 4588 2
4415 6135 2
8010 2508 1
7543 3617 1
5653 4139 1
2114 5727 2
3505 4136 1
9962 4218 1
3378 743 2
5003 2993 2
2589 7584 1
3861 5124 2
9870 2381 2
7006 3114 1
2642 2576 1
381 9468 2
8749 459 2
7136 3784 2
2118 7557 1
7335 303 1
790 4972 2
5190 3463 1
5757 5310 2
1687 1977 1
877 3406 1
4182 3508 2
6349 2677 1
3251 3064 2
9863 8559 1
2740 1532 1
8650 5402 1
2224 9801 1
7928 7514 2
2085 7741 2
969 200 2
4258 8665 2
167 5822 2
7118 1107 1
6624 5596 2
6047 7109 2
8472 5575 1
4484 8780 1
3892 8773 1
5836 2410 1
2847 3218 2
2957 6756 1
4504 6781 1
7326 3460 1
3427 5691 1
6060 1448 1
6628 340 1
6441 5201 1
2343 9009 2
328 7237 1
1339 8132 2
8163 5278 2
4897 5568 2
5957 3481 1
1522 717 1
7793 2936 1
3991 1238 1
9737 5088 1
4383 2650 2
9895 9708 1
1100 2718 2
7047 9096 2
9222 3801 1
8427 6838 1
7846 150 1
9590 8429 1
2924 310 2
1282 1477 1
4970 8651 1
1050 3788 1
5479 2382 1
5232 2340 1
3438 587 1
376 3650 1
2220 832 2
4091 337 1
5477 9217 2
5958 2029 2
1055 1127 1
5048 8249 2
1653 9916 1
9479 1001 2
1125 6352 1
2636 1848 2
563 7624 2
994 628 1
2708 2121 2
1627 2141 2
3892 6033 2
875 9050 1
9488 9631 2
4475 7747 1
669 1254 2
8151 2328 2
3487 8222 1
8768 776 1
3122 387 1
3611 5675 2
4773 1524 2
7217 4937 1
7098 8645 2
3869 4369 1
6712 4285 2
321 8931 2
969 5801 2
9777 7526 2
6124 9639 1
6902 6515 2
5028 5516 2
6588 4584 1
1095 6975 1
4148 6853 1
1007 9723 2
6227 5474 2
4301 5729 2
3425 2472 2
2305 7156 2
8491 1251 2
2707 3275 1
5554 1975 1
7182 1858 2
9578 5976 2
7007 7929 2
1484 2064 1
7498 707 2
868 9933 2
8757 5561 2
643 8304 2
7340 9125 2
7422 8415 1
5259 2375 1
7853 5139 1
1287 3636 1
2269 7595 2
6134 1313 1
7199 1416 1
8738 140 1
1030 3231 1
2697 8468 2
285 8394 2
6960 7132 1
5711 1271 2
3324 4940 1
5389 4359 1
2519 672 1
7388 9392 1
6449 8935 2
7620 1148 2
3868 8917 2
5282 1576 2
9743 1777 2
8582 1750 2
7141 9416 1
2998 7259 1
3547 5688 2
2682 6689 1
8229 3686 2
1822 6566 1
5225 7081 1
2579 9084 2
8882 3004 1
3741 8087 2
110 6144 1
8886 1938 2
9985 1623 2
3370 3994 2
4480 10 1
1066 4433 2
1191 372 2
5481 6492 1
5780 5093 1
2018 3366 1
1193 3185 2
3631 8459 2
8589 4894 2
3171 8894 2
6508 713 2
2434 2931 1
6611 9314 2
9924 405 2
757 7083 1
5765 2801 2
9896 1565 1
2584 9386 2
3401 3330 2
4799 2099 2
932 2732 2
9957 8360 1
8924 8477 1
8740 2357 1
1705 653 1
5023 5213 1
6725 5512 2
2714 6244 2
6750 8125 2
108 2742 1
4488 4960 1
4740 6526 2
3592 7432 1
9985 4159 1
2041 8738 2
3593 2895 1
8219 8956 1
9155 663 2
3087 5147 1
7885 7460 1
9884 3029 1
1878 7321 1
702 4728 2
2325 1931 1
5265 5185 1
6144 8915 1
8618 7142 1
4950 7232 2
767 173 1
6982 6450 2
5338 370 2
2949 5104 1
8233 549 1
9837 5875 2
4689 7274 2
5400 3593 1
487 7207 1
9209 4787 1
5301 505 1
5347 4727 2
5803 8175 1
6688 9294 2
5516 733 2
7179 4007 1
4541 2331 1
2230 99 2
8729 1300 1
6933 2231 1
7407 8856 2
6065 3565 2
7122 5482 1
7223 3491 2
8136 5346 1
9766 9066 1
3772 4747 1
7461 7688 1
1229 230 1
5802 7623 2
9484 8566 2
451 8579 1
2850 1826 1
6529 7936 2
1144 6871 2
9113 8642 2
7596 7939 2
5346 2452 2
4003 9659 2
4809 1186 1
2369 2726 1
319 1662 1
2755 7695 2
3465 9902 2
4757 8791 2
2768 8812 1
4285 1168 2
2223 4933 2
3182 2179 2
9896 6091 1
5701 9003 2
6207 3571 2
3697 8728 1
2653 3240 1
2162 7341 1
3326 5046 1
6705 6803 2
4963 8079 1
4792 2660 2
3281 4154 1
7349 7792 1
2785 2095 2
4892 4523 1
9854 1084 1
1154 9053 1
314 7715 1
8915 2481 1
7113 8426 1
4796 8838 2
6883 7113 2
4273 7585 1
4295 1903 1
2185 7577 1
1651 654 1
4333 3594 2
9389 8651 2
6077 2131 1
5613 5247 1
4698 8856 1
8720 9160 1
8685 2992 1
327 6152 1
3599 1047 2
3782 8277 2
9167 6142 1
7109 4584 2
4463 9686 2
7362 430 1
6647 5385 2
1246 6362 2
833 5985 1
7243 4065 1
3083 1535 2
2436 8492 2
872 2261 2
4166 1706 1
4143 1564 2
4527 7371 2
2747 7039 1
8422 2614 2
7625 2558 1
834 5412 1
765 6173 2
5713 8162 2
3037 9170 1
4131 131 1
7268 6762 1
605 9100 1
1553 8628 1
9447 2566 2
2133 3492 2
3582 5632 1
2329 1618 1
4979 8731 2
2645 521 1
8905 8540 1
1306 9176 1
1547 4397 2
9961 5780 1
4260 7259 1
1610 7860 1
1893 9994 2
3719 2724 2
2418 9661 1
1533 691 2
6373 2558 2
290 4436 2
1018 5452 2
233 9345 1
8241 9480 2
9503 1379 2
7376 2935 1
499 7691 1
3134 8131 1
5397 5437 1
5801 1850 2
1822 3024 1
5873 2221 2
5384 6703 2
1323 802 1
5410 7386 2
286 3875 1
7517 390 1
6329 5693 2
8721 3145 2
7339 2274 2
1449 9791 1
3178 4759 2
6802 7880 2
4109 327 1
2817 4519 1
2114 2382 1
9594 8020 1
6249 8334 1
585 1067 1
4054 8957 2
5821 5035 2
8915 5605 1
6488 9097 1
6092 6772 1
6720 9946 1
2113 5098 2
593 6876 1
1111 685 1
5417 1949 2
5463 3895 2
8251 8514 1
2478 7623 2
3997 4642 2
3468 540 2
2617 1401 1
7573 8286 1
5408 2502 2
3171 4005 2
3138 9213 2
5921 1775 2
823 8037 2
1249 6094 2
9849 5226 2
7944 968 2
8856 1948 1
8637 8774 1
549 399 2
8077 8133 2
9991 4762 1
1306 7608 2
6873 4776 2
4791 5379 1
986 4329 1
6622 9554 2
1419 5330 2
3194 7568 1
9397 8713 1
2141 9072 1
4800 2202 2
2763 8664 1
2253 2693 2
3821 5969 1
3918 2317 1
320 2937 2
5592 2730 2
5699 8896 1
6280 8664 2
5932 3406 1
683 8582 2
900 7276 1
9284 4376 1
7990 2438 1
5498 2534 1
980 1504 2
23 3098 2
4770 3134 2
7178 3014 1
297 1002 1
6486 9596 1
2213 7249 1
5217 3556 1
3384 8646 1
6598 3305 1
7717 782 2
4531 2892 2
8645 9139 2
2268 7440 1
4758 5234 1
4982 6204 2
390 7932 2
4812 8700 1
5596 1352 1
8750 3921 2
1440 4879 1
4909 1292 2
2542 8927 2
6225 119 2
1080 3897 1
3683 5020 2
8993 9716 2
2051 6411 1
7346 9431 1
9267 6649 2
760 258 1
5145 908 1
2004 5222 2
9585 3504 1
9722 1768 1
6809 8532 1
1875 7107 2
4372 9390 2
2731 2371 1
8024 4659 1
8643 5578 1
1423 1632 2
1856 1438 2
6586 3364 1
4922 2105 2
121 1267 2
814 3896 2
6692 6148 2
2941 605 2
3829 8212 1
4027 5917 2
9196 1666 1
7808 6835 1
7050 6320 2
810 843 1
9494 5640 1
1161 552 2
5275 2853 2
8706 7646 1
2808 1430 1
653 3912 1
1582 8670 1
3207 6739 2
8118 7079 2
3889 3361 2
4729 6538 2
3694 8056 1
3254 6488 2
2777 6480 1
4735 7061 2
8077 3801 1
3548 7431 1
4619 5746 2
6486 7947 2
4264 1747 1
9773 1825 1
9356 1412 2
7139 7419 2
3156 3124 2
4511 8530 2
1568 9955 1
5051 2097 2
9926 3864 1
3895 2360 2
1021 7419 1
6819 5914 1
7603 4444 1
7336 6271 1
6424 1083 2
4768 4163 1
6048 4013 2
3082 69 2
1285 4318 2
1415 8841 2
4883 2633 1
8064 8503 2
7291 8754 1
8461 6073 1
1712 5533 1
5599 1601 2
3020 9603 1
4487 2720 1
940 2644 2
4445 3680 1
4656 6912 2
1354 5532 2
125 1965 2
8414 3027 2
6522 3780 1
4267 9624 1
1350 4724 2
9527 9828 1
992 3358 1
4382 5411 1
1614 9607 1
4174 9955 1
6519 9081 2
2282 7416 2
5769 3906 2
2728 5339 2
2851 6739 1
1875 4614 1
5020 8418 2
4569 4329 1
6027 9864 1
5917 5769 1
8428 4740 2
2982 9803 1
2001 6279 1
3343 8781 1
1503 3622 2
2885 9758 2
8461 3627 1
7484 2385 2
4552 1140 2
7258 9950 2
9458 5683 1
8411 2049 2
8894 9084 2
8811 8777 1
806 1242 2
4095 7818 2
9030 4554 2
3420 4092 2
5854 8030 1
8558 1337 1
3267 9291 1
7667 1043 1
8526 3995 1
5550 3452 2
9275 7644 1
7268 3195 1
4300 2032 2
5138 3630 2
9076 1387 2
949 8915 1
2381 7736 1
5856 3245 1
50 4 1
9034 2757 2
6613 3441 2
397 9527 2
9514 1221 1
200 7185 2
7082 1624 2
1022 5527 2
3698 538 2
8373 1810 2
6897 7690 1
40 8172 1
9133 4288 2
9126 2757 2
1743 6308 2
5056 9473 1
338 660 1
4671 472 2
9704 8914 2
4763 7797 1
133 308 1
6581 6744 1
8642 7523 2
1566 9892 1
43 2316 2
7278 2865 2
4338 6674 1
1694 3435 1
3914 1066 2
9934 9329 2
3932 9069 2
8176 9687 1
5013 2057 2
9867 9908 2
1990 7185 2
6297 3093 1
4947 1320 1
8553 5688 1
837 3162 1
8141 1538 2
4280 2084 1
9725 7498 2
77 1703 2
5523 1355 2
1129 313 1
2365 5654 1
52 6355 2
6703 5390 1
668 8212 2
4126 5514 1
1311 4524 2
8453 7958 2
1988 6882 2
388 8338 2
6723 3759 1
6108 5697 1
7352 1217 2
836 7852 2
6740 4265 2
7943 5389 1
8764 3917 2
5300 4404 2
9336 759 1
7101 9189 1
1909 3411 1
9880 9416 1
9860 8933 2
9729 2680 2
8585 9041 1
2454 5749 2
988 5841 2
7786 1202 2
3371 4115 1
7298 9239 2
3222 2488 1
4299 2160 1
4562 2167 2
4770 9996 2
7175 5815 1
5002 1711 2
4466 4520 2
3658 4192 1
8116 923 1
1372 6028 2
3488 7125 2
1136 2257 1
2321 4801 1
918 3700 2
9010 5019 2
6840 4027 1
7172 4245 2
3086 2388 2
4987 6133 1
7719 6573 1
6321 9285 2
9159 6505 2
9362 4850 1
2339 4097 2
7215 846 2
6807 9344 1
7755 8287 1
3712 150 1
769 5485 1
4403 7335 1
1484 9511 1
884 3897 2
7964 8047 1
6784 3689 1
8712 6761 1
6099 6887 1
8199 8401 2
9906 3525 2
5430 1138 1
6435 9788 1
6037 6351 2
464 6966 1
4249 685 1
472 7493 2
1660 503 1
3182 4235 2
2361 857 1
9896 944 1
992 8950 1
9537 8992 2
4808 1779 2
2999 8314 1
552 9417 2
2493 690 2
9884 54 1
3035 9503 2
166 4797 1
8921 1038 2
7627 993 1
4824 3949 2
8834 8462 2
3497 8833 2
8169 625 2
2067 9728 2
863 2475 1
7905 6168 2
2811 1617 2
3698 7478 1
5300 2543 1
9144 4608 2
3078 2672 2
2777 732 2
1315 616 2
9377 246 2
6224 5915 1
8574 5438 1
8244 6643 2
5411 9719 2
8716 637 2
7893 7370 2
2778 7596 2
2945 7201 2
3681 7045 1
4820 4444 2
1115 4114 2
2977 2079 2
6307 1327 2
6255 3762 2
267 1600 2
5865 4992 1
5880 2841 2
4940 4328 1
1505 6484 1
5564 8080 1
9811 5407 2
9631 2829 1
5920 7643 1
752 6651 1
2347 6254 2
5614 7675 2
4461 3346 1
8522 7776 2
1220 7380 1
3372 2481 1
7071 4438 1
2127 3067 1
947 8333 1
7553 7436 1
6329 371 2
1796 1513 1
2733 6470 1
7824 8553 1
7216 9559 2
702 4007 2
4296 9597 2
542 4243 1
1419 7551 2
4354 4722 1
391 2078 2
3297 6762 1
1053 6600 1
1253 8407 2
897 5334 2
9869 2873 2
4604 2319 1
6236 3347 1
3898 9202 1
2024 8606 2
1005 9329 1
1596 6964 2
8856 9008 1
2646 6213 1
9332 9642 2
7465 965 1
6670 3292 2
3773 9948 2
2311 4520 2
5674 757 2
4211 4564 2
9281 975 1
187 1193 1
1475 3279 2
3995 52 1
2823 2284 1
1364 9959 1
3192 1650 1
9227 1881 1
7573 7936 2
3848 1106 1
7712 1754 2
1800 4833 1
2352 5783 2
2460 7430 2
2799 4627 2
8456 7735 2
6827 1215 1
5972 7807 1
3593 412 2
5711 6827 1
2350 6356 1
9431 7515 1
3812 4369 1
5970 6647 1
3756 4660 2
760 5671 2
3350 8559 2
5014 5018 2
9002 1099 2
9980 880 1
4130 5923 1
3568 9152 1
6110 887 1
7562 8467 1
9886 8411 2
4390 2583 2
9484 2261 2
9029 9709 1
3664 1906 1
3851 4410 1
2713 1521 2
2 986 2
8651 4166 2
102 3865 2
1755 8473 2
8472 5928 1
3813 6773 1
9803 2382 1
1063 8185 1
4730 2564 1
5203 362 2
7200 4648 2
5153 991 1
7582 8891 2
8858 4116 2
7448 1475 2
7022 4936 1
9992 8698 1
3151 7982 2
1498 9868 2
8148 2096 2
1775 141 1
8631 471 1
8826 8529 1
4647 3780 2
2454 8466 1
8519 7947 1
4397 3982 2
1517 7923 2
6402 5031 2
6468 4999 2
9401 2017 2
1210 7575 2
3322 9335 1
4067 648 2
6033 86 2
3924 912 1
6785 6175 1
9849 9883 1
5228 5146 1
4527 1001 1
8796 2398 2
8266 5389 1
4094 6426 1
5201 1407 2
2594 9184 1
6541 6699 1
8636 4052 2
2094 928 1
9958 8641 2
1958 226 1
6508 9940 2
9259 6441 2
7806 9359 1
4105 7056 1
5377 1863 2
9550 8150 2
2094 6039 2
8301 9376 1
1970 5515 2
1659 1461 2
6061 5590 2
885 1601 2
4387 8508 1
424 7379 2
2302 2136 2
9176 2558 1
3097 2856 2
9290 4364 2
2278 1164 1
3833 9670 1
6586 9114 1
4260 4301 2
7004 1389 2
3150 6741 2
8537 8785 1
5358 1668 2
5651 1849 2
5837 9752 2
4349 2586 1
5066 9966 1
2657 8669 1
25 4956 2
5658 3232 2
5279 7272 1
4394 9046 1
2808 430 2
2773 7059 1
9906 3021 2
8244 8320 2
6095 5643 2
9748 1741 1
9239 4013 1
7444 6186 2
4755 4160 2
5642 4413 2
5523 4691 1
3375 8031 1
8345 6074 1
9918 9503 2
4812 8221 2
7497 5533 2
7990 2646 1
9124 9648 1
6055 807 2
4968 6257 1
4607 1586 1
3634 30 1
3191 6127 2
8417 6776 1
5321 3545 2
9659 6757 2
1060 7505 1
2616 382 1
5193 6714 2
9590 2882 1
3008 571 2
1572 3634 1
5540 6592 2
6311 4579 2
4099 1289 1
7671 2879 1
8095 9866 1
5171 3908 1
2095 9562 2
8969 563 2
3439 6884 1
3247 6882 1
6923 2888 2
4685 8107 2
2408 555 2
8304 1835 1
4956 1203 2
5161 5891 1
6129 9068 1
9148 7403 2
3254 9397 2
8706 1002 2
5038 5844 1
4071 4383 1
5054 6702 1
4492 4523 2
1827 304 2
6582 597 2
7066 7529 2
6557 3172 1
5639 8413 1
8126 9929 2
8495 3667 1
3722 2706 2
9373 488 2
2101 7096 2
7520 3083 1
5751 8978 1
5243 3422 1
5262 7471 2
3077 3291 1
538 6737 1
5479 3693 1
9952 5692 2
7456 67 2
9096 1739 1
1636 3504 1
4815 7420 1
73 8765 2
7030 879 2
7192 3590 1
2193 250 1
674 5641 2
5368 7768 2
985 6586 1
1465 8661 1
8530 4066 1
4868 2708 2
858 4043 2
9966 6457 2
6430 2662 1
3759 96 1
1073 8597 2
6676 2260 1
6522 3585 1
9501 4456 1
6435 709 2
4176 8994 1
5435 8993 1
3428 6139 2
4725 2008 1
1319 4400 1
3559 2242 1
6729 964 2
3852 5083 1
3951 172 2
6450 9042 1
4033 6785 2
1037 9339 2
2459 3938 2
9106 6189 2
6288 3215 2
8365 3493 2
2434 9567 1
2604 9602 1
6988 3227 1
721 6470 2
7288 8928 1
8387 5339 1
57 8897 1
8094 1500 1
1363 3571 1
9934 5623 1
8830 4400 2
344 8066 1
3910 6021 1
4674 4595 1
3822 9091 2
5686 4327 2
2552 7489 1
7171 7884 1
3406 5400 2
7148 886 1
9261 6902 2
5895 4478 2
4581 2908 2
4878 6350 2
1386 80 2
3922 8662 2
7222 3676 2
9139 5323 2
4292 7357 1
6521 9362 2
7335 3812 1
1166 4057 1
65 3769 1
5778 7039 1
684 2691 2
8310 8599 2
101 2321 1
6593 5129 2
2187 6868 1
4126 3457 1
8837 6754 2
1900 5038 1
7465 1317 1
3997 1588 1
5062 9978 1
2663 2379 1
907 7939 2
3478 3373 2
8845 5797 2
6808 8892 1
7749 8827 2
9391 8250 1
8080 9473 2
6803 3518 2
3661 3001 2
7854 9606 2
1986 9146 1
3966 1632 2
8808 748 2
8550 1135 2
6874 3453 1
9453 8284 2
8186 8447 2
5517 1939 2
6653 9991 1
7909 610 1
3210 6240 2
1320 2701 2
494 5174 2
9628 1213 2
6714 7868 2
9068 940 1
6099 6566 1
6950 1466 2
50 2991 1
254 8027 1
2290 2197 2
8569 6583 1
2213 8904 1
5987 8473 1
2015 734 2
6170 5473 2
4633 498 2
160 4386 1
1551 2609 1
7660 8340 2
1171 859 1
6522 4419 1
7384 5256 1
9511 3406 2
7911 3856 2
566 457 1
1565 5426 1
5165 5963 2
5003 1310 2
8824 2417 1
9669 5627 1
7573 4825 1
7236 4978 1
8407 2552 1
7812 2016 2
6596 6245 2
1542 3368 1
6359 2907 1
2175 8975 2
3406 8091 2
4296 8783 2
7036 7207 1
972 5892 1
3848 9305 1
3388 7314 2
7469 8122 2
7790 2093 1
3880 2939 1
6762 3999 2
1885 1919 1
3580 5685 2
9091 8191 2
6997 5330 1
9651 9829 1
4298 2795 1
5149 9201 2
7171 8074 2
3554 7191 2
8925 7596 2
2827 7967 2
953 2098 2
6369 2516 2
7435 8228 2
9331 8086 2
3883 3513 2
1363 6888 1
3719 7760 2
2761 1810 1
4415 2410 1
9790 5808 1
4600 7277 1
2483 9457 1
9786 867 2
6984 41 2
5186 281 1
1589 3183 1
9361 976 1
5428 4640 2
5898 1888 2
1476 4250 2
7560 6224 1
1688 8098 2
6934 511 1
4646 7182 2
4357 9262 2
5225 4460 2
5018 9604 2
2576 8297 1
4317 4073 1
7308 4347 1
8266 43 1
9990 7576 2
212 4412 2
4310 2844 2
1645 689 2
6749 8455 1
4672 421 1
1052 9805 2
9464 3284 1
5771 8260 1
9878 5696 2
8259 6137 2
46 2704 2
1956 7947 2
9002 6156 1
9632 3071 2
5910 642 2
3550 5962 1
7122 4948 2
6952 9258 2
3124 3848 2
5965 1342 1
4483 9351 2
2608 1929 2
7773 8414 1
5671 1155 2
401 4304 2
1932 4872 2
3174 241 1
992 9687 1
83 1004 2
2899 2388 1
6772 1359 1
1405 454 1
7644 5690 2
2537 3402 2
7293 1300 2
3060 3630 2
4049 3670 2
5154 455 2
1893 7933 2
5402 6715 2
5449 7532 1
4421 1496 2
1409 5256 1
9827 2811 2
7671 1498 1
1285 6330 2
5686 2001 1
8692 5355 1
944 8893 2
4153 6314 1
2026 1029 2
6339 3223 1
3419 722 1
1316 9157 2
6688 5538 1
8212 7389 1
7787 8486 2
829 5001 1
3935 9556 2
6717 3817 2
3286 8725 2
1767 8689 1
7563 1928 2
6594 6409 1
8464 3997 1
1976 6396 1
3322 9323 1
9705 5673 1
9200 4620 2
7477 3301 2
6639 2523 2
5190 9863 2
2361 6557 1
7140 5035 1
2913 7685 1
5262 4064 2
3360 4797 2
5304 1386 1
2212 2148 1
3991 7648 1
700 2235 1
247 8479 2
7661 5735 1
1958 805 2
8368 1826 1
8390 4007 2
7153 8458 2
1406 523 2
578 2641 2
858 8719 1
6806 1931 1
1719 7968 2
502 3091 1
9496 8724 1
175 6966 2
1892 33 2
1170 2950 2
4053 4323 2
8755 7208 1
3498 9210 2
9851 3047 2
6902 6473 1
6182 9791 2
7583 8281 2
6470 5778 2
2719 5956 2
6526 4999 2
8231 8010 1
7591 726 1
8327 7439 2
5326 5213 2
7303 4859 1
2612 1534 1
4578 6073 2
349 6190 2
677 9864 1
3682 6040 1
8485 3741 1
607 5016 1
9126 2271 1
4981 1665 2
2404 8714 1
5161 4151 1
1726 3405 1
339 5078 1
438 4683 1
1456 9385 2
9506 1774 2
5585 8915 1
8014 9135 2
2522 3210 2
9752 8048 1
1316 8135 1
8611 530 1
5739 5255 1
9220 2447 2
8320 8029 1
6936 3025 1
8120 5709 2
3004 1945 2
8475 1603 1
563 9913 2
998 874 2
8980 8490 2
2185 8214 2
1674 2039 2
2378 2106 1
7234 608 1
9825 8546 2
2752 552 1
9770 4907 2
106 312 2
9718 3606 1
2283 1338 2
6585 4249 1
3138 2638 2
7566 6765 2
2321 9256 1
9550 4577 1
2542 2096 2
9437 5109 2
8373 7361 2
9614 5888 2
1347 6362 1
3513 9211 1
7069 4112 2
2252 244 2
4055 9738 1
2151 5340 1
9246 2244 2
1487 6089 1
1151 8860 1
2827 6341 1
3101 9112 1
5194 8221 2
2719 191 2
3740 4563 2
8431 8411 2
9844 2044 1
2316 4957 2
5885 1506 2
2793 9369 1
9281 8387 1
2028 309 2
9331 8912 1
1344 4559 2
2439 3295 1
4259 3876 1
9141 5706 1
2728 186 2
8873 5726 2
3111 3751 2
9494 9357 1
5592 9815 2
4686 9148 2
6988 3546 1
3612 917 1
1172 6899 2
3402 1927 2
1879 4154 2
9355 5201 1
8065 747 1
5698 2634 1
1694 3253 1
5849 1852 2
5875 460 2
4492 1988 2
6758 104 2
8731 1748 2
5329 6564 2
1515 8722 1
547 5039 1
4518 9382 2
1454 8766 2
8598 6992 1
3962 7624 1
3598 2767 1
5537 6329 2
4529 9915 1
3809 1808 2
8345 7948 2
9677 1744 2
8401 3328 2
6412 8803 1
6684 6825 2
2041 4130 2
9020 3389 2
6065 1070 2
4059 9748 1
344 8779 2
4710 9582 1
2388 7903 1
5580 875 2
784 8808 2
7219 4416 2
7323 947 1
7812 5528 1
5143 9606 1
1850 9105 1
5274 6854 1
23 5819 1
5248 1778 2
1616 4477 2
9815 8022 2
396 3584 1
5313 3001 1
3848 9521 2
7590 832 1
4101 2979 1
6095 3336 1
7513 7083 1
3116 3120 2
1898 642 1
9039 2956 2
4070 4679 1
319 612 1
3838 5898 2
6470 3810 2
3447 7954 2
1939 5448 1
9447 2472 1
7657 216 2
3934 2634 1
3582 3546 1
8794 633 1
8781 6313 1
4449 7451 2
4276 2598 1
6044 9066 2
6983 8500 1
2758 7122 2
9451 8474 2
5889 7335 1
8732 8772 1
4497 4125 2
9143 1234 2
2607 206 1
6545 1560 2
2487 2904 1
5870 9789 1
9562 3132 1
730 5980 1
1661 2448 2
980 6213 1
9752 3454 1
4846 2701 2
6824 691 2
143 6121 1
7422 2945 1
9169 9815 2
8158 8365 1
6387 9686 2
369 7393 1
5783 4282 2
6163 3771 2
7301 5465 2
6917 653 1
8103 560 2
1452 9067 1
1291 5966 1
9872 7296 1
4084 759 2
9374 1401 2
5881 5074 2
6839 9528 2
229 2620 2
6879 4370 2
3141 7827 1
3902 1298 1
3357 236 1
2995 756 2
8051 1710 1
6348 5338 2
418 117 1
1870 667 1
2073 5903 2
5859 8463 1
9962 8626 1
935 5524 1
5659 6244 2
9083 1148 1
8440 8386 2
4803 5677 1
4895 2746 1
9159 895 1
2562 7424 2
2133 4706 2
1689 8221 1
6429 7205 1
9629 8555 2
9108 928 2
8638 2107 2
9890 267 1
6415 447 2
8308 7076 1
9012 320 1
986 6590 2
3371 3049 2
2938 844 2
3520 1338 1
5659 4906 2
7 6102 1
1291 2613 1
9414 4917 2
426 1501 2
3064 3523 2
1117 1434 1
8427 6111 2
7036 485 1
6915 2253 1
980 8266 2
2341 9892 2
3445 3117 2
4157 4129 2
7668 6801 2
3704 3410 2
539 5170 1
1130 4860 2
9525 6061 1
9706 2886 1
7442 6307 1
9201 9820 1
5209 1642 2
2079 92 2
8977 4363 2
9910 5964 2
1654 2869 2
1293 6674 2
5467 7097 1
8686 6330 1
2082 1004 2
6520 261 2
6869 9320 2
4637 3428 1
4065 2906 2
69 1393 1
5702 7270 2
1610 8838 1
2968 2895 2
6090 7939 1
4113 1567 1
201 2604 1
4893 6069 1
4204 5305 1
3996 9586 2
2478 9989 2
9011 1851 2
6302 3936 2
5595 3962 2
3872 7181 1
337 3101 2
9560 9172 1
404 7285 1
3858 1633 2
9531 873 1
2333 1299 1
5100 193 1
4970 2590 2
8406 7627 1
2098 1866 2
1256 3784 1
4158 641 2
3495 528 2
8076 8581 2
4620 3370 2
5521 9479 1
6420 6933 1
1986 9329 1
1118 6835 2
4601 5854 1
1937 3464 1
1734 3980 1
7843 1327 2
763 9969 2
7011 837 1
6127 9091 2
4784 6220 2
4125 5758 2
5231 1210 1
8434 6515 1
793 4759 2
2818 5043 2
6650 2802 1
243 7319 1
7940 8621 1
1456 4700 2
8362 6941 1
9399 1023 1
4485 59 2
6220 9365 1
1170 6181 1
4244 2518 2
9042 7517 1
9019 509 2
6217 9721 2
2606 8442 2
4192 1090 1
8898 2064 2
1012 7013 1
1595 6743 1
7348 3093 1
6997 5675 1
3014 7398 2
3359 6139 1
722 4004 2
3163 8171 2
2086 2234 1
480 1730 1
5776 7036 2
4648 877 2
7479 6253 1
4066 6618 1
3043 4121 1
3729 7550 1
2864 4317 2
1691 3872 1
8704 8826 1
3226 9067 1
422 7957 2
2319 9792 2
5755 8698 2
218 5953 1
9900 3717 1
467 1959 1
9610 311 1
2949 8286 1
6921 9767 1
7885 1348 1
6017 4990 1
8191 6669 2
9744 1834 1
4641 258 1
278 8652 1
607 8941 1
6488 666 1
9221 7630 1
1678 3245 1
1400 2537 2
6438 708 2
3486 3110 1
7262 2016 2
528 1712 1
1085 1974 2
7967 6503 1
8715 2048 1
4477 9646 2
2804 6428 2
3984 9773 2
6393 3899 1
7186 8160 2
6910 7683 1
2963 7014 1
8525 6830 1
9125 50 1
2914 4329 2
2511 1966 1
4430 7254 1
3932 7091 2
4053 8586 1
6553 6243 2
9679 8543 1
2250 3872 1
1162 6516 1
9861 4113 2
6070 9240 2
1237 3508 2
3288 4082 1
4872 9174 1
6952 2556 2
962 7021 2
7491 499 2
9832 5471 1
1417 393 1
550 3432 2
1424 6468 2
3418 2616 1
5327 3372 2
4518 4531 2
2100 6000 1
193 3983 1
9279 4690 1
2599 8889 2
2020 6790 2
5909 4992 1
4973 7143 1
3406 3321 1
5350 1075 1
8008 4361 2
7247 6298 1
7456 8094 1
6430 5890 1
3282 2343 1
6298 7046 2
1713 5543 2
9153 7778 1
7909 6118 2
691 1065 2
2120 3216 1
4932 3792 2
8312 468 2
9774 5216 1
4905 4598 2
6573 247 1
8496 9197 1
3329 6392 1
5112 261 1
4815 5862 1
3041 1791 1
7584 9565 1
4508 8508 2
5169 442 2
2208 9958 2
9074 3821 2
3369 296 1
9207 62 2
1555 6752 1
2074 5030 1
1587 8388 2
4390 5345 2
5247 8282 1
4142 9667 2
305 1838 1
1412 6735 1
3575 3152 2
7522 8737 2
4582 9539 1
6165 3190 2
4211 2192 2
28 4639 1
9832 8945 1
7933 6418 2
6069 7590 2
3553 8233 2
3069 8995 2
8020 9376 1
1125 8064 2
134 8299 1
7080 6392 2
4284 4094 2
6373 3258 1
3119 2435 2
8463 6635 2
9595 4104 2
6012 4002 1
9522 8718 1
9943 9179 2
5895 9563 2
1967 1429 2
3716 1193 1
261 6260 1
1908 8389 2
2898 8959 2
9161 1296 1
6927 9843 2
2711 8194 2
8106 3342 2
8583 2818 2
9720 6053 1
2181 527 2
7213 8942 1
4259 6442 2
1366 5351 2
1844 9129 1
4719 3933 1
753 4694 2
3965 86 2
2808 4350 1
6518 9352 2
2039 5027 2
8676 8943 2
6261 8475 2
5159 6587 2
2858 8766 2
9327 2575 1
1235 4555 1
8741 7540 1
3375 9092 1
5955 7268 1
420 6701 2
183 9903 2
4826 9937 1
2069 7385 1
8590 957 1
5842 8090 1
6033 5987 1
2825 9724 1
3143 1017 2
9082 897 1
7433 3831 1
8230 3387 2
227 1069 1
9077 3618 1
6054 8570 1
7904 9762 2
2727 7382 1
9255 5306 2
7806 4905 2
7515 4525 2
1305 9953 1
3077 2613 1
9974 465 1
686 1323 2
5660 6652 2
9973 6672 2
9875 8878 2
1004 584 2
8871 6531 2
5291 6954 1
3689 1966 2
4844 2657 1
4558 788 1
5389 7374 2
8622 5166 1
8289 947 2
3766 5931 2
6527 5705 1
1735 891 2
657 1787 1
8244 773 1
8359 5593 1
3064 2114 1
9554 9158 1
4814 2079 2
9065 3163 2
9719 1615 1
1335 6210 2
7016 6999 1
4331 6011 1
233 4513 1
9366 2906 1
3095 6489 1
7585 7207 1
8786 1635 2
9620 7516 2
6496 7731 2
2544 6011 1
8392 2211 2
1606 4838 2
5128 7937 2
7806 2773 1
384 1070 2
2321 8724 1
6981 5312 2
8319 9121 1
4383 144 1
5194 9314 2
2634 4829 2
5273 5565 2
7801 5448 2
1174 9951 1
8510 2742 2
8945 7638 2
1540 3281 2
8906 2567 1
8374 3063 1
9914 3496 1
1252 5113 2
7499 6103 2
8341 14 1
6300 5697 2
7824 3373 2
3886 4332 2
6514 4422 1
4553 4734 2
4059 3754 1
1400 7491 2
2784 7982 1
1960 7787 2
7243 349 2
2542 9529 2
7206 7731 2
3534 3413 2
3172 6466 1
676 7083 1
361 2161 1
9119 1866 1
108 1352 1
5153 6662 2
4460 5445 2
6608 4455 2
5144 6426 1
7176 7544 1
9062 9820 2
4615 7640 2
3773 1414 2
3648 9516 2
4986 9332 1
3513 1819 1
9535 4905 2
8908 1681 1
3167 7033 2
1594 2860 1
7716 3407 2
5123 4770 2
5082 5768 1
5839 8714 2
7745 3095 1
7560 398 1
8750 4159 1
8910 5711 2
5082 9900 2
1618 8177 2
3858 8266 2
7659 4906 2
2981 2844 2
6932 5384 1
1321 8023 1
3836 7096 2
8679 7828 1
5956 6383 2
3323 1073 2
6053 9461 2
6549 5537 2
7431 5253 2
10 2951 1
6939 4975 1
1283 9215 1
579 694 2
6012 1238 1
1732 3859 2
1111 589 1
8811 6576 1
999 5913 2
9861 7933 2
3381 4470 2
597 6622 1
5151 8079 2
9826 3242 1
7172 3672 1
6502 7134 1
8777 4325 1
6864 9273 1
9655 6064 1
3603 8334 2
1562 3574 2
4821 1940 2
5011 8347 2
1345 5545 1
7271 2417 1
1317 3771 1
4543 4069 1
3813 3102 1
502 2035 2
9462 2281 2
2846 428 1
8579 152 2
4075 2407 1
1244 6011 1
3302 7118 2
7874 8054 2
155 6780 1
9949 4143 1
4891 5590 1
3766 1572 2
3787 3311 1
5997 4610 1
7811 1698 1
6996 7630 2
9505 8523 1
1585 784 1
4835 6334 1
1728 2067 1
2208 3599 1
3615 7511 1
6672 2665 1
2929 2111 2
7695 4696 2
8572 8532 2
5166 9994 1
4687 4450 1
7857 3788 1
5859 579 1
9131 3218 1
9793 7391 1
6281 5860 1
3921 1364 1
8237 2044 1
2992 9145 1
525 6090 2
1228 3078 1
7121 463 1
714 2343 2
312 8274 2
5825 6397 2
6116 7454 1
2845 8573 2
5113 5826 2
6044 2799 1
274 7343 1
2340 5536 1
4620 7214 2
5819 1872 2
2602 9976 2
4238 3445 1
9455 3020 1
875 2710 2
1943 1964 2
6278 3057 2
7278 4096 2
3256 2438 1
1751 9937 2
363 1130 2
2342 5215 1
6911 1669 1
6950 3596 1
8745 852 2
8885 303 1
7663 8583 2
7811 386 1
461 5876 1
7703 8677 1
4818 915 1
7290 4808 2
9412 2031 1
7449 212 2
680 7995 1
7015 7843 1
171 11 2
5433 7748 1
8076 8327 1
7784 200 2
1663 3164 2
6579 6136 2
2779 9754 2
6458 1500 1
5853 6599 2
436 2053 2
4579 3418 1
2970 6292 1
4562 1809 2
969 4849 2
3841 5724 1
1620 5157 2
2443 1071 2
352 528 1
177 6132 1
2855 6068 1
5142 3831 2
197 3351 1
3073 5752 1
414 6789 2
30 4156 2
6102 8124 2
6669 5485 1
4231 5775 1
2434 4661 2
4975 660 2
8931 9239 2
3839 6790 1
3134 710 2
1757 179 2
816 236 2
2899 8334 1
3678 7637 1
6126 4366 1
6448 6449 2
79 3726 1
2929 6805 2
2253 3387 1
7377 1418 2
1154 121 1
7059 9389 1
3082 4590 1
5103 3390 1
8295 8470 1
9713 2369 2
5583 3181 2
3848 7440 2
7148 8184 1
6808 8406 2
5771 1068 2
5608 9509 1
8574 8165 1
4133 3313 2
8058 1937 1
5742 5923 1
2473 739 1
6117 5768 2
5354 2384 2
1268 592 2
2108 2773 1
7318 9967 1
5830 1967 1
5401 5150 1
1378 4801 2
8483 5131 2
7374 7362 2
570 5157 1
4698 5052 2
1498 5297 2
6924 2286 2
7475 9912 2
6271 7243 1
2393 7878 2
2719 5513 1
4610 5357 2
8446 8563 2
2139 5264 2
8035 2216 2
2404 4552 1
6358 1385 2
6063 1699 2
2069 6815 2
2917 1151 2
8819 8018 2
8785 9204 1
1139 6323 2
8003 7863 2
4513 2259 2
4574 264 2
2169 8618 2
2602 4469 2
7326 5073 1
4947 2212 1
37 7944 1
2744 301 1
2999 7969 1
8557 5134 2
771 291 2
6089 325 2
1577 2168 1
5289 6377 1
624 2303 1
3739 8162 1
2353 7418 1
9316 4300 1
4057 1 1
635 3881 1
3691 8942 2
5195 988 2
1340 495 1
1701 1598 1
8021 3976 1
3083 7148 1
1109 1502 1
6726 8743 2
6188 4828 2
6802 4051 2
8049 4418 2
5069 4184 2
1517 1361 1
8587 4276 1
4654 8608 2
1653 5848 1
5445 8666 1
837 9014 2
8264 3678 1
5275 2378 2
4049 3822 1
1723 4590 1
8701 8336 1
9901 7475 2
7485 8960 2
8540 4527 2
3880 8540 1
6472 7114 1
9384 4598 2
4244 6400 1
3544 2006 1
2664 4146 1
1325 3862 1
5759 3605 1
6346 2164 2
2490 9041 2
4378 6819 1
5468 5411 2
5786 9306 2
9709 4763 2
9691 5171 1
87 8671 1
2357 2270 1
1740 2662 2
2319 6331 1
9629 9006 2
5688 7764 2
9284 6263 1
81 449 1
7212 3446 1
9873 337 2
563 9651 1
8160 6648 2
5999 4043 2
1468 5883 1
3622 5694 1
6071 70 2
1652 162 1
9190 4134 1
4969 7582 2
6163 3856 1
3272 3520 2
6045 9480 2
7466 9768 2
9363 6875 2
2649 2522 1
6269 5621 2
7813 8752 1
2131 3211 1
9986 3094 1
7203 6851 2
3160 508 1
3007 4551 1
8658 664 1
8813 4102 1
8960 2945 1
3845 8387 1
5541 9461 1
8071 7268 2
9177 3764 1
6194 1812 2
2488 3298 2
9326 4033 2
9281 6905 2
4083 8926 1
6055 1381 1
4512 6803 1
1540 9894 2
9957 7368 2
6849 5649 2
8905 958 1
6816 7760 2
8340 3286 2
530 7901 1
7846 9399 1
1233 2203 2
9967 6108 2
7687 5149 1
7845 5716 2
4469 7741 1
6705 9297 2
382 3511 2
9058 265 1
1577 6587 2
232 7400 1
5074 574 1
7306 2204 2
953 9465 2
1713 8472 2
2513 473 1
6314 2321 1
1587 1901 2
2984 4340 1
8265 8444 1
6784 30 2
979 6876 2
7612 5778 1
4405 8124 2
5065 8119 1
3287 7099 2
7256 6472 1
1396 8382 2
9584 6514 1
3547 5742 1
7898 8729 2
6673 3144 1
4276 1283 1
5501 4859 2
6511 5083 1
6747 1821 2
2177 9135 1
1514 2695 1
1476 8419 2
9934 2020 2
9845 6796 2
2638 2710 2
9974 4806 2
4983 8865 2
7372 1935 1
8855 7886 2
7041 2649 1
8595 5034 2
6979 684 1
9793 4148 1
2180 4273 1
2015 1602 2
3832 6392 2
7722 1004 1
1226 9331 2
1800 9920 2
4103 1913 1
591 8557 1
8657 5796 1
7035 1512 1
445 6387 2
4540 2570 2
5797 6793 2
6021 4015 1
3400 9372 1
8622 7528 1
4453 9079 1
9059 3738 1
3155 1880 2
4692 2093 1
9292 6514 1
7635 5439 2
5598 1869 2
425 7118 2
9033 4241 1
9232 1137 2
2979 9583 1
3658 6640 2
6343 7544 2
5289 3831 1
3169 9299 1
4981 1928 2
6180 9419 2
2874 7877 1
2964 3055 1
8790 3434 1
1436 8577 1
6255 6737 1
170 2088 2
9132 1979 1
9086 766 2
8759 1342 2
2447 8721 1
1185 6770 2
645 3606 1
4510 3827 2
7552 4802 1
197 4818 2
4752 2719 1
5713 7492 2
1434 4254 1
3443 7761 2
4154 799 2
1565 2262 2
9675 1386 2
1736 3540 2
7328 265 2
1839 7790 2
671 6155 2
7282 2847 2
8609 3171 1
7524 3698 2
644 4440 1
7662 7960 2
6905 915 2
4986 4294 2
7526 9555 2
1352 8260 2
7748 7900 2
5468 9727 1
2802 6275 2
8398 6487 1
1136 5988 2
6664 5778 2
7125 973 2
2812 7959 2
2138 9728 1
6172 6404 1
6893 1829 1
6592 5721 2
9983 8229 1
3139 3403 2
7846 3456 2
886 7394 1
6252 7464 2
76 843 1
3070 6740 1
9884 8838 2
1181 1422 1
9155 1417 1
8816 6581 2
9567 9275 1
7393 8636 2
7973 138 2
7628 5113 2
2283 9174 1
6099 2711 2
7775 5011 2
5788 4612 2
2846 9195 1
1633 7236 1
3406 4810 2
4735 4908 1
8676 5808 2
3080 9047 2
2303 4547 2
3665 3717 2
3691 7850 2
148 2583 2
1871 7395 2
6895 7045 2
8624 5965 1
4276 5704 2
2283 4767 1
9943 7648 2
6495 7199 1
675 6031 1
6368 1100 2
821 4827 2
9910 4997 1
255 1200 1
4844 7280 2
8711 268 1
3265 8340 1
1237 7826 1
6346 4431 1
2936 5351 1
6238 160 1
7538 6568 2
4281 8174 2
1687 7106 2
3017 7359 1
7779 6665 2
836 4370 1
1009 5810 2
4560 3062 1
5268 248 1
2154 5360 2
1250 7562 2
48 4409 2
5459 1739 2
791 8926 1
9063 5314 1
7493 7166 2
7933 168 2
7639 8768 1
9469 8252 2
5405 9818 1
687 5970 2
3737 4459 1
2034 7391 1
5204 402 1
1926 6959 1
9177 9204 1
5202 1104 1
4552 8266 1
1711 5220 2
5316 6128 1
8058 6675 1
7558 1224 1
4518 1542 2
3576 3941 2
9720 7165 2
1578 816 1
5641 9274 1
3008 7063 2
3064 8964 1
1953 4249 2
3029 3845 2
7882 6011 2
311 6653 1
9082 5302 1
3447 6092 2
7571 1046 2
2051 7643 2
287 4460 2
5868 4676 2
4649 4526 2
5384 1334 1
416 7778 2
7776 4962 2
3527 7174 2
3875 8592 1
3288 5739 2
3762 8059 1
7004 8437 2
6018 5057 2
6788 4925 1
3053 4564 1
3332 1135 1
5457 3899 1
5970 9964 1
9215 1154 2
2108 7433 2
4733 2261 2
3599 1551 2
9333 9273 1
2192 1833 2
1364 3396 2
3703 9529 1
2908 9136 1
2271 4738 2
8946 8428 1
3960 399 2
7520 7515 2
3765 187 1
9556 5778 2
4975 3496 2
6288 2238 1
1999 7624 1
9176 2060 1
2248 9799 2
631 7696 2
9579 2175 1
1594 6383 2
1744 2177 2
9923 7892 1
5956 6979 1
631 5710 1
8613 7725 1
5857 8336 2
8120 955 1
9949 6385 1
7332 1070 1
6125 2186 2
421 3243 1
2376 3162 1
4089 7562 1
662 9973 2
3478 2168 2
5701 1921 1
9074 3301 2
5159 4791 2
538 839 2
6994 4312 2
2300 8502 1
4558 9398 2
3228 8830 1
7130 3846 1
2531 3328 1
6424 7301 1
6043 2368 2
5181 2144 2
4100 7480 1
978 9530 1
1027 1700 1
5621 7098 1
9134 6053 2
793 7418 2
81 9422 2
5697 905 1
9323 3210 2
6713 5866 1
577 756 2
9709 2483 2
4027 5597 1
8848 5375 2
2867 8105 2
5079 6252 2
4985 7826 1
251 2462 1
9473 7940 1
9835 5626 2
3698 9295 2
2039 380 1
3833 7321 1
5158 801 1
6564 5769 2
1857 8398 2
4536 5997 1
8694 6599 2
44 8005 2
1910 2665 2
2811 9973 2
4551 5952 1
166 3367 1
7698 7313 2
8240 231 2
4966 3330 1
9984 8405 1
4387 8413 1
9554 582 1
4688 1265 2
2502 7156 2
694 7681 1
9616 2553 1
371 4163 1
2086 3064 2
5416 145 1
2454 5156 2
2379 9483 1
957 2775 2
6902 4260 2
9616 4125 1
7238 625 1
4839 2662 1
4061 6749 1
5437 2727 1
6528 2856 2
3074 698 1
1769 6915 1
9193 1785 1
6054 4037 2
8106 8935 1
8024 25 1
17 4839 1
4214 3470 2
9773 627 1
1463 4134 2
1170 5910 2
6475 6343 1
8407 4370 2
9235 2397 2
1737 6812 2
1333 7238 1
54 1691 1
9369 9828 2
9843 9484 2
7086 1887 1
4167 3313 1
2805 1792 2
9470 2797 2
1109 9416 1
1814 5721 2
230 1079 2
421 5635 2
7062 1333 2
8257 4538 1
2743 2412 1
8710 4483 1
9870 6875 2
6196 5783 1
2966 4021 1
7839 3266 1
1787 3568 1
4861 9302 2
7184 6215 2
9067 6278 2
841 3304 1
5369 7579 2
6946 4727 2
9609 899 2
9590 7609 2
7012 4637 1
7128 1738 2
2773 270 2
5870 7752 2
5563 9967 2
2608 4309 2
188 8044 2
2158 2584 1
6125 8726 1
9528 1757 2
250 6674 2
5427 4609 2
7621 921 2
8523 6039 2
3022 9670 1
7435 2341 1
4944 6555 2
1878 5591 2
9237 4492 2
7650 8171 1
4268 9537 1
9128 3188 1
7930 3209 1
6582 8408 1
6789 210 2
748 914 1
5979 1826 1
9410 8640 2
8138 2641 2
1777 8741 2
5461 9020 1
6277 5544 1
5509 4148 1
594 1556 1
8790 1821 1
6716 1990 1
614 1088 1
5389 3538 1
5097 3577 1
5219 623 1
1063 6889 1
1247 486 1
1740 9749 2
3911 1719 1
9208 8917 1
7044 1971 1
4237 5014 2
7541 2787 1
2724 6488 1
9611 5968 1
3304 1937 2
3643 7177 1
3608 6937 2
8863 9728 2
6138 3132 1
7525 1917 2
6115 5099 1
142 6921 1
3663 5707 1
5136 7781 1
4095 9012 1
9845 4657 2
822 1251 1
1738 9861 1
5436 8680 1
4033 3371 2
3035 6409 1
5519 7506 1
6405 9405 1
8238 637 2
5467 4946 1
8796 9170 2
263 9176 2
3099 684 1
4867 9140 1
7279 5370 1
3696 5006 1
4435 4813 1
6545 6947 1
5364 3374 2
8269 2499 2
1028 2821 2
5472 6324 2
8520 7827 2
1226 4653 1
7787 7305 1
238 4060 1
1129 175 2
517 8609 2
4869 6542 2
3657 6337 2
8659 8230 1
8906 7171 1
1614 5625 2
4188 4582 2
3507 4958 2
7031 1018 2
9701 8511 2
1942 2450 2
3815 1867 1
745 5800 2
4997 3621 1
8611 9081 2
2043 739 1
3276 5845 1
2588 5295 1
3839 5120 1
5900 5338 1
3949 5252 2
4103 8884 2
7929 8173 1
984 3013 1
7195 1355 2
530 8824 2
2589 9044 1
987 26 2
9521 2767 2
6380 1311 2
9208 8777 1
3906 4974 2
2444 8004 1
5680 3872 2
1639 6403 1
11 6021 1
1530 1872 2
2668 1774 2
8264 3175 2
4082 9396 1
9880 8168 2
2765 9600 2
2390 696 2
5924 2385 2
3170 5600 2
6768 8265 2
6623 2669 2
9935 3696 2
5493 6095 1
1794 1712 2
3808 1882 2
7791 9255 2
6768 3207 2
4271 6088 1
5239 9140 2
2289 2746 1
8382 4560 1
9574 7735 2
3904 7936 2
787 9119 2
1916 7245 1
7362 8882 2
9303 8372 2
817 5178 2
1912 4884 1
7041 3887 1
123 531 1
5816 3840 1
7967 2602 2
4864 4801 1
3592 9940 2
4725 8199 2
1805 9299 1
6747 4222 2
8875 1067 1
3718 3844 1
7360 4885 2
9281 4603 1
2032 6030 1
3896 5642 2
3380 9509 2
7005 2045 1
5206 9760 1
8134 3169 1
9111 3480 1
3565 4857 2
3754 2056 1
8271 9420 1
7590 8594 1
7918 1876 2
2279 1114 1
1999 3040 2
9629 9529 2
5997 7299 2
2667 9771 1
6772 6323 2
1353 5937 2
1910 7306 2
2067 2096 2
1242 1977 1
4905 577 2
9592 5440 2
8125 3231 2
5950 3543 2
5079 5276 2
2094 3721 2
212 3564 2
7214 659 2
5027 9879 2
1558 6921 2
3863 3723 2
9781 5474 2
136 3449 1
3101 5591 2
4641 468 1
2691 7640 2
5491 3733 1
2416 1367 2
9329 5289 2
962 9338 2
8659 785 1
8827 2397 1
2387 2224 2
5249 9518 1
3922 6705 1
5533 880 2
9348 943 2
3324 8488 1
6960 6395 1
849 2227 1
4385 6298 2
9761 2542 2
8327 4612 1
5141 6972 2
5863 5030 2
1868 8836 1
6935 3601 1
5942 1585 2
2515 617 2
9482 4480 1
2251 150 2
6673 6629 2
7202 5590 1
2824 3094 1
6352 3641 1
8866 2334 1
6113 2436 1
5700 7612 1
8501 5151 2
7288 1042 1
5278 3719 1
9130 8006 2
6196 6156 1
2078 4420 1
9636 2516 2
2344 5129 2
2173 9719 2
6594 6266 2
4306 7200 2
8297 6827 1
4459 114 1
9217 2121 2
3587 7121 2
3613 7985 1
8235 4469 1
1335 4566 2
1270 2923 2
9566 1151 1
5083 4035 2
7443 9014 1
7799 3539 1
1147 9850 2
2568 8818 1
1488 7134 2
7651 1694 1
7104 4184 2
7006 1175 2
3516 9059 1
5702 9137 1
5994 8237 2
2299 5638 2
9780 3161 1
4623 2322 2
5767 8255 2
7435 8053 1
1573 6935 1
4858 677 1
515 9634 2
8124 1017 1
2076 9201 2
2517 3839 2
2060 6187 2
8555 3574 1
2629 6236 1
1307 4165 1
4654 6096 2
9572 9427 1
654 4620 2
4954 1404 1
8342 2310 2
5397 35 2
501 7336 1
5199 26 1
3553 4113 1
6810 3451 2
8357 1139 1
7368 5763 2
6301 5190 1
9569 1633 1
795 564 1
2240 9036 1
2598 7595 2
2054 4490 1
7222 462 1
4022 8298 1
4329 7268 1
6407 9019 2
9041 1576 1
7670 5458 2
5428 6663 2
6049 5976 2
5579 8309 2
588 4474 1
8499 1928 1
8720 9752 1
7007 571 2
4823 4774 2
1715 173 2
5298 7693 1
4507 1392 2
2003 8027 1
9890 282 2
4867 591 2
6539 7655 1
9581 4110 2
3260 1588 2
5249 5057 1
5822 7558 2
5874 7188 1
4943 9714 2
5305 6377 1
9183 4418 2
3503 5795 1
9078 2646 2
1095 716 1
7709 384 2
4802 7615 1
9344 135 1
7576 750 2
1251 5749 1
5382 1597 1
298 3337 2
4506 8933 1
9423 1478 1
3753 9890 2
8063 8994 1
7418 2102 2
237 9640 1
4457 5988 1
7790 7270 2
9221 2581 1
7452 7008 1
6577 9830 1
9828 4699 1
9543 9080 1
6023 4067 2
6128 287 1
3180 2261 1
9197 4932 1
7052 5717 2
6370 1491 1
6293 6074 1
101 3310 2
5288 2989 2
1859 9047 1
3484 5870 2
4108 954 1
3800 191 2
930 1185 2
1996 2263 2
6894 4846 1
3017 9008 2
4043 2293 2
3348 8233 2
521 5150 2
4024 1268 1
5035 8135 1
4817 9625 2
7785 5873 1
5745 4578 2
1679 847 2
1454 6445 2
7724 4458 1
8338 1357 2
7412 63 2
9098 2969 2
7903 6862 1
1880 316 2
7192 5357 2
2881 547 1
2334 276 1
832 5634 1
9782 4463 2
3473 8943 1
6567 9263 1
2423 85 1
4380 2697 1
9718 7443 1
246 917 1
3113 4443 2
8040 8992 1
7053 1843 2
7993 5195 1
8740 887 1
9509 7689 1
8820 341 1
781 3605 2
6310 8975 1
1458 8106 2
2711 4717 1
494 7225 2
5225 6024 2
7851 2262 2
8243 1216 2
1913 8811 2
5485 456 1
5373 6756 2
6982 7588 2
7852 3922 2
2398 4002 2
6756 4456 2
6492 2222 1
7172 9265 2
7960 3436 2
5407 1976 1
8978 6258 2
7150 8302 1
8218 7179 1
9594 6775 2
8005 9973 1
534 5453 2
7551 7556 2
5571 3964 1
7379 541 2
8921 3860 1
965 3356 1
2965 635 2
3769 3102 1
9301 8152 1
6264 5319 1
9150 5033 2
4546 5598 1
7799 8190 1
1543 6396 2
6379 1323 1
5709 5921 2
2587 1738 2
8078 943 1
5194 8215 1
6294 6813 2
9407 9858 2
3145 3461 1
8502 9905 2
2315 230 2
3423 1947 2
6694 3266 1
8862 6414 1
7960 8961 2
1001 4793 1
6018 3021 1
6365 8867 2
3850 5540 2
5402 8642 1
5513 41 2
4994 2981 2
4254 1188 1
3214 1291 2
5706 4205 1
9273 9034 2
6354 6740 2
3363 841 2
6416 2908 1
3999 6245 2
7026 5932 2
6885 2816 1
8234 5197 1
4865 5229 1
8204 2351 1
4274 2310 2
6211 4675 1
172 7158 1
6924 7666 1
7510 9135 2
2569 9829 2
7149 1302 2
4927 8362 1
5263 2498 1
5112 6486 2
3425 8640 2
162 3166 1
6778 7394 2
1823 3644 1
1445 939 1
7683 5584 1
2531 6837 1
9785 8924 2
1943 8603 2
526 9047 1
7144 7359 2
1396 3419 1
7906 7845 1
4801 5288 2
6469 3894 2
8125 1087 2
1493 5423 1
8088 6999 1
8360 239 1
1841 9963 2
2491 9660 1
3392 6793 2
3598 1583 2
2285 1173 1
275 6195 1
902 8772 1
9171 1274 2
3805 2450 1
4521 4792 2
9400 1244 2
4964 358 2
8976 1015 1
7850 8496 2
114 6135 2
752 2519 1
5137 2920 2
5538 8896 2
6114 1033 2
1665 4020 1
5678 588 1
9184 5742 2
6595 6520 2
1767 3184 1
8948 2103 2
6832 1038 1
7461 536 1
6957 1265 2
527 8942 2
496 7157 1
2642 3791 1
2992 9611 1
3998 5877 1
971 3464 1
8265 5441 2
2750 9156 1
9308 2643 1
4943 2508 2
7158 3619 1
7636 5265 1
6199 1852 1
313 8007 2
4598 8427 1
1790 2231 2
7596 2276 1
8631 1757 1
8647 5997 2
7578 2666 1
1592 3122 2
8148 2371 2
4021 2207 1
1909 5808 2
9608 4713 1
3471 7854 1
3181 7910 1
1915 7982 1
4088 8703 2
1172 9523 2
541 1349 2
1769 4136 1
9510 3418 1
9695 4584 2
4625 2052 2
6558 6948 2
1743 9149 1
6799 6817 1
7015 9957 1
7332 6103 1
9312 7758 1
