10000 5000 8358
2200 9008 1
7413 6195 2
9973 6989 1
4087 6761 1
7153 4855 1
1927 3928 2
4218 7740 1
4414 2105 2
4608 9774 1
1318 9254 1
3015 8241 2
8350 1680 1
3209 9760 2
103 9865 2
2402 7752 1
601 5482 1
9138 4490 1
1135 2142 2
7087 878 1
854 7125 2
8096 2491 2
8083 4723 1
1235 5792 1
1898 9598 2
40 783 2
6359 2627 2
5011 4204 2
1833 5521 2
3518 162 1
5538 1180 2
1860 5134 1
920 7580 2
3688 2834 2
8775 3499 2
3260 5715 1
6269 635 1
2938 620 1
8813 3902 1
2719 4121 1
5165 2556 1
5563 9853 2
7335 2384 2
2306 5708 2
1724 9035 2
222 9441 2
2876 6096 2
634 2170 2
7967 5878 2
4376 2487 2
9183 2954 1
1901 6334 1
6012 6298 2
7264 8874 1
3527 1530 2
6414 9079 1
9719 4979 1
9769 8216 1
1959 4687 2
4020 7442 2
2101 3119 2
1544 8590 1
8565 981 2
67 3675 2
973 9962 1
2436 1337 2
1526 7433 1
5712 9151 1
7777 2786 1
9008 1877 1
8544 4696 2
6993 5355 1
4600 5379 2
3346 2833 2
3142 831 2
8009 8365 1
7335 3148 1
1839 9896 1
9726 9788 1
7231 3201 2
3106 8951 2
811 4200 2
6333 1130 2
9735 4 2
7390 4019 2
9996 1070 1
4456 5831 1
3894 5988 1
1281 3213 1
2183 5975 2
7092 4353 2
8034 5005 1
6079 2850 1
1120 5855 1
214 8771 1
9758 540 2
4478 6365 2
1373 1077 1
3666 8604 2
3553 4255 2
7554 8654 1
5283 8804 1
1535 8552 2
2559 8306 2
865 944 2
9655 7834 2
7361 1907 1
2206 658 1
1151 865 2
3933 2228 1
7981 9404 2
6801 413 1
6433 9661 1
7531 3214 1
5319 7183 1
79 7247 1
3469 9922 1
8133 6871 2
2854 745 1
8028 8613 1
904 2972 1
8578 4682 1
3981 3815 2
349 893 1
742 2537 1
4645 8101 1
6739 3830 2
7303 8947 1
1244 5446 2
5140 7509 2
75 5956 1
8351 276 2
8272 9903 2
9827 8615 2
8412 2124 1
5547 7485 1
4854 5346 2
8824 5336 2
7145 8380 1
4431 4316 1
6356 5179 1
3528 6724 2
2184 3794 1
7952 7438 2
1342 2872 1
1800 7914 2
4207 2841 2
4835 3150 2
6298 7285 2
7692 5653 1
1409 3584 1
2206 2795 2
284 9601 1
2730 1683 1
9940 1443 1
7445 6674 2
6105 5606 1
375 7505 1
9389 8046 1
4461 1198 1
4743 99 1
2583 6107 1
6561 1472 1
7371 1598 1
8731 5477 2
2416 9520 2
3957 1317 2
8708 8046 1
8520 6472 1
8311 1291 1
4126 746 2
4061 9756 2
1622 2778 1
8208 8154 2
1537 8780 1
5004 6340 2
440 7528 1
3298 5018 1
9507 2393 2
1653 7171 2
5699 5982 1
991 1944 1
4473 4892 2
8237 455 2
5932 6970 2
1231 8128 1
8200 5155 2
2153 9243 2
4554 9576 1
6021 6481 2
1173 7500 1
3871 5887 2
3615 2822 2
8871 2262 1
9492 5826 1
4595 3901 2
4978 1984 1
3562 2125 2
636 9652 1
4090 1652 1
4440 8708 2
4306 2019 1
5537 3693 1
6201 6384 1
2453 7407 1
1750 2181 2
7495 8380 1
1445 6319 2
2318 2989 2
1528 9247 2
7541 5629 1
468 877 1
5369 2188 1
6448 4912 1
5358 6925 2
777 2199 2
9338 1656 1
2097 6307 1
89 7657 2
6459 5066 2
5863 2383 2
7217 6278 1
5257 6382 2
4687 116 1
4372 5565 2
6805 1606 1
5796 2953 1
1352 7713 1
4919 5024 1
6337 7728 2
3056 9847 2
524 8015 2
3140 3045 1
4539 9136 2
816 1621 1
4865 5626 1
7553 6728 2
1752 4053 2
4698 4481 2
5147 6447 2
9794 1431 1
6684 3082 2
2563 7830 2
2255 7067 1
6940 7822 2
7037 589 2
3520 9587 2
8339 92 2
8453 6699 2
3760 8347 2
1782 7779 1
1978 8046 1
5858 8299 1
3258 6320 2
9562 9525 1
2635 3599 1
4119 1610 1
3903 1419 2
1073 7749 1
7466 9386 1
9657 1749 1
3749 519 1
2176 9759 2
4124 63 2
3518 5851 2
8465 5122 1
6236 7954 2
3479 2328 2
6554 1094 2
4599 6345 1
874 1706 2
6814 4772 2
2643 2838 1
557 1945 1
6495 3924 2
8424 9391 1
5261 6742 1
8360 2047 2
2543 7709 1
1481 6726 1
7581 9427 2
4332 1527 2
8801 5587 2
5846 1479 2
6825 2395 2
3407 3872 2
4217 2385 2
7141 6382 1
3542 9723 1
598 6613 2
8139 2645 1
3785 6841 2
9480 959 2
5718 3716 2
1950 1421 1
937 8995 2
7988 4661 2
5747 2313 2
1797 4564 1
9129 8443 2
5152 6890 1
4451 5235 1
6295 3881 1
9406 5806 2
3408 8346 2
1067 9533 2
8551 8616 2
5086 7272 1
6794 930 2
1679 3638 1
7723 205 2
2764 4086 2
4946 9664 2
613 9689 2
1273 3847 1
3775 9029 1
5774 7649 2
7650 5284 1
9956 1970 1
8027 5827 1
162 5778 2
7083 7876 1
5538 5035 2
629 3244 1
6691 7822 1
8756 6357 2
2968 9647 1
2147 2173 2
1127 6389 2
7139 7510 2
7323 411 2
8200 1188 1
3635 8018 1
3324 5538 2
2721 349 2
91 3133 1
2971 3747 2
3830 6359 1
6989 6480 2
4080 9733 1
2196 9540 1
6164 4002 1
2965 1410 2
60 458 1
9604 9459 1
1147 2447 2
5853 977 2
4597 5464 1
527 5228 1
1234 8477 2
9324 1144 2
2735 940 1
9835 4189 2
8236 4983 1
3510 6854 1
7870 2740 1
3068 466 2
3471 3628 1
7760 7575 1
9977 6396 2
7288 8938 2
5775 6775 1
6127 9079 1
3205 9585 1
5539 191 2
2786 8597 2
295 3797 2
1557 6881 1
1763 2833 2
4269 6565 1
2239 605 2
96 8552 2
7804 3194 2
7493 5859 2
7019 5788 1
8538 4675 2
5107 8442 2
4126 2971 2
8559 1439 2
3176 9536 1
1502 9708 2
558 1371 2
1314 6707 1
1039 4203 2
9873 5085 1
9674 8048 1
5079 8726 2
2453 5233 1
6482 4700 1
8839 9335 2
7685 6499 1
4653 5792 1
437 99 2
9833 8861 1
8399 4168 1
5566 2868 2
3760 4290 2
8518 5710 1
7147 3347 1
7356 6346 1
8295 4419 2
5938 1752 1
7727 7439 1
2620 6016 2
9312 982 2
9012 6313 2
7134 6827 2
5332 7393 2
3695 3830 1
2078 8940 1
8718 163 1
5352 7133 2
6025 2993 2
5688 7598 2
404 3571 2
493 3630 2
1348 2243 2
7270 9998 2
4853 7130 2
2248 8035 1
9029 6410 1
396 6359 2
918 9764 2
4078 6728 2
1504 9682 2
4079 2808 1
9724 9950 2
2996 3387 2
3386 7145 1
230 4924 2
236 4661 1
4544 40 2
3913 2443 1
7492 5617 2
827 3783 2
5766 3068 2
1377 5046 2
863 5012 2
702 5263 2
3131 8005 1
6056 1207 2
6940 2625 1
7482 8891 2
2485 6735 2
4450 6714 1
303 7783 1
7811 1897 2
5991 2423 1
9381 2797 2
8990 7169 1
8896 8676 2
5736 9850 1
3669 2093 1
8286 6029 2
8293 6811 2
1228 2998 1
8087 310 2
1859 6376 1
4902 9177 2
1336 2183 1
5233 725 2
3923 1359 2
74 5197 2
4193 5723 1
6440 9864 2
3571 1566 2
3972 4339 2
9021 302 2
5055 5692 1
3719 6084 1
5131 7576 2
7968 1869 1
5774 5165 1
950 4700 2
2978 6553 1
7886 4454 1
6232 7353 1
6499 3476 2
9872 6259 2
7151 4948 2
6402 6141 1
3235 3401 1
5288 5923 1
1541 4871 1
5569 6533 1
4509 3159 1
8960 6118 2
2855 8697 1
6124 5518 1
6260 3805 1
5902 4009 2
2872 4985 2
7333 6694 1
7373 2390 2
8581 6746 2
79 7763 2
339 4602 2
4895 3313 2
6811 6836 2
8144 9364 1
6059 7847 1
3325 8729 1
7173 9206 1
113 8186 1
5441 3097 2
9709 1851 1
1544 6139 2
2709 3553 1
1306 4317 1
7171 5350 1
8857 7522 1
6883 7879 2
2556 529 1
1878 7926 2
1165 6391 1
6623 920 2
523 3042 2
5960 7047 2
6505 8422 2
2142 33 1
4317 3900 1
6657 5975 2
5282 6270 2
1830 495 1
6454 5581 2
612 9715 1
9101 8123 2
4746 3392 2
7260 5985 1
1032 9096 2
2846 7130 1
4961 5968 2
8563 1990 2
5295 8610 1
652 2776 2
7519 5853 1
3281 8793 1
7921 8192 1
7051 899 1
2377 4338 2
7786 4118 2
9601 3341 1
1519 5254 1
821 366 2
7891 3595 2
4677 7431 2
4751 5247 1
950 4654 2
482 9940 1
1025 3147 2
2463 4684 1
8403 3742 1
827 3967 2
5436 7094 2
9555 1336 1
3504 6251 2
660 8520 2
5865 4677 2
466 6770 1
8082 1394 2
4562 5549 2
493 5796 1
1343 950 2
1519 9809 2
7368 5755 1
8319 2225 1
8912 5776 1
4570 7028 2
8317 3918 2
4082 570 2
523 8095 1
1130 168 1
246 884 2
3532 4297 2
6787 2559 2
3459 6795 1
4119 3673 1
2321 5726 1
8078 5565 1
2442 5641 1
3030 923 2
4359 3653 2
3089 2534 1
8469 8495 2
3367 5206 2
4691 810 1
3553 1639 2
2311 8267 1
9055 8712 1
8330 2363 1
259 5885 1
1047 6489 2
3444 5662 1
6336 3302 2
3964 1846 2
9209 5686 2
491 7828 2
1931 9941 2
2641 8381 2
1603 3664 2
7783 9896 1
3792 1576 2
7719 1969 1
7096 1955 2
8080 8646 2
5667 1051 1
3891 6749 1
559 5740 2
840 3580 1
7594 3482 2
2138 3696 1
2059 9401 2
1143 8167 1
9690 3347 1
9377 3973 1
9652 8998 1
5599 2243 1
344 3 2
8653 411 1
4844 400 1
3975 3710 1
9880 9623 2
7650 7246 2
1433 5317 1
4900 8692 1
3696 492 2
455 9675 1
5329 7073 1
6058 6163 2
1061 2366 2
2495 5183 2
8920 8225 2
8382 567 2
6203 5564 2
5217 3975 2
9811 2931 2
8246 5630 2
2232 5185 1
369 8496 2
3927 5027 1
8679 7061 1
5057 3307 2
6611 1960 1
8874 814 1
7908 4056 2
9882 743 2
1389 3178 2
463 6434 1
5781 6309 2
4681 3841 1
8629 8036 2
6845 9531 2
7068 6328 1
2947 792 1
46 1060 2
1112 5142 2
5937 9967 2
7421 1783 2
2302 6133 2
4662 9665 2
6790 7830 1
5291 6220 1
1771 9766 2
9290 8744 2
1154 5563 1
2723 8532 2
7592 8179 2
7995 8440 2
2154 8155 2
1578 9372 1
827 7896 1
2605 3791 1
7394 7154 1
7604 7889 1
4089 9828 2
6501 7416 2
5199 8990 1
3927 2175 1
2999 6611 2
2072 419 2
2999 6171 1
5464 5412 1
8154 2418 2
5580 6570 2
6190 2471 1
587 7870 2
2279 7950 1
7588 364 1
282 3951 1
535 4872 1
7219 133 1
6167 8869 2
3247 4943 2
5567 4255 2
9683 226 2
4793 7635 2
4723 5413 2
4824 3058 1
2699 275 2
5728 8002 2
7162 7517 2
9160 6748 1
9282 7830 1
2927 7535 1
9674 5637 2
5332 6668 2
1020 7030 2
4813 9320 1
1527 1785 1
929 4413 1
9614 6530 2
9182 7672 2
2998 5943 2
7924 941 1
668 1269 1
6407 7295 1
7069 1516 1
1985 2056 1
7581 8286 2
5037 3671 1
6081 6676 1
8637 3213 1
4276 345 2
8070 8623 2
6006 4765 1
8735 2855 2
9352 3203 2
3526 3379 1
7217 7203 1
7354 7108 2
6284 7177 2
9810 3873 1
1064 1572 1
7732 6082 2
5239 1512 2
6991 197 1
1695 9612 2
5618 9387 2
1772 2973 1
402 5996 2
4476 8697 2
6408 9983 2
4529 6213 2
6065 6275 2
6019 8984 1
1708 1882 2
1899 7485 2
5023 6328 2
9225 341 1
9939 152 2
5008 6467 1
595 3239 2
8085 8414 1
1345 9175 2
7027 3970 1
4961 2398 2
9 511 2
4380 9380 2
3210 1561 2
1423 6232 1
2892 2518 1
7801 8028 1
5914 2659 2
112 9061 2
6146 4863 1
813 3596 2
8024 2863 1
6795 8111 2
8817 7849 1
8476 480 2
9593 1864 1
7492 3237 2
2350 8398 1
6028 6951 1
1522 6317 2
6768 9091 2
5740 6797 1
4098 4812 2
1080 8314 1
5781 2454 1
7507 2227 2
6914 1757 2
4880 1980 1
9174 3580 2
5493 4333 2
6146 711 1
5422 96 2
8826 4593 2
8201 3879 2
983 5334 2
4649 4915 1
1141 9779 2
7684 6894 1
4629 665 1
8421 8147 1
5084 1582 1
5818 2512 2
3171 971 1
4518 155 1
2277 3039 1
2192 6842 2
9603 5178 2
9619 2153 1
5859 9123 2
2684 7640 1
2157 1779 2
3359 7675 2
9389 8120 2
3203 8200 1
8980 3923 1
2609 2908 2
8663 4058 1
3017 9671 2
4974 1494 1
6476 4939 2
294 1142 2
8995 5281 1
2000 587 2
679 5875 1
1696 9498 2
3463 7747 1
2222 3693 2
8021 5411 1
5768 2162 2
1129 7899 2
3294 4474 2
4636 8519 2
997 4475 1
3150 6822 2
9829 8783 2
9154 7996 1
1275 7475 2
2589 5376 2
2216 7817 1
5066 6767 1
9535 9638 1
1192 2711 1
8283 357 2
3850 5597 2
3863 1730 1
5750 9432 2
6948 2687 1
3063 4595 1
2470 8386 2
7884 6799 2
9239 3909 2
8742 8750 1
5603 1509 2
5790 1290 1
9819 5764 2
1100 2348 1
8690 936 2
1841 2757 1
7187 8825 2
142 7304 1
409 486 2
4731 3486 1
9573 5841 1
3617 4913 1
1499 1550 1
3984 6305 2
8021 456 2
5818 8146 2
815 3757 2
6742 1676 2
8761 8365 1
9294 9866 2
9753 5582 1
3393 8475 2
5158 2203 2
834 1892 2
5950 4144 1
951 3868 2
6448 8624 2
9866 5727 2
1123 4400 2
2140 1244 1
1358 9193 2
7853 8199 2
8669 1481 1
3365 599 2
7955 2163 1
2911 7625 1
8114 5418 2
6088 2987 1
2484 3162 2
2740 4370 1
7926 6656 2
9018 757 2
5048 2460 2
1811 3487 2
3502 934 2
1407 3105 1
4322 3943 1
4911 7437 2
3407 859 2
204 3788 1
1255 6918 2
5007 2073 2
3119 4795 1
9479 4164 1
5230 806 2
6182 4289 2
3409 1588 1
4052 9030 1
1306 390 1
6187 6032 1
2380 7042 1
1193 2622 2
2129 6882 2
4401 8085 1
3332 2354 1
5754 986 1
7959 7014 1
5262 4331 2
2735 1922 2
1084 3079 1
5427 9664 1
9767 3121 2
784 2702 1
9494 1 2
2456 8781 2
1218 5939 1
8878 7427 2
6042 1350 2
1867 4058 1
5362 1565 2
781 7551 1
4527 3618 1
3539 4707 2
3309 3438 2
8994 5038 2
4890 9826 1
5667 4871 2
4872 7378 1
4178 9741 1
686 2501 2
3089 9969 1
376 294 2
227 89 2
6755 2262 1
3633 9551 2
8674 359 2
920 8768 1
3244 6786 2
8713 3902 1
8347 5106 1
2584 9231 2
8302 5927 1
5054 6075 2
8072 101 2
183 817 2
846 3186 1
4821 7283 1
9229 6123 2
6443 3605 1
7939 1439 2
1394 4562 1
9793 9106 1
8551 6231 2
1455 2300 1
3099 2518 2
2648 7064 2
9442 7141 1
985 246 1
7509 8508 2
5670 3929 2
5504 27 2
2566 2041 2
388 1793 1
4930 8481 1
8054 7446 2
8778 2082 2
4174 9074 2
2960 4239 2
6697 2243 1
6874 8031 2
5560 6060 2
6532 2191 1
831 6928 2
8108 5629 2
2503 6971 1
2293 7918 1
3980 3145 1
2900 7176 2
5407 2829 1
7862 1225 1
1893 8412 1
1336 9374 1
3478 9407 2
8989 6637 2
5631 8517 1
8620 4652 1
6704 2494 2
6928 3943 2
527 7361 2
7894 4094 1
3988 3847 2
1426 4196 1
2555 317 1
3306 1649 2
5109 470 1
1481 3137 2
1318 9927 2
1662 3635 1
1720 58 2
4410 8620 2
7095 1787 1
870 2353 2
2148 4382 2
6475 768 2
9155 1799 1
9799 24 2
9708 48 1
415 6731 1
6349 871 1
2247 3443 1
9686 3405 2
9964 1339 1
4779 2184 2
459 6450 1
8886 3889 1
5415 4924 1
4851 5271 1
8199 9824 2
6019 9931 1
3637 7402 2
6713 9842 1
6304 1083 2
64 6758 1
9339 2116 1
6178 7557 2
6812 63 1
5666 3680 1
7310 4646 1
6388 2606 2
2239 6602 1
5632 1222 1
34 2861 2
9666 2984 2
4687 6568 1
6045 9637 1
3486 3958 1
1443 163 2
7264 1495 1
7070 1834 1
7414 3678 1
587 1977 1
6055 6964 2
9594 4209 2
3295 2707 2
5615 4953 2
1722 2075 1
2980 345 1
3373 2960 2
8437 1407 2
6926 7897 1
1186 2125 1
2631 2275 2
128 5192 2
6631 989 1
3177 139 1
2064 5834 1
7607 5778 1
9050 8562 1
4749 8848 2
351 4848 2
1854 3513 2
6157 2005 1
6580 3976 2
8087 8932 2
7754 6154 1
52 2596 2
307 8994 1
5055 7521 2
5393 6451 2
5909 3292 1
6366 4617 2
6362 566 2
662 9392 1
452 2953 1
8507 5403 1
1614 4559 1
5008 2959 1
1687 9561 1
3359 1461 1
5504 521 2
6883 6987 1
9346 9192 2
7422 3540 2
7110 8113 1
6069 5523 2
954 804 1
1455 4644 1
163 4692 2
1337 3172 1
1717 6361 2
8612 340 2
1373 2031 1
5366 6921 1
7064 4901 1
5301 4623 1
9545 3279 1
2335 7889 1
4471 1781 2
53 6483 2
7484 8882 2
6747 6345 1
9959 7893 2
1098 7725 1
3979 595 1
3055 8477 2
5806 9555 2
2233 4858 2
9963 8449 2
2798 6154 1
6832 8667 1
2791 8550 2
1569 1767 2
6463 4861 2
8931 1259 2
344 3151 2
1586 5924 2
358 2196 1
4907 3888 1
257 8995 1
9250 9763 1
2408 3755 1
78 8566 2
5257 2765 2
4392 9683 1
2490 7183 1
3376 3131 1
4819 2779 2
4888 4784 2
6417 2030 2
7495 9307 2
1989 745 2
3607 9015 2
8323 2371 2
4631 1300 2
100 9862 2
3481 8069 1
4276 3950 1
2821 242 1
2228 8621 2
7653 8887 1
297 9721 2
5703 7075 2
1979 3228 1
9422 8634 2
6599 9619 1
6561 1044 1
3342 8832 2
5291 8427 1
9572 1817 1
9577 4017 1
4433 6374 2
4095 4232 2
787 6214 2
1491 728 2
43 2491 2
2096 1068 1
1115 9849 1
7093 7173 2
8910 5883 2
196 5814 1
5120 4463 1
8931 4070 1
1938 6149 1
1854 3089 2
3992 6515 2
8851 8839 1
8810 7796 1
676 284 1
406 84 2
3497 1766 2
8220 3382 1
8139 3459 2
2401 878 1
26 6032 2
61 6376 1
1913 8754 1
4013 1967 1
1260 2817 2
9985 6566 1
961 7736 2
5167 9395 1
5988 7655 1
3118 31 1
777 4449 1
9964 4071 2
4630 3710 2
4425 9470 1
6518 7450 2
8698 1321 1
8247 4308 2
8679 1009 1
6333 9776 1
3196 5861 1
3085 6054 2
8556 549 1
7346 1536 2
1737 3912 2
9996 2288 1
7086 5479 1
3436 1672 1
5141 5615 1
1146 4704 1
3041 3939 1
6207 7811 1
1174 7576 1
5115 4114 2
4140 72 2
4864 6399 1
5487 7407 2
9365 6548 1
562 6865 2
4308 4106 1
1815 2034 1
6460 3922 1
776 732 2
8319 463 1
5010 5869 1
149 7434 2
9685 8486 2
6504 1181 1
5317 7933 2
8038 1577 1
460 5564 1
3714 6224 2
7397 8608 1
7396 7835 1
1251 2762 1
9876 7717 1
7256 1409 2
4722 957 2
8030 8255 1
3601 2169 1
3122 5664 2
2152 9742 2
4179 6118 2
7568 489 1
5128 3543 2
9881 9785 1
3559 8333 2
7636 2994 1
4863 1317 1
4826 8683 2
3119 8177 1
5396 2961 2
3548 2214 1
832 5538 1
1183 2511 1
1139 5443 2
2117 88 2
578 1547 2
4573 6771 2
5815 1349 2
366 6422 2
738 338 1
1182 6011 1
5 8148 2
3051 1200 1
1783 9125 1
6758 1125 2
9202 8862 1
1860 4912 2
3702 6640 1
2156 1180 1
3476 3278 2
3259 725 1
4643 3105 2
1698 9085 2
350 6019 2
8487 1035 2
1587 4468 1
384 1863 2
7046 6153 2
6203 3823 2
4348 375 1
9209 8982 2
5265 524 1
4798 9615 1
5410 6087 2
1571 534 2
3523 4859 2
5701 8023 2
9099 7280 2
531 3381 1
4227 3634 2
1427 1813 2
3563 3024 2
2365 4656 1
405 9502 1
4942 5829 1
952 5140 2
967 3412 2
318 6316 1
4604 516 2
8662 8888 2
7462 6606 1
5843 2105 2
6369 9807 1
3227 9753 1
8191 7162 2
5544 4226 2
722 4804 1
8555 101 2
3270 5014 1
5908 2085 2
9701 1359 2
2267 8265 1
5473 5919 2
267 9501 1
7501 2493 2
1473 7969 2
7844 1154 1
849 4297 2
9969 8844 2
9041 5819 1
8645 2748 2
1469 3380 1
7189 7304 1
5601 3235 1
6537 506 1
4834 6685 1
8078 6959 2
2662 4551 2
6581 7688 2
1446 6863 2
9650 3452 2
2403 516 1
9357 4117 1
4527 9561 1
6629 2510 2
7519 5798 2
72 4332 1
8336 1959 2
9755 8082 2
2207 2763 1
2808 1099 2
4383 9766 2
4043 7380 2
3271 3119 1
6533 8990 1
1682 5795 1
3466 9633 1
9357 5488 1
5186 3172 2
4332 9019 1
4139 9078 1
6853 4347 1
8949 8248 1
6547 8555 2
5765 2593 1
4324 332 1
3827 8105 2
92 9184 2
6683 3934 2
1504 4064 1
8592 4242 1
3916 9608 2
6885 5322 2
7454 2854 2
98 6513 2
2360 7662 1
7573 5555 2
2689 4296 2
5486 2530 2
9637 3472 2
6753 4389 2
7617 7382 1
5528 6340 2
1896 1596 1
7727 509 2
4704 8315 2
9014 9570 2
5990 2942 1
9875 3225 1
9126 3076 1
8973 7210 2
3331 7074 1
3058 517 2
1301 4687 2
2498 1161 2
8310 6087 1
177 6734 1
1540 8857 2
2153 3116 2
1091 377 2
5494 898 2
9736 3118 1
984 7264 1
8254 8501 1
9444 3581 1
9605 9516 2
5587 3361 1
5534 4360 1
2066 4188 1
3952 9008 1
2241 6686 1
1335 1087 2
3780 2045 2
8527 278 1
4117 210 2
6461 1479 2
9791 8796 1
8743 7387 1
1349 315 1
7462 8461 1
8265 6214 1
2363 5549 1
6725 9942 2
2936 607 1
390 5929 1
9715 1929 1
379 9104 1
3558 3048 1
5610 1840 2
9617 3259 1
3948 5077 1
887 4119 1
7949 1019 1
2301 7649 2
2221 835 1
1358 8839 1
4465 4308 2
9401 7720 1
8194 647 2
5505 9335 2
6012 3978 2
3852 4108 2
849 8014 1
7141 306 1
9828 9882 1
6683 6714 2
5726 325 2
5247 2647 2
2349 2975 2
5114 769 2
336 2649 1
8436 2738 2
5308 5720 1
2974 3739 2
362 8198 2
729 1792 2
8966 7073 1
5549 8312 1
834 8219 1
2883 286 2
3537 9896 1
2043 6371 1
8652 7843 2
4711 6761 2
1137 8841 1
8846 1433 2
7902 4508 1
1514 9774 2
7210 337 2
2154 8408 2
9373 5826 2
5889 2491 1
2500 2350 1
7301 8621 1
4078 3524 2
7329 3435 1
1569 3243 1
8195 4932 2
4645 1693 2
1471 9660 1
1335 9112 1
6106 5899 2
2984 1532 1
2303 4268 2
2188 7407 1
1934 8830 2
1004 7660 1
8696 6598 2
2212 9615 2
1380 2011 2
6341 8651 1
6606 3753 1
6788 1844 2
4514 3855 1
105 581 2
4613 5089 1
5730 4780 2
5517 1046 1
7581 8361 2
7732 7835 1
9409 5923 1
3097 2846 2
310 7714 2
4238 9603 2
9848 1478 1
4139 5731 1
2424 7823 1
2922 5912 1
6411 9698 2
1929 4771 2
6953 5131 2
363 822 1
1855 5509 2
7527 2618 2
7806 3492 1
6903 4523 2
7401 6891 1
7995 8247 2
8795 1686 1
3780 978 2
1407 6706 2
3369 5332 1
5878 3632 2
2917 8953 1
1013 7910 2
3334 1072 2
132 9181 2
3776 8205 1
7712 1140 1
4409 8152 2
8921 7771 2
6650 124 1
1077 2713 1
772 9224 1
1163 1015 2
8808 8113 1
3993 2499 2
9966 6542 1
5151 7342 2
2207 6843 2
674 2078 1
7371 5895 2
4938 7709 1
1204 182 2
8675 1704 1
5201 287 1
2608 6112 2
7500 7902 2
1027 3020 1
4965 9316 2
8503 6230 2
9228 2066 1
7767 8042 1
8858 2418 1
3635 8730 2
169 5502 1
402 8732 1
8664 7127 2
5115 7770 2
3288 207 1
8827 8609 2
8865 3807 1
9106 6035 2
1054 8642 2
69 3589 1
4332 3992 1
6574 3921 1
6671 2916 1
4903 6405 1
7102 8559 2
5491 3235 1
210 5714 2
374 6735 1
1243 7232 2
6759 4308 1
1531 5354 1
4677 6863 1
8232 9416 2
7391 4178 2
5054 6599 2
5739 1299 1
3227 5974 1
5296 3802 1
8962 4376 2
4843 9814 1
5961 8132 1
8574 7545 2
2586 1032 2
3740 9719 1
3446 5762 2
8095 5116 2
7709 4486 1
2099 3907 1
1591 8971 1
9800 6287 2
4094 9453 1
803 3654 2
8706 1549 1
8845 9792 1
372 4188 2
2227 1085 2
9867 820 2
8036 8300 1
5442 7519 1
2486 3493 2
9271 5869 2
6274 480 1
7006 1011 1
9315 6348 2
9821 8919 1
4859 4713 1
1629 3269 2
8927 9214 2
6239 525 1
6566 8244 1
4309 4370 2
7101 7576 1
7636 2908 1
5430 9901 1
1737 1175 1
420 3416 2
4657 9970 1
1424 226 2
3711 9249 1
4184 1706 1
7098 7740 2
5339 4816 1
1036 2782 2
9198 555 2
5812 3846 1
3418 836 1
9541 8697 2
5883 7321 1
9189 8190 2
4898 4347 2
7103 4496 2
3156 7824 1
273 8384 2
3642 1825 1
5630 8321 1
9119 8749 1
9710 9882 1
6021 5397 1
6073 1960 2
9264 3838 1
7696 8473 1
3641 994 1
9044 4897 2
6092 4799 1
5485 153 2
6698 7798 1
5492 2907 2
7272 9389 2
8425 4376 2
222 2510 1
4302 6962 1
7770 4278 2
8601 3122 2
9946 9335 1
102 8819 1
8309 8982 1
3491 6421 2
4243 2637 2
4963 6411 2
4272 5482 2
5452 2685 2
2525 6271 1
4536 6647 2
1151 1312 2
7640 2040 2
6222 8104 1
1660 2628 2
2743 9076 1
4604 7843 1
7579 9766 1
1890 4303 2
1630 8771 1
4798 7818 2
1721 2214 1
5201 9638 1
5256 1035 2
8818 3131 2
5692 9956 1
4636 9412 1
2042 4024 1
878 3330 2
2858 895 2
6521 1352 1
153 6263 1
8598 2573 2
7447 930 2
4366 2701 1
5962 4502 2
1343 6088 2
7625 3627 1
4142 7922 2
1234 3648 2
5408 3873 2
6949 631 1
8591 8050 2
7799 6165 1
5707 581 1
5824 3667 2
1990 4780 2
3101 8655 1
343 208 2
1870 2108 1
7912 44 2
4521 5277 1
2712 6080 2
3878 702 2
7818 3343 1
2304 2779 2
3044 1281 1
4858 7783 1
3169 6658 1
2376 8935 1
3952 9281 1
6722 4132 2
6066 354 2
757 5277 1
8176 9581 2
9153 2066 1
546 5692 1
6060 906 2
185 4849 1
6909 6254 1
230 2382 2
6546 4428 1
6368 5866 1
6682 3525 2
2595 1331 1
8300 655 2
3276 7575 1
5119 5235 2
2638 6521 1
7295 3408 1
9359 9859 2
8975 5894 1
5339 654 1
7809 3404 1
7168 8379 2
7087 155 2
8593 9661 1
4566 9713 2
6980 749 2
9638 9071 2
3444 7317 1
8467 7515 2
1359 7733 1
1655 8831 1
5528 3666 1
4046 4760 2
9878 7714 1
3016 2472 1
8084 3825 1
4602 7812 2
7743 2014 2
2685 1318 1
8379 9646 2
3694 9740 1
8254 2569 2
7661 6455 2
9524 8824 2
302 6606 2
1065 4109 1
1930 9336 1
6322 3435 2
5359 1349 1
5524 1642 2
9628 7878 2
8843 1205 1
4182 4177 1
8645 7803 1
7718 4478 2
6581 4625 2
153 3692 1
5296 1374 1
3278 7788 2
9283 5181 2
7612 4693 2
891 2239 2
3177 7727 2
9691 3670 1
2996 952 1
7578 9772 1
3564 370 2
4818 7738 1
6390 8562 2
5426 1889 2
2747 9667 1
6845 1748 2
8471 4753 2
4009 5644 1
7804 1231 1
641 1635 2
6973 5377 1
3604 4169 1
4579 1587 2
5059 6691 2
2075 4112 2
5959 38 1
7878 6795 2
5352 5904 2
168 5898 2
6167 1632 2
5914 7573 2
9957 1225 2
3849 7564 2
426 7507 1
980 2079 1
6143 8954 2
6833 1859 1
9300 3293 2
9016 7044 1
6347 8784 2
8487 3997 2
6491 2650 2
8332 5377 1
2286 7384 1
4974 1478 1
7123 9032 2
7573 4917 2
4028 6383 2
5549 2572 1
9873 1364 2
5448 2315 1
7308 1890 2
6793 3738 2
5611 9210 2
7625 626 2
9218 2735 2
8021 4959 2
7766 7112 2
4542 2997 2
9618 5217 2
4056 9288 1
2870 5754 1
1115 6754 1
2243 8439 1
293 1969 2
5136 6606 1
6311 2838 1
1240 4092 1
8387 7 1
4746 4256 2
8661 8829 2
6312 1023 2
8983 7591 2
4136 4734 1
8090 3830 2
1926 7147 2
4340 4095 2
9472 1877 2
2557 6636 1
6728 8511 2
8689 3963 1
5686 9393 1
9585 5117 2
9748 3815 2
9457 104 1
7808 1792 1
76 8438 2
365 3424 1
2204 468 2
8610 2222 2
3762 9844 2
2185 8551 2
436 3371 2
1681 8841 1
4265 8067 2
5437 2713 1
8943 3770 1
5523 1678 2
486 3618 1
7774 4563 2
4835 9391 1
8957 1065 1
3182 60 1
6002 6226 2
1828 5254 1
1027 3991 2
3797 4351 2
5388 7716 1
5239 6732 1
8778 7847 2
2433 4696 1
2178 3444 2
273 1759 2
7320 5187 2
6951 2660 2
984 8976 2
135 3931 1
5857 2171 1
3963 8383 1
8053 5990 2
5119 7181 2
4283 4986 2
7699 1208 2
8877 7890 2
7565 9971 1
4522 1517 2
7780 794 1
9349 80 2
1286 6649 2
7908 8658 2
7443 1347 1
1954 8207 2
8175 8476 1
6733 5046 1
4356 3760 1
8808 6363 1
9406 2650 1
667 4981 1
2509 8317 1
4398 4961 1
3334 1583 1
3058 2381 1
1203 2841 2
5224 5470 2
5054 7656 2
4119 7947 1
4682 4271 1
8490 5727 2
1866 1699 1
6176 715 2
2952 2525 1
619 321 2
1808 2476 1
6417 1322 2
7538 5408 2
8910 2641 1
7059 6864 1
1376 8502 2
5884 4261 1
5930 1293 1
138 9917 1
5073 8316 1
2028 9353 2
9090 7424 2
7353 6831 2
6186 7496 1
2039 3784 2
92 4344 2
4357 6307 2
8911 1800 2
7842 8545 2
221 7251 2
3235 9111 2
550 3385 1
193 8319 1
1851 1357 1
8184 8055 1
7571 9783 1
9178 1040 1
6473 2818 2
9130 1280 1
5147 5311 1
6466 2641 1
1165 1377 2
2189 7712 2
9812 9920 1
8317 1086 2
6252 6358 2
9238 4450 1
1107 7364 2
8897 3830 2
2123 4622 1
8362 1814 1
8300 7691 1
7795 5108 1
5919 470 1
1199 4630 2
9876 6544 1
743 7846 2
7213 9563 1
9929 1217 1
1665 640 2
5764 2857 2
5994 6874 1
4637 9187 2
3383 8233 1
2476 3290 2
9739 7073 2
48 6026 2
5372 6648 1
2807 4101 2
4965 2907 1
3079 4690 2
212 7705 2
7736 6873 2
1212 6598 1
5624 8280 2
5 9386 1
1157 5633 2
8167 3216 1
8198 2282 2
4995 7431 2
4643 9451 2
6378 1540 2
5432 2131 2
2643 7790 2
6246 7044 1
5465 6993 1
98 7571 1
1275 108 1
5525 3625 1
6971 1923 1
8298 5348 2
9088 2045 1
1794 6966 2
499 727 2
3219 8565 1
7461 2383 2
4277 1626 1
5832 8585 2
6996 8354 1
626 6830 1
3985 2528 2
7933 1320 1
2833 9353 1
6361 232 2
2540 1542 1
8953 6416 2
8687 8390 2
1378 7817 1
2267 217 2
207 5551 1
2979 1958 2
9039 7055 2
306 4230 1
6613 448 1
5075 214 2
4664 1399 1
5191 9849 1
6385 8017 2
4483 1908 2
9535 7229 1
6383 177 1
7094 9647 2
6600 3740 2
6427 4287 1
3150 6137 1
8874 7432 1
7351 924 1
2065 9241 1
6282 1119 1
3666 2647 1
2261 9935 1
1317 5785 2
2248 6880 2
2611 9259 1
6760 8549 1
1164 7820 2
9821 4840 2
1154 5056 2
5780 3112 1
4492 7774 1
6125 662 1
8804 1954 1
6158 4455 2
6265 7388 1
1822 9877 2
5518 9920 2
2939 9886 2
8505 8469 2
7845 6691 2
7845 6582 2
1776 1002 2
6384 2772 2
8614 7037 2
4238 9681 2
787 5849 1
6852 2390 1
9607 8208 2
3133 7870 2
8839 5159 2
3225 3369 2
4397 5417 1
121 9082 2
1955 290 1
9109 5721 1
3068 2372 2
6822 5010 1
4204 9174 2
3948 3637 1
8922 255 1
2232 1588 1
9765 9952 2
9331 4375 2
8812 4648 1
8038 9275 1
149 717 1
6480 319 1
183 2026 1
1908 437 2
7327 8139 1
8887 3255 1
2799 7506 1
6422 3408 1
139 5894 2
3150 9567 1
3034 5743 1
1698 4536 2
443 3307 1
2426 5138 1
8061 8780 1
7630 5833 1
2341 7592 1
3502 5869 1
5500 5288 1
8413 3986 1
7615 7945 1
3537 3951 2
3885 6206 2
6278 815 2
5677 8923 1
696 1122 2
2245 668 1
2908 6941 1
3524 4668 2
7335 1750 1
4169 6478 2
7349 4761 1
2953 5368 1
8164 9670 1
301 819 2
9526 1664 1
6049 2749 2
5043 1327 2
3015 2422 1
8964 8767 2
9218 6166 2
7561 7855 2
7531 9622 2
9012 947 1
9408 2786 2
5740 6675 2
8944 7070 1
8763 5706 2
5440 7294 1
3185 4103 2
4009 6780 2
5678 8239 2
1511 7909 2
6363 8009 1
4171 2892 1
6082 544 2
7546 1510 1
9858 3397 2
3565 5565 1
9548 5227 1
4367 6894 1
1432 1417 1
4546 9034 2
5601 1307 1
4186 7944 2
8485 386 2
6896 6897 2
8262 9439 2
2576 7587 2
4091 5756 2
6299 4768 2
3936 2323 1
230 396 2
5217 2964 2
266 6529 2
1299 4820 2
8146 654 2
9100 6345 2
5503 7700 2
7158 8511 2
615 8552 1
3152 8822 1
9794 2885 1
7852 1537 2
428 7799 1
5762 7784 1
4726 2944 2
5612 8055 1
7653 6678 2
72 7581 2
4866 3651 2
522 3854 2
2488 5828 1
3863 7506 2
8056 299 2
9354 2163 1
24 941 1
2914 3891 1
4576 2805 2
258 4964 1
3820 8623 1
4321 9533 2
125 8574 2
7128 9596 1
9144 1206 2
294 4479 1
2853 8226 2
4815 1513 1
8961 6943 1
105 1652 1
8876 7663 1
5533 569 1
3164 6056 1
5964 6041 1
6105 1683 1
9672 2760 2
4751 1805 2
5254 9836 1
8127 5769 1
1491 5426 2
525 9995 2
8012 2746 1
355 4254 2
9060 7830 2
8477 3280 2
5138 1359 1
5404 1377 2
4480 4704 1
8419 6328 1
4285 1865 2
4541 461 2
9372 3421 1
3605 448 2
5171 276 1
8331 1697 1
7869 3834 1
1094 6245 2
2312 4462 1
7741 8808 2
7640 4980 1
413 5381 1
9602 6612 2
198 4720 1
3298 7768 2
9934 3325 1
1285 674 2
5996 7222 2
6448 2131 1
4654 2904 1
1431 4933 1
1956 1590 1
5862 7651 2
7730 6277 2
28 7724 1
6258 7759 2
9483 6643 2
8544 2624 1
3354 3649 2
108 6396 1
2531 802 1
3643 1143 2
5237 9332 2
1143 4859 1
2819 8411 2
8138 7270 2
7410 1968 1
7415 8201 2
9727 5053 1
721 7434 1
4647 946 2
4786 5411 1
4958 8164 2
9686 480 2
5241 1737 1
2717 3413 1
8035 5292 2
3852 9782 2
9404 4735 2
9708 5757 2
4629 5780 2
5850 1416 2
9365 2084 1
6278 4889 1
8007 5192 1
7412 708 1
7962 4338 1
494 948 1
176 7333 1
527 2758 2
2735 185 1
3033 4204 1
5219 2088 1
6224 3083 2
9994 2740 2
7390 1005 1
9958 9631 2
1645 5936 1
2447 4112 2
128 6614 2
3486 9733 1
7402 1411 1
7267 5484 1
4692 4626 2
5697 4872 2
508 6896 1
5261 1970 2
785 2671 1
7986 5430 2
2392 1205 1
975 8562 2
7450 7034 2
8151 1674 2
2643 590 1
1408 5415 2
1989 3088 2
9909 307 2
323 3896 1
2804 6430 1
4518 398 1
6721 8940 1
4940 7488 2
257 5797 1
3956 816 1
8208 8564 1
7491 7972 2
7884 4681 1
5810 1397 2
6375 1383 1
1165 1920 1
6280 3894 2
1909 9176 1
6619 4722 2
5983 130 1
7949 2714 2
8708 3895 2
1184 5554 1
2959 9077 1
8077 4257 1
1554 2335 1
2829 5396 2
5761 6793 1
2447 6585 1
7172 6620 1
5222 533 2
3146 1112 1
4232 9279 1
9537 525 2
320 3522 1
8143 9073 2
3100 783 1
4892 1341 2
7583 1945 2
8821 2048 2
3504 2711 2
7467 6778 2
6794 357 1
1682 7794 2
6186 3587 2
6258 7953 2
6708 2804 2
8666 4373 1
6799 1953 2
2456 1215 1
1684 8436 2
4322 885 2
3779 2509 1
2880 1137 1
1789 3649 2
8559 9007 1
9771 3589 2
207 115 2
886 7 1
7654 5441 1
2413 6774 1
3452 9187 2
610 6629 1
3405 8039 2
2077 6204 1
2506 7822 1
7191 9143 2
8424 9311 1
4416 7925 1
7679 7281 2
6283 1882 2
1628 3700 1
6765 4285 1
207 7609 1
801 2955 1
4398 3973 1
9750 3570 1
4496 8835 1
6175 1367 2
4371 9279 1
2578 6017 2
9303 4699 1
8090 2315 1
7521 2189 1
8998 4550 2
8409 3327 1
7191 2436 1
9660 6798 2
1078 8526 1
1114 6076 2
9659 3423 1
8713 4559 2
9335 3447 2
8096 9663 2
7035 3578 2
3037 6396 2
9759 2158 2
7168 5973 2
1900 2528 2
750 4994 1
7858 736 2
5694 9787 2
2355 4336 1
7215 3934 2
4134 2857 2
9729 8989 2
1333 9893 2
6615 526 2
7343 7670 2
7147 5097 2
9079 4078 2
3994 1790 1
1955 9397 1
2916 4780 2
7517 6759 2
3453 2603 2
8406 1539 2
2543 8963 1
5326 301 2
8998 5331 1
141 3612 2
9250 1483 1
2478 3725 1
520 5665 1
6558 5774 2
5218 2176 1
9345 7812 2
3002 8645 2
1838 4885 1
8915 4929 2
2206 4415 1
1824 3193 2
97 3359 1
1547 5545 1
8520 4235 2
6880 7836 1
4556 8345 2
8895 2198 1
4310 6789 2
4877 5339 2
8165 2943 2
3923 1685 2
7611 7723 1
4094 5873 1
7088 8399 2
6365 2386 2
8654 2312 1
103 2653 1
1155 2437 2
7842 1900 2
4018 1514 2
6925 1916 2
2242 831 1
839 7358 2
7821 9087 2
5157 6329 2
4610 6538 2
4992 7942 1
2116 8995 1
4597 4195 2
4826 3090 2
2195 1857 2
3645 5858 2
4736 6502 1
4716 7396 1
2869 7516 2
7739 299 1
3501 7392 1
8031 1486 1
9226 1076 1
5204 3338 2
48 3165 1
503 8013 2
2184 9653 2
3901 8300 2
3775 5450 1
1674 942 2
532 8749 2
9515 6126 2
6893 3013 1
205 3773 2
6723 4234 2
6931 4461 2
7041 3754 1
2644 4871 2
169 6134 2
5962 86 1
4447 1958 2
2036 6554 2
5596 7617 2
9380 6326 1
4684 1878 1
5826 3299 2
2224 1895 1
9112 3659 2
1597 7928 2
2645 5662 1
2523 3604 2
634 5936 2
1480 1512 2
8735 569 1
1762 9078 1
5951 9524 2
9408 3396 1
7959 4416 2
3626 8763 1
7035 4930 1
2876 3336 2
4338 2353 2
8664 2477 2
8933 3177 1
1233 5745 1
3844 185 1
3024 3244 1
5073 6613 1
4914 3789 2
1202 4164 1
8472 6052 2
195 7218 1
4245 6807 1
7026 9952 1
8036 9313 2
3426 7583 1
2656 1087 2
7688 6873 2
1674 9793 2
7265 6792 1
3239 1103 2
682 8525 2
5983 5905 1
5254 618 2
6559 3942 2
2620 328 1
2568 8382 2
6311 8018 2
4158 5776 1
4596 72 2
5577 3621 2
3623 1582 2
9623 8875 1
1078 7386 1
8056 2419 1
8604 8377 2
9537 9490 1
7448 6138 1
9242 3860 2
2075 1681 1
2352 8997 2
7934 2374 2
3587 8342 1
6170 228 1
4921 9294 1
4189 1290 2
281 9446 1
5228 861 1
1057 988 1
1595 2948 2
4145 1729 1
5239 2091 2
6702 5307 1
957 9681 1
6144 8452 1
2752 4953 1
484 3961 2
8487 8813 2
5642 9259 2
8604 5926 1
8568 6513 1
9422 2117 2
7445 2917 2
6192 7326 2
159 6626 1
6904 40 2
3398 7325 2
2016 9006 1
1390 9385 1
1465 240 2
6081 1025 2
9075 1603 2
4507 3682 1
5431 6605 2
1676 6077 2
829 5354 2
1690 2298 1
8342 6490 1
6396 2800 1
4579 2656 1
7424 4382 1
4363 3028 2
325 8598 1
7033 8258 1
6818 7548 1
12 2505 1
958 1723 1
9686 5822 2
5285 9408 2
8814 6294 2
9625 9309 2
30 3935 1
4111 2007 2
6517 5527 2
5774 9321 1
3733 8339 1
9572 1551 2
5846 6938 2
5072 2780 1
1890 4280 2
8921 6964 2
2919 9004 1
8341 9442 2
7704 7753 1
8211 3428 2
6876 3049 2
6882 6362 2
6334 8725 2
3911 8090 1
3451 3214 1
1483 5935 1
7671 4728 2
4491 2997 1
1016 9866 2
5766 3215 1
825 6399 2
5475 722 1
7721 8935 1
6648 8231 2
8601 951 2
5780 4045 2
8162 9285 2
5574 6884 1
7277 1997 2
9267 7107 1
3848 3902 2
1236 8738 1
1848 3694 2
2661 673 1
2321 6082 2
200 3408 2
7504 5191 1
4608 4261 1
9474 2620 2
6615 553 1
762 8757 1
5416 2459 2
2527 634 2
7637 8635 2
1019 7109 1
9746 8112 1
7501 2488 2
8 1971 2
232 7749 1
9875 5922 1
5362 5012 2
5829 4558 1
7894 9312 2
3857 3245 2
418 394 2
2896 6344 1
9898 3877 1
5071 9054 2
3843 6344 1
8399 3568 2
41 4559 1
4324 9907 2
7337 7691 2
8295 1553 1
4391 477 1
7924 7048 1
1274 4799 1
284 1977 2
4955 7595 2
6468 1562 2
2826 2529 2
7237 8357 1
4809 7494 1
8154 8679 2
2703 8288 1
7413 9985 2
502 4139 1
3402 5835 2
3996 7702 2
1153 9692 1
6982 8151 1
5752 5059 2
4985 1907 1
5504 8353 1
624 4999 1
7659 7357 2
7929 6162 2
3621 7231 2
5655 9208 1
152 7845 1
945 480 1
8437 1521 1
354 9863 1
5538 8136 1
9767 1884 1
5431 3364 1
2660 7537 1
9808 84 2
9151 7840 2
2638 119 2
3139 3956 2
598 9748 2
9791 5836 2
6144 966 1
7749 3915 2
7801 872 2
7531 5995 2
2241 8973 2
3757 5413 1
9134 3594 2
4281 8666 1
8616 8314 2
2865 1902 1
2843 4089 2
1133 4103 2
3400 4282 1
5734 2162 1
19 4146 1
2924 767 2
150 3290 2
3554 5040 1
3213 6352 1
7068 4798 2
6249 8934 1
7896 8052 1
3021 6098 1
5426 8130 1
5204 29 2
5694 7515 1
6889 5044 2
3218 2487 2
2621 5130 2
1049 2498 2
9620 1156 2
6385 6523 2
6664 4699 1
7614 9750 1
9205 9710 2
8309 5994 2
6187 8797 1
4769 8340 1
240 5183 1
5234 4419 1
2875 9021 1
1849 5289 2
8618 6757 2
8718 640 1
3581 2504 1
8106 8451 1
3464 1723 2
237 6688 1
2933 1834 2
4313 8189 2
7808 5665 2
8421 736 1
5673 5201 2
4299 1670 1
3142 4993 1
2650 7581 1
6926 6618 2
5940 8425 1
5614 794 1
5233 7443 1
8872 1378 1
5483 5989 2
7216 9480 2
6608 5151 1
7165 3046 1
2451 3894 1
1326 5081 2
9403 1551 2
3602 8274 2
9283 88 1
8606 5897 2
4440 1456 1
7324 2181 1
7214 4906 2
3846 8005 1
540 8206 1
6607 5754 2
2795 6632 1
5962 6074 1
6618 4455 1
9985 4063 2
4557 4991 1
7023 9222 2
8218 2360 2
9734 977 1
1691 5516 2
9275 4037 1
622 8013 1
4149 6669 1
3352 3229 1
4145 2549 1
1598 4995 2
1345 1423 1
5946 7373 2
2136 9554 2
8540 5593 1
8015 4422 1
6006 3194 2
5668 9257 1
8815 6521 2
278 685 1
1729 9874 1
4922 2871 1
8156 7747 2
1881 1970 1
2225 7088 2
3103 906 1
2951 3794 1
7694 1666 2
3705 7027 2
5305 2318 2
6821 4115 1
8617 7673 1
8303 7094 2
3308 433 2
4380 9188 2
7729 2134 1
4200 6488 2
4845 511 1
9376 7458 2
5577 1140 2
3064 2261 2
6385 1525 1
9303 8265 1
6134 513 1
6934 2058 1
6381 3888 1
9493 8119 2
5999 3018 2
710 6628 2
1111 7742 2
480 9240 2
7047 12 2
9133 9872 2
5779 3083 2
3628 5706 1
5636 2388 1
5024 5035 1
3750 3204 2
3183 6858 2
8586 1070 2
5091 5298 2
2997 695 2
9709 356 1
5887 4889 2
4813 2787 1
709 560 2
8075 8182 1
7208 624 1
2946 5449 1
4636 1437 1
9935 4188 2
8506 481 1
3286 7922 1
5406 3753 1
6765 4452 2
7833 3416 2
7152 332 1
7584 7571 2
8731 1690 2
9931 1284 1
7427 8642 1
5735 9864 2
4013 9692 2
133 8049 1
3989 2227 1
792 6772 1
4377 6759 2
5707 7819 1
8636 3963 2
3721 6676 2
4755 6583 1
9763 5600 1
3723 1783 2
8766 8661 2
6625 5178 2
3298 2349 2
8744 2100 1
892 3493 1
9127 92 1
8924 7631 2
9320 5311 2
7560 6176 1
4059 6827 1
5272 2930 2
273 1701 2
8823 8659 2
4913 9123 2
3144 1189 2
3030 3683 2
3279 2380 1
6654 3234 2
3316 7139 2
3021 3878 2
4884 4903 2
5672 9589 1
9999 3594 1
6683 2683 2
6987 8449 2
8052 9288 2
9631 7831 1
3413 9696 2
5801 7176 1
2357 121 2
2313 2214 2
6880 7264 2
3780 7528 1
9267 8277 2
658 1318 2
4081 8026 2
8495 9854 2
6304 103 1
2990 7138 1
252 4137 2
545 7704 1
9268 5679 2
6835 3481 1
4728 76 1
8334 178 2
3009 4168 1
8117 38 2
6585 2895 2
8140 9385 2
6446 1568 2
490 5222 2
7956 6735 2
7454 2267 2
3360 5219 1
6455 4696 1
8093 1241 2
651 8964 1
2107 3487 2
6641 6264 2
2731 5690 2
1623 4433 1
5108 384 2
5004 5794 2
6417 2143 2
4215 6448 2
897 2980 1
9934 8516 2
630 7013 2
4736 6909 1
9495 2008 2
7596 1771 2
4717 1865 1
5207 6709 2
7353 2712 2
2186 7028 1
5165 3032 2
4098 3014 1
2591 2514 1
9983 2284 2
6233 448 2
4469 2252 2
987 7490 2
7933 4527 2
9128 8524 1
8805 4516 1
564 8214 2
1820 5708 2
6877 635 2
4167 9596 1
3551 250 1
2767 1278 2
8798 3816 1
7009 7743 1
608 6989 2
8716 5955 2
9584 1682 2
678 4349 2
8797 3513 1
6024 9703 2
4312 4373 1
4893 8336 2
5386 4397 1
9527 9881 1
9419 3118 1
8490 7447 1
7372 9094 2
1535 9093 2
910 9162 2
8227 5262 2
985 256 2
3317 7783 1
6134 3478 1
2683 6867 1
3653 6217 2
2318 8973 1
424 4447 2
2889 4706 2
22 1886 1
1022 5444 1
5593 3090 2
7441 8872 1
4368 7099 2
1307 3641 1
8222 1916 1
3544 7523 1
4025 686 1
4745 872 2
5388 6955 2
3827 3215 1
8469 9443 1
1279 3904 2
9048 3018 2
4776 8601 2
8970 5240 2
8528 4508 2
9750 2200 1
5451 6574 2
6732 7881 2
2337 7770 1
3997 3888 2
2817 3996 1
1872 3268 2
121 2071 1
3633 6193 2
8831 2751 2
1052 2742 1
2619 2592 2
5446 8615 2
9882 9541 1
2773 7835 1
1261 5473 2
7171 3662 2
6232 7738 1
719 6273 2
8995 5705 2
1883 6741 2
1356 6971 1
4575 7668 2
7875 2067 2
3669 7624 1
5517 1798 1
2827 3762 1
8034 6413 1
7332 1844 2
5231 6934 1
9511 4823 2
517 3700 2
1022 2118 2
1752 3051 1
1625 4545 2
1264 4708 1
6617 7148 1
715 9231 1
7989 5149 2
5705 5324 1
5080 7809 2
9919 2145 2
5056 1831 2
4101 3351 1
6833 2771 2
2344 3613 2
4128 1325 2
9257 9620 1
2249 9824 2
6139 1361 2
1450 5243 1
3241 9278 1
8325 2051 2
1774 1304 1
5826 5215 1
90 5922 1
4698 9115 2
244 4561 1
8173 2054 1
9347 3599 2
5917 1635 1
4404 1673 2
7025 7772 1
8743 6097 1
2675 778 1
4850 1580 1
9187 46 2
6316 8676 2
1809 4044 2
4243 8151 2
3590 1659 1
4999 7686 2
1260 8630 1
252 9527 1
1057 5021 1
1388 3220 2
2505 3189 2
2739 6602 1
8553 1540 2
513 6587 2
9837 3190 1
5132 9724 2
5842 6027 2
2347 6616 1
7548 2230 2
8876 8347 1
8258 9119 1
127 1719 1
7981 818 1
7656 7154 2
957 7614 1
3953 4822 2
3924 6407 2
1333 2640 2
6088 6805 2
7783 6514 1
5157 2323 1
5673 1426 2
8329 9600 2
3653 3576 2
6983 5505 1
1496 7332 1
661 6781 2
8977 3493 1
9965 1360 1
7959 1651 2
9872 8041 2
832 6566 1
9310 1451 1
139 9820 1
2911 4384 2
1159 6343 2
9373 721 1
9289 8621 1
7512 7311 1
4235 8182 2
8321 7278 1
8503 3570 1
367 4596 1
1376 7889 2
8077 9327 1
2905 1032 2
3321 6428 2
939 2355 1
4887 6081 2
6964 4269 2
2077 7715 1
9699 3161 2
6324 5201 1
8717 6061 2
557 7127 2
7947 3778 1
681 8940 1
5738 7109 1
1776 9333 2
4729 8361 2
5868 4335 1
9550 3411 1
8699 9417 2
3970 3740 2
3728 9431 2
5024 1251 1
5665 1137 1
1274 3689 1
8843 641 1
7076 498 2
5386 7417 2
3831 4314 2
9282 1563 2
4287 6094 1
25 1007 2
1854 4767 1
282 5424 1
375 8659 1
6515 3359 2
771 8852 1
8263 4303 1
5855 1614 2
3310 423 1
7500 9029 1
3984 2307 1
4686 7533 1
9310 1427 2
9086 1296 1
5721 3883 2
9288 124 1
3897 9954 2
3662 8002 2
135 4883 1
1219 2072 1
5731 8990 1
2608 1112 2
9839 7240 2
6258 9647 2
689 4759 1
506 463 1
2757 7015 2
1596 5053 1
3433 3063 1
6912 3635 1
1504 557 1
8933 8047 1
8016 2638 2
1817 5315 1
8499 1383 2
9026 6643 2
1018 1863 1
1720 5386 2
7125 2754 1
7352 7957 1
8396 319 2
1715 1814 1
537 6475 2
2060 6914 2
3900 5909 2
4142 4116 2
7158 4415 1
3172 1928 1
5950 5283 2
9823 2736 1
3551 9020 1
9716 7187 2
2728 7209 2
5387 7193 1
26 6861 2
5233 4048 1
9022 6097 2
5447 1674 1
2029 7025 2
3488 3741 1
4069 827 2
9943 9601 2
5547 3939 2
9575 2870 1
1140 3138 1
3601 3275 2
6842 9026 2
7210 7416 2
8045 4372 2
890 1477 2
9407 7594 1
5917 801 2
4327 8637 2
5462 8540 1
8095 1016 2
5288 4364 2
854 8283 1
9483 2700 1
815 4137 1
7757 5881 2
9920 7402 1
2398 6724 2
9492 4554 1
146 9010 2
6394 5240 2
9219 6479 2
7955 8744 1
4445 2054 2
8343 5489 1
9312 3915 1
4545 1488 2
9266 5761 1
591 9411 2
8506 4868 1
9443 1903 1
2598 9537 2
1972 507 2
342 2937 2
3198 6355 1
3022 8738 2
4174 6053 2
6600 9877 1
631 1095 1
4336 9217 1
8127 7711 1
4806 8055 2
3650 3066 2
9728 9964 2
9902 5686 1
7333 7610 2
9670 7095 1
3091 4558 1
8832 150 1
9049 4108 1
7735 6989 1
510 6663 1
4857 5628 2
8680 5161 2
345 3543 1
2182 1105 2
5294 4486 1
9447 6912 2
291 372 1
2609 2027 1
8949 5185 1
9563 9708 2
9784 6768 2
4786 8289 2
1698 7337 2
9144 2988 1
3934 6152 2
5728 9953 2
4571 6956 1
4948 6347 1
9963 233 2
9871 503 2
2532 951 1
6948 4310 1
2450 464 1
2533 5264 1
2211 2486 2
7756 9292 2
6265 2906 2
1829 73 2
1228 2774 1
2754 5113 2
3654 4661 1
4070 9392 1
5397 6597 2
6235 6041 2
8460 2780 1
4364 9729 1
4658 3552 2
4171 2746 2
1777 4686 1
2012 9402 1
5864 9444 2
5720 2345 2
1194 2694 2
8540 9191 2
5549 5661 1
2679 3699 2
1772 8403 2
5583 7045 2
5462 9288 1
3805 3749 1
6620 6832 1
7308 9569 1
471 3763 2
8270 5339 1
7487 6316 2
7207 3193 2
9589 8795 1
6560 6212 1
586 9827 2
1349 6393 1
6054 8124 1
6055 8555 2
4450 2898 2
6732 3374 2
2974 1892 2
1642 2094 2
300 9622 1
7711 3686 2
754 6479 2
2316 7930 1
9597 2908 1
4645 5469 2
745 1499 2
8547 1275 2
3641 8081 2
7634 7169 2
9013 1653 1
1539 7264 1
2951 9474 1
9307 382 1
3037 361 1
2098 6292 2
4443 6716 2
8373 321 1
9798 5157 1
501 709 2
713 8845 1
4886 9991 1
9236 1365 1
3361 6816 1
6008 3520 1
3538 2798 1
7244 2391 2
1434 9570 1
1995 196 1
2942 1490 1
1044 359 2
7030 9351 1
9785 7908 1
9039 9232 2
1600 8371 2
1946 3326 2
2437 4383 1
4555 9398 1
3926 2584 2
3658 1954 2
5701 6097 1
5 1392 2
698 9538 2
956 3633 1
4959 7879 2
6788 3003 1
7682 4863 1
1493 7144 2
1254 9694 1
460 3829 1
5074 7051 1
9322 9844 1
8864 3539 2
7666 1210 1
8895 6708 1
7871 5234 2
2546 8403 2
972 2280 2
3615 5862 1
2458 4398 2
4209 7963 2
1565 6074 1
631 5375 2
6703 7750 1
2322 536 1
4508 9407 1
8427 7612 2
2613 3783 1
5195 2247 2
2317 2388 1
8048 681 1
7151 9806 2
638 1542 2
4581 3700 2
1932 5076 1
4370 4232 2
5571 2800 1
1706 2158 1
723 4585 1
1493 2257 1
6302 7092 1
479 8895 2
9051 5590 2
1995 2456 2
4020 9725 1
443 4994 2
9144 6312 2
6202 2280 1
2970 4218 2
7394 3766 2
640 1995 1
9270 8399 2
469 5879 1
3146 3288 2
4119 6861 1
8181 4170 1
1705 2513 1
662 2051 1
7010 8714 2
2860 6822 1
5885 5717 2
269 7046 1
8599 3632 2
7168 8383 2
7909 832 1
3795 9582 1
5163 3243 1
709 5363 1
3973 9711 2
2701 9078 1
4594 2441 1
6801 9200 2
3092 8927 1
7392 6173 2
2561 9655 2
5017 9809 1
2805 7341 1
1937 6464 2
7886 433 2
1618 2531 1
2655 8470 1
102 8650 1
5437 869 1
5968 3269 1
7701 5256 2
243 4378 1
1348 6655 1
6457 835 2
525 8798 1
8557 3612 1
1751 1741 2
1393 4729 1
8492 2903 2
9753 8510 1
4748 4091 2
3294 3189 1
6824 222 2
9613 8364 2
9095 6327 2
9973 1924 1
3188 9170 1
2893 9299 2
2973 5278 1
8635 5315 2
502 3167 1
9438 369 2
68 9068 1
5556 5582 1
1939 6354 2
8421 722 1
6433 5215 2
9751 8420 2
8400 5320 2
3527 563 2
56 7027 1
8518 4640 1
3234 9422 2
9545 321 2
446 6758 2
8265 4032 1
878 6705 1
4513 7738 1
6633 7557 2
787 2289 1
953 9566 2
8611 4491 1
7725 2636 1
9626 7680 2
4136 6994 1
6996 4207 1
1136 6057 1
2259 2298 2
8064 427 2
4986 8101 1
5654 632 1
2354 5467 2
6037 5076 1
4488 8665 1
4405 2695 1
3565 241 2
2302 2267 2
5557 9657 2
1681 4706 1
8953 7033 2
9375 2702 2
1349 2177 2
9439 9591 2
4170 8224 1
92 6825 1
5053 9982 1
3093 5635 2
8118 8195 2
5836 5608 1
9122 7725 2
6727 9298 2
5842 3727 1
2466 9514 1
6970 6412 1
7867 161 2
6594 9792 2
2149 5803 1
7624 3719 1
7014 3727 2
1469 3684 1
4216 56 2
659 7868 1
6955 4119 1
9029 6136 2
8658 3102 1
2432 3335 1
3010 566 1
7922 8777 1
5702 9242 2
9154 789 2
7885 4346 1
2935 2340 1
3754 1529 1
2927 9715 2
4964 3440 1
2058 4037 2
500 7065 2
9245 415 1
9545 6724 2
2032 9467 2
9079 8949 2
976 1589 1
483 2756 2
5390 8433 2
1753 6459 2
1341 1075 1
2743 3404 1
9160 101 2
6975 7545 1
7818 4373 2
921 2058 1
5956 2276 2
462 4235 2
5370 6232 1
1934 9290 1
9334 9530 1
715 9293 2
372 6521 1
9548 3883 1
5988 5366 1
9771 8286 2
3084 1622 2
5591 7 1
867 483 2
8739 1722 2
9335 699 1
5525 8525 1
328 4831 1
3752 2382 1
6267 5174 1
8522 9226 2
7463 8327 1
7199 3143 2
7147 6290 2
1388 4587 2
3750 3848 1
8956 1986 2
5678 2847 1
1615 1548 2
538 7535 2
5446 5996 2
7800 4423 2
1865 3562 2
2088 4520 2
2753 482 2
4670 5977 2
3166 8963 1
6420 7410 2
9969 3713 2
6518 9873 2
5155 516 2
3812 6232 1
653 4279 2
7203 1724 2
558 9449 2
3244 3896 2
5017 4367 2
8012 6968 2
259 4848 2
9187 6271 2
3785 56 1
1333 4481 2
8952 6454 1
4748 7993 2
1459 7005 1
1779 340 1
6065 7991 2
1468 2533 1
7821 781 2
3596 1983 1
7220 9712 1
4314 2542 2
5258 9108 2
2595 5790 1
53 7279 1
5033 1490 1
3521 735 1
4271 6735 1
9258 6001 2
3199 862 1
1765 1050 1
7940 1757 1
7367 7554 1
9872 5247 2
8300 4180 1
6615 5351 1
9186 6224 1
9826 8113 2
843 602 1
7870 7018 2
303 1352 2
5562 2787 2
2295 8471 2
8780 4193 1
5955 1094 2
2317 8144 1
5925 8761 1
2936 220 2
9172 231 1
5535 9382 1
2186 9949 1
902 6005 1
3879 6906 2
4102 5634 1
8363 2929 1
5899 1403 1
9999 3210 1
4631 2177 1
7213 8496 1
7693 5402 2
2580 2084 2
8742 8047 2
5813 9385 1
1072 4335 1
5384 9942 1
7033 6810 2
5816 2839 1
3784 3640 2
8387 8572 2
9029 9488 1
955 937 2
6652 3361 1
39 9428 1
2255 1420 1
2274 3851 2
2417 1799 1
2731 7467 1
9067 2908 1
8692 1706 2
8346 1480 1
5556 1965 1
6911 172 2
4245 4674 2
1742 3664 2
1574 5592 1
672 1099 2
2329 6978 1
6081 3356 1
678 9049 1
3314 9348 2
4791 711 1
4328 2969 2
7370 8636 1
9467 8581 1
9170 2188 2
1512 5221 1
7143 1662 1
3040 5771 2
2977 4575 1
1863 9661 1
6144 5213 1
3413 275 2
9031 7645 2
6840 2684 1
5469 2470 2
5984 7802 2
8555 2532 2
9394 6593 2
2064 4085 2
1350 5804 1
5136 2287 1
2921 3945 1
9872 5032 2
4508 7304 2
5644 7501 1
1251 7295 1
6898 6412 1
4854 4873 1
4005 5033 2
9539 6194 2
3642 1389 1
6058 4045 1
1822 6786 2
48 5774 1
7870 7608 2
7981 465 1
5437 5732 2
9790 2945 1
914 1404 1
1683 2865 2
3527 8844 1
162 1847 1
7867 5315 1
5986 6364 1
6481 2327 1
8145 4429 2
9103 8029 2
8415 6205 1
9040 7026 1
9329 817 1
7154 8901 1
1134 3010 2
633 3866 1
7893 943 1
6330 5560 2
8662 5768 2
5185 6300 1
9028 7860 1
2395 5716 1
4249 9724 2
4397 933 2
9538 5341 1
1275 966 1
463 1850 2
9457 6019 2
9317 8792 2
2110 8346 1
5339 3777 2
8020 2993 2
4816 1585 2
2378 8878 1
7731 4892 2
6298 7101 1
7354 4310 2
2499 7951 1
3244 8393 1
2328 9525 1
6263 3123 2
2126 4953 2
7994 8101 2
9314 53 1
1148 773 2
5393 8201 1
4756 8013 2
975 8857 2
750 698 1
1121 9485 2
6204 5117 2
8578 3984 2
8243 2829 2
4690 2450 1
3434 7332 2
8690 7590 2
4815 2686 2
6681 2772 1
2769 2541 1
4306 2280 2
1494 5671 2
172 2721 2
39 998 2
6761 659 2
4640 5687 2
3935 1030 1
6753 6412 1
3178 3732 2
6815 9034 2
9816 9903 1
6483 5340 2
1995 8328 1
4954 7758 1
507 8089 1
2467 4642 1
625 1949 1
9796 9710 2
7725 4018 1
6102 1788 2
4962 3582 1
996 2730 2
5156 6567 2
1216 3128 2
753 8201 1
3310 8252 1
4213 7444 2
6071 8865 1
292 5100 1
744 8115 1
6116 8599 1
7408 9301 1
1552 9027 2
6309 4891 2
2166 4413 1
6880 8000 2
650 6938 1
7068 1650 1
4049 8482 1
4651 8817 2
1831 224 1
2657 2707 2
569 2532 1
5383 4131 2
5708 2625 2
1689 4125 2
660 703 1
3545 6164 2
7470 2682 2
8730 7341 2
262 2625 2
6005 17 1
7761 1752 2
4023 6687 2
1493 3366 1
4993 4919 1
5724 1192 1
1575 2464 1
5765 1100 2
274 2339 1
1683 5559 1
4670 9293 2
8604 3920 2
7212 8785 2
507 1138 2
705 6932 2
4878 7950 1
9205 5983 2
5688 9382 2
7318 4545 1
6464 1347 1
3010 5387 2
6113 673 2
1968 5793 2
6792 3518 1
920 6063 2
8233 2430 1
1766 5010 2
7867 3770 1
9419 2107 2
7463 332 1
1772 8656 2
4045 996 1
9905 1899 2
9614 8230 1
5911 1449 1
1171 6714 1
8255 2459 2
7973 155 1
5421 9496 2
1507 1481 2
153 9130 2
3599 6183 1
609 3724 2
945 4205 1
8901 7779 2
9090 2487 1
8106 5026 2
9474 9380 1
6424 9364 1
8404 2295 1
8908 8422 1
7085 7162 1
4327 2697 2
7848 7446 2
1644 5701 2
836 5901 1
6678 7921 1
916 2784 2
1232 7116 2
990 9209 1
9179 2935 1
8653 131 2
7515 9257 1
1248 6524 2
5082 5482 2
2024 5370 1
3236 5032 2
6461 51 1
8826 8117 1
554 5763 2
1279 1030 1
8253 7258 1
8478 8902 2
7896 6556 1
5122 5569 2
5027 4639 1
9515 6361 1
2343 9968 1
928 1541 2
3684 9054 1
840 4189 1
5996 2926 2
624 543 2
6438 5205 1
4632 6461 1
2908 9137 1
9830 7917 1
141 2225 1
2705 9047 1
1420 3592 1
2519 3963 1
4543 542 1
5303 1144 1
480 6463 1
6408 1606 1
3328 5642 2
2497 3917 1
3199 3666 1
2894 9500 2
6693 7601 2
3714 8899 1
8077 7392 2
1327 6425 2
7636 7697 2
9583 727 2
8222 245 2
4143 6090 1
1490 1318 2
2575 7669 2
9209 7519 1
4051 2493 2
2610 2718 1
4085 9547 2
1361 4569 1
9168 4142 1
4684 4438 1
9542 502 2
1517 673 2
7340 8874 1
1411 2650 1
6537 4099 1
9152 8388 2
2330 7407 1
2188 7176 2
4833 5231 2
5953 4880 2
2225 888 2
3981 5420 2
7956 5526 2
8595 4560 2
7845 7365 1
4474 1508 2
7190 5830 1
4444 9203 2
1660 5216 1
4088 6140 1
542 5836 2
6673 5588 1
2681 8296 2
8382 4466 2
9919 1061 2
5784 706 1
2707 7050 2
3758 2147 2
3278 5182 1
7828 9625 2
4254 4001 2
1487 7131 2
274 8420 2
2699 3974 2
7887 60 2
6597 7080 2
3550 2547 2
5410 8790 2
9595 6615 1
1222 8854 2
3511 5258 1
4766 7078 2
9672 2496 1
5127 579 2
7988 1780 1
9444 5443 1
5161 4211 2
4235 3836 2
984 879 2
3113 8874 1
3349 5933 1
6874 6893 2
2729 4695 2
7697 5528 2
3392 4140 2
6710 2740 1
5292 9051 1
1539 1834 1
1376 6763 1
9879 4461 2
7333 9094 2
7811 7038 2
7576 2986 1
1711 7638 2
5610 535 1
5398 8735 1
3551 771 2
6005 1771 1
1776 8329 2
3792 4172 2
1465 4453 2
4750 8890 2
9371 6842 1
3848 1265 2
443 3548 2
686 9008 1
9409 6310 2
3986 9066 1
8426 3590 2
6682 3177 2
4775 9180 2
7922 1526 1
6412 5199 2
9704 3954 1
2034 5287 2
2191 9505 2
2885 9716 2
1548 8346 1
7142 1686 1
5980 9112 2
3850 7650 1
7900 7500 2
3913 1652 1
3919 1592 1
5216 615 1
1372 4933 1
1183 2031 1
4542 6878 1
284 5183 1
1954 9027 1
7647 8659 2
3868 7495 1
3412 2280 2
8866 67 2
9020 5647 2
4687 2705 2
43 9710 1
9986 2145 1
5723 5726 1
7740 4359 2
2520 3550 1
8006 6379 1
3443 2030 2
281 6855 1
4767 9269 1
67 5773 1
3255 6412 2
3033 5839 2
9094 5569 2
1087 3765 1
4093 6309 2
242 3258 1
4128 5230 1
959 1967 2
9929 902 2
3689 6711 2
4 2826 2
3063 5705 2
1170 8155 1
947 898 2
1350 6849 1
7580 4224 2
4331 3555 2
4965 8904 1
5787 2672 2
6164 7872 2
985 9 1
6979 982 2
8825 8868 1
7219 7655 2
1283 4427 1
3540 8409 2
3587 5627 1
9502 9218 2
8892 3590 2
3484 2750 1
1456 9489 1
7628 8429 2
3721 1510 2
7664 7138 1
4468 3763 2
3279 9189 2
3537 6810 2
8084 8018 1
5684 799 1
3838 1816 2
7831 2893 1
3247 683 2
2422 2833 1
5422 7971 2
9585 1133 2
773 9243 1
2557 9159 1
499 1586 1
1668 8167 2
8362 2749 1
5936 9356 2
8466 5763 2
1860 2856 2
2021 4976 1
1107 1471 1
385 9426 2
5415 4077 2
9225 1727 1
3547 5949 1
5668 4733 2
5409 9410 2
4365 4201 2
7502 162 1
8833 1169 1
4969 8165 2
948 266 2
9839 3883 2
2332 3546 1
7538 1091 1
5748 2574 2
3301 5781 2
4715 7478 1
7586 1449 2
3538 388 1
5668 6174 2
9218 1889 1
9421 1588 1
5412 6856 2
705 8226 2
6726 2265 2
7065 3921 1
1869 7287 1
3938 8462 1
205 2411 1
9227 2588 2
1507 6495 2
7563 832 2
7244 5907 1
56 6099 1
9291 4299 2
9264 6372 2
1255 2542 2
6772 6915 1
5594 4089 1
2392 3607 2
6099 987 1
6341 8025 2
6261 7271 1
1128 6455 1
4806 4100 2
5744 8018 1
1169 6256 2
5187 2208 2
5060 3257 2
9449 4427 1
6019 643 2
880 5087 2
1027 6869 1
9207 8032 2
816 8235 2
1907 2930 2
5303 165 2
9500 8271 1
6892 2103 1
1761 4789 2
5078 487 2
2688 6213 1
8494 4851 1
7871 1413 1
4388 7800 2
4582 6863 1
7594 6523 2
8818 8176 2
6694 3140 2
1188 6362 1
1780 1134 2
4704 4802 1
1906 9881 1
6831 9682 2
2803 632 2
3997 552 2
3677 9940 1
8571 4886 2
9243 6758 2
5614 8416 1
8411 8945 1
3790 6065 1
640 7382 1
9656 9366 1
8513 365 2
2701 7185 1
4537 6211 1
5729 9959 2
853 8630 2
1612 9363 2
4649 6587 2
1164 8465 2
8859 1225 1
7714 2243 2
918 3724 1
7136 9696 1
3865 466 2
7361 1904 2
3862 7009 1
3617 753 1
8227 591 1
5441 1589 2
6508 9065 2
3125 7090 1
4463 2285 1
5429 1824 2
462 4591 2
5711 9407 2
4033 4920 2
7011 5182 2
8209 4722 2
9462 725 1
1486 6013 2
5616 9868 2
6666 6718 1
9118 6801 1
8940 6619 2
2864 6471 2
4399 6384 1
2716 8321 1
5104 7356 1
6025 123 1
643 6005 2
3653 6898 1
6078 1840 2
5072 2214 1
8236 4794 2
847 8815 2
235 8370 1
8954 9765 1
6799 6220 2
9565 8151 1
4829 8975 2
219 9653 2
4368 7544 1
598 358 1
9208 5573 2
121 7203 1
7286 4859 2
1294 6234 2
4562 753 1
9752 4428 2
8853 1682 1
2843 2543 2
8911 2991 2
3311 1356 2
3906 2203 2
9712 6354 1
2037 3133 2
8177 9841 1
9042 4801 1
4036 8848 1
1208 2343 1
531 3849 1
6025 9315 2
4203 759 2
7293 2123 2
748 4270 2
350 557 1
2778 4819 1
8538 726 2
4879 9344 2
8580 1307 1
6054 866 2
6307 1572 2
4546 3963 1
8018 3084 1
7765 5792 1
6270 8563 2
8777 379 2
4603 4412 2
9547 8090 1
9328 9423 2
8250 6862 2
982 6936 2
1549 78 1
2972 3158 1
3578 273 1
1926 7661 1
8656 9127 2
9466 1188 2
1358 6097 1
2258 104 1
1721 2085 2
2012 4135 1
1578 3851 1
8429 6982 1
4990 7138 2
2505 5372 1
6308 1419 2
4253 8901 2
5762 9565 2
6214 6079 1
1521 2080 1
919 8928 2
8620 9954 2
1719 2862 2
437 1653 1
1680 9045 2
2257 1343 1
6690 4453 2
2343 2104 2
8269 7922 1
1236 8063 1
8459 4386 2
3833 3990 2
2788 3202 2
5468 2257 1
247 2754 2
9363 8060 1
9640 1876 2
4204 7618 1
236 2177 1
9048 2166 1
9087 5796 1
1979 6030 2
5054 8189 2
9198 4034 1
1693 9199 2
461 546 1
4003 5522 1
1818 4590 1
249 7538 2
3384 9131 2
5807 1342 2
5120 3381 2
7671 1450 2
7391 1527 1
3544 4589 1
7174 7796 1
4700 2356 1
5097 2978 1
6066 5693 2
193 3546 2
157 6061 1
938 3706 2
4642 8507 1
7653 5443 2
8270 8354 2
6631 2122 2
7023 2451 1
2217 1691 1
2086 8048 2
4934 9137 1
3691 2978 1
6880 1520 2
4488 6581 1
5146 1324 2
429 9863 2
6415 1519 2
5899 3564 2
3114 1863 2
2857 3084 1
7948 9669 2
6419 340 2
1546 4815 2
9573 3377 1
7804 6702 2
100 6920 1
687 8289 1
6373 3969 2
6932 5737 2
180 519 2
1487 9867 2
3375 7306 2
3048 7281 1
2089 2781 1
5773 9785 1
2471 2424 2
895 2004 1
8086 9446 2
3344 6872 1
7955 7064 2
8875 8319 1
7201 7137 1
6300 3958 1
7639 1625 2
3476 7615 1
3871 3066 2
8727 479 1
1193 6694 2
1085 4256 2
198 3726 1
5172 9616 2
6637 5516 1
2268 8113 2
3513 7179 1
6394 7639 2
8696 1833 2
2662 6989 1
5278 4044 1
6588 4720 2
3392 7338 1
1199 3474 1
4602 8495 2
7345 8760 2
6106 8923 2
2237 1533 1
1538 5969 2
3438 5085 1
8585 3594 2
9733 6859 2
4267 5280 2
822 6299 2
6085 7555 2
8635 984 2
2042 2727 1
3280 8752 2
3616 2404 1
8117 9059 2
9619 1477 2
8304 2663 2
1234 3370 1
296 1735 2
4861 1366 2
6795 1231 1
7261 8833 1
2841 2258 1
6716 9719 1
4246 3396 1
8552 327 2
7212 1777 1
7045 548 1
2742 7524 1
9096 6200 1
5735 6688 2
3772 284 1
9553 9563 2
6625 962 2
1806 3870 2
4184 8235 2
1355 5014 2
9512 7601 2
9176 4038 2
4972 2446 2
9225 5795 1
7171 5059 2
7896 1510 1
1583 1107 2
7088 1486 2
1111 7205 1
6739 6555 2
3924 4437 1
3686 628 2
5655 2387 2
2480 3970 2
3730 9842 1
8030 4979 2
2779 5963 1
3042 904 2
652 8152 1
4527 8919 2
757 6297 1
5903 7897 1
1417 4914 2
9821 2173 1
2284 3691 1
4012 4740 1
1644 2031 1
190 3907 1
6245 7453 2
5773 9764 1
6379 3914 1
6485 9909 1
3860 445 1
9656 471 2
187 3138 2
8073 3968 1
2543 3848 1
5361 7034 1
4417 5603 2
1326 2162 2
4858 5210 2
4335 9577 1
8530 2714 1
9257 3206 1
3674 8897 2
5733 2067 1
4083 6324 1
6751 8540 1
7493 6313 2
4457 9363 2
9673 7662 2
7014 7918 2
3727 1648 2
9119 5271 2
6473 949 2
7553 1579 1
1470 2675 1
6781 7996 1
2056 4422 2
7863 6671 1
3350 1422 2
9144 1007 2
5291 6078 2
268 4248 2
6109 6766 2
1141 9692 2
4007 826 2
7126 1346 1
2903 9138 1
2680 7890 2
4769 5336 1
8824 9466 1
3770 7476 2
6775 2620 2
7453 9923 2
4473 3438 2
4394 4468 2
871 6936 1
5170 6906 1
6157 4969 1
8892 4541 1
6844 9235 1
1524 9081 1
265 3355 2
918 716 2
9212 6170 2
2231 8844 2
6418 8462 2
6653 32 1
2524 9113 1
3090 5650 2
734 769 1
3941 4451 1
5553 8207 2
3368 3671 1
177 8480 1
9315 9141 1
8367 135 1
624 4408 1
2976 281 1
7517 7072 2
5724 9135 1
5773 1810 2
7936 7048 1
1239 8404 1
492 1876 1
7541 3314 2
7446 2154 1
8887 3948 2
7862 7027 2
6734 6725 1
9448 2652 1
3585 8502 1
4029 1432 2
7339 5481 2
8634 9484 1
7882 4830 2
839 6738 2
1202 7737 2
7056 3494 1
280 9090 2
8648 7260 1
2072 4755 1
4178 1384 2
3536 334 2
4390 3380 2
5522 1365 1
5906 1486 1
5542 6304 2
6454 8135 2
805 8874 1
3287 7157 2
1663 7540 1
6845 6961 1
9894 3761 1
2212 8154 2
6609 1384 2
9855 4737 1
3466 6598 1
7328 7611 2
4096 3833 1
3058 8114 1
7942 7238 1
9232 6388 2
2738 9907 1
9370 4594 2
3311 2174 1
8935 8274 2
2811 804 2
9294 4606 2
2042 7690 2
9531 3987 1
6577 9720 1
2353 4243 1
9516 682 2
8578 3971 2
1256 829 2
4377 3806 1
3321 1544 2
4560 5632 2
2086 8272 2
9226 4475 1
9896 8386 1
9050 2310 1
7871 5901 1
5482 9001 1
4189 4581 2
2246 5938 1
2504 7970 1
4142 9571 2
2620 1663 1
2087 2289 2
4487 619 1
7403 8199 2
8076 7275 2
2884 4897 2
9105 1190 1
4773 7169 2
2816 1528 2
4065 2558 1
201 6735 2
50 8400 2
8767 2801 2
2483 4901 1
7383 6164 2
9367 783 2
6556 8853 1
9104 5956 1
8606 5810 2
2840 7181 1
4478 2416 2
7372 9783 2
1075 1717 2
1995 6469 1
2952 4094 2
6699 9243 2
1051 4875 1
8261 325 2
3312 6334 2
340 9742 1
4701 5824 1
8970 9017 1
3371 5340 1
620 7404 2
7867 3346 2
545 8656 1
6958 8693 1
8150 5315 1
5276 1566 1
8877 4485 2
3231 3783 1
9545 6606 2
9781 496 2
8291 9143 1
5889 4413 2
1017 7260 2
8361 2821 2
4441 465 2
4426 8325 1
2315 6074 2
5568 7676 1
1476 2097 1
2303 7436 2
5588 7059 2
4093 3599 1
4073 3651 1
1509 1024 2
6953 6598 1
8117 6670 1
8237 8758 2
7760 5276 1
1120 7552 1
4174 5876 2
2324 4213 2
6679 7599 1
6077 3900 2
7548 3182 2
4452 2495 1
2510 4069 1
405 6761 2
5876 6474 2
5377 9471 2
4298 7546 1
8621 9300 2
717 2405 2
6433 5282 1
4255 6237 2
9243 1848 1
9705 4363 2
6953 1687 2
6900 2442 2
5810 3220 1
351 2426 1
4798 4154 2
2349 5822 1
6089 1909 2
6628 2767 2
1428 8535 1
782 1542 2
9652 5734 2
4347 5254 2
2705 5596 1
7806 4016 1
6504 1062 2
6140 2684 1
5578 1734 1
5456 6263 2
8635 7890 2
2650 5679 1
4148 514 2
7275 2889 1
7585 4965 1
1466 7564 2
4995 541 2
9218 2227 1
8142 1054 2
7170 1567 2
9597 67 1
6987 2435 1
7498 4249 1
5062 166 2
9254 8242 2
316 8005 2
4535 2036 1
6027 8014 1
7524 2488 1
4312 1605 2
9851 9067 1
7303 8579 2
8780 4880 1
9509 3602 1
9084 4043 1
1903 3234 2
3667 2823 2
7032 2008 1
2510 1794 1
8215 3210 2
6557 6220 2
1862 9972 2
2486 44 2
7556 2805 1
6320 7274 2
6932 2594 1
7305 166 1
476 4947 1
4609 8672 2
5351 1105 2
1485 9821 2
4644 5039 2
1381 6697 2
8020 4478 2
9606 5039 2
4783 3894 2
8880 179 2
464 5108 1
3288 9161 2
9989 6214 2
5592 651 2
3408 3729 2
6219 502 2
4216 492 2
5905 9229 2
4985 706 1
33 1061 2
7552 6980 2
4674 4504 1
2063 4469 1
7600 338 2
2287 7068 2
958 9863 2
9209 3685 2
9006 4811 2
8828 1552 1
2906 8856 2
9499 8865 1
2207 8236 2
4060 718 1
861 1224 1
569 8884 2
3768 3298 1
4483 371 1
3658 4196 1
490 8173 1
1999 4970 2
9062 2395 2
4743 728 1
4642 5912 2
4647 6658 2
8027 6260 2
1112 3251 1
3877 2786 2
6615 9910 2
774 8698 2
1491 2992 1
6713 7848 2
9187 8388 1
109 5227 1
3613 4669 2
5828 2759 2
7888 5720 2
5492 6371 2
2171 8679 1
2793 1788 1
9555 7903 1
7649 5136 2
7393 5482 1
1966 8932 1
3810 8550 1
7608 4991 2
3605 7813 2
2745 8972 1
5985 5851 1
9535 9116 2
1260 6243 1
9453 9986 2
149 6218 1
1034 4181 2
8683 5298 1
2864 9745 2
1203 6945 1
4622 8454 2
422 5343 2
631 3576 2
7216 9404 1
4897 605 1
5123 6391 2
7111 4306 2
2402 4872 1
2616 6375 2
3590 7495 1
4325 7054 2
6140 9634 1
86 8400 2
5941 9852 2
3414 2776 2
3253 7832 2
3475 8517 2
437 8034 2
9231 7005 2
7890 1766 2
9810 6981 1
1659 8183 2
277 2505 2
7382 2906 1
1480 6235 2
155 8376 2
9725 123 1
7992 1087 2
6666 2532 1
3387 3506 2
6140 7279 1
1323 5653 2
7535 4846 2
6864 8145 1
2374 4259 2
4822 6966 1
6313 1477 2
591 7316 1
1762 4594 2
8014 8945 2
5183 5208 2
7212 1142 2
5556 1466 2
8614 3250 2
5078 7489 1
8573 3269 1
8880 8312 2
4085 4326 2
5954 2304 2
6838 1070 1
6141 9754 2
2094 5243 2
1448 911 2
3310 9278 2
3214 7931 1
536 2061 1
5150 6878 1
3752 1410 2
5098 8458 2
5000 2601 1
5448 6008 2
1657 4262 2
532 2947 1
849 9789 2
9580 6890 1
2488 9752 1
5666 1746 1
7354 4213 1
7134 8611 1
8552 4997 2
4458 8006 1
294 3807 2
4612 8829 2
702 4410 2
751 7947 2
1612 7126 2
6514 7432 1
8481 7236 2
1847 9806 2
8145 681 2
3037 7855 1
5476 6416 2
5607 1052 2
8888 9461 2
5963 8159 1
9469 2730 1
1492 3682 2
3336 309 1
593 4150 1
9329 16 2
8611 6542 2
3461 7513 1
5939 1393 1
6900 5519 2
9993 2203 2
5876 4827 2
2022 5308 1
7052 1012 2
2507 9927 1
6762 4554 2
7936 7669 2
7006 9660 1
5710 3360 1
2380 4770 2
6277 1096 2
1438 1524 2
2503 1121 1
8480 5712 2
331 8883 2
6146 9880 2
6731 713 1
874 5154 1
4374 915 2
8463 9382 2
4287 36 2
1967 4004 1
8092 5620 1
3386 6123 2
3464 3294 2
3780 7043 2
8865 6163 1
9607 4372 1
8650 5414 1
3391 2029 2
7802 8015 1
6588 7038 2
8300 7736 1
4195 1486 2
4861 7347 1
9725 6901 1
5346 8017 1
1143 9843 1
335 6972 1
8545 8776 1
1008 3806 2
271 2009 1
6996 9224 1
2059 146 1
8413 5436 1
5872 638 2
3041 8004 1
4593 2033 1
5276 6489 2
272 4111 2
9164 6188 2
6199 4258 1
7347 9072 2
1347 1799 1
6473 4733 2
