100000 5000 71719
10869 42945 2
20795 36059 1
46968 52230 2
23036 91517 2
80526 74971 1
39556 82917 1
61012 51976 2
33450 86436 2
8443 38279 1
92059 75421 1
7499 61351 1
47445 88843 2
7163 64715 1
4781 90521 2
20186 18153 1
61513 64968 2
53577 31468 2
48967 16077 1
84767 14003 2
92020 70224 1
8420 62735 2
23446 38861 1
84918 24841 1
54947 86807 1
81927 8569 1
14983 31280 1
6300 78544 2
98018 92915 2
35440 65711 1
66312 21067 2
55919 70030 2
36159 71833 1
57883 8566 1
24484 86769 1
61899 93479 2
35878 55933 2
78951 25395 2
20458 32185 2
43533 11265 1
46309 46453 2
60143 54379 1
66341 65591 1
83475 20544 2
22761 50262 2
38994 21315 2
52004 23296 2
59097 65002 1
7838 15316 2
72651 92799 1
44979 19561 2
13660 84067 2
73362 94662 1
13111 47590 1
56479 76263 2
21306 23056 2
21201 77727 2
87253 49532 1
4053 38576 2
89167 78583 1
16681 10740 1
1185 17701 1
89794 72152 1
35096 62525 2
94150 61564 1
73335 42184 2
52051 98164 2
21587 28134 1
89878 23178 1
17237 31208 2
49045 96185 1
26044 70583 1
21702 93395 1
70360 10540 2
72821 95965 2
58576 37046 2
39682 10862 1
59101 53527 2
54720 71763 2
94861 10887 1
38360 13902 2
57953 56816 2
80580 31858 2
12623 76176 2
66292 93993 1
18304 83514 1
27340 8078 1
76595 24725 2
97540 47795 2
68344 42907 1
73639 47709 1
58998 98620 1
75796 22211 2
89031 20536 2
65888 22194 1
89110 10665 1
48242 55916 2
42568 72247 1
46790 84516 2
64272 1441 2
38187 18307 1
55672 99675 2
20293 68487 1
5343 30410 2
46475 87999 1
19702 4298 1
52298 5168 2
70594 15209 2
6848 2003 1
45821 92745 1
21090 94324 1
99541 88449 2
1526 57269 1
9196 8669 2
86682 30505 2
2198 70522 1
47035 56473 1
24414 99595 1
27327 7682 1
51489 631 1
33180 26645 2
77009 91736 2
22878 42486 1
70227 15997 1
3525 26302 2
91138 72137 1
84772 1017 2
72554 86482 1
85924 69033 1
68269 5986 2
60639 91361 1
91266 27802 1
1445 95466 2
85105 16746 1
97466 97089 2
9560 82234 2
8886 42359 1
2921 67813 1
52548 96272 2
90953 71928 1
5187 35525 2
17619 86840 1
78536 71522 2
21875 44793 2
9210 44392 2
5676 8455 1
99509 2572 2
60082 9857 1
3496 38870 1
7633 39097 2
97174 68323 1
15204 57973 1
89529 24292 2
84702 26065 1
68346 41085 1
1605 15739 1
9915 55687 2
36786 91190 2
68237 50926 2
33458 81463 1
95130 38003 1
83368 79979 2
73596 75851 2
88744 68911 1
48996 31870 2
8478 23158 2
16020 41929 2
12933 28295 2
31269 19740 1
79633 19933 2
80450 18653 1
11749 90437 1
63851 17348 1
95709 17091 1
18867 94109 1
74630 28365 1
4515 29449 2
46753 8526 2
76245 87196 1
89796 19077 2
73209 69121 2
87832 9860 2
47827 49969 2
48220 68081 2
82075 24320 1
35136 58632 2
95644 18961 1
98795 16534 2
14293 40060 2
77686 86464 2
26171 54319 2
9327 47258 2
18261 71850 2
39575 81233 2
12223 53442 1
93604 91330 1
21159 36286 2
69792 51200 2
22899 17949 1
89768 26322 1
49210 35727 1
9518 79154 2
91174 73463 2
86231 6959 2
60184 31216 2
59101 90892 2
91076 51908 1
15982 80351 2
2576 85142 1
34315 52819 1
5018 78618 1
7498 50118 2
13455 99640 2
76437 6891 2
74357 53836 1
15305 80490 1
88322 93161 2
93112 88539 1
18306 145 1
12967 52335 2
61077 31647 1
32080 98471 2
5294 96637 1
48226 19994 2
60277 93102 1
65276 87348 1
35974 10565 2
94997 25009 1
10288 50188 2
40919 52422 1
5975 47871 2
22591 761 2
13011 33454 1
68831 62980 1
74351 60734 1
86525 33526 1
36874 20777 1
32753 46225 1
4857 48761 1
2827 23053 2
29059 55633 2
70794 72820 1
76100 84388 2
16902 20612 2
65835 42684 2
71207 6032 2
78075 55444 2
12843 28895 2
91566 41919 1
516 22732 1
17101 74079 2
1624 50500 1
5401 30382 2
4255 1483 1
49030 71289 2
99529 44759 2
35706 15711 1
54230 33939 2
69875 63062 2
4923 75870 1
60734 26599 2
29059 48202 2
95521 11725 1
49100 99421 2
77809 45434 1
37222 49811 2
28669 12051 2
6136 4922 1
58817 91439 1
72891 68564 1
95828 26523 2
68380 19353 2
36603 51064 2
83550 37170 2
243 74748 2
75670 33087 1
81387 85837 1
13165 62738 2
37351 79305 2
28226 65490 1
68031 94977 2
50277 89689 1
86493 44762 1
82717 19638 2
60291 73482 1
90659 42348 1
59491 89473 2
95845 67377 2
47269 59581 1
92100 44400 2
56260 14388 2
47862 26631 2
22097 43311 2
8709 10954 2
14447 56681 2
14765 8478 2
68405 63508 1
9122 42207 1
43727 56948 1
72680 94330 1
35389 73154 1
35289 74932 1
81203 21226 2
92355 55041 1
95096 74413 2
45575 22093 1
53959 21920 1
16667 33495 2
65552 92619 2
95177 98193 1
71096 42219 2
37454 99618 1
78868 18577 2
37500 21028 1
79762 63649 1
94424 15846 1
45809 68756 2
73884 74666 2
25573 57142 2
56854 74408 2
180 28104 2
35144 94090 2
77051 89471 2
38534 7086 2
51081 47139 2
81275 13351 1
72610 38065 1
41124 20860 2
12637 4058 1
23667 78120 1
45703 98690 2
21453 3928 2
30974 88865 1
29389 9616 2
81527 29638 1
84543 20966 2
68793 16015 2
60965 74085 1
73664 85585 2
83702 76492 2
48986 6230 1
54810 79565 1
51021 55546 1
70991 11854 2
43663 3214 2
82343 62347 2
94797 35158 2
93704 50002 1
91461 13866 1
5930 76805 1
99691 71032 2
18269 66012 1
32936 18752 2
72832 91712 2
48598 82359 2
55307 69393 1
18086 64133 2
80806 34690 1
86394 65511 1
90287 94519 2
30411 9165 1
20537 44814 1
25700 70429 1
85479 93779 2
83461 59598 1
91701 40906 2
86593 78414 1
24976 26729 1
57664 1213 2
54008 99963 1
7966 52560 1
14789 38430 2
25354 67183 1
81568 35590 2
62056 49591 1
37605 50904 2
8239 4504 2
16296 73360 2
8652 22135 1
12684 53467 1
61469 16014 1
68141 69597 2
36279 11848 2
44184 30541 2
56769 96965 1
88974 62420 1
38679 71708 2
68773 41330 2
33415 91828 2
69862 43033 1
76247 26025 2
98096 7024 2
40829 66830 1
51508 10513 1
87301 27845 2
84599 74315 1
42576 27912 1
46547 21664 2
98127 17540 1
80597 73768 1
39116 15865 1
8961 63597 1
67361 83899 1
56554 83981 1
56190 82452 1
35290 91292 1
49991 89504 2
76432 44287 2
37076 47887 2
20989 73329 2
37808 15814 1
33734 47553 2
36219 36350 1
7589 74867 2
98376 1380 2
91976 16859 1
78303 94871 2
26768 44869 1
96092 37070 2
980 64944 2
51982 42159 2
71164 7565 1
22201 27449 2
86054 49765 2
55157 379 1
25891 14129 2
16140 90170 1
3771 52799 1
12736 22575 1
421 76372 1
45442 25959 1
61264 14053 2
60412 95585 1
47390 47036 1
87881 99572 2
32899 29945 1
85047 78246 2
63786 58414 2
82444 31030 1
94064 26594 1
28958 95571 2
32583 99984 1
38297 7650 2
38133 62725 2
53054 81116 2
4018 9637 1
4094 52973 2
14797 63142 1
37122 14871 1
99112 74323 2
24391 75885 2
19256 32938 2
16538 30328 2
13190 10463 2
43040 12853 1
75024 77975 2
23281 1781 1
42344 72718 1
87576 15420 2
93524 94449 2
18261 83107 1
20141 75173 2
63259 99895 2
47616 44126 2
20274 36919 2
47696 57256 2
67542 55033 1
65873 83906 1
37238 69957 1
64495 25150 1
98390 51545 1
99973 44515 2
20877 50691 1
45991 90891 1
52008 25066 1
75864 66853 1
72197 31878 1
54612 13300 2
92153 10275 2
33096 8366 1
5739 94467 1
21493 86333 2
57974 44345 1
33968 68386 1
43851 40014 1
76165 46381 2
37644 11967 2
12848 23302 1
83954 88893 1
6882 16360 1
16009 3436 1
76610 75680 2
83247 46212 1
2633 63634 1
11544 2931 1
52901 33780 1
38989 4313 1
44055 51186 1
17544 84139 1
68149 13160 1
95449 96561 2
84936 96299 2
92772 99177 1
36591 37089 1
88961 90209 1
19259 26851 2
61819 24256 1
89297 39426 2
69714 41950 2
63243 74528 2
99545 34599 1
64535 21107 2
10520 4028 2
20406 24037 1
75691 13713 1
45310 83958 2
66049 64400 2
71705 32600 2
79677 16949 1
22628 80306 1
53977 49329 1
56177 38559 2
53502 19336 2
63749 40332 1
80718 38962 1
37946 34109 2
40091 89469 1
82047 60520 1
81228 84393 1
98099 66648 2
74687 24491 1
57805 54059 1
45025 37067 2
64919 69365 2
62808 8166 1
45550 25211 1
33306 46764 1
44548 73785 2
91571 18755 2
72031 46141 2
28419 12962 1
57943 41417 1
4222 8119 2
2683 96052 2
10858 56610 1
59085 31818 1
59204 32151 2
27425 14760 1
95995 51936 1
35298 11201 1
36628 75833 2
19406 55131 1
54244 95122 2
53269 22227 2
81241 14289 1
18525 58197 2
38418 33613 1
14977 53444 2
95106 33460 1
89165 12152 1
41841 13190 1
82340 26587 2
56347 73751 2
86203 82827 2
35407 96369 2
75515 35228 1
56497 94480 1
82466 14195 2
95128 89412 1
36035 3979 2
52528 80754 1
51361 17044 2
90170 98451 1
19864 77711 1
23719 43540 2
79637 64531 1
52257 7765 1
3352 22892 2
64195 3178 2
87481 44694 1
77147 57757 2
63233 87718 1
85071 73961 1
62764 96994 2
78517 47009 1
7086 18052 1
48441 58823 1
8106 32474 2
40283 96597 2
57052 89353 1
84206 36728 2
60017 55302 1
83803 41359 2
24266 63387 2
60444 16720 1
66941 23016 2
44321 37540 1
40308 74656 1
98126 14823 1
8875 35272 1
70523 23049 2
34934 65019 1
10803 2927 2
9145 168 1
19349 71922 2
68206 84850 1
63126 54590 2
72131 38607 1
73469 20213 2
22617 22698 1
85190 28586 2
40742 41346 2
76896 88103 1
51572 13864 2
76431 55559 2
64448 98469 1
76362 33692 2
4635 65202 1
98942 56426 1
48845 91389 2
67625 36714 2
96845 89739 2
70304 87016 1
57066 81648 1
69545 24550 2
60453 5369 2
44770 45719 1
39988 52802 2
13688 60516 2
91393 10752 2
98801 89131 2
50121 21689 1
17059 91450 2
81726 37351 2
78266 50808 1
76166 70490 1
64470 35165 2
52537 56306 2
87466 96502 2
28230 12552 1
66751 4866 1
75183 39718 1
49071 94071 2
44104 56266 2
12234 32285 1
48220 22408 1
69428 49073 2
4488 97669 1
44229 51780 2
30526 38492 1
8615 76058 1
45092 19837 2
16284 76972 2
76818 14889 1
56854 45510 2
98168 98744 2
12157 23593 2
77269 65331 2
81805 66858 2
24673 36090 2
80565 75985 2
18756 24766 2
35608 89052 2
13372 4264 2
12688 30201 1
87292 91473 2
68070 20047 2
37863 20200 2
55451 52118 1
77593 15695 1
11427 31226 1
66270 85982 1
133 84156 2
29657 33599 2
62876 48081 1
46975 75376 2
13241 48705 2
16089 65828 1
31774 28617 1
82470 32034 2
73796 10202 1
38486 76100 2
75094 33847 1
58992 30202 2
79572 4123 2
28077 35173 1
23121 70289 2
48506 25980 1
91030 20954 1
10938 89066 2
98717 90955 1
99330 61166 2
80886 96140 2
65436 16665 2
73893 72730 1
38340 56660 2
96930 35141 1
11438 12407 1
71927 45523 2
21534 83027 2
92646 34491 2
76686 48425 2
2721 49547 2
94924 31441 1
88080 22659 2
36473 10164 1
60815 77048 2
47115 23186 1
80492 33458 2
80427 49309 1
48973 15661 2
5688 30108 2
33032 53660 2
78051 45801 1
81642 29537 1
33617 37108 2
32721 92119 1
88220 47549 2
7922 33161 2
42546 30397 2
89811 95799 1
65140 98750 2
94354 33176 2
7577 49503 1
47164 77043 2
92584 16209 2
53591 21669 2
12065 41628 1
55321 49886 2
25685 98491 2
20366 96035 1
85033 75899 1
41686 2254 1
16088 41153 2
42180 23849 1
65262 42913 1
96736 93655 1
64973 19815 1
14246 67212 1
46636 51986 2
77477 2031 2
499 77364 1
54945 76415 1
66336 82355 1
27794 14059 1
86885 91595 1
29443 52217 1
71271 62826 1
99603 83008 1
69249 88147 1
46231 3949 1
44607 95228 1
22070 63682 2
86340 24591 2
45996 65586 1
43620 14829 2
84807 98183 1
61002 39590 2
63117 71741 1
28147 17346 1
1813 13476 2
12210 89083 1
8777 42753 1
60330 58401 1
59690 28845 1
9111 13973 1
48076 23221 2
89317 67470 1
55797 63256 1
40343 92791 2
19363 31468 1
68674 25647 1
43011 82490 2
2735 54663 2
28922 11230 1
26588 43880 1
78304 54920 2
25980 27370 1
76096 85565 2
58674 56478 2
94618 32694 1
68954 64710 1
37953 25407 2
20929 62327 1
90046 84314 2
1800 15358 1
32011 84634 2
13380 72312 2
47512 35112 2
26849 64728 2
6793 30978 1
47866 89093 2
8757 89495 1
54979 20409 1
68073 67148 1
30848 42915 1
65220 56666 2
76043 59878 2
65689 9325 2
11217 62296 1
61871 40102 1
51222 84068 1
83908 95386 2
69580 30312 2
89318 50834 1
59424 46456 2
72569 91849 2
74286 34169 1
4788 70641 2
35495 37190 1
5731 48174 2
91986 60271 1
72390 89785 1
26921 45525 1
13297 92382 2
93399 88816 1
53418 99358 2
80161 81929 2
2127 51246 2
83322 24672 1
25485 85878 1
64941 13831 1
87241 724 1
65238 37188 1
73243 51318 2
5065 65555 2
29678 45507 1
33418 60866 1
85442 48499 2
89588 50324 1
32682 60402 2
61683 81343 2
13039 53665 2
969 42829 1
50570 67157 1
49132 96831 2
50382 51606 1
77414 37637 1
20508 31746 1
24628 16967 2
51788 70631 1
11720 4895 2
3435 33388 1
6344 61405 1
31127 14473 2
21580 54434 2
51813 47690 2
30371 84389 2
8476 16016 2
41103 47697 1
41464 70224 2
33220 19749 2
14055 73138 1
10957 98834 1
15919 24243 2
46791 81505 2
60710 54723 2
40965 51787 1
96569 35528 1
66282 25023 1
57446 96793 2
27474 51583 1
10049 55012 2
6857 19107 1
96691 52713 2
23250 71380 2
42326 62941 2
83521 80786 1
31802 90152 1
91937 50447 1
16260 63239 2
78320 85426 1
8554 21834 1
36830 90741 2
30648 92727 2
20338 75176 1
31661 17126 2
90277 84907 1
47775 47330 2
44036 71191 2
95251 1710 2
13074 38454 1
6438 3294 2
24292 25255 2
65575 35450 2
86083 56123 2
68090 11103 2
60526 33211 1
54806 46781 1
99861 11103 1
43400 66650 1
10495 42072 2
34990 8333 2
26565 64359 1
13277 75076 2
63092 99972 2
41116 98911 1
5871 27480 2
7174 68850 1
86635 86819 1
65772 47559 2
24498 94647 1
80849 54330 1
18368 72250 1
93868 79739 1
71369 51944 2
91081 37359 1
38513 40143 2
52424 87408 2
66194 64242 1
37725 3016 1
54778 31527 2
31694 79962 2
49418 77945 1
5977 27321 1
10200 63110 2
89227 45999 1
31246 69665 2
46857 6744 1
24745 34929 1
29387 33892 2
37402 5105 1
52028 81496 1
46056 61294 2
78460 4845 2
76685 87980 2
44798 88112 2
25365 29313 2
31146 20673 1
79330 67577 1
15676 84660 1
78346 51888 2
26723 46259 1
21303 45883 2
64547 71481 1
44742 68095 1
74547 69688 1
42953 39736 1
23680 42868 2
19109 51508 1
32521 52486 2
10164 57622 1
62624 64251 2
95557 59379 1
29327 54003 1
94935 84216 2
23793 4482 1
65473 25794 2
11444 4305 1
15533 13860 2
30974 78878 2
48377 81829 1
7813 10936 1
30037 95423 1
87829 63652 2
37767 53889 1
54606 98779 2
39178 52046 1
32164 24361 1
7594 17820 2
69917 56496 2
43497 41974 2
8502 60259 2
19550 78267 2
93471 52299 1
28561 74908 2
33210 79974 2
25472 34946 1
24352 91010 1
50494 58821 2
45148 52071 2
9646 7894 1
75246 21290 2
44364 88822 2
39849 97499 2
85316 68093 1
3221 54808 2
24537 91412 2
7950 57655 2
88000 40155 1
54915 64544 2
55298 11652 2
88760 12593 1
1150 70294 1
75780 70520 1
12100 41163 2
27252 85308 2
1083 24210 1
25958 94453 1
2364 97645 2
65775 36719 2
43636 88404 2
42742 74220 1
18182 52401 1
24790 85855 1
78567 92450 1
91904 97841 2
77408 62043 1
33654 25599 2
46992 20737 2
84081 56954 1
51015 24015 2
57789 53862 2
4268 25269 1
18584 89051 2
28568 8180 1
34390 19879 1
36217 43939 2
37920 59435 1
81840 40845 2
50032 35481 2
67155 38769 2
97494 65085 1
67724 11585 1
31574 73265 1
27832 91427 2
51016 26054 1
9352 43635 2
65911 60194 2
50947 51263 1
68515 4893 1
25635 79529 2
31391 15683 2
36115 85545 2
65619 89365 2
49560 12425 1
35354 4072 1
97541 99655 1
29541 78532 2
78277 49078 2
62423 65286 2
58773 42461 2
21832 70462 2
14150 93782 2
81090 38034 1
76096 58577 2
54247 69817 1
51290 75310 1
90984 7649 2
30819 46631 1
81743 62858 1
95676 49124 1
71479 60009 1
67388 49828 1
68398 51142 1
25323 89019 1
63674 61630 1
40711 24334 2
58673 76961 1
60546 5977 1
72607 70805 2
56833 37225 1
88356 56369 1
81662 4387 2
25939 85379 2
520 47995 1
82773 67627 1
55454 70590 1
95940 21277 2
41272 98536 1
11344 99811 1
43646 48622 2
72925 54617 2
33902 81334 1
84739 53295 1
21242 4954 2
97389 4939 2
48200 4873 1
20635 27076 2
47248 51430 1
31008 93576 2
74306 64775 2
91908 13719 1
92989 47767 2
37347 21381 2
65145 82132 2
44940 54588 1
63550 64785 1
25282 97112 1
63147 83286 1
63999 73737 1
37168 41403 1
73228 81460 1
68884 39089 1
78891 91059 2
12399 24345 1
53709 1488 1
55793 67850 1
80956 47534 1
81498 92975 1
81618 86272 1
91584 46631 1
90752 2256 1
18348 69924 2
26633 75066 1
59677 74412 2
19748 93134 1
24579 24795 1
51293 25585 1
53541 47647 1
11316 88156 2
3644 95707 2
74588 96060 2
38581 62884 1
24094 84816 1
58067 99559 2
76692 80335 2
66891 54305 1
83310 66719 1
30183 44005 1
58128 66431 1
27332 42042 1
63954 20766 1
21747 22811 1
50879 95009 1
75643 3541 2
79382 8993 2
9109 75244 1
43884 71307 2
90191 66646 1
68616 25534 1
89674 17694 2
21126 52432 1
23580 58050 2
54677 47210 1
75439 28054 2
50489 22855 1
5888 84063 2
2665 55833 1
51777 25593 2
11986 8196 2
35255 75090 1
9746 11873 1
26396 85004 1
78718 53149 2
11102 19647 2
69852 89399 1
90431 13972 2
13898 76677 1
32403 66699 2
37621 50927 1
70085 62710 2
68931 68787 1
50546 27676 2
12714 160 2
17356 87255 1
1238 27899 2
8440 56694 1
86663 11005 1
6352 75420 1
65808 27634 2
47139 7935 2
1561 85115 2
37008 58250 1
81694 83437 1
75438 93915 1
68079 87120 1
35559 77061 2
98510 89858 1
9753 17328 1
13940 77521 1
30804 86836 1
14251 56260 2
6590 9282 2
71669 82131 2
29010 20795 1
86948 64906 2
54652 19702 2
2272 62059 1
84863 99614 1
95685 27048 1
43055 76946 2
6369 23437 2
57559 43524 1
28026 25300 2
29525 27323 2
66791 33198 2
79417 67985 1
45938 94465 2
16298 89236 2
34844 99461 1
53504 24105 1
76793 7078 2
82571 73381 2
93328 49733 2
84683 95474 2
90780 87831 2
15189 35057 2
99470 37380 2
73205 89682 2
62312 98953 2
4710 38333 2
73379 35095 1
82075 85100 2
12266 49425 1
97690 32974 2
11453 20018 1
57052 50790 2
12335 34437 1
7791 47147 1
80137 87467 2
71892 12742 1
53797 8665 1
57281 96854 2
3091 21911 1
5311 52847 2
74071 69602 1
35789 51030 1
60425 54058 2
37499 44999 2
89427 2805 1
59760 62000 1
79223 23482 1
96293 86579 1
78183 40007 1
98632 75336 1
99627 42748 2
73338 38328 2
55646 69902 2
30385 24067 1
21585 86149 1
43255 19803 1
96615 86654 2
60361 30759 1
98359 16553 1
72408 90945 1
61998 32364 1
27819 39192 2
79370 10654 2
70780 97999 1
99200 36493 2
10039 46108 2
53718 13817 2
72126 85130 2
4426 69526 1
10055 24599 1
30249 39310 1
17596 94519 2
16057 65373 2
61082 45839 1
66223 14355 2
73075 22490 1
9082 85398 1
20396 6088 2
94902 89309 2
97247 75386 1
2490 76854 2
18586 81320 1
54411 38464 1
32191 60283 1
9286 11922 2
57442 66931 2
50138 97394 1
878 59490 2
61131 86847 1
97632 35950 1
81649 97576 1
25066 91891 2
34967 79987 1
31346 55167 1
60220 52727 1
93424 75349 1
45781 4834 2
33683 86826 2
66249 75891 1
43357 92043 1
58740 41473 2
61890 64725 2
5444 49234 2
9198 70236 1
53695 1669 2
75804 11589 2
29339 36457 2
13887 87915 2
13029 52035 1
72477 6141 1
80155 7788 2
54670 52510 2
8242 77905 1
89154 43621 1
94032 99761 2
83256 17019 1
14322 68835 2
4008 26687 1
25416 3533 2
45242 8613 1
61204 85614 1
16813 64146 2
3279 72693 2
1297 68674 1
47684 12391 2
60621 46403 2
71411 16541 2
88538 51223 2
71119 59075 2
53413 9046 2
38209 539 2
23153 67657 2
15843 27704 1
63187 77744 2
9221 79811 2
27764 94013 2
34283 11802 1
63507 87575 2
72716 62636 2
88448 44024 2
92277 6654 1
2338 26704 2
21797 57865 1
66194 67647 1
44014 86649 1
61246 74046 2
52090 55215 2
68423 27799 2
95140 77921 2
31427 22217 1
79163 94453 2
49819 87269 1
27522 32777 1
3662 51123 2
9715 66286 1
24973 64014 1
21911 9800 1
12669 35876 2
95247 6000 1
34360 20983 2
82479 40978 2
71500 37982 1
8669 9327 1
56890 14405 2
5847 40412 1
78072 78152 2
54378 47394 1
69392 25180 1
27131 64092 2
89343 46055 1
48834 1212 2
82999 20515 2
75850 72677 1
92349 7231 2
77747 37842 1
94635 8606 1
93008 84430 2
57167 33653 1
98730 31067 1
29099 14129 1
55578 39147 2
10195 47599 1
69139 41354 1
37298 61763 2
65974 94834 1
7717 50354 2
45179 42964 1
49534 40887 2
40975 1974 2
81634 64993 2
95120 26512 1
64684 15603 2
94227 13326 2
71912 30948 1
66623 64305 1
7256 27293 2
27824 10062 2
86195 59133 2
9588 76941 2
78273 60152 2
91953 2891 1
87104 33748 1
91293 97048 1
20578 17802 1
52901 11354 1
78253 64267 2
70375 30217 2
17369 25785 1
29911 15953 1
58357 50601 1
34142 94131 2
33283 80584 2
77014 41059 2
95416 65075 1
77359 73867 1
87197 79869 1
43822 47591 1
81104 90189 1
30281 74120 2
61668 23485 2
97324 77873 1
97372 67804 2
80342 46973 1
54164 24269 2
72412 34039 1
344 80070 2
90278 42112 1
22539 23666 1
80750 96140 1
47778 94895 1
11812 85989 1
71334 98513 1
11916 53127 2
65110 53757 1
73181 80546 2
16642 62863 2
10820 85468 1
65841 93620 2
96479 75404 1
85564 34353 2
24259 78528 1
23025 32346 1
60567 96216 1
51825 82780 2
73334 70056 2
96434 96019 2
70193 77434 1
83357 45044 1
13483 87882 1
72529 87941 2
73083 80296 1
60158 30592 1
67373 11161 1
52363 52756 1
11553 11319 1
27281 17892 2
34891 31404 1
73726 12038 1
38129 78011 1
28563 23076 1
99409 54679 2
78534 52702 2
472 99754 1
99361 91143 2
33099 88752 1
70561 6916 2
5698 72729 2
4088 69648 1
52232 80522 1
33291 75771 1
72413 861 2
99092 24934 2
16372 41916 2
86977 30216 1
79029 35402 2
64691 36332 2
77276 77498 2
46081 13521 1
8888 43382 1
69778 49417 2
59533 8633 2
58918 88378 2
92722 31157 2
94158 81152 1
4852 69871 1
62992 52713 2
73105 94846 2
47588 84951 2
37502 94831 2
57177 59458 1
27170 24324 1
27792 59315 2
58297 59408 2
8896 55723 1
34993 60796 1
10161 42938 1
37040 92838 1
56481 50856 2
39628 2077 1
4930 58287 2
81329 65606 2
21753 62526 2
81887 11450 1
90497 27800 1
13930 86341 1
56262 15123 2
61336 5737 1
80875 6970 2
93510 23961 2
76516 39819 1
28740 68190 1
87709 30010 1
75828 88278 1
49809 13900 1
74383 25680 2
819 63741 1
32416 35121 2
19721 42811 1
4006 18994 2
20043 79048 1
13527 83167 2
97001 63035 2
16792 27001 2
33027 89760 1
79717 71157 2
52302 89940 1
30320 26940 2
35222 49034 2
4217 43049 1
80278 29768 1
39227 14 1
98049 71434 1
24256 88495 1
25405 3230 1
90279 85860 2
90851 59655 2
93061 72060 2
36385 33787 2
67776 43381 1
50743 91525 1
74966 37445 1
8893 20515 1
85557 82228 2
79868 95912 2
93216 31775 1
96848 58043 2
33488 28055 2
33165 26295 1
32561 98656 2
33623 37353 2
85601 44691 1
98632 1237 1
42836 55324 1
99534 31986 2
60530 24092 1
61226 95657 1
59831 86056 2
29842 29018 1
43795 88104 2
82191 26294 1
84712 14841 2
27040 52230 1
27343 20171 1
44374 51875 2
27731 46532 2
3382 28028 2
2451 53724 1
41146 3507 1
97349 32543 2
41008 11712 1
13838 94670 2
72697 56972 2
44714 9246 2
97835 44312 2
15914 75095 2
5232 42900 2
34897 24886 1
61541 89704 2
56727 1547 2
67708 64654 1
82342 78172 2
72378 90101 2
69504 22688 2
21945 70432 1
42966 91845 1
81863 42981 2
7922 63915 1
89510 54831 2
47822 36679 2
11114 11901 1
55675 50049 1
13182 81056 2
76028 75446 2
39839 14337 2
5800 71862 1
27199 63608 1
77547 8199 2
3875 82742 1
87461 29472 1
56806 27868 2
8105 76975 2
66324 93890 2
4928 45780 2
14032 57361 2
51332 76356 1
38670 55049 2
14821 33414 2
44761 46940 1
72359 58169 1
99214 18129 1
29762 35885 1
30176 29858 2
27265 2949 2
98290 72254 1
56388 73115 2
11744 74376 1
91390 39708 1
65654 950 1
54359 30024 2
48983 59538 1
78730 44979 2
71575 21181 2
91400 41191 2
19522 95463 1
64276 35456 1
92755 68632 1
38342 42030 2
72093 16715 1
86792 21431 1
44870 95917 1
828 99858 1
50983 23522 1
12979 90220 1
90157 60609 2
36343 71335 2
8699 1779 2
13634 4086 1
58406 4152 1
56261 83203 2
24535 31393 1
68195 17738 1
64749 9975 1
38547 17051 2
36632 26547 2
43425 45819 1
99551 43812 2
5005 87971 2
29499 50444 2
15626 69984 2
25978 14787 1
6464 3570 2
96413 83507 2
66251 22093 2
14330 60698 1
99963 70266 1
22906 10731 2
77266 60375 1
97148 50477 1
29417 88051 2
19921 86170 1
19467 50867 2
21598 6114 2
11543 44016 2
57693 46917 2
17026 2615 1
64444 58557 1
41235 63527 2
56252 87346 2
48070 67382 1
95379 76451 1
32874 18605 1
29195 28356 2
67427 58983 2
51392 52410 2
62824 30486 2
45286 17025 2
6278 87038 2
40961 89415 1
23099 6904 2
40748 83118 1
44443 22641 1
41235 31277 1
76943 45000 2
23576 21136 1
89073 25843 2
98161 76628 1
38610 60731 2
39752 10412 2
67605 30171 2
96826 25215 1
9393 30373 2
29721 77927 2
75474 58749 2
22826 69779 2
4632 50460 2
68904 18566 1
79574 93166 1
77695 37590 1
33684 28692 1
34737 27469 2
55054 77251 1
81333 91020 1
41908 94532 2
84819 69891 1
7624 35314 1
58665 66394 2
39618 45215 2
72073 33836 2
65071 56111 1
91001 7654 2
5518 76602 1
60689 76268 1
64722 38510 2
87776 84565 2
98339 2540 2
52744 9546 2
87612 5703 1
83518 16939 2
26062 82728 2
4491 15402 2
91708 51372 2
24589 62381 2
56062 89764 2
15254 31632 1
43710 74707 1
45484 62465 1
57725 7828 2
90536 6691 2
85967 47602 2
23447 63307 2
55707 75630 2
23996 43078 2
13820 83261 1
80236 34001 1
19778 88647 1
10192 62783 1
59154 47689 1
91847 51255 1
87394 51092 1
74625 3700 1
37150 47820 1
51749 45027 2
11878 42089 1
77484 38728 1
99277 27897 2
77539 92249 2
83291 35484 1
63597 61953 2
32236 12455 1
31615 53599 1
5072 99394 1
58275 72325 2
25609 42154 2
43893 91385 2
7279 38735 2
20297 76727 1
86351 88567 1
33635 63436 1
76328 83738 2
60317 99549 2
68749 75203 2
21508 34366 2
91974 32981 1
37308 27356 1
6030 5668 1
37112 31476 1
49206 12376 2
76034 42329 1
60289 61454 2
50137 59602 1
21318 82262 2
59886 26041 2
94290 5430 1
30406 27965 1
19651 40869 1
94299 59425 2
37646 33745 2
62267 55131 2
57209 63898 1
25031 83638 1
72161 30164 1
27189 90256 1
79414 11113 2
11983 59100 2
88570 73909 2
37938 7074 2
50310 81896 2
26416 30426 2
56549 25960 1
16750 48789 1
10423 58796 2
73127 38804 1
46704 94434 2
27463 2222 1
6262 45257 1
46736 36975 2
16454 54136 2
39321 8531 1
22319 67766 1
4105 93423 2
4501 59263 1
91713 94057 2
29584 43046 2
62256 50971 2
56042 36013 1
93404 57844 1
75909 62862 1
95872 81590 2
15251 29718 2
37352 4377 1
87708 3012 1
57782 96423 2
98939 12623 2
48673 64030 1
12929 77245 1
19249 35345 1
53617 4557 1
91364 94055 2
11234 26446 2
99756 83675 1
87457 21509 2
2351 59578 1
23628 74251 2
65766 95784 2
66999 25581 1
47454 5467 1
26443 46027 1
57338 70622 1
25218 9977 2
98478 39664 2
37773 13888 2
35494 83555 1
42702 85342 1
13757 19997 1
41630 77890 1
24326 97946 2
9736 68657 2
19015 17895 1
88780 32644 1
18137 53321 2
91229 76199 1
67402 26005 1
8388 78972 1
32026 7989 1
96314 42198 1
69185 90793 2
22066 54143 1
20552 56451 1
20077 82290 2
91083 27530 1
39939 19265 1
51358 67384 2
35457 75536 1
74949 29532 2
96549 28408 2
97530 57817 2
48804 12869 2
69450 56869 1
95141 40697 1
84664 54955 1
98084 41095 1
82265 79881 2
46832 99512 1
61879 99571 1
3404 79497 2
47791 97998 2
99346 46443 2
22866 246 2
76779 5346 1
48615 10520 1
87704 5479 1
85159 43384 2
11917 49574 2
50368 73453 2
41488 41633 1
4467 20832 2
83294 70058 1
1591 5713 2
90055 60941 2
16243 8466 1
83693 95908 1
14983 97226 2
45641 55393 2
50852 12851 1
21894 17384 1
24079 8028 1
35428 58481 2
50819 18663 1
72470 64938 2
61388 54060 1
80644 81588 2
3436 93813 2
17066 13698 2
46233 65536 1
87927 87901 2
78685 92960 1
55087 6242 2
99029 28156 1
4874 54721 2
61299 30255 2
96179 19424 1
76188 86342 2
2601 11735 2
5003 63813 2
76225 44882 2
51084 41794 1
83842 39090 2
29186 74152 1
40359 69900 2
54881 50710 1
38497 66504 2
91732 25790 1
75123 37347 1
57112 56454 1
86996 6606 2
93407 59594 1
44400 87660 2
42447 80792 2
21832 78232 2
73185 28530 1
74765 94525 1
83522 48464 2
28649 17628 2
74228 68347 2
87350 93449 2
36142 79859 2
57316 98382 1
33912 62571 1
49048 98663 1
22257 13895 2
24519 50597 1
3401 22981 2
56255 21611 1
98247 62065 2
77631 89236 2
82467 91535 2
10234 44267 2
23213 16789 1
49945 63985 2
69029 85358 1
58613 48698 2
3968 58104 2
6145 82640 2
9418 86343 2
75038 52015 2
26238 38080 2
19908 57319 2
93552 18623 2
4992 72094 2
44900 17073 2
11280 48459 2
78483 60154 2
55081 67452 1
97933 13425 1
6834 59409 1
99314 73407 2
25190 93118 2
77208 95012 1
52310 60621 1
70345 33138 2
62469 1338 1
6177 79280 2
15754 87509 2
46324 96760 1
51121 27268 2
69670 3737 1
86842 40926 2
21585 11221 2
26745 25297 1
9699 49092 1
68692 89244 2
30813 56016 2
21544 50710 1
29845 13079 1
80069 17797 1
78868 98060 1
63981 85640 2
85209 88855 2
56441 14254 1
7925 82320 2
16660 68253 1
81709 59911 2
27710 24108 1
92315 55583 2
91626 56104 1
2221 71919 1
1056 71443 2
34213 20096 1
19836 29280 1
53591 54802 1
5293 17657 2
31278 94742 2
93271 66361 2
64967 52661 2
51377 65106 1
92116 79464 2
29032 28073 1
86746 16477 1
80250 67925 1
40243 78137 2
1756 86467 1
71181 64945 1
34581 3989 1
4138 92559 1
82144 36478 2
53438 53811 1
79726 31496 2
20788 46063 2
45186 9070 1
92777 20362 1
85203 7746 2
90319 50110 1
39437 37352 1
51468 58747 2
97872 38937 1
11256 40642 2
46128 76514 2
4419 83050 2
40051 79138 2
3660 37566 2
80214 75247 2
21835 72124 1
56425 6418 1
32584 20824 2
15086 998 1
61953 3063 2
31934 61757 1
76296 97045 1
12772 79547 1
95715 86527 2
99871 4729 2
93483 49242 1
94853 1315 1
12685 51322 1
32411 67802 1
1708 37771 2
33565 3443 2
17533 46220 1
47452 43991 2
23561 61583 1
33595 23361 2
26734 43515 1
73202 7075 2
10655 18890 1
68619 18433 1
22336 52907 1
27432 27092 2
43722 85345 2
32603 27656 2
41005 27202 2
70827 69406 1
873 99224 2
83062 41259 1
11316 65188 1
32649 90071 1
37079 66806 1
22378 77887 1
48049 7606 1
95695 4340 2
89106 44351 1
46660 31674 1
87553 91934 1
15401 84042 1
38007 23735 1
21202 30672 2
81218 94048 2
72805 93357 2
3427 69573 2
76543 46838 2
50736 8450 2
78320 19059 1
64499 71180 2
68282 81345 1
43688 77737 1
48406 76241 2
51235 12242 1
98255 11366 2
19400 51256 2
12676 26299 2
77713 19869 1
50570 83931 1
3436 31863 1
98505 32231 1
96890 30192 2
19226 50260 2
44146 73480 2
87695 35146 1
66075 20273 2
29867 46214 1
76533 64242 2
59846 45912 1
4081 13382 1
75178 41958 1
75316 28378 2
58777 45480 2
3705 51314 2
452 52746 2
7436 36868 1
37333 40717 2
10511 99579 1
91398 66661 2
76184 67893 1
14024 45692 2
433 25798 2
91614 40942 1
55479 32339 2
99711 36331 1
88284 14200 2
74231 37913 2
89030 98115 1
75238 90767 2
43981 22934 2
15455 84731 2
82400 44872 2
49803 83741 2
34561 83397 1
6084 52842 2
29157 3050 1
34202 28362 2
20629 13546 2
36721 81241 2
69295 26475 2
89793 63082 2
1189 62218 2
89973 96031 2
13501 98099 2
29421 67699 2
54927 50569 2
56316 6032 2
45163 33348 2
51050 18329 1
41200 63214 1
45170 99650 1
21846 68645 2
49093 48466 2
25061 46589 2
18022 97288 2
43803 89627 1
9773 86547 2
20363 13754 1
15748 8825 2
34072 2634 1
77196 77361 2
64702 56684 1
15833 28425 1
7978 89719 1
48978 59232 2
30877 95255 1
76722 14605 2
55564 47592 1
47626 63606 1
66851 55167 2
95164 80890 2
67709 33122 2
28065 48648 2
2030 48555 1
22821 10309 2
24730 27208 1
44102 76171 1
97947 13854 2
90456 28452 1
22910 7842 2
38819 81107 2
52166 21502 2
62275 60299 1
59496 53266 2
19496 76246 2
70478 97233 1
92756 7919 2
83509 64 1
63488 44424 1
70862 17818 1
72982 43909 1
94432 81070 2
21208 1759 1
21924 85887 1
15064 76899 2
48744 62435 2
98878 43408 1
60941 53253 2
69894 5181 2
7913 11044 1
38239 40400 2
66374 6001 2
31405 68231 1
2273 27509 1
1447 92499 1
10540 35112 2
14233 95321 1
90732 41787 2
21220 70415 1
14811 23792 2
70713 35813 2
11367 764 1
84226 59001 1
79217 25804 2
32601 69601 1
31792 50236 1
36431 53766 2
31275 58529 2
76326 96131 1
71011 48353 2
59863 8074 2
52902 60022 2
41550 14559 2
35229 23983 2
745 69083 1
97727 57807 2
73404 48746 1
99131 44172 1
97935 21805 2
58419 70161 2
24478 29241 2
71643 65148 1
77337 76791 1
85310 93313 2
88322 68610 1
36697 13157 1
29073 35884 1
91294 46819 1
3187 72537 2
90227 82347 2
74311 34369 1
46609 82334 1
42976 90803 2
97221 94420 1
77926 43181 1
30737 19446 1
72692 97957 1
78252 23555 1
27899 77667 1
74590 37743 1
83806 17380 1
92198 3456 1
32948 53145 2
24788 40880 1
80842 67750 1
60078 19214 1
27102 52739 2
83887 90204 2
43013 52734 2
3908 23794 2
21381 40727 2
14637 24570 2
40124 56579 2
43138 66770 2
7063 81354 1
52139 2925 2
24092 83369 2
40935 88658 1
92129 12433 1
20230 2299 1
36146 67014 2
33167 83320 2
33775 2400 2
27323 27274 2
82923 38349 2
8888 32744 2
13838 70957 1
87335 39901 2
9108 17557 2
67613 37896 1
61133 7085 2
21638 99706 2
73051 84786 2
28542 62524 2
63702 45493 1
24246 82918 2
17931 42329 1
22101 43657 2
3833 61145 2
13524 68774 1
38451 68544 1
57441 3829 1
62433 34095 1
22685 12799 1
28446 47610 2
89918 56836 2
56219 75147 1
44910 51542 2
16891 98174 1
97449 4860 1
38165 99587 1
21571 62544 2
78390 41408 2
21856 1154 1
67804 17900 1
56698 63186 2
66523 86357 1
84255 5913 1
68316 53723 1
28209 45153 1
32601 38674 1
40036 45641 2
87171 25796 2
67619 91138 2
94556 34349 2
40523 21716 1
67677 66909 1
27117 54202 2
88369 68826 2
54225 77185 2
9304 4283 1
24270 67694 1
90310 48078 1
96019 69397 1
70241 21363 2
23010 38786 2
13542 60190 2
76751 58580 2
71044 68825 2
70885 1213 2
66911 49567 1
6785 23779 1
41743 61123 2
63701 8898 1
16030 5639 2
52902 54088 1
62094 86213 1
56783 11992 1
63153 86218 1
12892 89000 2
52431 70934 2
92048 77890 1
80515 8925 2
83359 59591 2
53118 47945 2
78932 76071 2
37763 51637 1
65389 50410 1
60937 38739 2
36602 74858 2
15741 55080 2
449 84567 1
88157 11083 2
10333 67474 2
10205 97705 1
84666 36882 2
29062 53668 2
59259 19490 2
72786 34703 1
72341 47552 2
82482 72307 2
11185 94208 1
94440 24398 1
42222 45128 1
66573 73839 1
30684 56977 2
99084 16699 1
77378 86732 2
24005 49707 1
41016 72027 2
42571 52876 1
92046 22803 2
71526 5469 1
42308 12289 2
23122 50676 1
28976 73666 2
7007 14618 2
28763 42761 2
36463 25258 2
53540 95805 1
9370 31542 1
84091 16248 2
84365 13474 1
89959 54921 2
14790 66119 2
87553 81331 1
34394 12113 1
52727 2988 2
27024 37442 2
1578 79103 1
92356 48877 2
85296 22058 1
63205 91355 2
1778 70337 2
86326 83657 1
27919 25353 2
91184 50216 1
60696 95485 1
82815 91708 1
83858 68461 1
28225 22174 1
41463 47642 2
98699 88826 1
30869 13180 2
65219 87090 1
64045 61308 2
49414 46905 1
76853 19130 2
15332 98392 1
54423 84904 2
99583 63148 2
81968 20492 2
65680 40710 1
98577 70050 1
55746 79274 1
90530 76472 1
84981 76720 2
63034 24113 1
95772 96423 1
92424 11779 2
97855 21773 1
26797 8920 2
92730 54072 2
57568 12337 1
99612 41968 2
67720 95198 2
56233 67186 2
76006 95495 1
74297 78895 2
38504 36070 2
91223 52330 1
68599 64395 2
5794 98654 1
16266 35703 1
27439 46902 1
54800 11873 1
7365 46163 1
78539 49556 1
33023 59530 1
46415 83247 2
90062 18275 2
92935 83555 2
11157 81979 1
73617 6681 2
52907 51299 2
43965 55562 2
18972 65278 1
65073 56293 1
8680 36295 1
51272 47724 2
3203 19113 1
79310 62679 1
79252 18629 1
84678 76687 1
77206 94960 2
29509 31124 1
40185 76274 2
20212 27768 2
27585 29256 1
68497 89058 1
87494 53410 1
21998 26060 1
32691 72806 1
96113 22278 2
89224 56043 2
89971 33040 1
21368 18335 2
75201 65571 2
42123 38210 2
1182 6793 2
2333 65320 2
63199 12001 1
78749 91131 2
19469 72668 1
38959 70487 2
14055 66723 1
33963 4973 1
48989 49454 2
66492 87328 1
63574 37070 1
68929 73866 2
13131 6660 2
111 51000 1
25834 75463 1
97165 66186 2
38387 41059 1
14294 2164 2
74750 90965 1
49115 74784 2
88564 58512 2
43551 10570 2
44114 81850 1
70905 90914 2
49801 66159 1
34709 48014 1
38688 36285 1
91667 82917 1
99664 55655 2
67975 43765 1
96967 36611 2
33655 44509 2
21670 33788 1
60064 70676 2
37539 28752 1
22898 77441 1
60616 79250 2
48271 14816 2
19218 7465 1
45968 42531 1
70386 94960 1
54368 41263 2
48272 31028 2
45471 34427 1
25475 61689 2
33408 73716 1
86106 89749 1
98635 56060 1
30742 67028 2
10268 2086 1
4749 99762 1
78306 11452 2
46569 13444 1
55265 77402 1
1159 80687 1
42480 2128 2
33753 86159 2
82620 72483 2
26564 56370 1
13507 7564 2
50275 4795 1
35450 7927 2
88706 29727 1
45992 64902 1
33763 90539 1
37704 9708 2
89373 18044 2
76843 29491 2
55128 99461 2
56852 89270 2
84786 52845 2
36154 75751 1
8861 15406 2
57257 25034 2
21534 81847 2
61761 59832 1
82160 42699 1
86166 78974 1
11903 33920 1
53646 89467 1
81966 62689 1
17798 96293 1
29745 88493 2
50478 69317 2
15539 83893 2
78152 86646 1
9874 47554 2
67853 82634 1
9630 2892 1
91368 10725 1
16221 88388 2
92760 30656 2
3818 79147 2
63186 73511 2
65778 62489 1
66494 3804 2
51957 82935 1
47637 97010 1
75147 80741 1
47209 12946 2
77596 66581 2
38301 16409 1
91911 68590 2
29289 14616 2
32540 51530 2
56631 67443 1
20386 94808 1
34281 48195 2
10162 38426 2
34480 83508 1
11353 40936 2
85526 4615 2
5274 71020 2
61462 6737 1
85450 18660 2
20606 85562 1
83667 22852 2
9620 11328 1
81105 91537 1
32334 20657 1
51384 16902 1
25336 69076 2
22188 72243 1
71794 88417 1
87015 6329 2
62320 94756 1
10582 48943 2
25048 65694 1
89788 92352 1
60583 52996 2
48558 17291 1
20845 34078 2
69718 2530 2
31084 87113 2
70225 15787 2
20477 63350 2
82928 83906 1
59275 82793 2
32475 73013 1
99125 81274 1
17065 76486 1
7728 49687 1
59529 31757 2
30243 62176 2
18812 30676 1
88138 20714 2
35928 23641 2
90388 1757 1
39719 44303 1
94437 94870 1
28550 17341 1
85493 49990 2
75911 7293 2
44814 24432 1
12751 73502 1
32049 5551 1
28216 1955 2
99218 88750 1
22896 36002 1
37144 48302 1
67289 48902 2
41502 20899 1
60199 91918 1
12789 53367 2
43333 17196 1
25824 23910 2
62352 29254 2
96246 7937 2
75674 38520 2
47523 27211 2
55464 43759 1
4423 43199 2
79605 87024 1
2325 71 2
87949 68975 2
27318 32806 2
68402 17656 2
57924 72944 1
99579 38986 2
69679 2829 2
53232 83799 2
39835 65082 2
47823 34630 2
70592 49799 2
46890 96625 2
46377 41081 1
12455 99367 2
18197 25866 1
6239 96011 2
47066 87396 2
31263 64243 1
28029 34858 2
70922 84298 2
37818 41840 2
55956 79406 1
50562 46397 2
65576 10066 1
53368 1200 2
2596 254 2
63284 30904 2
39224 99338 1
72224 24379 2
29227 53543 1
34493 34864 2
31030 89750 1
85087 51813 2
20166 15886 2
64557 46681 1
7742 26522 2
14786 82979 1
64467 14457 2
23119 94185 2
19950 96701 2
93494 8842 1
97614 80460 2
40240 31989 2
44963 88482 1
61929 77136 2
1044 28269 1
15423 72210 1
63802 65680 1
64646 43304 1
83587 55904 2
92582 7540 1
10768 64426 2
67099 2857 2
61143 65771 1
76181 90417 1
16385 72406 1
41814 46407 1
29293 80562 1
26262 55901 1
89899 22234 2
7714 93879 2
22659 60379 1
13753 8495 2
66668 57753 1
22670 34831 1
45332 28266 1
33417 24121 2
99231 76345 1
80070 77155 1
5792 10916 1
71988 68275 1
64705 64127 2
70774 30696 1
33761 66063 2
55974 76721 2
66289 35600 2
67725 99475 2
23126 98416 2
28589 75207 1
14986 70385 2
17655 14073 2
25275 45035 1
6069 91882 1
40587 57735 1
6785 77711 2
27822 3557 2
50860 9553 1
5007 56727 1
792 81003 2
92971 63844 1
72286 80047 1
13812 70022 2
83146 4513 1
53039 62860 2
56025 25530 1
36567 1145 2
7074 93126 1
11480 11555 2
11562 85255 1
23636 17621 1
51918 84624 2
52834 33869 2
54461 58058 2
7434 1918 1
20412 3730 1
96074 65776 2
5792 42457 2
67188 32987 2
70711 57475 1
95629 35344 1
96544 96713 2
88944 78000 2
41806 87479 1
79433 43186 2
1577 69838 2
75835 62145 2
49004 72867 1
31482 65628 1
2024 18270 2
7090 77077 2
30112 40732 2
77598 68755 1
68971 60910 1
10577 35279 2
92470 75448 1
35953 28410 1
33695 50930 1
2679 82486 2
17947 57003 2
49360 569 2
36752 91201 1
32159 41613 1
48508 45673 2
23449 35091 1
32204 65038 1
72519 33179 2
65542 14538 1
36743 13389 2
3744 75790 2
26220 80771 1
54438 62016 2
52058 4524 1
29528 88408 2
91018 65131 1
94953 58754 2
42572 31031 2
85121 33087 1
87488 72089 1
7868 11779 1
57436 16528 2
84905 52952 2
89321 78512 2
64333 7578 1
93062 28830 1
21309 47674 2
21732 59702 1
51303 37659 1
43975 31558 1
98634 73624 2
85004 60176 2
44697 14524 1
24509 30636 1
348 67368 1
30398 80483 2
32206 38576 2
47908 97781 2
49280 68286 1
76153 73588 2
12501 94638 1
9050 63271 2
74756 50577 1
48953 77320 1
82970 20682 2
37659 28518 1
86453 21875 1
12794 26468 1
23977 7385 1
30212 79608 1
41439 18396 1
92634 51757 1
77681 21873 2
76530 95201 1
20496 89119 2
46902 26824 1
60830 16741 2
68611 79527 1
39092 45811 2
42123 86009 2
83261 47532 2
80243 71630 2
31513 40138 1
91349 1575 1
24603 24954 2
84736 22428 2
53900 36124 2
80691 78262 2
28614 17220 2
19621 17781 2
55769 71388 2
63264 38154 1
33609 37856 2
50785 4126 2
5838 52064 2
65178 2506 2
55858 15425 2
93393 99709 2
82583 26396 1
28766 95322 2
82319 71550 1
38001 90326 1
12610 98919 1
94793 24990 1
89963 79339 2
23998 34735 2
68091 33684 2
59000 88573 1
44533 57245 2
9237 44173 1
50128 99320 1
37543 24026 1
31833 29226 2
31060 24659 1
25294 90730 2
78612 91259 2
54531 68837 1
40695 4712 2
29537 76189 2
39197 53702 2
29378 53637 2
54363 83601 2
56663 9575 2
61628 7454 2
66754 61758 1
15102 23506 1
25788 88060 2
91921 51081 1
14736 86149 2
18556 73809 1
33566 65906 2
83544 87564 2
62265 54800 2
27026 76338 1
3305 2366 1
14221 37580 2
8138 46386 1
38270 474 2
78379 86933 1
83118 79598 1
50992 82306 2
92892 2095 2
24945 12843 2
21913 56247 2
25753 89620 2
25129 13014 1
29255 32726 1
39976 4268 2
98224 29310 1
50275 75154 2
2651 58923 1
60123 77714 1
42980 14963 2
22086 2091 1
85369 29918 1
51502 65742 2
41600 19210 2
13135 71843 1
49775 75493 1
18365 92709 2
50611 22006 2
70268 80162 1
84874 10837 2
22310 84348 1
55592 68719 2
55625 12938 2
50102 43139 2
64326 61336 2
36174 10375 1
18323 38690 2
54241 41635 1
93530 79101 2
62449 36020 1
42008 26735 1
33271 9707 2
40319 27570 2
13726 14892 2
44564 32949 1
39110 46960 2
94961 42490 1
75330 6083 1
92548 36697 1
54842 85190 2
62127 3516 2
93770 68526 2
84390 85633 1
19361 66563 1
65268 18812 2
80899 16706 2
23094 73298 2
30920 49148 2
62238 83582 2
72475 7157 2
6641 21071 1
18939 49829 1
94506 34664 1
58429 72314 2
59573 32736 2
1992 1716 2
33588 92480 1
54647 76456 2
19550 19975 1
10299 62206 2
68475 28425 1
80375 82643 1
50185 91212 1
73314 62552 2
39194 8297 1
48712 28017 2
26260 79633 1
17385 3094 1
92303 38566 1
8409 63093 1
13371 41341 1
2014 11086 1
35927 89219 2
7350 81110 1
56603 17685 1
85422 69845 2
13423 87110 2
93995 38376 1
95058 91293 1
6917 74303 2
10132 14548 2
67559 68416 2
64123 90458 2
46225 11682 1
18882 93234 1
24726 34547 1
18326 32946 2
68734 73651 2
16023 57605 1
39621 87799 2
44189 91529 2
6298 75302 2
97777 74450 2
35457 31391 2
19119 84133 2
18386 1106 1
35947 71422 1
79000 93858 1
88040 95274 1
86386 36362 2
7170 97550 1
88309 27924 2
29062 69630 1
9480 68163 2
84629 51622 2
66502 88907 1
59589 44549 2
55840 7603 1
94623 3181 2
22745 29562 1
90722 1925 1
51624 16143 2
23231 999 2
53081 68440 2
18619 9282 1
22220 54380 1
15312 14393 2
981 17913 1
40491 67169 1
69370 29663 1
42448 23815 2
78456 9714 1
21522 86120 1
77887 35196 2
6139 85560 1
27441 59096 2
95530 3260 2
32007 81336 2
78352 22927 2
84812 53025 1
95058 9665 1
94112 23018 2
93770 92307 2
96054 10369 2
79718 86332 2
52758 71365 2
45511 87303 2
13596 76909 2
24772 20659 1
50423 34975 2
97637 83986 2
98923 1914 2
19560 52330 2
47599 81325 2
66270 28535 2
45392 58109 1
49455 99751 1
51340 21635 1
48338 31196 1
37560 52172 1
83190 99182 1
26363 97879 2
95645 32262 2
83024 83930 1
15483 25604 1
67400 95454 1
88187 15835 1
81990 33118 2
72314 78096 1
18689 96460 1
31594 19102 1
65829 19788 1
10897 17620 1
62066 75031 1
58375 51509 1
48348 29434 2
46523 25047 1
82409 96372 1
59823 98981 2
58678 28059 2
26648 34941 1
34578 44088 1
11231 86579 1
52322 8454 1
26402 63020 2
66780 46167 2
6099 60036 1
81867 95247 1
51320 1129 1
95025 44199 2
40458 29053 1
44768 44171 1
43190 86199 1
57760 83901 1
69215 76131 2
72653 2864 2
18489 25374 2
8310 27277 2
2832 19131 2
65951 59537 1
87487 68672 1
53792 74861 1
32538 1257 1
44707 52037 1
85892 60900 2
83498 2866 1
62201 22484 2
57286 4480 1
16966 6063 1
93345 23632 1
69836 4320 2
62422 91703 1
9153 71237 2
65779 46686 2
16270 69073 1
42078 53408 2
73138 52747 1
31117 9966 1
23069 8206 2
83436 15118 1
84598 35975 2
27099 39128 1
62326 36570 2
15918 93176 1
34507 60094 1
50539 79279 1
93142 6044 1
98447 48210 2
42029 23188 2
91146 12681 1
66713 75287 1
27198 5265 1
73017 67726 2
79300 15995 1
23262 5234 2
53254 69995 1
32429 83346 1
59846 6777 2
35648 21232 2
73590 23283 1
33509 548 2
60894 29497 2
80125 15799 2
4890 8928 2
55454 1961 1
53817 54096 2
74258 81869 2
54751 4294 2
21974 65672 1
74179 6707 1
35836 45077 2
658 87930 1
64297 27459 1
13098 2422 1
49272 11093 1
43680 24338 1
93333 8769 1
62619 31311 1
92642 76850 1
20406 59937 2
26165 78887 1
42114 72690 2
72600 35569 1
87425 41758 2
50696 64505 2
85837 91542 1
41655 47191 2
16879 84957 1
46347 40220 1
8840 19182 1
48476 55401 2
55755 57524 1
18777 20438 1
16577 18352 1
30980 16812 1
23492 98742 2
73265 95403 2
9156 65136 1
16043 23877 1
16197 95930 2
97264 62337 2
58847 37028 2
90288 76057 1
67197 58516 2
31345 65436 1
58078 52097 2
50126 4397 2
28023 17977 2
64691 14818 1
79727 27323 1
25635 7077 1
90530 45566 2
22963 6455 1
68223 77545 1
71084 96712 1
47562 14168 2
84748 63008 2
66298 46558 1
59846 4186 1
25244 91933 1
76573 53347 2
78798 40559 1
97965 91871 2
43557 30689 2
95075 72229 2
32552 62131 2
50623 96542 1
18226 74361 2
85433 67786 2
97908 89565 2
36186 25242 1
50480 89018 1
19998 343 1
44031 88450 1
46521 90490 2
48332 2490 2
31278 42834 1
31319 4601 1
49177 98913 1
64436 172 2
58439 72831 2
84169 25141 2
93593 16662 2
98739 38759 2
12613 2660 2
71041 32332 1
12629 41628 2
80568 73311 2
78885 47141 2
71213 79986 2
21673 34713 2
14670 98378 2
96805 74119 1
86042 54398 2
5171 72722 1
98436 37499 1
83873 52529 1
35380 99203 1
9712 38349 2
47878 58153 2
56470 42181 2
60873 90614 1
26109 56141 1
91584 45384 1
4066 586 2
81413 50702 2
29398 39640 1
74977 44973 2
45889 23621 1
17525 33406 2
88762 77747 2
69589 73549 2
3760 19001 2
46280 61020 2
37412 48579 1
47849 59262 1
13484 9518 1
58569 4220 2
48722 1165 2
40074 66419 1
77459 54119 2
90917 46196 2
65441 32502 1
8133 56707 1
18242 60777 1
52842 49145 1
67150 20643 2
33736 68162 1
9652 15097 1
93701 94848 2
85846 68440 2
50942 36998 2
75976 55966 2
35810 14109 2
73205 12316 1
38549 93026 2
98074 1050 2
48271 78662 2
17801 40755 1
94075 64749 2
42216 90932 1
30585 13424 1
87983 38209 2
89820 28827 2
1390 88849 1
39692 94447 2
5156 27373 2
4228 87585 1
13385 10645 1
93589 44025 1
90949 41147 1
44674 28436 1
76310 93509 1
6178 93731 2
35311 1263 1
6562 80586 1
92083 81287 2
21728 12514 1
88606 25424 2
8209 51831 2
33596 92479 2
46331 92138 2
67792 61281 1
90204 47216 1
11791 819 2
17697 56529 2
18722 32008 2
16112 68650 1
36456 10599 2
46911 88779 1
62097 56011 2
35322 6746 2
85828 25601 1
58689 42575 2
41114 37485 2
70439 90582 2
5536 48165 1
26164 10800 2
30745 27124 1
38180 18865 2
41082 20185 2
35014 74275 1
34445 86853 1
62911 87906 2
25646 9697 2
40900 42815 1
52977 98086 2
43587 22590 1
60634 45634 2
81947 48151 1
79651 34394 2
34494 14264 2
97690 59810 1
18710 83937 1
39072 41767 2
76894 84934 1
68299 67622 1
95173 96017 2
13604 55410 2
6991 60574 2
57098 98866 2
34643 61726 1
47310 90336 1
56285 44436 1
1397 31979 2
3630 31035 2
69017 94422 1
68951 8541 2
33544 46967 1
25698 63709 2
5635 54329 2
33929 44559 2
60833 27706 2
47709 98331 1
91433 69645 1
67712 10045 2
52795 70266 2
459 27720 2
45544 57753 2
47913 70078 1
90614 56923 1
6618 13433 1
6525 17953 1
10065 98438 1
65036 76706 1
6007 88357 1
91076 1194 1
87846 81162 2
30108 81717 1
29326 22623 2
50460 74680 1
94963 28416 1
49218 34905 1
50796 26525 2
75040 37810 2
33478 91931 1
43035 71314 2
92672 23508 2
67822 79803 2
57069 24146 2
59557 30565 2
42741 73528 1
87235 75994 1
98099 45241 1
25788 40088 1
96536 40063 2
12635 87922 2
46919 70309 2
37661 85199 1
68055 34174 1
77877 55754 2
58740 13260 2
20486 37200 1
48767 63337 1
97324 90821 1
96233 94625 2
70579 35935 1
78364 34390 1
52606 69961 1
15730 36187 2
97506 58210 1
14332 17146 2
24520 86395 2
66876 4782 2
57198 56125 1
83979 91177 1
84871 28673 1
41908 55024 2
42966 36117 1
25559 55226 2
47895 82046 1
96487 63348 2
20407 28912 2
40076 55519 1
2871 16696 2
68354 34865 1
53452 33427 2
89848 72592 1
5282 79988 1
37842 3546 2
56276 48930 2
90888 40608 1
70614 88951 1
58277 43654 2
21740 64226 2
56744 17541 2
72304 25958 1
60038 21290 2
30608 74105 1
25318 73620 2
86125 42054 2
4580 77241 2
7453 38731 2
60014 73250 1
51817 51964 2
12234 15498 2
43600 79518 1
94510 92195 2
16994 67597 2
59943 55025 2
34983 5686 1
27603 44748 1
74166 81789 1
38470 82211 1
73886 75001 1
33673 48980 2
96192 22227 1
10134 67189 1
57490 8875 1
96222 95246 2
15198 58771 1
97923 40284 2
36801 78450 1
19614 29104 1
74540 67906 2
51066 89294 1
56614 90674 2
93495 71983 1
24073 36324 2
77064 72735 1
14433 25456 1
66485 43391 2
84816 30720 1
2074 39236 2
44044 64146 2
64230 31318 1
70175 17369 2
23549 82098 2
69350 34108 1
83575 29961 2
23987 94646 1
20894 26303 1
25804 36532 1
28852 2284 1
70345 71258 2
83147 1470 1
60825 7838 2
33867 8150 2
55582 45291 2
50671 6278 1
41548 35872 1
5512 79865 1
61838 72399 1
33785 85195 1
86594 56702 1
44793 84077 2
29016 6601 1
436 899 2
64918 91294 2
4938 96389 1
9527 78559 1
40463 79041 1
17255 48228 2
45705 57719 1
56169 91062 1
3958 35260 2
48401 45525 1
54371 10584 2
1675 47508 1
52437 21800 1
60146 49879 1
77124 89340 1
51961 66492 1
84219 59194 2
32326 98223 1
88250 78681 2
16690 47764 1
13140 76327 2
66762 35841 2
44145 22276 2
51793 19169 2
43181 85893 2
8764 36914 1
8567 49266 1
47796 96360 1
68339 75143 2
18200 13960 2
20665 63191 2
38232 74509 1
83091 9380 2
56507 16327 2
53187 73801 2
44218 80695 1
27835 5488 1
12930 28181 2
87107 43036 2
77814 93290 1
16342 43553 1
77515 6038 1
93797 17831 1
58923 56331 2
83090 67562 1
3506 85488 2
24503 92605 1
53844 37791 2
7133 42370 2
68117 57415 2
26469 5107 2
32879 27786 1
97474 34237 1
96848 91584 2
3133 80832 2
25945 147 1
17904 23088 1
13984 92001 2
65996 8247 2
6287 26621 2
18771 27376 2
30083 89167 1
72286 51214 1
85997 66447 1
84344 2003 2
46324 88941 1
31648 49721 2
55922 82700 1
1196 76397 1
49683 46723 2
7937 13806 2
86777 39483 2
19036 26227 2
57402 19220 1
78732 96002 1
33760 5247 2
24149 50330 1
34248 85445 2
34510 98698 2
78084 30655 2
26052 50359 2
19033 82491 1
18709 97594 2
29282 2654 1
86262 20672 2
73067 34365 1
70126 24552 2
37558 67426 2
82776 74377 2
97849 64077 2
91109 66665 1
11998 19792 1
65143 69606 2
76259 91314 1
24424 2001 2
24280 91917 1
66881 29775 1
20803 79281 2
40963 71639 2
58591 62303 1
90081 86 1
76632 15246 1
75812 71405 1
7344 59689 1
52038 59890 2
93950 33294 2
84567 91851 1
53098 17 1
64764 43446 1
97490 18775 1
89162 1156 1
43401 64252 2
97935 39577 2
5682 39501 2
12394 15086 1
75241 85326 1
96654 93648 1
5754 19286 1
22627 48478 2
66344 80526 2
9061 9998 2
6312 25782 1
87331 10312 1
89251 81504 2
8769 31305 1
99448 76627 1
48567 12610 1
82871 94857 1
56559 73047 1
4263 32881 1
71947 38177 1
5921 32046 1
83804 10444 1
77106 46486 1
60620 85402 1
55453 94643 2
31029 57213 1
16631 85798 2
21000 13441 2
93705 32799 2
67016 10304 2
64786 80646 1
96780 9004 1
53730 13878 1
86080 77448 2
58336 23260 1
90116 17487 2
61157 95388 2
68204 76652 2
65279 44428 2
66878 75680 1
67407 54200 1
12567 67648 1
68779 956 1
41702 86004 2
77853 96013 1
81232 67161 1
30722 57201 2
65738 37856 1
1035 64321 2
39682 76877 1
9631 82702 2
3287 2680 1
49784 51706 1
58204 8752 2
4609 65210 1
82169 85811 1
20607 49563 1
74538 17014 2
55685 69114 1
80382 59427 2
81310 14986 1
74937 64278 1
14311 10226 2
63186 88576 2
79601 7853 1
26038 86277 2
33604 33448 1
77315 93053 1
25943 62727 1
78126 92502 2
25593 97472 1
56734 10192 2
84779 33822 1
34702 6336 2
20068 4799 2
55663 37870 1
35980 7575 1
867 96214 1
3745 66699 2
24323 50795 2
31893 64087 2
60539 30032 2
29037 80617 2
48393 70045 2
62820 52931 1
5889 65536 1
3686 32700 2
53579 40057 2
84053 15232 1
7683 11228 2
71656 36044 2
25401 18323 1
82535 10355 2
8815 66650 2
54000 11771 1
25726 43073 2
52501 7009 2
54513 5230 2
37180 80561 2
51719 69944 2
16029 93614 1
13845 66541 1
72392 78832 1
62594 51949 2
63516 75969 2
682 39852 1
87057 37375 1
1916 10004 2
68207 41534 2
60828 89377 2
19669 83491 2
45025 65635 2
55155 27817 1
73144 68031 1
44656 30944 1
69311 38446 2
29188 73961 2
48651 83741 2
16191 76347 1
57443 39148 2
62337 99650 1
79330 46735 2
91360 20890 2
89049 26544 1
14405 32344 2
44906 98442 1
50127 5186 2
99886 36016 1
30894 64145 1
62992 22148 2
71721 77142 1
89008 35904 2
69017 69107 2
27970 3601 1
68972 63966 2
86892 67126 2
61891 74081 1
92235 20901 1
38067 11484 2
88078 88839 2
26888 73794 1
60026 15576 1
18270 89560 2
66948 36200 2
29894 95673 1
31354 92828 2
79975 62772 1
51963 78029 2
69594 51404 1
954 82471 2
75117 83319 1
5151 43276 1
29089 41952 1
1381 49103 1
26861 422 1
66237 37017 2
36824 73274 2
82314 73480 1
78018 87781 1
6692 25099 2
84028 44735 1
75029 4871 2
6091 59417 2
62238 95509 1
69833 59508 2
43539 59841 2
93700 82696 1
36251 96077 1
75230 84990 2
50801 25228 1
66283 59958 1
55142 67015 1
74390 31106 2
6492 58204 1
35836 10121 2
13516 10201 1
34703 61637 2
10593 31941 1
69044 33861 1
25723 14264 1
33221 89708 1
56270 5311 1
24497 30160 1
3360 23001 1
27927 45404 2
76878 7388 1
63214 31982 2
64999 91408 2
11808 89498 2
65647 83186 2
34795 2949 2
64318 47827 1
73471 66922 2
74175 56695 1
93922 59609 2
76017 82679 1
4687 3859 2
7113 13247 1
43858 27215 1
77006 39344 2
51502 25657 2
69148 2655 1
5879 94733 1
15042 89140 2
65400 96480 2
22468 8301 2
14671 20120 2
24601 80664 1
87756 43791 2
23662 17724 2
28534 24468 1
833 11121 1
96997 94153 1
11238 71747 1
14729 88358 2
72326 12019 2
29794 83349 1
54427 18006 1
38117 31092 2
87926 43188 2
74622 65590 1
77593 88842 1
49032 92866 1
46301 47401 1
59383 5586 1
1678 71892 1
68782 17014 2
15402 83174 1
62057 13839 1
51461 50986 2
71221 62228 1
58823 60321 2
77171 65104 2
71884 80128 2
91801 93345 1
33603 63343 2
32016 83931 2
37520 44363 2
7319 324 2
89899 14660 1
81854 92309 2
82719 20960 1
77100 76799 1
4459 14934 2
85338 53955 2
65252 88340 2
72758 29753 2
40913 72378 2
18817 47882 1
61422 68861 2
34385 45078 1
2442 10949 1
21520 40175 1
54953 74894 2
98619 89468 1
50850 54411 1
59747 71831 1
20513 70750 2
64239 69392 1
7495 23618 1
12889 96519 1
58501 68290 1
32781 72117 1
2917 48958 2
53997 48740 1
3681 40717 2
86287 14899 1
44298 14198 2
79293 66195 2
17826 60118 1
92852 57612 2
5250 35549 2
38918 63513 1
97525 80400 1
75864 87335 1
91611 77865 1
58852 4730 2
70695 96914 1
31992 71817 2
58306 88622 1
77078 46205 2
86597 14961 1
42418 16502 1
66851 27938 1
51415 134 2
89725 20256 2
66914 40115 1
72843 43546 1
61765 70553 2
14010 85910 1
28486 22822 1
75081 43179 2
88733 20285 2
47531 26086 1
74169 45556 1
8807 1737 1
74908 78229 1
8443 15719 2
57178 57089 2
80533 82538 1
86399 4872 2
83321 13678 2
37830 88626 2
45182 65891 2
34786 75705 1
82032 83662 2
57209 20749 1
8240 99464 1
41027 44847 1
53871 41118 1
31248 86998 2
11703 12591 1
39263 1453 2
45410 19057 2
73640 94226 1
23296 60397 2
21875 80345 1
58934 26238 2
14111 18440 1
5850 21110 1
94876 15864 2
22712 94170 2
24945 84154 1
68752 10561 2
50039 56496 2
4661 30424 1
11739 24719 2
57519 52673 2
18752 15172 2
48346 36783 1
27131 5420 1
88453 95403 2
69077 72474 1
16180 6387 1
11245 87221 2
81951 36726 2
75859 71479 2
44497 29049 1
49038 34383 1
49993 90805 1
96759 90176 2
74172 22582 2
57116 2464 2
31025 89725 2
30942 73786 1
9475 49407 2
60947 9516 1
52739 24389 1
17412 72873 2
43124 13770 2
88400 52441 2
98445 41312 2
79592 12852 2
71131 19691 2
81489 25899 2
15964 2852 2
16069 80159 2
79012 22263 2
36786 53256 2
13596 93541 2
71321 14479 2
5150 46371 2
19216 93076 1
48283 53401 1
94433 2025 2
40149 4933 1
61161 81236 2
5925 48053 1
82682 6097 1
22998 74704 2
71033 45838 2
50440 37006 1
31072 66254 2
15278 90875 2
74269 97543 1
45776 21432 1
14706 26083 1
70058 98650 2
35507 93891 2
16683 21545 2
203 51607 1
36887 24706 1
71799 98855 2
25414 39318 1
47945 21933 2
50146 16233 2
89542 98105 1
90989 1556 2
33193 74956 2
69049 28515 1
67774 77117 1
59278 3959 2
73063 96695 2
96007 81093 1
64539 66201 2
94293 39189 2
49218 10452 1
60219 11300 1
65050 34129 2
27440 49186 2
96053 61577 2
3136 76245 1
85369 64458 2
83883 82164 2
2398 96825 1
23365 97229 2
24019 7243 1
43956 31264 2
35610 3818 1
62389 49826 1
41000 63734 1
46360 54171 1
28102 13985 1
33151 840 2
38994 48946 2
94339 67961 1
74751 4931 1
56303 95892 2
34000 68675 2
22211 5649 1
1409 75669 2
36338 65083 1
41310 72271 1
37572 79157 1
48618 90428 2
38837 68691 1
41050 96891 1
3444 54557 1
81495 69149 2
45189 24592 1
36448 73227 2
54240 79228 1
8837 21277 2
62447 53479 2
54061 66084 1
77780 93224 1
81809 69377 2
56161 30829 2
99775 69579 1
38781 87413 2
7992 97358 1
87782 82007 2
64466 82599 2
63498 70842 1
94966 58761 2
97228 57466 2
28067 47322 2
43846 7946 2
51177 71446 2
47489 64844 1
44495 80779 2
88318 570 2
6158 47132 1
69040 63713 2
5588 21343 2
62784 37377 1
4962 43999 2
31496 47150 1
91726 90 1
56568 4722 1
32994 32483 2
70901 2473 2
52987 91905 2
98453 55139 2
14795 83983 2
63908 55461 2
21047 37786 1
10817 90056 2
74425 40710 2
3169 39033 2
4383 73545 2
8684 87800 2
56170 90639 2
24315 20633 2
3665 88116 1
18432 13253 1
93819 19213 2
41246 7002 1
7688 91263 1
27885 69159 2
66121 9414 1
55992 93841 1
50692 99248 1
52862 34801 2
3633 93952 2
70132 40980 1
83391 32267 1
90625 68441 2
22799 73150 1
3520 11959 1
99320 45238 2
4706 45812 1
58466 11750 1
31945 33007 1
77643 60277 1
14159 89911 2
68357 76477 2
91453 59921 1
7893 63021 2
88852 26358 2
30806 51400 1
75399 83538 2
61524 53316 1
95231 23943 1
16946 96044 2
65974 49768 1
56164 70783 1
99932 49534 2
43222 91566 1
26966 70534 1
74883 78850 1
36665 29649 2
16414 40787 2
94451 86115 2
25197 25426 1
29795 30069 1
87176 68928 1
34684 7572 2
64575 42901 2
24006 8447 1
4594 57402 2
26493 2124 2
64662 39919 2
28400 31331 1
90743 89894 2
14371 20674 2
58384 28710 2
92621 78199 1
76564 96937 1
55771 57385 2
617 32318 2
37707 84176 2
64968 32711 2
7218 48696 2
80223 69084 2
79223 50755 2
43822 37511 1
52245 28388 1
70061 95750 1
37213 41508 2
12613 96749 2
23186 27520 2
73042 23425 1
6635 59241 1
27528 56957 1
91220 1539 1
38859 305 2
48845 85894 2
27605 37630 1
20522 32000 2
90996 18875 2
58961 49970 1
37033 28595 1
37823 98094 2
80234 64741 1
24995 19776 2
15104 12483 1
79970 70114 2
90794 52851 2
8369 63429 1
91545 11825 2
50622 55727 2
47282 12747 1
36008 43320 2
68623 50371 1
55938 89164 1
97054 25297 2
11316 60428 2
71520 6367 1
60922 71276 2
89579 8075 2
89507 41911 2
33161 49864 1
62227 14887 1
18455 43485 1
70721 72845 1
27143 87140 2
97658 5999 2
76094 74540 1
67388 61828 1
41494 80184 2
63868 26234 1
445 22110 2
88545 72689 2
28117 93865 1
39366 31038 1
37618 29976 1
76284 66089 2
22431 65149 1
91941 9967 1
92825 84862 1
55642 29888 2
76370 87543 2
28775 9282 1
87919 33877 2
56906 28204 2
72843 87453 2
22743 8908 2
69970 84195 2
84726 76802 1
8455 38771 1
61731 15586 2
18078 12364 1
16718 28950 1
43202 52512 2
36505 68762 2
58192 94166 2
40893 41630 1
89243 10152 2
20805 12040 1
9254 91013 2
58672 75375 2
7309 55472 2
91219 26049 2
27804 68959 2
57269 64958 2
94358 92285 2
50514 74522 1
64591 49352 2
89465 48351 1
31955 88051 2
78926 80009 2
4061 62182 2
58376 37288 2
56320 21369 1
76436 41921 1
64034 47933 2
18736 50222 2
67580 96659 1
55889 89785 1
93083 7858 2
86814 26981 1
78402 97477 2
74706 65253 2
25670 19787 2
22110 7459 1
72368 40758 2
26244 48731 1
34623 236 1
68253 73757 2
81059 79689 1
660 75278 2
16643 2843 1
83817 94631 1
2328 3845 2
88112 90837 1
91696 10460 1
82575 73879 2
52716 30669 1
15331 89892 1
22338 13717 1
11291 32994 1
35355 31175 1
93211 13776 1
78038 71498 1
34235 55965 1
16100 90680 1
91878 93742 1
60810 23713 2
67164 89980 2
610 48998 2
69904 65427 1
64410 94814 2
90154 74069 1
39059 42804 2
68645 26741 1
22243 45126 2
20114 38973 1
9172 42856 1
64692 5480 1
32739 18943 1
93443 168 2
98657 4743 2
27721 18017 1
59861 61614 1
91943 30540 2
57305 79030 1
75441 45973 1
15897 9943 1
76558 71326 2
59575 50234 1
45241 34970 1
13449 38207 2
25763 79346 2
28569 85816 2
7630 46500 2
1764 33196 2
79059 73855 2
39996 30389 1
29213 58312 1
14726 91074 2
96908 44951 1
40701 71894 2
17428 27515 1
37133 56295 1
59675 69714 2
89656 31424 2
15870 89394 2
43317 18815 2
54828 57219 1
21068 31159 1
74345 81571 1
74139 72464 2
51341 34368 1
52244 13410 1
4739 44033 1
45885 76062 2
40938 97374 1
30830 41381 2
37975 67107 2
46390 73166 1
65009 47281 2
21591 3620 2
50356 21725 2
11846 85382 2
6255 87824 2
69676 59334 1
27270 52741 2
39815 26923 1
57776 91981 2
87497 14702 1
39034 85326 1
55768 16480 1
53218 89568 1
2253 13539 2
36380 51279 2
75061 88941 1
99121 59036 2
19795 25160 1
73499 52828 1
17244 98164 1
22283 64151 2
70585 84420 2
44611 83658 1
31657 61021 1
10908 82246 2
30684 44506 1
94914 31374 1
88729 81930 1
10834 70237 2
15993 34384 1
74979 17246 2
90761 10083 1
96442 63954 1
79660 76940 2
2964 57294 2
8375 15082 1
30784 90138 2
98260 54481 2
79202 5939 1
26271 30502 2
8306 50345 1
65612 86885 2
37723 89314 1
27327 43548 2
37660 7573 2
39666 1805 1
25194 48272 1
14290 28592 1
62924 57747 1
70563 68974 1
45374 98611 1
53112 84679 2
29359 74200 2
95355 88621 2
24771 831 1
62667 33703 1
43953 5400 2
83033 74479 1
80805 47305 1
25578 84980 2
10943 55561 1
99224 27641 2
16979 25766 2
94033 53236 1
79112 90336 2
42070 72080 2
21977 2571 1
1245 31755 2
887 25457 2
86672 11449 2
39876 45518 1
62476 7135 2
46265 56114 2
29059 98712 2
45409 84610 2
64506 94836 1
21340 30776 2
70092 17108 2
82653 17950 2
96357 90448 1
94156 4919 2
49863 84625 1
26853 74551 1
8329 3927 2
62392 8421 1
11154 67923 1
78951 17664 1
80995 76462 2
16586 37975 2
1003 78785 2
96622 91216 2
69392 72059 2
4018 80514 1
33709 47423 2
13832 24314 1
18318 90210 2
4218 21722 2
14965 13073 1
31683 17430 1
95673 44873 1
65938 75221 2
16450 52605 1
94027 93174 1
57198 64309 2
25765 94376 1
43695 96169 2
33772 11632 1
32939 86153 1
25952 92359 1
93339 11608 1
87221 15578 1
34636 41772 1
78162 31592 2
49345 55281 2
6450 12872 2
27214 36643 1
89189 96192 2
15583 97399 2
25968 60911 1
69423 19954 2
80297 12004 1
84977 17968 1
7772 47012 1
6123 33695 1
95433 62792 1
43766 25729 2
17283 45916 2
57600 62958 2
10898 40354 1
58185 91919 1
30514 47277 1
24201 61092 1
36370 13766 1
63465 45887 2
73974 40939 2
44805 78279 1
45462 97547 1
57233 19190 1
95357 1163 2
81009 68220 2
91210 43716 1
98143 78681 1
53746 26498 1
22504 4070 1
7388 86118 2
94319 62285 1
33091 28133 2
7785 10893 1
77528 75976 1
89056 27351 1
89182 32970 1
1489 75763 2
70572 86141 1
27277 62940 1
45038 5605 1
52603 42080 2
61125 60315 2
42868 38561 2
22690 57643 2
60870 41462 2
75791 342 2
15187 53195 1
20486 73553 1
59183 3068 1
10263 32581 2
38948 85086 1
42183 5453 1
20305 11383 1
61516 88282 2
20103 22753 1
55442 79282 2
82443 1259 1
14137 12109 2
3832 74007 2
90484 44599 1
92026 51485 2
99083 99377 2
46099 40839 2
3802 61648 2
33017 7091 1
2288 67549 1
31894 33877 2
15377 47635 1
43815 47250 1
3093 33187 1
15198 42309 2
82406 43539 2
60768 44733 2
24870 58587 2
11784 56317 1
13063 16775 1
26114 87132 1
25456 83032 2
40113 58243 2
77311 8803 2
21193 36209 2
34562 11344 2
49909 13370 1
96892 6812 2
76818 78660 2
15943 99703 2
66034 53512 1
80524 70567 1
93819 20695 2
78508 31684 1
76998 58963 1
74491 64954 1
32512 40945 2
45535 92554 1
18124 41918 1
60437 34248 2
29278 71127 2
33133 71422 1
13537 46575 1
57321 57480 1
79411 2093 2
89378 86231 1
43748 11691 1
57443 80878 2
82171 86936 1
68812 98088 1
12016 64503 2
21744 6544 2
45747 26462 2
97975 51270 2
12036 58040 1
99293 5953 2
61656 97891 1
69489 36104 1
78139 7891 2
4407 61368 1
66312 50989 1
25383 83713 1
50483 44813 1
11147 86953 2
77696 96608 2
68613 53287 2
29097 38891 1
16038 11209 1
79227 1890 2
64728 52911 1
23449 72817 2
91158 1101 2
57720 26391 1
31247 90797 2
48962 25190 1
20774 63531 1
23795 14501 2
8948 13879 2
86783 62670 1
92069 81174 2
41002 81360 2
98839 90562 1
85710 28462 1
11582 58245 1
90585 31453 2
34403 68130 1
62028 22794 1
84608 11628 1
86941 27602 1
80965 50317 2
77110 71561 2
42327 77601 2
7603 86580 1
76748 8376 2
84328 49678 2
51471 30775 1
19289 25127 2
48418 52247 2
8000 23904 1
97527 89701 2
24235 53744 1
34103 98305 1
61948 64738 2
4859 41119 2
83111 82581 2
42293 98281 2
2903 28539 1
15528 56282 2
457 47770 1
28204 90596 1
1775 26702 1
26891 31659 1
32238 87781 2
21863 18825 2
26368 88385 2
31250 12680 1
32595 19354 2
25395 34155 1
9545 44121 1
70600 11909 1
70294 22078 2
91007 8159 1
86917 45628 2
68155 85015 2
5875 76792 2
55317 33532 1
19186 72301 1
34649 42579 1
63016 6250 2
40741 76565 1
19789 12146 1
85901 82798 1
78065 84283 1
55546 92832 2
34547 76304 1
66694 95550 2
13611 84911 1
54625 61233 1
39233 8172 1
50415 66743 2
44531 83084 2
93928 90847 2
83923 11499 2
52375 41326 1
90343 39063 2
52956 58877 2
25800 98930 2
91722 99000 2
53059 36307 1
78313 93792 2
5339 11142 1
59989 47818 2
9189 72232 1
96605 20287 1
92010 23595 1
52677 38906 2
45160 9400 1
29028 55213 1
63538 42792 2
98759 11164 1
68876 91178 1
53452 37663 2
80015 77793 1
18824 73701 1
69771 80739 1
56706 83916 1
63136 54523 1
71157 47370 1
17444 82887 2
75762 68999 2
99104 31354 1
47452 4064 1
71251 13595 1
32714 54310 2
95917 50085 1
24104 86525 1
9717 31429 2
10198 34173 1
74564 61247 2
57191 99541 1
23944 48746 2
16964 11011 2
31746 751 2
29351 64317 2
5512 6382 2
28096 2027 1
47332 20856 1
72212 71562 2
31890 59414 2
20632 4906 1
32102 43009 1
35162 58833 1
85476 6632 1
16729 33847 1
84294 14829 2
18056 54760 2
22778 99272 2
2063 74149 1
64129 57378 2
1802 27331 1
53202 60603 1
12904 99626 1
51828 42982 1
56557 6583 1
91911 57928 2
32176 78522 1
55292 81628 1
33438 42137 1
35288 69745 2
65877 56651 2
22294 62602 1
64106 34334 1
9058 6077 2
76836 39250 1
88158 70901 1
73694 70396 2
43712 21905 2
73321 22372 2
62674 74818 2
50503 17447 1
52785 90705 1
92529 51253 1
20751 45206 2
24018 60500 1
81842 93122 2
44010 44987 1
73746 92342 2
88077 96088 2
65343 75658 1
97633 15979 1
22840 87207 1
72963 41193 1
9781 26093 1
29795 15737 2
63006 16526 1
80259 70938 1
35825 78993 2
2940 47612 1
13120 59280 2
60984 1250 2
31601 48346 1
90105 69638 1
18812 66642 2
91825 97973 1
25169 95982 1
23592 38255 2
54031 64504 2
25498 11304 1
52462 88753 2
48278 76362 2
11254 3977 1
11808 37361 1
38 39272 2
65263 83245 1
68974 63945 2
98864 13251 1
18932 60633 2
12353 9485 1
95731 20604 1
57271 8725 2
28152 89481 2
68248 48798 1
34340 25577 2
96642 95067 2
45580 43196 2
36450 28022 2
27836 76627 2
16382 70411 1
21455 89399 2
33772 90346 1
10809 193 2
37016 18072 1
46526 50368 2
52290 34830 1
88248 79094 1
71102 90617 1
77044 50363 1
9938 80504 2
3125 15001 2
61851 45122 1
65392 14 1
81576 92861 2
33135 1581 1
84637 36072 2
14863 91229 1
67762 65970 1
62913 15160 2
59826 69248 1
93900 97421 1
37021 15019 2
87273 37727 2
17382 57856 2
81414 35109 2
90773 17822 2
59300 53992 1
41253 33211 2
49401 64711 1
18439 58784 1
53583 37206 2
84094 62696 2
24547 48890 2
29377 2245 2
5831 91087 1
37501 33275 2
5888 4930 1
15440 45891 1
82984 84536 1
6511 63754 1
17229 98757 2
69121 81839 2
54768 89750 1
26177 51080 2
59912 93000 2
5888 39646 2
12829 71854 1
73376 12940 2
67693 71183 1
66394 97732 2
91209 61445 1
82265 45002 1
60793 6783 2
16061 13655 2
41844 75199 1
3065 66231 2
94089 44669 2
71382 64299 1
93786 32259 2
91886 60936 2
10459 44432 2
43633 1110 1
30167 95125 2
71875 55667 2
20491 83162 1
48508 60525 1
32841 85530 1
93287 40715 1
53527 74978 2
35331 31493 1
68590 22486 1
29925 64615 2
98267 96429 2
58964 24915 1
82816 2608 2
70124 60 2
61588 42911 1
28060 55371 2
60031 96236 1
92040 70653 1
43488 64829 1
4647 58627 1
88711 88142 1
29029 79968 2
15066 69357 2
90403 66479 1
75380 43037 1
39858 57659 1
55682 72659 2
90140 3557 1
89156 29596 2
2043 65378 1
36018 77685 2
67456 46650 2
40212 80753 2
98157 80554 2
93289 19127 1
81083 65123 1
40225 93442 2
70613 64393 1
4163 47711 2
80347 63252 1
73576 51602 2
81185 92722 2
23806 12913 2
41965 76035 2
4902 423 1
11772 24380 2
79189 14195 2
7485 31813 2
83991 92294 1
41012 31099 2
77320 19625 2
17049 90510 2
42585 24437 1
88023 92708 2
24849 7480 1
18445 4660 2
87401 75063 1
14832 45452 1
18063 75814 1
99623 89292 1
99012 99378 1
5358 28937 1
9662 67032 1
91092 14187 2
33959 45803 1
43612 72303 1
33692 26418 1
65888 36069 2
92974 50951 1
48937 99475 1
12388 17689 1
93624 86192 1
77560 55243 1
36033 56202 1
14613 52563 2
27595 45249 2
55296 52923 2
48049 77897 2
33644 72324 1
70659 68684 2
89764 82814 1
89990 29126 1
85637 22386 2
87376 71111 2
17504 2424 2
49869 52725 1
62749 19905 1
30493 50055 1
15507 51502 1
11155 65739 1
46577 29078 1
55703 70112 2
65049 27652 1
36677 3965 1
12319 49975 2
68780 30153 1
31598 50369 2
44497 68032 2
23587 9161 2
95273 53172 1
76912 35817 1
46434 91306 1
57818 33616 2
24378 42905 1
26044 7552 2
72998 83343 1
14690 5649 2
29549 66539 1
52815 69069 2
57547 69860 2
77015 562 2
22255 16544 2
23269 87955 2
19324 66238 1
41719 75767 1
91884 71693 2
14493 67801 2
81960 6354 2
38045 90758 1
55345 30150 1
54898 47490 1
49435 40950 1
87944 10211 2
48493 43009 2
71010 35316 1
52290 97438 1
11189 75604 2
49002 91795 1
70762 59444 2
23594 5759 1
25632 20445 1
28920 12177 2
75111 76776 1
25408 86286 1
62726 62531 1
5185 20495 1
28021 4563 1
2833 77408 1
73348 29036 2
10485 12931 1
40179 2075 2
37130 45803 2
64568 59421 1
82527 27298 1
19164 7973 1
19992 14211 1
34910 46938 1
14957 27936 2
36206 25142 2
87208 46173 1
62707 26152 2
33131 58419 1
69766 9715 2
4712 41486 2
41781 98573 1
98919 41680 1
43297 11105 1
21539 27116 1
19136 83917 1
5261 53355 2
57243 59269 1
71112 90154 2
86545 36526 1
92459 31194 1
48467 26244 1
11170 59263 1
41414 31860 2
98446 94194 2
16708 52578 1
1184 89823 2
97275 95397 2
19810 25607 2
13388 74278 1
12302 53567 1
43469 50629 2
11476 2768 2
8072 67156 1
72761 95029 2
78234 33274 1
78003 98944 1
68244 55217 1
22542 83765 2
43710 85831 1
43785 82508 1
36847 65217 2
47802 23123 1
18486 47988 1
65478 12683 2
98836 20939 1
14506 60678 2
19872 4772 2
60405 28560 1
15714 74642 2
46315 12227 2
9720 27644 1
58147 86448 2
17236 1821 2
12426 66301 2
35643 82658 1
68927 44994 2
95527 86031 1
66964 68907 2
94791 43226 2
16115 26969 1
17978 99726 2
10711 64609 1
20535 58858 2
27887 60875 1
64297 60448 2
15614 50292 2
85195 47350 1
96478 51916 2
21584 60808 1
80504 43481 2
11613 43588 2
99469 14323 2
81165 32076 1
52433 60870 2
43084 16344 1
57994 83507 1
2429 57777 2
50357 73774 2
71637 97879 2
46722 85313 1
84093 3805 2
46675 45736 2
99731 615 1
4961 27380 2
3241 13203 1
55991 56392 1
99717 39629 2
4149 26911 1
23424 71001 1
53678 99812 2
43975 29133 1
27274 59768 1
39069 10548 1
43749 6767 1
39031 78252 1
78094 45843 2
58206 41449 1
86281 67104 2
17265 48592 1
45645 61414 2
97248 7676 1
92071 37899 2
21010 89437 1
47926 83334 2
69696 26708 1
69132 45381 2
54712 33177 1
61779 25736 2
22747 23541 2
57606 53219 2
44830 37416 2
6067 34560 1
25901 87908 1
79872 53243 1
17380 20720 1
6819 24132 1
