100000 5000 54258
81399 94498 1
37274 93399 1
19020 21822 1
39508 45279 2
68463 10027 2
30727 63697 1
74148 11119 1
19586 14027 1
70116 97186 1
2600 12929 1
2076 37428 1
14287 2684 2
16299 3364 1
76898 73590 2
87175 23562 2
79392 60703 1
85785 44814 1
282 47899 2
38268 66062 2
18713 17570 1
84802 58940 1
95221 10367 1
36175 42206 2
36863 51346 1
48028 84557 1
96472 40430 2
95797 57270 1
1496 9083 2
22588 59548 2
71400 1269 1
89412 22004 2
12456 52939 1
4022 34695 1
69898 90113 2
78415 42835 2
21 92686 2
25760 76843 1
54531 71551 1
1517 31890 1
92867 88882 2
54831 9796 1
47543 12316 2
77970 2798 1
83319 68868 2
88183 93105 1
72813 35269 1
90323 55459 1
91479 89968 1
25806 18957 2
48425 69448 1
98406 98702 1
65736 35652 1
58793 84534 1
60015 96272 2
93726 94604 1
83118 84300 1
80029 2313 2
57798 11851 2
73106 34139 2
95662 95286 2
9246 739 2
93713 51207 2
57334 28023 2
69294 86990 1
96546 35873 2
79351 72751 1
15327 21309 1
74482 46594 1
29630 4831 1
30107 95890 1
56611 16491 2
13024 7807 1
83526 64603 1
95780 19964 1
65365 70141 2
20316 28945 2
10096 48626 2
16405 66778 1
38860 96785 1
68460 80678 2
55505 42241 2
87636 9241 2
15644 38978 2
69780 87978 2
62686 80485 2
27750 2822 2
18362 43279 2
15226 98155 2
32075 39355 2
53552 7630 2
10396 87989 2
24706 96981 1
31918 29855 2
42968 40542 2
72693 70831 2
38385 71895 2
49435 20015 1
55553 88195 2
37052 48252 1
35917 93147 1
98441 92872 1
625 62186 1
48133 1625 1
42842 53808 1
76619 61575 2
43533 96897 1
85062 89729 1
6846 82179 2
3830 3561 1
47034 98611 1
9522 57779 1
60253 92545 1
95937 98603 1
43036 99087 2
23840 47052 1
93373 99542 2
88095 54857 2
83642 63584 2
88099 52295 1
40802 52527 1
56358 86849 1
11480 2517 2
48691 13475 1
25010 94906 2
94634 87440 2
19035 67162 1
28002 11485 1
6513 65636 2
58242 19411 2
66279 71932 2
64774 45680 1
31365 49209 1
19680 88743 2
10339 55912 1
61013 55259 2
24978 77447 2
20220 14472 1
95667 52235 1
26371 74555 1
95869 91642 2
5705 6421 1
36411 36626 2
91301 69579 2
55180 11136 2
99038 3465 2
8322 5962 2
57680 53162 2
64419 97510 1
61421 77282 2
35691 59744 2
6138 84021 1
61000 77016 1
75054 56605 1
87773 34561 1
24182 10439 1
71519 47780 2
48756 1718 2
68667 52763 1
11579 34911 1
67918 91766 2
16405 89548 2
33099 67097 1
64189 48697 1
26617 40028 2
21957 91994 1
21907 63722 1
58898 31283 2
37254 34242 1
13243 66046 1
77558 75482 2
58669 64681 1
121 87575 1
61098 66197 1
65082 98101 2
36869 82200 2
46040 93797 2
27975 40668 2
24868 11018 2
64238 57278 1
99174 2843 1
25545 22896 2
83609 97925 2
53085 17303 2
81195 57382 1
14883 5869 2
14078 3731 2
29671 95680 1
54218 64051 2
64810 4721 1
43608 95777 1
72770 28599 2
76744 85069 1
57621 87801 2
19916 1756 2
31137 50936 2
57323 88420 1
2071 38882 1
36127 64529 2
63163 51424 2
48343 50595 2
90054 20777 1
44598 14733 2
72580 90956 2
62930 28184 1
89655 44299 1
36502 18878 2
12114 36634 1
83520 71663 1
79262 63460 1
44963 90799 2
64408 49958 2
81735 50678 2
56657 12818 2
87492 8271 1
45709 65486 1
51531 86745 1
97701 12083 2
94013 68105 2
1925 56526 2
64785 11334 2
12846 73153 1
21298 78668 2
59029 17795 1
7455 70186 1
36738 6588 2
93386 40484 2
72338 8939 1
80346 84465 2
36342 69152 1
28169 56093 1
99218 24769 2
76837 39049 2
98782 91817 1
80435 84774 2
17065 69637 2
31080 29886 1
42961 42293 2
94894 22123 1
16364 41233 2
73638 82334 2
16610 72801 1
74656 49913 1
18128 60228 2
38628 31509 1
77862 18378 1
73644 4701 2
27530 53210 2
68712 21649 1
12500 5229 1
28184 9413 1
22992 57105 1
93494 13151 1
96831 80455 2
22570 22908 1
38197 7556 1
41331 77259 1
51324 71124 2
15077 176 1
89136 44499 2
19589 17251 2
40930 29874 2
87727 62575 1
21301 69560 1
53553 51763 1
51012 75902 1
94413 86116 1
73146 64210 2
95355 57417 1
70136 89525 1
66596 38718 2
64626 45149 2
24360 83634 2
25746 80372 1
95001 89800 2
23636 94006 2
87486 27802 1
96425 79127 2
6865 90161 2
8116 75643 2
38145 32718 2
13168 4380 2
22833 41893 2
47431 1352 2
77719 23357 1
55420 78881 1
91134 21649 1
45987 83899 2
3780 42065 2
43364 17569 1
32861 89346 1
72027 78352 1
43438 1466 2
67483 43737 1
19699 9509 1
5670 75812 1
56409 52675 2
49014 49064 2
40388 58471 2
12120 41236 1
40011 27193 1
70220 51818 1
5495 16277 1
50918 9438 2
18472 11978 1
20848 52123 2
62736 67484 1
22566 76318 2
90837 89379 2
91128 1945 2
79955 97802 1
7339 97585 1
28440 15568 2
35480 66913 2
88775 8266 2
63756 59541 1
4277 42751 1
25671 10896 2
51151 43083 1
15261 27878 1
20434 12605 2
1368 49026 2
95218 23768 1
18995 96578 2
77492 18198 2
99552 51254 2
92307 26624 2
23940 16708 1
45310 69623 2
9206 19399 1
69016 20207 1
84803 67563 2
28472 84590 1
54157 12851 1
59111 49554 2
70215 60244 2
43172 79112 2
43803 57815 2
91107 35030 1
26628 84986 2
25577 62706 2
96564 35952 2
39922 56520 1
61807 59741 1
16140 99447 2
9998 84378 1
99929 14677 1
9374 8759 1
42257 19591 2
2590 11124 1
97117 63274 2
36932 18631 1
72029 54349 1
21401 31257 2
86275 35124 2
54232 68617 1
61974 58551 2
79443 35399 2
62128 36064 2
42734 97434 1
64321 76369 2
58178 30747 1
35209 59804 1
64060 44024 1
97793 43785 2
97563 49234 1
29011 52019 2
7477 7743 1
18334 64907 1
77810 93992 1
6099 84500 2
15696 35948 2
74202 22373 1
7518 95804 1
57454 63498 2
31297 41181 2
63709 91267 1
62033 91465 1
33865 95684 2
99709 47374 2
19657 9300 2
38947 83533 1
56169 79758 1
65433 63132 1
58053 86306 2
84999 38277 2
58642 27317 1
49706 52997 2
32726 95261 2
30163 86669 1
1643 22502 2
64326 56165 1
71264 70799 1
89404 31524 2
63832 20302 1
45953 99257 1
87464 91112 2
73238 51749 2
9085 68154 1
97584 10111 2
3412 33171 1
38135 38254 1
46177 28631 1
6088 88979 2
74409 68637 2
50964 10908 1
89383 26738 1
84383 84530 2
7914 95573 2
14145 60364 1
46005 69784 2
17224 82553 2
81919 69861 2
79124 155 2
75121 47767 1
69210 12870 2
93802 37885 1
50466 48069 2
73566 14970 2
6057 67510 1
11475 4007 1
3232 75945 2
15362 97712 1
76715 4388 1
96796 88307 2
71010 79906 2
34691 24804 2
58067 80303 2
66572 24364 2
57214 814 1
10404 85445 1
92440 45203 2
20424 3648 1
78537 20778 1
83915 13087 2
89870 59086 1
49652 81051 2
85719 22258 1
66909 12223 2
56874 41564 1
91477 51563 2
23934 6501 1
54783 75474 2
40001 88794 1
32465 61244 2
61779 33278 2
20214 33701 1
56617 21190 1
74572 59420 2
10923 82907 1
22023 26789 1
43349 81148 1
85708 95703 2
50906 29561 2
9143 68799 2
5852 14105 1
96310 67164 1
69782 67669 1
60139 51072 2
10546 60218 2
5325 46293 2
64883 18539 2
88936 32886 2
40781 59773 1
45720 34961 2
97704 99226 2
63730 38892 2
60192 48319 1
61596 41277 2
36456 28797 1
18352 38065 2
95842 44731 1
40509 45350 2
42088 63442 2
96774 77840 1
8839 44208 2
94625 80120 2
85599 9558 2
90232 92408 2
90852 90778 2
84460 16480 1
55744 99942 2
2701 41077 1
59118 26999 1
82883 89036 2
59649 97438 2
23176 88435 1
41691 90851 2
45484 52265 1
72726 27645 2
92912 32833 1
71711 88795 1
52875 73091 2
46645 86910 1
40712 31755 2
10831 51164 1
15398 15688 1
21491 78655 1
30519 44830 2
60832 20676 2
50113 39141 2
68773 3165 2
50752 40583 2
81575 6255 2
29250 58470 2
84223 87669 1
1449 65300 1
26682 96219 1
60685 59832 2
26935 45059 2
48952 36496 2
59916 79780 2
59208 98890 1
37666 69350 1
70672 88137 2
96980 97959 2
15703 72614 2
38036 86393 2
74039 89037 1
64871 12673 1
14495 19068 2
24868 91226 1
338 90727 2
45016 79760 1
1670 9783 1
30820 64294 2
73030 38310 1
44573 54352 1
13840 89060 1
88556 65625 1
74008 71477 2
18156 95935 2
95747 87089 1
70095 13490 1
48429 47651 2
9817 51288 2
52388 69195 1
28803 94572 2
93354 75260 1
21785 69339 1
43798 83774 2
445 96517 1
89876 49549 2
64514 99010 2
34337 41112 2
70161 73978 2
61712 6755 1
92775 21644 2
75783 2501 1
52117 64904 1
34018 97067 2
13439 70293 2
83823 47315 2
90526 30956 2
93937 87666 2
52798 37466 2
23678 5743 1
93984 15362 1
39489 16325 2
14297 41209 1
6552 14021 2
22578 96617 2
24854 86865 2
44870 99022 1
89026 24739 2
24742 29116 1
45527 53668 1
45240 2423 1
74114 52661 1
77076 63769 2
40615 87465 1
40518 48975 1
47453 34121 2
78607 70300 2
45037 431 2
25444 26741 2
96087 63595 1
94541 6020 2
67052 44161 2
66823 68006 2
26773 22345 1
49411 63020 1
93963 42478 1
29381 44062 2
41853 62928 1
23813 4243 2
23085 38978 1
37969 5562 2
12435 3052 2
40937 61812 2
63768 16266 2
92706 50263 2
47613 95211 1
40196 18221 1
28690 62259 2
33452 67091 2
17119 15769 1
107 14970 1
2814 89290 1
44356 69194 2
67742 46244 1
62354 46170 1
41602 47772 2
58912 25145 2
44960 19000 1
17775 20168 2
2307 66902 2
72052 95358 2
67530 83139 1
74103 14883 1
57862 64677 1
92916 7221 2
34496 25778 1
58174 7142 2
35600 14614 1
36855 33723 1
6759 82577 2
48986 88399 2
75302 93303 2
70450 47726 1
88453 53102 1
46112 55930 2
6413 97555 2
87160 60266 1
73342 37941 1
46884 91366 1
63594 48089 1
99232 44428 1
15736 32212 1
24956 88910 2
79842 85844 2
33022 83666 2
78551 1304 2
28061 16753 2
51130 819 1
44103 88184 1
66337 93261 1
20795 49610 2
18518 22114 2
58128 59643 1
17754 97345 1
78253 67926 2
9565 1294 2
93806 12025 1
82375 47072 1
83430 64532 2
18579 70468 2
66423 90766 2
99918 73784 2
96187 44192 1
97340 48401 1
94271 94615 2
3284 92917 2
11779 10358 1
76863 54786 2
85595 35634 1
57437 92773 2
69617 55828 1
94271 72036 2
59232 80475 2
64526 66325 1
87514 24055 1
21987 23300 1
64644 51695 1
84205 91665 1
97141 45916 1
27246 10959 2
73050 46764 1
27518 89415 2
4277 67840 1
38119 42931 1
34137 49550 2
83111 53379 1
38672 98335 2
76593 66203 2
6965 82898 1
58476 58835 2
60282 51863 2
46002 13686 2
48804 43061 1
97651 68835 2
11274 48614 1
28175 55855 1
43609 68885 2
92928 70817 2
25555 18151 1
68334 34165 2
79819 10031 1
39224 95354 1
63146 31223 2
99922 73748 1
85102 55550 2
1313 43002 1
71046 43317 2
93441 62937 1
375 1217 2
12608 32655 2
14970 93628 1
37184 39537 2
81691 30388 1
10776 71109 1
84060 37131 2
61300 13449 1
83120 27381 2
84369 68746 1
40608 41661 1
68482 58894 1
91817 10688 2
34830 33995 1
35772 78384 1
52975 55373 2
78589 54098 2
73428 40564 2
53733 10049 2
15360 60915 1
5024 34185 1
69993 68691 2
46960 72140 1
87417 11886 2
67368 64897 2
16945 35188 2
83345 8944 1
74369 55881 1
93864 70903 1
8433 38277 1
22622 76584 2
48028 85299 1
84887 64872 2
47311 6770 1
47276 22002 2
50479 79447 2
28649 95506 1
62576 48393 1
7727 42603 1
21438 33476 1
33747 32049 2
81208 51831 2
90941 23024 2
38256 85573 1
78474 15427 1
93804 4712 2
51499 42173 1
17288 94601 2
53380 96548 2
52850 16106 1
29038 3313 2
95853 71260 2
71317 37745 2
84110 74537 2
39002 76871 2
26946 21131 2
36978 76551 2
55430 10611 1
18213 68829 2
73389 33155 1
88944 22116 1
39102 55092 2
19523 40912 2
64628 15857 1
31844 50980 1
41596 84442 2
41579 94556 1
30746 10274 1
89380 84741 1
87620 98642 2
36464 60512 1
3493 23780 1
30659 17891 2
4508 79560 2
90408 80407 2
39611 12258 1
4440 36923 2
68264 42890 2
39271 54783 2
75231 55019 1
67928 80682 1
47341 73252 2
8483 63637 2
5367 64138 1
47574 28014 2
77777 59748 1
54193 65686 2
37352 84750 2
76521 58787 2
41017 18902 2
38917 36511 1
94039 91906 1
45796 91207 2
31497 56681 1
27446 72877 2
48809 7957 2
35614 91030 2
94950 28903 2
71447 71932 1
25955 66899 1
90027 3853 2
16054 93951 2
96861 10314 1
41706 43241 2
33889 91209 1
69629 4158 1
8831 1588 1
58402 8004 2
49011 33864 2
84801 79761 2
62512 21431 2
35666 20369 1
32856 68614 2
4006 73508 1
91014 1295 1
69982 61757 2
65956 34689 2
43377 41252 1
37589 59003 1
57611 60373 1
88332 42516 1
23816 34911 1
947 13718 2
46013 23462 2
35750 9630 2
82000 43138 1
43413 33598 1
86619 73598 1
96613 97564 2
27437 5209 2
39696 432 2
47912 67592 1
90208 94602 1
97508 73298 1
3992 28233 1
65579 97331 1
51211 15045 2
36667 15130 1
69251 2438 1
28615 41098 1
37819 68586 1
55670 68829 1
84326 12515 1
32483 61084 1
87718 42583 1
82267 40872 2
68437 71390 2
27394 24629 1
30656 46056 2
90766 29865 2
5414 9909 1
69194 84994 2
55933 57850 2
30069 69965 1
12718 94562 2
6945 73296 1
37332 69131 1
80884 57376 1
17345 1925 2
35018 97356 1
77466 21527 1
21425 9136 2
61974 43994 1
63883 16835 2
90402 51419 1
23152 60074 2
76895 26493 2
9 98370 1
75555 84085 2
48726 27098 2
71380 81420 1
35881 96598 2
54384 70785 1
85929 94894 2
8 28132 1
55536 16300 1
76609 38652 1
14285 68978 2
98609 3618 1
75427 25618 1
65000 7172 2
39592 42164 2
68900 22179 2
77831 64531 1
84507 45493 1
1982 96032 2
98742 25156 2
74689 8990 1
27408 47084 2
54901 68868 2
22395 97025 2
97814 68894 2
68763 94855 2
60017 5132 1
54825 7320 1
88907 38530 2
21745 84034 2
73400 6663 2
65268 77286 2
15300 5366 1
17351 4314 1
8558 48959 1
56818 25320 2
37224 50375 1
3602 3213 1
70649 53379 1
84696 7579 1
99867 78689 2
42312 28247 1
90109 36736 2
69307 7195 2
37729 56532 1
51133 57717 1
92799 98563 2
38831 28423 1
99457 68682 2
94086 6917 1
65477 86904 1
2826 83258 1
8990 62769 1
32216 163 1
86483 69036 1
51137 55186 2
60703 6902 1
40905 34476 2
96367 43469 2
70888 45388 1
75143 40998 1
59085 97502 2
7261 11592 1
78742 95652 1
76380 25487 1
47064 54677 2
18019 74953 2
70493 20633 2
94052 27324 1
69633 52430 2
8677 29342 1
42901 28454 2
62050 1212 2
45021 21031 1
1065 14548 1
36817 9129 1
2428 50938 2
82783 99356 2
24371 39127 2
21575 25823 1
82007 79269 1
99902 76586 1
72072 14549 1
59916 91717 1
24985 23113 2
54606 80622 2
15374 51770 2
64948 61784 2
51525 20115 2
32548 8550 1
5578 70612 1
83189 67828 2
14433 10320 1
73909 72943 2
63008 17999 1
43044 30615 1
10226 89837 2
4855 30628 1
46197 38137 2
6806 26591 1
86077 8663 2
75998 79364 1
39567 40702 2
30623 90087 2
63335 59099 2
64990 65355 1
2066 66700 1
70741 99820 1
81204 2662 2
31983 33207 1
28644 26768 1
18892 57517 2
60395 82662 1
49635 68740 2
24713 28662 1
19547 8357 1
69296 65542 1
49264 11599 1
44583 70444 2
88149 46835 1
20840 71924 1
77452 55030 2
5954 70559 1
3311 34098 2
31575 3294 1
18475 67444 2
95103 11483 1
66560 43328 1
42244 43184 1
88642 98793 2
79428 55117 2
24731 27769 1
20659 95254 1
76327 30863 1
62774 39715 2
44214 92220 2
40 3103 2
21261 61157 2
22296 2570 1
84229 54852 2
67818 19415 1
76299 22471 1
61010 494 2
49502 10351 1
29532 36235 1
23221 64755 1
94279 53021 1
73078 22395 2
77764 49352 1
94944 30277 2
45948 20708 2
39170 70466 2
63816 46139 2
53473 81722 2
35478 30223 2
72694 53124 2
45131 28497 2
57774 44911 2
41084 39371 2
69608 78205 2
5459 54328 1
52827 16322 2
75632 81414 2
29901 55497 2
98501 28699 1
93501 91759 1
29273 95917 1
6394 63046 1
31559 82152 2
67689 88916 1
66044 71469 1
45923 68305 2
95676 17485 1
13780 14220 1
34813 41169 2
510 63719 1
94730 2006 1
75220 39671 1
2145 47465 1
22303 30149 2
90710 89615 1
40220 51983 2
6766 55904 2
53468 73095 1
21061 5895 2
37923 69555 1
41160 11972 1
97994 21740 1
71100 1258 2
24894 33567 2
51861 62081 2
94110 93775 1
97695 82981 1
74048 64592 1
99993 14437 2
39980 33838 1
74453 41029 1
41760 44644 2
35386 26908 2
74186 89510 1
86306 39703 1
16401 78743 1
88252 74900 1
65197 98579 1
10699 31880 1
65610 29447 1
71365 43674 1
23434 17972 2
52916 39973 2
60320 90607 1
57113 8026 2
2901 79684 1
59044 24603 2
56422 88623 2
16829 9185 2
11300 3041 2
32415 77560 1
36147 53729 2
83639 10110 2
93995 82408 1
20361 19591 2
11226 41924 2
72939 89564 1
38944 71254 2
23625 28119 1
46674 20884 2
17823 7624 2
52568 43559 1
33762 18195 2
31088 93166 2
66008 63888 2
85064 64794 1
11738 22218 2
29095 76944 1
55865 74817 2
21285 6986 1
66327 11560 2
29966 12438 2
93610 79047 1
89027 66101 2
45244 8250 2
55288 25469 1
90125 4336 2
11671 79928 1
56303 41836 1
72028 65731 2
92361 62824 1
77816 56304 2
85622 97581 1
24047 81988 1
28419 54621 1
93273 84505 2
44756 39978 1
72900 13438 1
85919 82779 2
44624 33490 2
77327 92014 1
84498 41644 1
64834 37328 1
97170 9878 1
7884 93575 1
48269 3693 1
51794 29321 2
99475 80259 2
45712 19010 1
2122 5630 2
63412 43698 2
63081 39670 1
3392 8461 2
1150 29882 1
5995 46073 1
5449 4588 1
13569 33171 1
60286 10432 1
25247 52714 1
7847 13793 2
25816 84291 1
80448 16461 2
73458 58195 2
91513 31060 1
16458 55336 2
63032 53052 1
68844 85217 1
26708 448 1
15771 3025 2
29243 32620 2
81743 24352 2
52685 3811 2
81106 47114 1
7710 36218 1
47426 46046 1
32184 28602 2
52467 21856 2
19511 32385 1
78506 9095 2
73067 78050 1
1090 77503 2
63449 68448 1
57323 43881 1
2746 11031 1
15814 17494 1
68059 35220 1
70570 53840 1
64572 60471 2
94659 77106 1
49745 11992 2
96013 37898 1
7076 35008 1
27485 23326 2
27536 939 2
24377 87236 2
19848 19757 1
21467 91592 1
1710 74505 1
74769 9546 2
6108 12891 2
8992 56285 1
52991 49296 2
29789 80714 1
86198 99849 1
25490 77227 2
92983 49564 1
40671 52784 2
79691 82643 2
87511 49693 2
55406 58890 2
9439 55722 1
71248 65877 1
94002 20226 1
72886 54968 2
81759 44548 2
84697 77293 2
76969 85029 1
48037 2498 2
24294 44556 2
50300 95192 2
78721 98165 1
58545 47845 1
24377 13167 1
76110 55859 2
3871 1534 1
61134 14431 2
26652 19993 1
52035 1434 1
65257 44589 2
38673 56620 1
30676 69272 1
76593 20460 2
78850 98287 2
40783 70121 1
90279 5304 1
42797 86692 1
93168 71025 2
55166 50163 2
61433 93863 1
81227 54912 1
11287 98272 2
44914 584 2
27472 56306 2
81281 65853 1
74942 97097 2
43231 63813 2
88753 99557 2
5828 50744 2
33193 77657 2
15613 82213 2
67967 25678 2
32169 59086 1
34269 35198 2
53694 4903 2
6241 93689 1
1252 92091 2
61567 62019 1
94392 63591 1
52348 64884 2
28171 28541 1
20115 79862 2
36097 26595 2
12308 99627 1
80467 66705 1
60800 56741 1
65933 22007 2
57839 55884 1
23024 25172 2
56970 56060 1
33457 25184 1
80145 22084 1
66776 11747 2
9685 75559 2
48163 91259 1
86975 17791 1
28576 53307 1
3368 58773 1
37270 22726 1
2559 10922 1
38973 24760 1
69638 16754 1
76225 19325 2
14357 1396 2
10691 12792 2
58294 50315 2
1048 21214 2
99463 56104 1
60200 24728 2
2139 30957 1
89904 29637 2
27865 63379 1
69313 19413 1
6555 91333 2
88190 83599 2
12497 73187 2
8098 77996 2
38364 72608 1
64600 77849 2
30803 77317 1
90657 19897 1
25569 90380 2
19986 26081 1
60261 8997 2
95251 71195 1
35536 20884 1
30305 95363 1
299 77873 1
42060 74957 1
32846 422 1
43770 68061 1
35466 85685 2
84322 97261 1
98496 33616 1
10482 88459 1
78472 60159 2
29866 57560 2
73003 17118 2
49439 76170 2
34537 47003 2
40377 62538 1
45812 86748 2
62356 75799 2
72595 45143 2
89731 12226 1
91712 93145 2
41416 86928 1
22923 80384 2
35710 21947 1
92724 65857 1
26000 15761 1
68564 20226 2
57950 5907 1
29557 50209 2
61119 14584 1
19382 2859 2
57690 62247 2
31752 86150 2
78348 59264 2
24819 94184 2
93157 47860 2
69586 61149 1
59338 41192 2
23218 6725 2
72085 53975 1
37144 21043 2
80752 17581 1
36632 53999 2
49566 63276 1
21534 51637 1
94003 57291 1
13385 24820 2
21558 73842 1
63755 73392 1
73062 38079 1
35146 69761 2
81842 60868 2
34 57234 1
26464 30918 1
52929 15842 2
15591 47584 1
39914 8966 2
11668 9662 1
98707 92965 1
54473 25475 2
48230 21403 2
36313 14755 2
32612 27670 1
86926 29225 2
27677 56060 2
21380 3186 1
86873 84132 2
2219 29201 2
49074 65336 1
96744 78409 1
96792 97977 2
53780 7414 2
70444 95483 1
45948 51972 1
52293 78084 1
20607 16342 1
4174 34450 2
20435 29473 2
23430 35058 2
83809 3182 1
73790 27081 2
15589 18907 1
24991 48463 2
21295 18363 1
87873 19919 1
73732 30801 1
27349 22953 2
637 68921 1
96093 91504 1
43942 24448 2
27854 21645 1
74913 6407 1
78101 68218 1
641 27939 1
26383 78407 2
84975 63424 1
69775 22712 1
23209 96121 1
36092 49060 2
55518 87810 2
82704 53976 2
63763 58559 1
26714 40243 2
75425 69898 1
23453 41608 1
11220 86576 2
35663 16798 2
46733 21621 1
83771 54067 2
80225 39755 2
50175 63925 1
32825 14879 2
32015 86984 1
82864 29517 1
71376 78851 2
37464 41094 2
11229 81074 2
85173 46801 2
59782 21813 2
39840 69192 2
37420 21056 1
50597 77814 2
43847 83033 1
46981 90464 2
12384 19646 2
12021 14521 1
87639 98460 1
53501 23180 2
1918 11096 2
85019 84245 2
65947 51530 1
42333 41256 2
99818 34365 1
65994 39817 1
59449 98193 2
51802 883 2
17259 22841 2
4921 52658 2
17750 45598 1
76712 39912 2
91844 91065 2
76668 50475 2
72214 3869 1
28669 9701 2
98492 49963 1
40361 35379 1
68766 1755 2
43374 60487 1
29110 20186 2
28275 58247 1
5972 20710 1
5520 69131 2
68185 59668 1
66321 43938 2
48572 28491 1
71639 67054 1
47752 19111 1
27255 48195 2
28988 29718 1
42969 12012 1
78505 61662 1
30042 41798 1
62968 68949 2
33962 68580 2
8130 78344 2
27311 12457 1
50230 72501 2
61952 42705 1
74390 93072 2
78411 34472 2
66330 25858 2
61040 31505 2
64651 26885 1
60900 54048 2
20297 42985 1
39087 37216 1
75910 91763 2
80910 38287 1
92105 30681 2
35665 42237 2
25324 88359 1
77246 51569 1
85855 19868 2
94637 96228 2
5410 13582 2
16137 78659 1
70702 75426 1
47349 89361 1
83821 83381 2
58181 58019 1
65886 39734 1
21633 50306 2
66642 6633 1
83366 63405 2
94578 89765 1
548 57780 1
51286 73879 2
1185 97950 1
75791 73885 1
14388 43172 1
79230 93548 2
41419 73107 2
36507 51339 1
41350 53934 2
81615 24725 2
6969 72074 2
79514 68539 1
17966 45553 1
90958 95648 1
84641 21791 2
15217 89211 2
9538 40808 2
37535 9784 1
26454 80240 1
4646 54679 1
16151 44881 1
77641 98604 1
25775 85881 2
14206 83069 1
22209 53033 1
60720 9160 2
21760 46583 2
95421 41146 2
54006 39661 1
64792 53912 2
49439 35208 1
61544 12090 2
81035 75449 1
2152 51275 2
3039 94407 1
27877 97003 1
43508 67116 1
51427 43789 2
37655 65972 2
76120 39257 1
56296 10817 2
55440 58603 1
16923 92265 2
67271 77330 1
62042 50646 2
25266 73586 2
70560 64101 2
69334 37218 1
65023 84360 2
50927 30095 1
58491 72228 2
46507 50136 1
90445 76467 1
18221 3599 2
69314 68292 1
8906 73022 1
37658 55030 2
27215 95360 2
54473 4640 1
921 97891 1
11064 26060 2
23067 83821 2
59877 49656 1
80700 43284 1
36479 38452 2
47798 96388 2
25355 86086 2
84216 42717 1
87682 67913 1
6149 81427 2
68272 1993 2
17523 11724 2
89751 12968 1
61869 41285 2
9674 45245 2
38706 9870 1
23954 99248 2
64627 56905 2
33101 63263 2
96889 74063 1
68585 77629 1
59164 77963 2
11278 65197 1
9421 7709 1
31953 29387 2
29869 51288 1
35746 50659 2
12116 25828 2
42079 45272 1
33835 12413 2
51998 42911 1
56978 81106 1
33031 7489 2
27291 5959 1
22840 3101 2
16973 36403 2
66495 59363 2
87906 90467 2
26915 70074 2
89737 59989 2
24028 1723 2
64932 27742 1
38166 32595 2
74475 55621 1
85747 12101 2
26184 1573 2
80934 72454 2
59545 14415 1
58392 78591 2
56018 12901 2
70054 66927 2
14360 76704 2
59937 90470 2
67910 51980 2
36109 5995 2
34796 20455 1
79394 48823 2
27691 85381 1
34062 90680 2
21754 22319 2
50738 92111 2
28420 29279 1
88896 23890 2
17832 63045 2
60548 68971 1
18744 43653 2
46648 21943 2
7322 27767 1
79597 18151 1
30314 10278 2
25065 81314 1
22806 60434 1
15684 21858 1
38784 58158 1
57130 94194 1
82304 34850 1
56252 49655 2
26720 53065 2
28719 83876 1
97886 86260 2
18283 51268 1
21677 1702 1
38733 916 2
74196 18039 2
88741 76037 1
34989 85489 1
85177 92479 2
23432 33270 1
64224 32345 1
43237 55959 2
52648 54434 2
76094 22782 2
10609 94107 1
859 57062 2
65296 47163 2
47515 71101 2
83661 68426 1
4850 50953 1
44709 64006 2
87109 8000 1
80712 85313 1
99824 19022 2
30108 3616 1
24832 95187 2
16728 49917 2
9562 64002 1
20202 70119 1
70610 40196 1
60722 99549 2
2869 46291 2
59620 62423 2
60799 61247 2
23082 90973 1
82085 7596 2
43328 64941 1
34669 26354 1
47670 75001 1
34577 8732 1
434 39751 2
73632 82730 2
29355 56975 2
12893 56495 1
53967 28737 1
56478 91123 1
89630 51324 2
23790 98322 2
50764 57016 2
17707 80763 2
46915 74557 1
52296 2353 1
60479 93066 2
90765 87022 1
18832 79375 1
78194 64955 2
17147 98067 1
76360 22746 1
16602 87182 1
35920 16924 1
67767 28240 2
53153 80779 2
96309 51065 2
25350 80193 1
38503 57759 2
63422 13295 2
22263 82955 1
96123 4024 1
58529 86716 1
40707 20691 2
81685 21282 2
21394 67884 1
89208 7396 1
55958 82883 2
82083 53563 2
76274 51787 2
41123 55220 1
92187 3501 1
55703 50482 1
65982 4483 2
96022 34922 2
88152 17085 1
230 61766 2
58940 3167 2
89958 52259 1
1969 68481 1
55461 59762 1
92690 96654 2
33864 71322 2
64652 56357 1
13288 60052 1
85763 13083 2
26418 61134 2
9613 50935 2
8069 94697 2
93653 16277 2
49783 69723 2
59097 84388 2
49969 814 1
24717 81512 2
15534 52255 2
74998 54232 2
11872 46816 2
3184 83809 1
32523 97878 2
85929 48065 2
81064 1147 1
9603 97005 2
4164 13373 1
33846 32619 2
58398 58942 2
62347 63513 1
99884 24178 1
23970 6276 2
36694 91140 2
68685 92882 2
96250 66577 2
83091 85817 1
73095 71307 2
81614 71493 2
98978 36343 1
41261 82518 1
32580 76207 2
979 69727 1
8377 59266 1
78710 88968 2
12578 58703 1
50113 26573 2
49012 21901 1
34386 11582 2
8759 91814 2
31676 73341 1
16457 52824 2
62855 97091 2
17848 93907 1
84875 82458 1
34251 24989 1
48505 89092 2
22874 15665 2
63986 42387 2
14065 49499 2
17069 54479 1
24178 3390 1
1941 58292 1
94511 49806 2
90665 1904 2
57236 96310 1
17307 62313 2
79899 24788 2
3602 48726 1
72437 46328 2
25960 23073 2
71656 20393 2
68811 53931 2
52492 30559 1
69760 92616 2
52525 82890 1
57148 79167 1
81900 25610 2
18025 85099 2
89566 48276 2
26376 92925 1
74539 22484 2
4777 19031 1
7248 38085 1
16148 41170 1
97694 93914 1
50915 67801 2
86168 61177 2
43365 49324 2
89113 50395 2
84605 2558 1
17420 37294 2
40994 52120 1
70642 68403 2
40381 13460 1
78304 72672 2
22253 48386 1
94622 59710 1
53542 70598 1
19913 66252 2
78189 41240 1
88049 80346 1
37790 80098 1
13884 34831 2
81415 58662 1
48609 19652 2
50122 36278 1
90958 24295 1
3135 38938 2
11811 57561 2
76399 19597 1
46645 89104 1
75130 98784 1
23948 33110 2
71186 68246 1
17637 52648 2
50622 26214 1
49648 80151 1
95416 50877 2
627 26250 1
28303 92889 2
68517 85051 1
85318 63119 1
92596 23990 1
38707 94405 2
52992 13117 2
289 79481 2
27069 57766 2
17614 35960 2
80021 24123 2
21806 47208 2
16292 59609 2
61766 80638 1
52858 89970 2
10257 88265 1
10141 10155 2
44127 16485 1
73892 87646 1
62481 5321 2
62589 57561 1
93951 59194 2
42791 46334 1
51570 69749 2
53177 3649 1
12074 15625 1
24569 10221 1
29497 47514 2
66214 93791 1
89957 22368 2
60175 86825 2
45130 23686 2
23450 48497 1
19510 11275 2
79070 42063 2
45708 18596 1
25353 34034 1
81697 57336 2
94490 66940 2
13186 88003 2
90056 737 2
13900 37299 1
85529 49869 2
40723 8942 1
18604 25531 1
45020 10250 1
55024 4030 2
90850 79956 2
54922 88476 2
13524 75466 1
56595 35277 1
38869 13345 1
20920 23329 1
53820 72575 1
53240 47735 1
3858 18657 1
52042 95367 1
56502 71511 2
83124 81497 2
11644 55235 1
58357 79916 1
41865 92158 1
51612 89520 2
29881 82003 2
78350 18796 2
42522 73186 2
67268 4441 1
95694 13790 1
65002 43204 1
79757 57680 2
82498 57584 1
45312 14002 2
67455 4690 1
99911 86132 2
22474 25011 1
54484 30746 2
38241 70962 1
14990 54587 2
18131 1311 2
26287 58148 1
90373 8833 2
53511 56692 2
39952 19505 1
30230 20893 2
2656 62653 1
12821 84777 2
42646 4198 1
86478 69971 1
8328 48450 2
83552 72170 1
19196 3930 1
61276 52977 2
57904 86925 1
43370 18210 1
2229 64812 1
24997 4006 2
13231 57404 1
74683 9374 1
16439 6519 2
92014 40350 1
3417 52427 2
43669 70668 2
31798 5433 1
48732 40774 1
40483 18615 2
25983 12345 2
79625 23887 2
80563 52138 1
4035 58206 2
94910 83217 2
611 77654 2
33722 34361 2
91916 84956 2
59798 48962 1
72377 19370 1
37525 85151 2
53429 2158 2
69356 93593 2
66946 6058 2
42600 1513 2
43186 18802 2
21254 76930 2
74897 24945 1
78650 10213 2
7545 60164 2
93801 18730 2
45659 75197 2
75246 69854 2
47677 62401 1
82840 22623 1
85879 36139 1
11498 50146 1
76181 72295 1
26875 91982 1
68728 16823 2
83220 79359 1
17685 86770 2
89940 86179 2
56628 31104 1
97711 41408 1
55442 51071 2
94923 7116 1
44319 46241 2
85505 75124 2
83201 72588 2
74370 48630 1
96880 80088 2
20912 92774 1
26840 86004 1
7840 5901 2
69146 32258 2
43455 47845 2
84874 5175 2
3786 50302 2
21458 7580 1
91988 81981 2
35086 98799 1
36548 91704 1
72591 58179 2
87156 42203 2
60632 92155 1
98515 40837 2
63780 16883 2
27556 4171 1
25918 50935 1
62077 61525 1
9639 90858 1
70761 76637 1
84467 52897 1
73862 66963 2
53836 31429 2
76904 50587 2
21006 60309 1
17492 40652 1
72873 2657 1
87174 22899 2
85635 34960 2
66315 21358 2
85459 3643 2
76008 42290 2
89223 69552 2
47377 20230 1
4671 71760 2
49299 45221 1
25295 90033 1
60394 37920 2
41313 22428 2
69515 43066 2
73681 31664 1
98684 86474 1
79759 4573 2
92663 87132 1
5184 31178 1
45195 92016 1
52702 56752 2
6683 94266 1
98323 37181 1
9917 53536 2
97186 12690 2
92283 5440 2
85342 19461 1
70453 66215 2
50353 50656 2
20542 48122 2
9655 59744 2
71323 29297 1
9568 44407 2
38247 68087 2
83601 76874 1
88050 22892 1
89604 16531 2
27389 49891 2
98819 68896 2
17855 68484 2
47793 12242 2
20099 88075 2
45505 43232 1
20424 88807 1
62109 45393 1
52992 50140 2
13248 82725 1
81233 32257 2
93948 48941 2
53175 11555 1
70550 29103 1
22400 62080 1
24933 87139 2
31982 94861 1
47094 91416 2
50745 55217 1
52715 33711 1
86218 1960 2
71575 35007 1
22658 74240 2
57763 56048 1
79377 28863 1
16589 51328 2
42879 6331 2
68932 26753 2
41190 54272 1
85901 72728 2
58037 50798 1
94145 76032 1
26991 88345 1
70284 26565 2
5226 93223 2
6576 71754 2
51761 29525 2
32000 78563 2
64258 34547 2
89221 28668 1
20017 9027 2
8413 5712 1
30147 69310 1
79927 27090 1
39604 12111 1
29176 20584 2
28818 37941 1
78105 39626 1
85343 6598 2
48486 16040 2
57330 81031 1
14048 79554 2
24983 21268 1
71676 3117 1
35275 66335 2
87779 54101 2
42625 95656 2
30256 93013 1
94623 6762 1
29653 65600 1
51809 21455 1
70006 17788 1
83765 73366 2
46795 15650 2
39262 44244 1
33443 81856 1
15698 68047 2
15676 86070 1
39132 92709 1
66668 62716 2
17946 18724 1
91227 22683 1
94719 72943 2
65862 2543 1
86706 30143 2
48606 94476 1
97358 74752 1
95879 80758 1
2304 90608 2
61082 94823 2
43532 60643 1
40835 85229 1
10825 63777 1
65955 14217 1
64992 55814 2
95791 54481 2
87953 58146 2
58127 9902 1
71661 26231 1
95136 98399 2
17469 1342 2
60882 27701 1
20762 45346 1
4171 64565 2
8531 19714 1
63779 92601 2
13866 71252 2
76998 40463 1
86583 79197 2
4629 86840 2
30979 24953 1
82405 80330 2
45359 86489 2
1214 11151 2
20619 35296 1
25245 44324 2
36191 70310 2
22418 18299 2
80421 89845 1
48867 7705 2
52876 81775 2
83783 40248 1
96855 96901 2
50060 51206 2
40764 49281 2
82674 76037 1
64518 23645 2
85390 59241 2
34676 50410 2
26568 22589 2
65015 76395 1
32349 59486 2
29176 62647 2
44733 66078 2
96271 75322 1
8878 51938 1
27245 13972 2
20039 38533 1
44755 90072 1
75926 23315 2
91545 6063 2
99323 81775 2
55176 26131 1
64811 63757 2
15776 42932 2
52525 53272 2
81555 50614 2
72224 78413 1
44648 80273 2
11732 52255 1
96089 84048 1
76044 10769 2
85685 18803 2
56162 56991 1
3487 23725 2
38659 94965 1
87533 74214 1
3535 36534 1
23689 75001 2
16314 95286 2
14292 39319 2
16622 56609 1
97566 85443 2
37191 9682 1
40431 57333 1
61365 98332 1
40898 46839 1
84062 84645 2
35652 38763 1
5945 69030 1
20185 26402 1
20595 45260 1
46328 86726 1
47182 17658 2
71786 80529 1
70525 5957 2
91887 60212 2
69674 41622 2
59032 49810 2
12209 27532 1
1742 16738 2
56418 11607 1
39850 19344 2
38722 89086 2
39291 82812 2
36010 8954 2
1667 32217 2
9287 66585 1
52762 55279 2
59801 73820 2
90058 13242 2
9940 14649 1
30001 11370 2
21729 36089 1
13282 25857 1
13374 60891 1
10148 7480 1
13530 57360 2
73969 77082 2
13658 31037 2
52217 35718 2
70199 10140 1
33948 7121 2
93342 5275 1
40084 71426 1
51182 77563 2
41353 92373 1
78653 79058 1
16666 41049 2
95412 11114 2
8699 85138 2
36910 92639 1
59953 41943 2
85405 65509 2
32152 60853 1
86181 41248 1
34174 69322 1
58079 2091 2
70501 71626 1
3640 96626 1
23812 27550 1
74319 42391 1
22791 53216 2
69466 2736 1
53419 23873 2
70850 45287 1
96963 83012 1
92866 23417 1
68438 68672 2
47596 28824 1
40670 45217 1
49732 6505 1
74506 22087 1
35747 70055 2
26717 88389 1
25173 20382 1
96493 44995 2
60603 53872 2
83268 17149 1
55434 10068 1
51651 91267 1
60843 21618 2
8474 72887 1
8633 51496 1
67025 80689 2
36742 11528 2
1123 29918 1
93302 44792 2
23293 60957 1
39969 52144 2
85251 42689 2
6037 52127 1
25676 54450 1
7443 10055 1
82561 24459 1
63662 46621 2
78370 38333 1
18831 91754 1
68865 1099 1
66899 25324 2
53380 61869 1
55243 42709 2
78119 65741 1
53114 67307 1
44728 27340 2
88219 67527 1
4058 68862 2
48537 342 2
64834 11146 2
96917 39259 2
35389 6187 1
40420 70667 2
30728 35057 1
14542 2863 2
31798 88769 2
68432 58310 2
73422 96113 2
36603 1216 1
57707 64365 2
80787 52612 2
78586 48213 1
11408 92811 2
80191 40316 1
8096 29890 2
47888 69098 2
10339 40012 1
49240 68091 1
31246 97662 2
86582 30271 1
48105 77858 2
21468 60952 2
83345 37780 2
54032 16094 2
62870 2120 1
73902 36990 2
36702 1154 2
39619 96375 1
12641 70300 2
63988 27644 1
16202 84419 1
5301 61237 1
40764 11611 1
31475 44605 1
76395 11703 1
60427 41029 1
9535 41793 2
6704 41264 2
31765 95800 1
86505 68853 2
23293 33549 2
57584 68737 2
54301 72453 1
82740 37554 1
63788 48762 2
91992 83037 1
75448 56666 2
42226 70888 2
41281 1702 2
75853 88400 1
39643 26004 2
3367 97861 2
52272 15022 2
1235 61097 2
25724 84401 2
93913 11509 2
49391 89167 2
11889 41108 2
1775 69421 1
74508 18566 2
84723 84198 1
75115 71295 1
31337 84294 1
44517 21285 1
81488 27855 2
10534 32373 1
40703 43768 2
75594 68670 2
86077 76392 1
89478 15396 1
43686 91872 1
78944 81503 1
94349 28335 1
91442 62265 1
72916 21563 2
69195 98420 2
33749 82975 2
44333 11618 1
71581 30279 1
87600 29003 1
27627 58165 1
83582 49034 1
71798 79808 2
39669 20688 2
65380 92016 2
89448 29632 2
68020 36579 1
29566 10353 1
46421 89995 1
96178 66320 2
95628 82062 1
65617 60987 1
99602 64133 2
37439 43270 2
52436 49757 2
46514 97882 2
54930 69945 2
92917 85777 1
28672 49709 1
96583 636 2
22535 91397 2
80218 46077 1
33125 1148 1
65204 53165 1
6345 59525 2
19857 18551 2
77848 4838 2
60414 59419 1
11659 58008 1
12096 46892 2
34958 72777 1
74668 26835 1
54691 80121 2
36364 56105 2
71133 44640 1
10720 83521 2
57414 81223 1
40858 94876 2
89465 32042 1
92449 34610 2
66632 47005 1
13935 91376 2
79095 81028 1
96307 43636 2
57311 26841 1
69008 93619 2
75724 62697 1
80316 66420 1
89024 45463 1
96130 11859 2
17102 25720 2
12352 10559 2
3999 31190 2
73642 72283 1
69584 73262 2
73061 80801 1
53906 8209 2
14797 99898 1
7945 21094 1
9775 5063 2
72078 46854 1
27471 84988 1
67885 76031 2
7844 55487 2
75944 50898 1
51735 83693 2
42161 4982 1
92264 28438 1
29364 26642 1
91145 85340 2
46539 64902 2
30433 64248 2
10568 72131 1
32298 42421 2
33519 84366 1
78835 60531 2
16248 57154 2
2270 49253 1
72241 48491 2
75619 33235 2
50267 53867 2
92556 68121 2
9 58712 2
39703 45446 2
96004 48636 1
67095 94878 1
45385 46676 2
41299 30137 2
46664 75122 2
32870 36866 2
5575 15131 1
48349 28856 2
59390 3114 2
1852 95568 1
84697 12587 2
31833 75377 1
8505 16609 1
76767 6678 1
60851 18752 2
75853 19824 1
82639 88691 1
96373 19458 2
77898 29751 1
53085 48931 1
91605 87166 2
19073 63647 2
46227 7630 1
57071 82903 2
7583 67232 1
88681 25660 1
47940 85505 1
88487 46936 1
87811 90867 2
15826 11429 2
5456 14445 1
38922 35827 1
30005 7959 1
27970 49543 2
86830 4688 1
29598 20662 2
94892 59176 2
30748 55278 1
90354 28998 1
7880 40430 2
4635 94306 1
68422 99113 2
81554 79756 1
29868 99176 2
57688 56324 2
78501 30020 2
37793 63295 2
72367 13520 1
27927 40713 2
49502 72301 2
29334 12253 1
66551 13427 2
40878 58799 2
17878 87951 2
3333 59587 1
58408 50271 1
63026 24978 1
72913 20952 2
87939 60556 1
93512 62977 2
19256 9553 2
55414 16501 2
6725 51383 2
93435 61509 2
22260 19784 2
86985 82324 1
16577 50336 2
97863 16537 1
69436 68467 1
1935 95808 1
24363 47589 1
88368 89321 1
88837 70000 1
45804 32680 2
60600 12514 1
67643 84771 2
65443 79292 2
45575 43895 1
34653 25428 1
11342 30868 1
56492 8499 1
9443 29756 2
50191 49720 2
77614 57576 1
65493 42868 2
15175 14211 2
75204 74028 1
47550 97037 2
91411 72218 2
87862 92057 2
27023 30572 1
54246 67279 2
87194 57476 2
983 56971 2
63879 71798 1
31273 23740 1
98624 12813 1
64941 22022 1
23040 91718 1
34092 28608 2
80729 4243 2
5023 46103 2
77360 55833 2
25108 36009 1
8220 31602 1
10928 33963 2
8266 22316 2
70760 75108 2
53980 67145 1
52966 32175 2
453 63101 1
44106 58685 1
22959 37491 2
19462 42961 2
6421 19016 2
67905 35458 2
68585 85198 1
80437 67932 1
71279 84683 2
50994 16927 2
76608 64855 2
67225 12671 1
22825 64802 1
69025 98658 2
39561 18699 1
56853 51845 1
31542 81162 1
14419 12472 2
3417 70759 2
12335 5853 1
43181 49600 2
35982 86413 1
38180 69863 1
82348 97811 2
32674 71202 1
21270 30702 2
23200 58890 1
70385 83028 1
43466 63116 2
41233 23306 1
15809 17995 2
99714 22284 1
42874 52348 1
17027 31819 1
1470 1480 1
72326 81930 2
18376 91853 2
23506 51585 1
21162 58142 2
66817 23674 1
5288 43231 2
93794 89591 2
39355 94825 1
26872 96874 2
98735 74188 1
15705 2298 2
30949 45768 2
87279 51845 2
26962 87091 2
33019 82296 1
84510 5366 2
63149 34969 1
67046 60304 1
52589 59102 1
27835 13009 2
11094 45043 2
66209 45888 2
17781 17080 2
63473 2486 2
20846 62401 2
52951 27457 2
5463 23028 1
45076 67298 1
11484 21646 1
2525 98671 1
33817 12703 1
92122 54130 2
86787 73513 2
66696 47687 2
46176 47781 1
65304 68738 2
66441 21502 1
51405 42599 2
78895 42195 1
39906 33648 1
65524 28185 1
19138 65067 1
57614 22712 1
44558 93241 2
89319 59785 1
70075 9009 1
93215 43358 1
84625 29978 1
28520 74042 2
71629 53460 1
13929 27445 1
63263 11536 1
48029 76953 1
67053 60787 1
94545 8232 2
44847 75800 1
72041 67219 1
36113 96811 1
22235 74436 1
67476 44782 2
75058 245 2
72620 23863 1
35020 85815 1
84291 35792 2
46397 13261 2
85493 59574 2
77290 33422 1
48018 11323 2
41903 79942 1
26496 69573 1
20666 49557 1
89750 31532 1
42349 89390 2
13250 33791 1
79935 88186 2
12420 37216 1
58364 46227 1
6577 52900 2
16097 11753 1
11121 49972 1
85121 23648 1
10272 1774 2
55842 1520 1
24689 51236 2
33569 40260 1
79462 19324 2
85866 30684 1
15002 95342 1
62336 70987 2
471 47850 2
68667 52377 1
83328 60719 2
73605 78305 2
52297 82517 2
24764 13044 2
68185 15172 1
78292 72565 2
35535 68538 2
55410 78940 2
90 74602 2
59249 66099 1
79520 5239 2
7201 28827 1
59768 18365 1
18851 54952 2
88336 7753 1
38222 29665 2
57927 14684 1
87086 20129 2
84884 96779 1
92831 93817 2
75837 4578 2
20054 39467 1
51809 95548 1
47321 22032 2
58799 66541 2
81666 6132 1
54828 96825 1
39519 90869 2
37618 90778 1
19925 78823 2
60139 85981 2
27257 85170 2
92378 98405 2
58997 43826 1
75346 64519 2
98089 38551 2
49949 717 1
37000 36067 2
55830 8756 2
80631 84431 2
87279 43181 1
48945 47397 2
14988 73023 2
33317 29223 2
74534 11331 1
17942 19111 2
60170 82151 2
3674 39661 2
47095 90892 1
8828 95733 1
38916 1544 2
95899 54894 2
19735 88677 1
50440 68188 1
21038 10816 2
57132 12054 1
72890 91403 2
87103 59752 1
58912 92587 2
17426 29555 2
5974 30906 1
5991 22152 1
69132 66758 2
1299 76881 1
26848 26896 2
4259 43656 2
82056 80367 1
43507 33726 2
82125 46346 2
85656 50165 1
83690 90978 2
43640 43846 2
39281 98021 1
6157 53565 1
4678 30076 1
13126 92120 2
11970 32926 2
49766 86795 1
73265 95066 1
96675 69790 1
52052 10450 2
48008 68877 2
76960 13850 2
42899 71080 2
48958 62301 1
30872 92081 1
86793 84408 2
88156 47680 2
46419 34045 2
32954 97058 1
91264 76018 1
71362 30486 1
22760 86832 1
47925 43151 1
50650 51876 1
427 24853 1
74356 86480 1
97069 97251 1
44556 51211 1
46682 19626 2
77258 94205 1
28998 43789 1
59275 38117 1
95735 39139 1
14560 72435 1
33991 47449 2
61197 39341 2
25317 8077 2
28298 53166 1
30099 84148 2
41893 31683 1
96937 50356 2
12318 39692 2
30961 19819 1
34602 44417 1
14249 96486 2
87985 80554 2
42756 91691 2
38896 37094 1
43625 61392 1
32312 97029 2
83698 34721 1
94349 76526 1
37007 13726 1
423 13882 1
24097 39866 1
70804 4887 1
55647 19293 2
65972 46406 1
77652 69219 1
32028 41596 1
73535 27068 2
82580 17669 1
22705 71082 2
82297 15165 2
723 95941 2
51772 45909 2
20285 17818 2
66880 4756 1
54656 76936 1
61632 45587 2
38717 80802 2
30439 12992 1
47564 81264 2
24214 12124 1
84182 74029 1
45057 13469 2
60635 25386 2
23666 46221 1
95533 98378 2
7845 27688 1
1171 98916 2
92714 88098 2
11975 51877 2
34439 36831 2
83961 50923 1
77459 11001 1
21417 74154 1
11804 14494 2
17168 7307 1
82114 32912 2
15640 57000 2
74041 23043 1
65408 81074 2
82091 78434 1
47449 89227 1
33588 41930 1
619 62572 2
8900 79692 1
77073 288 1
93857 1008 2
44440 32135 2
32738 82957 2
54437 93237 1
68885 67314 1
14124 56336 2
93786 63457 2
93945 8789 2
92101 60238 1
77227 67603 1
80672 74276 1
98996 34702 1
4486 83360 2
34618 24478 2
3530 78068 1
18905 74029 1
75342 90565 1
31711 16893 2
52428 85102 2
74959 82752 2
71761 60411 2
47135 47870 1
54237 4687 2
21881 42610 2
25220 1502 1
82846 6125 2
55728 43443 2
80414 66930 2
35580 80396 1
33345 49496 2
19418 95097 1
11937 54604 2
22767 73184 2
10414 81900 1
48082 18812 1
57129 90028 1
8432 53593 1
5737 64629 1
89579 79642 2
11161 80737 2
11222 81940 2
28535 90241 1
12410 65296 2
1399 17239 1
79957 28205 2
70463 87676 2
2614 24123 1
28520 63163 2
1858 44353 2
81123 57044 2
31986 40311 2
60114 86714 1
19507 11501 2
46378 49781 1
27620 15331 1
82200 35713 2
23835 2287 2
21017 39918 1
31169 45210 2
76512 91166 2
11313 72995 1
67764 46857 1
31965 11770 1
76687 86908 2
91913 69926 2
32544 45301 1
89230 19808 2
16266 46825 1
54552 67126 2
83875 10015 2
64745 22857 1
14390 67059 1
25524 60303 1
88033 3476 1
60962 30257 1
59480 63717 1
4144 76526 2
56000 65215 2
14575 75383 2
13204 95022 1
72707 30961 2
90532 76944 1
38821 28150 2
2897 45434 2
50753 48148 2
16339 16242 2
68345 76524 1
22707 4565 2
13376 74292 2
74065 62259 1
51903 47670 1
9887 44846 1
65715 33743 1
24611 15551 1
67853 97616 2
27769 86353 2
66257 89025 2
27887 59396 1
94711 2105 1
29032 63499 2
15982 85543 2
73050 69006 1
68756 86156 1
20367 15881 1
22687 72415 2
2888 34987 2
61623 88135 2
84693 34360 2
74009 36261 2
49214 79400 1
88566 24327 2
65053 76102 1
1265 31510 1
15906 36625 2
78213 66089 1
47918 85694 1
94525 98223 1
36088 60500 2
9050 77386 2
34667 37998 1
56145 4782 1
13478 23165 2
32042 36774 2
4058 15460 2
32866 34512 2
18160 21786 2
66026 82492 1
99521 93707 1
67493 73520 1
52604 46103 2
41134 12103 1
65603 67890 2
13200 9133 2
72046 37603 1
8684 87141 1
87686 2597 2
40599 17956 1
48715 4008 1
18521 72979 1
21583 14288 1
75023 79568 1
46873 13781 2
70121 5197 2
46435 77026 1
92973 9712 1
47453 15159 1
98514 10578 2
17447 1639 2
14854 42816 2
63578 81786 2
17385 75613 1
60992 83532 1
75631 21726 2
91224 57964 2
5858 33228 1
64915 18686 1
88094 20198 1
99994 73146 2
6356 85820 2
59461 44203 1
82375 55029 1
85221 17456 2
31825 88906 2
40123 70398 2
46719 1161 2
26078 12508 1
36721 15602 1
29370 26597 2
29179 19485 2
87692 3722 1
26183 8019 2
99847 36334 1
86097 95985 1
51729 13288 1
62985 33512 2
64038 79812 2
37813 48799 2
8180 97794 2
65836 93967 2
68062 85558 2
11004 27238 1
72794 80422 2
93924 2661 1
12211 41519 2
54427 8578 2
61383 88769 1
87720 93639 1
84233 88670 1
53863 90257 2
50240 11551 1
36650 59601 2
15591 591 1
26038 63631 2
75307 61774 1
31074 27490 1
57712 24623 1
72475 50873 2
96428 37050 2
12163 89365 1
11659 40715 2
3309 1292 1
27081 73809 1
17731 69480 2
1755 64944 2
27393 51654 2
31974 68511 2
40279 21656 2
42278 90827 1
3114 84835 2
90505 96882 2
84659 85794 1
72946 7593 1
31998 86049 1
3926 11447 2
14701 80802 2
52962 83383 2
32147 13788 2
83667 40666 1
66234 69591 1
26716 92963 1
82557 32401 1
61380 6601 1
8782 69148 2
49381 8280 1
81137 43997 2
14286 26384 1
3263 11855 1
96002 3301 2
28901 190 2
45431 34397 1
37954 13517 2
23096 92021 1
31692 36336 1
11012 43677 1
38060 19090 1
91916 69271 1
83613 10737 1
37209 25692 1
66609 62845 2
90339 81431 2
29580 54428 2
23835 24423 2
93863 98889 2
14466 23841 1
73614 21905 2
62000 22573 1
30851 21844 2
97006 96996 1
73497 92458 1
15196 51160 1
26361 93115 1
80012 75916 2
41568 71430 1
93381 13944 2
82847 38523 2
92417 77734 2
49274 993 1
34223 46744 2
46890 62897 2
43089 68415 1
21211 44536 2
8799 27941 1
73486 10873 1
16419 29349 2
14360 40457 2
19259 47565 2
40417 12882 2
74843 70435 1
86407 74224 1
49800 90621 2
6392 16439 1
80541 12295 2
49467 53739 1
80138 8673 2
24776 46726 1
50960 59295 2
10731 83157 1
44902 50375 1
98853 91483 2
42647 78678 1
95883 16397 1
14562 27580 1
60965 13621 2
72569 13499 1
99856 79280 1
92898 97548 2
60061 26959 2
14233 22426 1
3376 47002 1
10156 77540 2
73409 56040 1
82845 23327 1
27294 57640 1
19140 74130 2
48455 24315 2
67627 37081 1
44113 67863 2
48624 83459 1
58084 31654 1
18886 25172 2
26461 65413 1
99892 92132 1
47309 67174 2
77716 73245 2
77879 1870 2
40021 79520 1
35190 41175 2
5914 21601 2
30005 61615 2
5913 8519 1
68437 52056 1
82877 31437 2
25354 4038 1
43461 91652 2
32254 55780 1
65251 84111 2
5869 25199 1
9789 59141 1
95432 40633 2
40175 71250 2
55346 65095 1
25638 97782 1
77190 8436 1
77479 612 1
47790 64940 2
38406 6885 1
77005 81297 1
17487 54579 1
38487 79258 1
66721 24798 2
26100 63055 1
15854 93898 2
74529 56270 1
53405 14767 2
58350 27657 2
88104 98360 2
57184 58502 2
66942 10628 2
50225 58366 2
67458 35241 2
8171 28126 1
10666 97740 1
52529 25161 2
33633 31689 1
43127 43571 2
17797 82865 2
61188 33767 1
5289 75559 2
55191 9443 1
89685 51971 1
63359 81111 2
1953 4047 2
77090 62986 1
52606 62540 1
44375 31573 1
85933 6478 1
98188 30405 1
99941 62460 2
51712 58749 2
29105 48177 1
79434 6354 2
22672 6974 1
12272 37965 1
98164 67461 1
95569 32109 2
55267 21215 2
39516 48258 2
64921 17720 2
47223 28115 1
62884 59278 2
34329 72761 2
58631 15957 1
65519 31138 2
51831 31893 2
26523 69807 2
90977 17482 1
2032 93558 1
72674 15332 2
69848 31840 1
74797 12229 1
87374 78060 1
77097 9701 2
1508 99850 1
11697 41713 1
76670 10114 2
13842 1032 1
23638 52683 1
58352 5757 2
98390 19539 2
83073 4408 2
5024 16382 2
77808 11317 1
55690 32063 1
2779 66467 1
76730 62848 2
75766 93605 1
32335 56480 2
47430 28085 2
19576 144 1
82567 86844 1
68762 73429 1
7 35676 1
54446 2377 2
72808 25734 1
8256 85786 1
7426 44708 2
67953 42186 1
57310 97136 1
98358 49709 2
99868 21019 1
27736 65070 2
15246 81127 2
58866 27114 1
6267 41805 2
41430 31891 2
9277 28601 2
2312 22958 1
7299 92552 2
76801 30870 1
59216 24721 2
75597 57271 1
78810 39385 1
40430 92403 2
86028 54109 1
24215 29313 1
66916 61932 1
73073 60073 2
15477 48555 1
91001 12841 1
20615 62767 2
8992 38291 1
61490 17478 2
47370 11916 2
92807 48879 1
36720 13391 2
9927 20765 1
96574 31400 2
76457 51768 2
55765 41274 2
35192 52443 2
16650 12793 2
71603 34039 1
32133 35729 1
31532 21455 1
64035 91389 1
67786 79482 2
79445 46576 2
35014 36037 1
25183 60752 2
61937 29966 2
17433 56598 2
74637 84298 2
32530 73007 2
16208 34687 1
50088 83550 1
96004 58315 2
58384 34072 2
14602 34299 2
37781 4838 2
79634 70805 1
46097 69606 1
72036 61679 2
65141 45579 2
33882 15541 2
49159 60601 2
64899 96903 1
17535 43049 1
85826 81272 2
33097 56523 1
75054 62544 1
99046 21567 2
61520 2315 2
63178 52987 2
75975 95512 2
35327 45640 1
43879 35132 2
59553 95109 2
61845 39692 1
97281 77475 1
76461 69302 1
52450 79590 2
39741 85625 2
22559 7307 2
36839 70184 2
86947 69308 2
9539 72683 2
59791 46237 2
77242 75965 1
93591 82435 1
62988 99727 1
72453 72664 1
57195 18372 1
39925 96281 1
50142 78739 1
6712 696 1
11263 89769 1
90609 24058 2
27805 95620 1
77370 35097 1
3067 52312 2
73504 92899 2
1583 33870 1
5475 76505 1
24036 1408 1
5464 73041 1
18584 26495 1
19846 14741 2
22719 44621 2
63436 69954 2
55966 4323 2
31994 35658 2
86096 81004 1
54515 9234 1
28997 97160 1
40817 65812 2
96862 40138 2
27809 36287 2
66547 15003 2
95523 15922 2
7725 59765 2
25323 56452 2
74572 89448 2
5251 57407 1
45505 57976 1
52903 26464 2
37877 47517 2
38247 78969 1
17857 65313 1
74856 2576 1
7860 56582 2
2627 14845 1
85809 49022 2
42021 81712 2
53037 81809 1
10606 3528 2
27029 96442 1
61298 62237 1
45670 61770 2
37979 83415 2
35860 50724 1
18596 47540 1
12708 90847 2
1887 80838 2
97297 80104 2
64433 95315 2
75786 84637 1
67857 91443 1
95538 72178 2
85772 48662 2
31039 7632 1
65700 27004 2
38269 17105 1
53420 18938 1
26824 2854 2
18126 6299 2
59093 32849 2
6213 28989 1
67145 51883 1
54147 35952 1
83872 25247 1
69612 89371 1
15144 91725 1
55737 1911 1
6179 86056 2
62039 89873 2
69897 36792 2
73349 28716 1
82947 73209 2
96505 64829 2
80721 52090 1
21052 47693 2
53509 9471 2
79977 8251 1
29670 22976 2
60210 60184 1
73006 64200 2
84187 32488 2
79533 30102 2
57725 43335 2
47139 67551 2
82181 60130 2
32745 82378 1
48690 25722 1
65225 2483 1
33498 51333 1
65826 38824 2
67045 57581 1
60773 53263 2
70129 42158 1
1530 20318 2
31852 54748 2
90620 27394 2
57245 40219 1
87417 60377 2
45340 2149 2
3475 75671 1
63894 69640 2
79937 42085 1
24010 35205 2
44047 88861 2
60846 6418 2
91673 13648 2
19114 94681 1
80308 66688 2
47451 37239 1
74534 1318 2
37298 61086 2
48969 64493 1
95059 14355 2
27340 25557 2
45143 91824 2
37233 92465 1
3338 90179 1
75856 15785 1
61261 46958 1
44563 45593 2
26101 30917 1
87640 19504 2
170 28499 1
57587 45426 1
37737 49461 1
64553 76695 1
35843 88221 2
7445 60010 1
92828 47024 2
76070 98154 1
89772 22985 1
81055 69068 1
60481 59220 1
10391 87959 1
95067 70803 2
83607 65254 1
76879 44829 1
36574 47498 1
10597 94650 1
89664 68518 2
33498 30536 1
62883 79153 2
45887 73625 2
70656 87127 1
28920 33363 1
1448 69688 1
58397 79566 2
70397 76168 1
87484 36826 1
17012 63149 1
59893 16566 1
76858 66437 1
91229 8698 2
47660 86877 2
27004 39150 2
60829 66586 1
39887 90161 2
34676 56884 2
422 47699 2
46859 30806 2
5447 282 1
81553 63424 2
83625 16417 2
53673 94181 1
40058 95509 2
88649 75341 1
66778 78454 1
6780 38804 2
19358 33116 2
89568 26697 2
55245 10544 2
19305 86928 1
13510 782 2
17276 82977 1
81497 79818 2
26101 59655 2
7753 9767 1
95585 82977 1
21201 6465 2
85637 19588 1
21211 15589 2
44629 36343 2
45162 12660 1
12861 23669 1
29362 80004 1
1948 83983 2
44538 19550 1
57412 96648 1
56897 46913 2
71676 31031 2
49942 3966 1
35902 46664 1
59487 22938 2
65401 49723 1
7411 4751 1
38544 40292 1
92928 94826 1
16056 83465 2
4966 82895 1
14622 10183 1
34521 33809 1
39679 43854 1
12835 45306 2
18063 9440 1
96863 93897 1
5523 566 1
79519 57295 2
67142 36283 1
5256 78449 1
88632 9711 1
94513 18761 2
44778 36517 1
78216 86021 1
55539 91493 1
61708 74950 2
21086 26635 2
67092 18563 1
85386 51110 1
42886 21572 2
89737 4890 1
2145 33511 2
51521 2174 2
35892 30813 2
87118 52927 2
27012 14318 2
64862 90459 2
39818 11857 1
20243 6215 2
851 92533 1
81829 27850 1
41374 75964 1
20221 56735 1
54465 51258 2
63515 59895 2
47173 1274 2
63570 47605 2
63589 37913 2
58375 72048 2
62867 60041 2
35637 28660 2
63507 43408 1
38827 67681 2
93918 8134 2
67340 48459 2
7201 19994 2
14062 15320 2
26811 67534 2
69020 26661 2
23682 77111 1
43156 36161 1
76575 39806 2
46922 67665 1
23757 11009 1
52867 31915 2
40094 21714 1
59355 9338 2
93654 50743 1
85856 88352 1
56430 33353 2
71252 25967 1
76178 1621 2
40654 74447 2
92388 60862 1
35034 58140 1
38743 14904 2
77333 8357 1
92404 72495 1
84850 57934 1
47576 14494 1
67927 31631 1
1524 3161 1
69024 55730 1
2796 47011 2
28507 7097 1
16473 93240 1
56907 60565 1
63847 22565 1
26054 33616 2
10743 28491 2
73687 37605 1
53982 81216 1
25756 98178 2
74757 66061 2
43336 50797 1
71335 625 2
10850 79708 1
53717 54332 2
83749 74331 1
63701 55157 2
20990 53386 1
93599 42325 1
54129 27133 1
68287 62730 1
23765 89498 2
20470 57717 1
88243 99614 2
33337 60972 1
46219 74169 1
95792 67640 1
974 19181 1
19352 77112 2
7365 5299 2
24642 53469 1
86825 47477 1
3858 28268 2
51145 47989 1
31456 50015 2
96135 51045 1
46714 64708 1
98139 85293 2
81728 19836 1
97198 5001 2
34055 7965 1
29152 12424 1
54263 43473 1
79012 61326 1
81421 48085 2
76159 49874 1
98682 11771 2
83308 79617 2
50849 98664 1
80890 21305 2
15005 43831 2
92876 2447 1
21625 28276 1
25592 29098 2
71414 52961 1
62025 34213 1
28328 88852 1
68702 97393 2
53049 6103 1
79592 16624 1
18053 25799 2
34480 49148 2
40221 99670 2
46318 6686 1
64580 83562 2
2579 65047 1
40853 54043 1
75008 78074 2
98395 99064 1
19309 56944 2
82359 41187 1
85827 35123 2
84637 38192 1
34786 28755 2
9015 65994 2
84924 4372 1
83937 54095 1
75992 20494 1
8715 94127 1
21584 12044 2
5435 90032 2
99379 80205 1
28488 92525 1
85124 13574 1
54720 86930 2
36601 64862 1
24258 63842 1
29276 42929 2
50533 99538 1
99886 5518 1
32912 20107 1
23967 28569 2
59743 94507 1
48855 78441 1
26405 73221 1
87441 38219 2
16292 45340 2
76570 11389 2
14166 96524 2
90582 14196 1
18568 1986 2
35292 51607 2
19002 28478 2
45685 51681 2
14048 48792 2
35937 57955 1
23076 94137 2
12881 19199 1
72673 57757 1
89614 64334 2
63049 15544 2
68369 35067 1
55073 44525 2
88201 59174 2
11008 75128 2
38744 35267 1
69843 23558 1
74934 11864 2
86940 25080 1
781 83042 2
63310 77540 1
25499 6800 1
54483 97140 1
73267 91559 1
96966 92772 1
56604 21084 1
6553 18504 1
2640 40637 2
68721 48516 1
1566 23817 2
5797 80146 2
75785 17139 1
57186 78464 1
59080 49027 1
42698 63311 1
59492 75701 1
46928 44693 2
27612 28600 2
97885 59740 1
68900 75951 1
9679 46081 1
96065 75860 1
49909 75893 2
41583 67376 1
99188 49760 1
48124 84196 2
95205 50201 1
25802 90884 1
40532 35183 2
59120 59031 1
65283 19875 2
51578 84472 2
12325 22859 1
38533 97016 2
4227 37617 1
24996 67801 2
56922 91570 2
97534 74100 2
76635 24640 2
33389 19412 1
27626 59841 2
38560 97241 1
13088 23309 2
87258 88023 1
63625 1907 2
59472 64404 2
79239 82613 1
85519 26285 1
66605 52519 2
55061 9329 2
22756 85332 2
51475 96036 2
12937 13209 2
56881 14846 2
86573 87304 2
4330 60714 1
67060 42503 1
81099 39912 2
823 80494 2
53368 38731 2
85314 14573 2
54856 36955 1
96310 64131 1
64356 94739 2
75080 34248 2
4940 26724 1
9152 79748 2
68530 44753 2
8987 78773 1
28956 6033 1
95978 95118 1
63846 50961 2
8945 26322 2
73790 61423 2
53449 62621 2
86727 32160 1
3358 27419 1
82166 51754 2
97617 48271 2
54488 21291 1
11671 52558 2
23114 52080 1
83992 81889 1
41311 17503 2
65873 83719 1
45694 97454 2
74194 59472 2
6242 58633 2
51841 13059 1
98136 76208 1
96694 59481 2
83268 63510 1
4957 90943 2
10268 46787 2
60503 66776 2
93643 80435 2
39928 96569 2
8912 85717 1
79722 86508 2
18108 95758 2
83977 15533 1
43000 38963 2
40038 10960 1
79773 12082 2
36165 6489 1
23769 69738 2
1438 43330 2
86289 99693 1
54143 97529 1
3545 5381 1
46472 99743 1
97822 8109 1
95661 79594 1
34301 13812 1
73912 21859 1
77961 69630 2
32997 15497 2
38665 34178 2
7461 95533 1
36087 71884 2
48187 47316 2
61730 77373 1
19458 51672 2
66413 26182 2
21988 35687 2
9326 42801 1
13764 45346 2
21104 89368 2
33302 2048 2
41265 18124 1
21570 86344 2
6340 73007 1
2340 28378 1
73905 64154 2
8879 48199 2
93168 98456 2
57157 76117 1
47858 51721 2
12928 56412 1
23000 29376 2
72973 58859 1
6777 18630 2
80236 56547 1
38881 13365 1
30897 49595 2
6316 28253 1
80902 3515 1
60111 34370 2
69031 29121 1
88528 14139 1
50372 56415 1
49321 42453 2
63426 56826 2
37769 32911 1
1755 71309 1
31730 13660 1
60665 20260 1
37916 79236 2
29791 60226 1
85681 81346 1
56416 46139 2
25263 26311 1
94886 56602 2
44777 62518 2
15724 49372 1
68998 21766 1
38725 8724 2
47521 66371 1
5619 72869 2
167 53454 1
15696 23883 1
67836 75576 2
83208 72978 2
82102 44139 1
36797 51805 1
83232 82913 1
16162 15553 2
41721 61675 2
44929 19399 2
49106 8651 1
68981 88973 2
6516 84410 2
55760 71846 1
23928 7043 2
10743 46933 2
45548 71558 2
55009 86198 2
32405 65014 1
9339 16630 1
22119 89627 1
69222 61590 2
62927 42481 1
68600 29867 2
65834 99783 1
16279 88033 2
62571 99777 2
78273 86451 1
75577 86103 2
70023 79125 1
78926 75412 2
43981 46475 2
25113 7671 1
57228 14927 1
95005 77429 1
41521 80911 2
72656 97205 1
5947 7308 1
72605 15859 2
60000 20252 1
62594 22077 1
82185 36360 2
88691 90553 1
27697 47759 1
81013 81181 1
12138 77825 2
36516 33686 1
8056 74662 1
70893 25314 1
60179 30997 1
64116 55765 1
76074 50429 2
2800 5144 1
56059 95519 2
29354 94629 2
8316 2033 1
32674 55021 1
55989 27005 2
37418 26226 1
91427 28992 1
65001 66669 1
94135 76683 2
21497 54377 2
43765 83909 2
90409 20102 2
93974 57288 1
79003 34775 1
94214 54400 1
63655 69540 2
9734 6383 2
67991 82249 2
8107 44939 2
31465 33077 1
31549 3166 1
98128 15372 1
91289 51813 2
92563 38 1
6480 25586 1
12717 43469 2
62534 9451 1
48875 44707 2
20691 37128 2
9937 56250 1
52517 37496 2
35893 96474 2
15453 90813 1
43650 82270 2
75949 66827 1
58103 74935 1
70560 86893 2
42886 81256 1
44562 67329 1
26741 5320 1
19508 51703 1
45472 50595 1
9034 67285 1
92469 91737 1
6444 58678 1
92854 43678 1
66472 96358 1
28379 96536 1
81470 74632 2
58445 63717 1
66787 28048 2
60652 88882 2
9247 1226 2
67755 34788 2
68687 68593 2
60110 13491 1
42947 3544 1
79251 49034 2
92321 87653 2
60710 649 1
17088 93905 2
75051 95651 1
4654 74313 1
59992 56224 1
31755 96464 2
31832 49628 1
26444 24699 1
16137 57062 2
21017 95027 1
19231 34338 1
61134 39287 2
25023 21768 2
92286 24599 2
21572 25154 1
99051 82810 1
6974 25970 1
46704 92089 2
81518 62890 1
18679 15777 2
33036 62130 1
28899 59413 1
20161 83461 1
52488 20490 2
86477 47796 2
66894 48970 1
57378 27393 1
86065 71025 2
74375 44870 1
23236 56659 1
57430 48876 2
57001 56628 1
60126 79284 1
80922 96014 1
15169 41169 2
63556 6447 2
41623 95660 2
60231 61304 2
28746 89183 1
78583 53727 1
6552 92891 1
96862 35438 1
1652 98946 1
94711 21570 1
4774 37357 1
80053 14316 2
870 66823 1
76730 72051 2
8068 93583 2
57248 22321 1
17027 99099 2
35668 20210 2
99610 7824 2
97685 79384 2
96338 14347 2
36218 57337 1
16427 55835 1
58217 51071 2
95062 58788 1
31649 10151 2
86396 13053 1
6673 54723 1
36022 24083 2
88382 35480 2
32434 19396 2
16161 80449 2
19093 18405 1
26695 91018 2
20532 35773 1
22927 29717 2
57945 75687 2
82640 67672 2
36644 59316 2
61840 50653 1
46119 84134 1
59597 66850 1
40297 99223 1
52568 80535 1
6020 8496 2
83446 61858 2
75816 93394 2
94462 88062 1
55670 38256 1
69245 73111 1
56421 78611 2
62004 26671 1
97472 46165 1
65497 52189 2
22277 55366 2
49266 42153 2
12008 36715 1
1309 23121 1
14286 30937 2
57707 62152 1
81939 95198 2
67296 71441 2
51556 54297 2
68341 58312 1
35621 30781 1
79895 89177 1
99565 52242 2
42693 6695 2
83589 97652 2
38005 13031 1
92205 95922 2
51855 48514 2
57623 13584 2
47664 60151 1
71498 32038 1
48489 63990 2
14912 48670 1
82366 44390 2
82536 34810 2
27880 18016 1
56229 66507 2
56915 96721 2
5165 35387 2
10721 45724 1
13386 4676 1
63780 71542 1
32413 54263 2
43208 32232 1
65142 23319 1
69223 16625 2
68253 96507 2
45875 86657 2
69837 47887 2
68175 21407 2
25459 99347 2
40854 7300 1
19795 69147 2
74451 4542 2
62371 39085 1
86087 97614 1
12623 77574 1
27751 2730 2
87923 20629 1
53819 28156 2
76676 49759 1
63712 16065 2
32136 44601 1
9223 52874 2
15960 54257 2
46356 91902 1
95141 63878 1
79871 99191 2
46641 29899 2
86551 91584 2
26865 82504 1
75578 97278 1
42034 49689 1
66205 84164 2
93585 75757 2
31914 97853 1
35905 57032 2
43869 60870 1
12905 54977 2
91399 67152 2
49700 79397 1
99916 66723 2
3455 41682 1
25572 61750 1
21662 81469 2
43965 29176 2
33975 70637 2
74551 90698 2
69525 53149 2
60999 30915 2
62550 6974 2
5077 15595 2
38382 98770 2
89181 56896 2
21186 18066 2
52658 61524 2
18798 57322 1
93879 23148 2
53120 47192 1
5988 61667 1
92506 10704 1
56487 4677 2
82163 17466 2
26272 65012 2
78839 42482 2
72515 20327 2
16739 46120 1
74810 16582 2
67018 63486 1
47041 81903 2
74162 10669 2
25288 14868 1
42392 50688 2
48405 31195 1
45128 21270 2
11167 41052 2
50245 61860 1
84692 16615 2
38343 82769 1
65140 96955 2
37656 70073 1
5427 85680 1
39702 39627 2
34427 57710 1
58933 41547 1
90088 87732 2
9210 67536 2
38378 83986 1
25632 58439 2
29478 46927 1
75287 43086 1
45845 7715 1
66016 59706 2
30180 85566 1
99698 82674 1
531 35200 1
63865 4017 1
43478 50495 2
2833 77608 2
43287 4644 2
50479 56441 2
20273 70734 1
47097 20349 2
38871 25293 1
11976 4543 2
3755 91944 2
36845 4799 2
30759 71608 2
22442 93809 1
94680 80971 2
69205 72315 1
57117 16962 1
15096 34330 1
93164 58194 1
98835 91677 2
57998 40103 2
27385 21673 1
63167 42269 1
82831 70163 1
37615 24869 2
48560 83561 1
81571 25254 2
50763 51338 1
33492 44793 2
16931 46441 2
4814 53996 2
71278 29454 2
43251 21888 1
1015 25460 2
13558 18636 2
43677 59532 2
4288 41399 1
10673 473 2
65871 5121 1
18524 27411 2
98738 11323 2
982 73092 1
87150 86218 2
36496 83917 1
56060 6184 1
62923 77730 1
8168 25347 1
76703 75434 1
20532 30909 2
1141 16352 2
8851 68266 1
94445 57301 2
68814 94869 1
21465 40075 2
59491 83419 2
27296 48891 1
60480 94670 2
6460 52784 2
98316 5011 2
26268 38826 2
17471 67780 1
73251 62557 2
70694 61712 1
38215 45071 1
28608 45046 1
53587 25053 1
83939 1837 2
35301 34582 1
30679 94687 2
53585 93374 2
1177 88010 2
30652 68621 1
47898 66430 2
18401 60366 2
26462 19809 1
12144 3168 1
52574 24910 1
36170 92952 1
74054 30545 1
36710 25277 2
49143 96365 2
84688 5195 1
32006 19798 1
55396 12017 2
42523 49815 1
54903 53267 1
25332 88622 2
21647 19624 1
69023 31019 2
72326 44381 2
24739 94901 2
62507 70864 1
63480 50756 2
15424 82069 2
30122 32232 2
38653 61749 2
35674 74817 2
99564 63370 2
13437 7524 2
12043 23941 2
33051 52477 2
47469 7496 2
41361 28103 1
15161 17580 1
57360 51318 2
9161 76477 1
40379 23597 1
55565 95513 2
14957 73704 1
8230 99348 1
13937 26580 1
72075 16182 1
11848 59122 1
8039 4731 2
50087 88152 2
32504 11314 2
30742 72175 1
82290 80479 1
58482 40438 1
55067 63066 1
51499 1725 2
55820 58286 1
98759 95211 2
11446 64282 1
12957 91257 2
80410 78355 2
2331 13845 1
67984 4640 2
9313 82080 1
88641 57469 2
68036 84464 1
32493 17401 2
64972 87375 1
18566 74040 1
5301 66010 1
87667 68785 1
52818 12482 2
37230 92976 2
39173 76686 1
74951 56918 2
6153 82840 2
54718 68500 1
18697 19372 1
13036 72820 1
97093 76492 2
43931 23216 2
41268 93006 1
32618 83065 2
34237 17820 2
1802 27281 2
96157 15091 2
42307 62833 2
15972 10341 2
9392 33252 2
37207 95575 1
84606 59978 2
28848 76515 1
44945 50358 2
41273 23479 1
26016 36785 1
65653 89333 2
26036 14676 2
85560 67249 2
81677 2258 1
63305 23030 1
13245 33452 2
84583 16833 1
43274 18682 2
74753 94564 2
44848 63401 2
2205 389 1
20349 1176 2
17330 45084 1
32980 50586 2
68013 72664 1
41003 18422 1
74160 71803 1
37996 18410 2
4526 82329 1
78872 9124 2
97457 9566 1
29407 9896 2
89685 92133 2
60457 72717 2
45514 21345 2
85296 72895 1
98613 61624 1
68324 77887 1
88239 32450 1
63110 59998 2
99493 24687 2
82669 17478 2
99478 9502 1
10052 83217 1
10072 90151 1
99305 67215 1
44404 83506 1
71024 261 2
51429 60382 2
22271 43337 1
19293 51739 1
88591 33639 2
68673 60560 1
91345 63423 2
5672 78326 2
29415 76388 1
46015 70650 2
4134 96254 1
37576 46751 1
87675 7017 1
67958 51898 2
62755 5844 2
77138 95060 1
54545 3555 2
80506 13516 2
18412 28558 1
861 3858 2
33998 90272 2
24768 20461 1
19302 60216 1
63260 38294 2
91895 73899 1
75613 22171 1
80151 31712 2
58500 32765 2
72785 39506 2
20614 23090 1
55875 75730 1
55916 7363 2
74816 68867 1
76881 57679 1
55408 37884 1
75623 65735 2
69675 89898 1
47442 63312 2
35618 96715 1
58507 85348 2
51094 25907 2
80254 29361 1
95711 84171 1
31116 15640 2
34950 34925 1
10890 82223 1
50059 34602 1
91296 76544 1
92032 92196 1
18124 22728 1
60395 27412 1
34012 25849 1
15400 92325 1
18647 45816 2
80581 2231 2
59669 17183 2
47685 89053 2
77826 13852 1
40254 20959 2
4639 24145 1
52282 35161 2
44257 87378 1
99290 15066 1
82288 5706 2
8270 14470 2
54793 48182 2
78366 16501 2
15229 9000 2
83812 64337 2
44272 54277 1
97456 19996 1
827 6440 1
39843 52680 2
75178 19965 2
26452 78269 1
96798 74470 2
94990 56790 1
9644 8730 2
58320 99876 1
84988 8609 1
24107 25482 2
1515 60345 1
56392 13887 1
73705 66644 2
45472 73231 2
38140 81496 2
41953 76410 2
73563 5789 1
62096 53204 2
21652 91858 2
13026 21123 1
34247 51545 2
93377 98308 1
68201 46695 1
26381 76647 2
96738 61125 1
4280 57646 2
34351 83473 1
79881 55634 2
18752 89598 2
23546 89662 2
9467 31183 1
32218 40914 1
28600 74848 1
27916 23073 1
57474 34621 1
46150 50547 2
55772 67881 1
81587 78308 1
50970 49785 1
86962 51267 1
20516 22838 1
95444 16884 2
79895 95455 1
386 71599 2
16323 30052 2
29236 65598 2
25582 48844 2
87131 79075 2
91183 89520 1
59960 43056 2
5172 41630 1
66658 48876 1
8732 68215 2
58373 56021 1
24862 10929 1
17630 16473 2
1729 42485 1
73248 70395 1
80961 19202 1
52305 66005 2
53489 54632 2
11629 69776 2
59987 46510 1
27042 53357 1
77377 2637 1
29779 14911 1
88584 34355 2
76118 37679 2
6248 68801 1
3094 52407 2
90261 24717 1
46513 82919 1
24281 96097 2
42746 57444 1
64816 75418 1
50520 31268 1
94730 52138 2
23622 50995 1
95820 42614 2
83633 71408 2
84399 58904 1
56221 47792 2
12064 68446 2
39776 32443 1
93695 47401 2
52870 68874 1
83168 95952 1
49355 81167 1
58252 64154 2
20388 69645 2
34849 99047 2
40662 25820 2
24430 30184 1
86973 68391 2
1016 25731 1
6791 141 1
90744 62224 1
38999 75843 1
67899 8446 2
75810 58960 2
15584 43342 1
83125 74095 2
99198 75607 2
14829 35537 2
67931 15041 2
60989 12504 1
15254 14026 1
59244 95422 2
94334 20580 1
54772 3020 1
88984 19508 2
40356 38531 1
79709 23829 1
99327 54294 2
33721 70995 2
98619 71854 1
27374 7537 2
899 18629 1
54991 86083 1
28982 92267 1
60357 9301 2
47909 22501 1
93293 3554 2
85497 9288 1
83928 49565 1
78058 19970 2
89674 23084 1
2985 91506 2
52828 63175 2
18135 29931 2
46203 2302 1
78668 70485 2
71878 61809 2
73137 42060 1
54995 2485 2
83174 56639 2
20874 99254 1
86141 74802 2
20393 75471 2
33181 58236 1
84478 27827 2
3200 28650 1
80304 49064 2
69493 2554 1
93591 41959 2
13278 82817 1
15007 24254 1
28819 40806 1
6282 14957 2
74142 32548 2
85899 94028 2
88317 66764 1
40779 91012 1
10692 83649 2
92871 87057 1
13304 96026 2
50416 13255 1
92660 32131 2
48234 68746 2
6248 44956 2
23661 13332 2
2805 91961 1
76711 5203 2
77650 92544 1
13081 16712 2
37034 74862 1
88213 84585 1
69500 71058 1
74695 74431 1
73530 16209 1
23081 42089 1
16938 83904 1
43020 24664 2
65544 61037 1
26262 38673 2
47874 31767 2
56511 88526 2
31962 45745 2
43667 69117 1
89192 26115 2
5811 68991 2
26806 43497 1
18483 90634 2
83682 17074 1
21822 97896 1
87263 67906 1
62382 82070 2
724 20528 2
47700 42854 2
58011 35497 1
25398 6461 2
99299 7531 1
49387 29813 1
82895 2955 1
21505 71164 1
97557 53808 1
96408 96180 1
5504 70645 1
61605 62417 2
76815 19051 1
87952 42398 2
83956 73908 1
93558 86040 2
63925 73353 2
80711 94161 2
66350 47894 1
64009 28910 2
11596 26425 2
23923 91914 1
91316 50950 2
48083 45169 1
89722 8773 2
79113 95622 1
87786 8978 1
85001 22909 1
96739 66685 1
93821 45185 1
87095 38440 2
91297 86479 2
10765 9964 2
60965 26682 2
15807 41908 1
16911 76421 2
72764 46879 1
42614 7308 1
48007 35970 2
56456 92507 1
4374 6020 1
12485 6869 1
10356 71169 2
7361 79982 1
57535 81800 1
68422 30098 1
86410 7421 1
1296 27036 2
541 19383 1
45199 51743 2
93744 66435 2
62792 44801 1
43060 53311 2
50709 47739 2
15978 39744 1
8608 73146 1
12649 56749 2
95276 5921 1
32988 55713 2
41388 34085 1
45186 8525 1
79018 97647 1
12909 23379 2
41474 10494 1
7427 51596 1
88356 77506 2
31392 48323 2
35669 42338 2
98034 13784 1
21550 41207 2
28796 7423 1
92956 38671 1
5395 12638 2
4862 99531 1
21284 49490 2
8011 70081 2
52140 2346 2
32649 88538 2
49150 5194 1
31831 19157 1
12833 94730 2
84900 60355 1
70959 51093 1
33621 98153 1
1912 64779 2
12579 59873 2
43613 52255 1
31674 58777 2
93845 80665 2
76028 30706 1
23979 54068 2
97724 95266 1
49789 44801 2
25540 77043 2
97599 24835 2
99919 98434 2
55830 92754 2
85231 33696 1
7998 88024 2
16104 88660 2
55525 55542 1
61427 95512 1
54701 80992 1
65276 3160 1
87502 89213 2
52965 91222 1
29137 47912 1
14593 49640 2
99318 87058 1
61145 5688 2
25007 79453 1
91307 14019 2
19203 43138 2
13670 60379 1
85772 28076 2
52879 50181 2
84665 15355 2
57118 64924 2
23309 42691 1
2178 40108 1
798 76330 2
92313 78263 2
39095 45069 2
19545 75220 1
90614 24411 1
21002 91243 2
64494 63480 2
30378 55418 2
50087 47580 1
6695 95603 2
91993 23954 1
89800 7772 2
53333 91737 1
2437 14221 2
81660 1638 1
38890 22101 2
7429 2816 2
12408 79286 1
51323 88515 1
34180 17317 1
26397 62494 2
88759 74763 1
74205 79957 1
14796 62950 2
91490 76095 1
53716 30760 2
75813 51433 2
1845 92087 1
72823 24817 2
90343 95404 1
71802 55659 1
49238 82036 2
38020 84992 2
75843 97522 1
6815 59978 1
11971 20411 1
57035 79546 1
12190 39800 1
23067 59602 1
98129 44424 1
75988 89835 2
19149 95739 2
4529 55473 1
69781 57336 2
91969 73153 1
14788 89080 1
37383 85874 2
18405 55784 2
62746 77449 1
43897 56779 2
99395 82979 1
84693 33686 1
67041 72143 1
2977 61971 1
12648 83569 2
19226 99230 1
69053 27809 2
55280 63915 1
23036 44234 1
86377 16190 1
64371 97643 1
54620 49361 1
54308 11961 1
26007 38225 2
15175 99131 2
54458 6466 1
19845 95533 1
32762 75063 2
89790 34174 1
65535 43866 2
99876 82962 1
54662 4842 1
52670 89504 2
5375 84248 1
9126 42516 2
70032 82249 2
28715 48494 1
15696 91927 2
97456 79426 1
35469 6672 1
26571 97239 2
97735 31189 2
53799 96776 2
61458 15068 2
7490 62214 1
1592 80079 2
12592 37491 1
47637 10955 1
35254 60456 1
53881 37410 1
6543 66000 1
76585 92729 2
52299 70411 2
68351 58283 1
67627 87756 1
54469 59812 2
22631 25403 1
34910 20166 1
56200 48660 1
98750 35112 1
96238 53895 1
23276 52465 1
75338 93974 1
62631 54434 1
91525 48857 1
70430 29194 2
75864 44893 2
50455 30607 2
21810 33697 2
70537 78380 1
5078 87223 2
28577 96205 1
55033 6569 2
36897 95412 1
15624 85074 2
66333 98040 2
32928 54177 2
19932 11169 2
37524 20858 2
75613 4205 2
34924 65652 1
87951 69806 1
26688 24571 2
38807 36266 1
80704 66383 2
94414 9274 2
61935 78596 2
33377 9099 1
40803 62465 2
86447 7168 1
8808 14561 2
14959 49197 1
41338 25108 2
97607 98334 2
82670 25311 1
93622 85582 2
55273 7160 1
72267 79888 1
60871 64171 1
48843 4586 1
11414 42712 2
22927 78581 1
13912 16082 1
55331 86207 1
34053 99649 1
31561 58216 1
81510 56385 2
41332 50824 2
21403 48129 2
35949 16520 2
61366 21061 2
12594 56996 2
9086 23205 2
33394 74768 2
55469 67564 1
66226 73424 1
74131 7769 2
51339 98238 1
81584 897 2
43177 55815 1
23261 32299 1
9421 27918 2
98244 62642 1
18636 57096 2
42116 13767 1
32495 85279 2
63022 80941 1
77841 32496 2
77162 82395 1
37220 89868 2
17395 18909 1
97708 56154 2
50167 96148 1
17378 84243 1
33912 98865 1
10610 67973 1
4045 40894 2
95005 5362 1
14306 27925 2
16504 6446 2
79795 52230 2
84620 59523 2
36053 9142 1
13428 41232 1
80110 18267 2
75265 63942 1
88984 68161 2
61113 9834 1
674 62344 1
