100000 5000 38567
33110 94059 1
29846 42223 2
85659 2802 1
81453 97483 2
96604 44371 1
65305 27088 1
80039 85519 2
84817 74230 1
30814 22937 1
52643 45613 2
59609 53114 1
29359 41876 2
81058 63628 1
61034 56579 1
36375 28064 2
85980 89410 1
83659 19864 2
68578 61200 1
28389 67853 1
59916 11453 1
24415 29802 2
77728 37136 2
33768 29615 2
78582 90753 2
23907 13903 2
65177 29024 2
93222 60082 2
80492 43725 1
56124 90868 1
56739 87805 1
99683 93284 2
74918 72060 1
32591 43398 1
61970 37157 2
4741 91153 2
76087 72812 2
60865 71154 2
88027 96852 2
62416 82696 2
17877 64633 2
41591 35333 1
10195 6408 1
88746 85107 2
50356 24162 1
42549 40685 1
46831 43165 1
73527 62177 1
96139 64162 1
59170 93557 2
27333 38608 2
38077 18495 1
70989 77144 1
23394 65196 2
61224 62079 1
41216 91962 1
72559 2591 1
59513 70429 2
51759 15878 1
53893 18558 2
31560 37909 1
47310 18135 1
75694 35330 1
83634 53976 1
17451 87958 1
78309 33478 2
82747 15312 1
652 84662 1
67630 25121 1
29090 76310 2
72617 58894 1
6231 23173 1
98853 45297 1
83372 5846 1
36975 93720 2
47384 14705 2
75687 58405 1
58566 37106 2
64641 908 1
8245 264 1
78342 98040 1
19862 13495 1
5492 55238 2
2258 31127 2
21306 69256 1
19074 11378 2
53469 64931 2
90933 11210 2
28438 33233 2
37165 30001 1
58418 81664 2
22242 61230 1
78544 22482 2
54557 80095 2
62535 23003 2
52478 27186 1
23005 73318 2
32759 12970 2
15089 94064 2
623 53440 1
89906 72555 1
81089 46496 1
76037 11741 2
65626 77480 1
74083 87646 1
76574 24268 1
20184 46430 2
67203 67477 2
44294 14972 2
60436 1885 1
65984 1072 1
16559 15348 2
28623 38306 1
13000 96702 2
65457 48016 1
65956 70067 1
45524 63308 2
5183 84350 1
45280 34268 2
50854 41631 1
68938 79161 1
6206 38345 1
79426 8432 1
45211 14020 1
54534 67364 2
43466 54252 2
85580 28970 1
43623 23888 1
6716 39083 1
83271 24372 2
32052 35045 2
3152 48911 2
97250 35275 2
30556 47214 2
86093 8832 2
16474 45647 2
86029 75968 1
90061 52615 1
25166 44632 1
70827 41789 1
74674 34921 1
24767 2412 2
30476 44713 1
28679 27045 2
54597 92481 1
25206 4202 2
6554 37200 1
17363 10805 2
8924 80006 1
74137 70895 2
111 97802 1
79861 50361 2
17739 27637 2
48843 4806 2
10462 72309 1
4210 41983 1
51465 6763 1
27155 35070 2
76030 87405 1
34733 57203 1
77993 6565 2
92564 98690 1
59332 32687 1
98702 85827 2
24448 61823 2
40085 73057 1
65699 40601 2
46263 38268 2
16197 71223 1
74681 21863 1
54386 36711 1
27504 15402 2
96043 43434 1
59942 801 2
56037 41239 1
45339 4923 2
4200 89077 1
33570 32092 2
65809 29252 1
28543 19163 2
91536 58965 1
59632 32901 1
2251 88621 1
95201 76312 1
52409 57159 1
55542 48969 1
36680 14223 2
1061 9566 1
13304 26535 1
46681 23701 1
89630 63429 1
57392 96251 1
82882 10163 2
10782 57462 2
59553 51310 2
6472 21820 2
20747 80008 2
24298 26873 2
31878 60999 2
66674 19725 2
91177 74755 1
26914 65964 2
89410 75 1
42994 988 1
78801 3777 2
49515 56858 2
7082 82905 2
64173 62805 2
30903 68574 1
46602 56498 1
9236 37710 1
79753 63174 1
37681 67513 2
10692 37183 1
85396 85669 1
98858 13116 1
30292 55469 1
46813 29936 2
33311 49821 1
9109 11395 1
19253 92600 1
76444 20785 1
59210 47475 1
7249 31305 1
86312 32567 1
52133 76239 1
74635 46914 1
88320 50522 1
4515 27207 1
33501 21239 1
22325 98889 1
3849 47492 2
1211 64676 2
70792 63734 2
14911 47269 2
40784 68019 1
62884 49101 1
28845 93849 1
39869 86097 1
70939 501 1
70676 52669 2
44783 16141 1
25829 81324 1
33647 1303 1
42944 44946 1
92117 36159 2
90858 73363 1
10544 36133 2
28988 36233 2
2274 18492 2
48067 16001 2
12675 74125 2
6238 70462 2
87996 52114 2
68804 13973 2
4430 37659 1
61499 64528 2
55305 20652 1
49794 19403 1
87573 1373 2
29960 80282 2
84780 51001 2
74418 86081 2
82621 44671 2
27193 250 1
69931 43556 1
78601 23731 2
42124 41231 2
7684 7629 2
72939 70652 1
5149 99870 1
28455 29466 1
62206 32016 1
70450 50285 1
70626 1152 2
70706 4172 2
11419 63648 2
14467 74980 1
9933 69621 1
40946 90675 1
49009 70297 1
82276 15982 1
28755 22970 2
13165 49563 2
11445 50233 2
31802 44952 1
37386 36685 1
87752 84274 2
78811 6653 1
28746 26127 1
46598 11529 1
42406 94757 2
81658 21986 2
84985 20832 2
91772 79118 1
22447 41344 2
996 2469 1
57675 40248 1
74977 12982 2
68037 88465 2
95249 86083 1
79719 71333 1
39466 736 1
43631 61028 1
8340 61016 2
57393 55602 2
67213 19368 1
27346 65639 2
21731 5890 1
95982 6638 2
99389 85644 1
72562 57382 2
24531 95742 1
2114 70116 1
6641 7016 1
9749 79887 1
71576 7913 1
27124 25731 2
46109 38873 2
40543 73071 1
29769 19328 1
44327 52311 2
1015 11932 1
92341 14546 2
28824 65984 2
39522 98700 2
9458 32303 1
23517 77766 2
26653 50725 2
61032 72881 1
70661 96783 1
51515 22519 2
23883 63501 1
72192 34578 2
17924 68119 1
70197 57427 2
39800 50677 1
24525 37916 1
24708 16486 1
52559 91814 1
99417 43482 1
60022 59388 2
4922 81752 2
93071 3966 2
79010 28729 2
61630 91967 2
65276 75947 2
41945 78856 2
41577 13006 1
17707 46099 1
84062 25658 2
63347 99728 1
57123 21272 1
35746 18179 1
80117 74500 1
70977 47396 1
51204 71250 2
70216 32638 2
8950 22886 1
74056 33968 2
37442 58266 1
36099 65167 1
35414 43452 1
43470 24930 2
65234 95629 2
5750 24357 2
93483 31683 2
27352 77095 2
15945 77736 1
29671 94603 2
35529 26264 1
7785 73611 2
81595 23623 1
17787 74704 1
41509 87065 2
25097 45467 1
9470 3816 1
87254 57440 1
83028 79266 1
8282 62597 2
69863 94761 2
99487 93448 2
20651 15665 2
62468 32310 1
25738 42149 2
50810 72309 1
43520 27874 1
90985 67195 2
74429 5081 2
44908 42580 2
95239 42994 1
33585 25792 2
69237 74532 2
90490 26514 1
1301 15870 2
95454 37426 1
72230 19137 1
30632 45020 1
52959 28836 1
64503 29471 2
10790 83759 2
90269 32287 2
890 68864 2
4097 95380 2
6378 47049 1
17373 65481 1
25916 50447 2
98912 14749 2
18855 80237 1
18508 97381 2
37625 32431 2
4953 8360 1
35953 74136 1
67921 12642 1
15270 412 2
8882 41090 1
41886 78566 1
44719 9867 1
96152 66036 1
88047 70167 2
21443 6102 2
70572 68335 1
27300 43730 1
93878 3668 1
23668 73859 2
90798 88090 2
38688 4629 2
65611 75687 1
11047 69643 2
38552 26297 2
43072 50554 2
19956 66621 1
22833 41387 1
98224 50585 2
64665 10076 2
85845 19202 1
86599 3232 1
88668 90631 1
72736 51674 2
44211 41828 1
93149 35718 2
92607 76208 2
35274 52817 2
72596 75056 2
58409 45724 1
35135 36001 1
30349 89757 1
9213 63698 1
48703 88445 1
48033 35303 1
41725 47419 1
58578 32152 1
27446 36487 1
44426 83343 2
45487 65096 1
56408 74350 2
78497 18487 2
703 75367 2
58904 31074 2
92885 89602 2
30101 34474 1
6629 45018 1
57261 71461 1
54125 70912 2
43497 41692 1
99009 23863 2
45348 91790 1
60422 52310 1
27984 66092 2
45368 64905 1
71345 76187 2
35396 47216 2
21056 93013 2
67438 42303 2
96297 36136 1
62381 8349 1
94477 67797 1
28874 94629 2
38337 87346 1
71813 31015 1
5614 23625 2
14800 27176 2
16047 14263 1
62289 16829 2
70518 17549 1
82980 54933 1
10118 80083 2
46807 15212 2
88218 79968 1
36813 38905 1
10269 28675 2
19996 15009 1
52304 32157 2
21711 72129 2
30376 72965 1
74180 28904 2
47886 51522 1
30158 3898 1
82909 44724 2
22580 27598 1
18726 24300 2
82576 62417 2
87215 80144 1
10770 44737 2
15152 77784 2
77403 41619 1
52501 67283 1
93186 38894 2
12095 12227 1
16978 43118 1
34211 4860 2
29354 11906 2
93801 47081 2
57980 57197 2
85486 92264 1
99790 50568 1
84674 32073 1
7196 65087 1
53451 47282 2
23828 3152 1
89153 22590 2
87704 87183 1
31408 16601 1
5632 54597 1
31609 72742 2
77045 17260 1
60784 18169 1
72151 73237 1
44479 14494 1
28728 94466 2
37506 20240 2
22015 9420 2
69802 71490 1
43302 35902 2
34138 81818 1
83229 2328 2
38189 24337 1
86661 38221 1
57934 54580 1
79317 68517 2
73469 57222 2
68183 48732 2
3121 828 2
35724 33985 1
89553 47167 2
14980 16440 1
15034 96302 1
11368 39960 1
85756 61401 2
96272 72206 1
7869 28519 2
4045 78616 2
57492 73553 1
92064 43467 2
69039 74628 2
59713 60622 2
9326 35555 2
57657 94109 2
86789 44355 1
64936 35558 1
17886 63726 2
89824 84015 2
20661 32545 1
19207 29102 2
18714 29389 2
4537 12688 1
64594 11513 1
16900 83219 1
97623 88894 1
70891 97227 2
66803 36842 2
71044 63329 2
90281 11710 2
86618 60559 2
77900 24336 2
44555 23077 2
96614 36554 1
1610 50695 1
66067 53577 1
79166 9773 1
87715 43166 1
69026 20130 2
54075 66033 2
67043 96806 2
15732 80313 2
35589 38604 1
88731 90085 1
65983 36604 2
144 49238 2
83354 22450 2
98887 34114 1
41621 41533 2
24490 7315 1
45124 45249 1
52756 6182 2
78381 40470 1
66199 80173 1
97417 60454 2
12664 20525 2
45801 25107 1
97198 55329 2
71247 56814 2
33286 51669 1
49232 5153 2
45410 6731 2
38553 95303 2
42261 71418 1
39783 35886 2
80200 8394 1
36397 54524 2
47929 54489 2
29362 18215 2
2039 97977 1
48080 61756 2
32647 91599 2
26615 85081 2
61410 33878 1
53159 23602 1
44308 40314 2
50937 87343 1
11807 58686 2
93879 6765 2
90646 12950 2
59840 31065 1
45762 75661 1
76805 14680 1
26913 40385 2
84015 7522 2
10626 83938 1
92374 57890 2
53962 14838 2
11147 46904 2
82546 53176 1
68399 89015 1
49318 1844 2
33178 2215 2
80295 6829 2
5813 32676 1
21546 96056 1
52000 65245 2
98968 73630 1
55213 23798 1
74092 58750 1
97859 82982 2
45112 7560 1
87580 38362 1
17376 87651 1
34983 96048 1
59740 21416 1
89254 72285 2
71035 10308 1
12625 65224 1
8827 47802 2
49042 28236 1
86098 36095 2
55111 67482 1
54824 59900 2
31620 61556 1
67034 86032 1
71950 94003 2
54425 36588 2
32512 99555 1
56681 40437 2
52586 52482 1
15074 22149 1
50669 56036 1
71283 97545 1
96032 47346 1
58266 16324 1
38062 37126 2
15245 83051 2
84822 16048 1
89684 26472 2
93834 26900 1
30604 44216 1
27184 77450 2
70597 47116 1
89700 69565 2
87493 3947 1
71988 54029 2
324 82255 2
28099 31693 1
48398 40036 1
73894 78853 2
60292 38604 2
32938 9745 1
76827 34493 2
88012 87232 2
76539 95873 2
74687 68757 1
6273 94325 1
96810 56906 2
79165 77994 1
54311 34216 2
65717 70120 2
55366 16465 2
85408 6502 2
88232 88087 2
21324 13683 2
89668 99041 1
14073 10576 2
29061 46061 1
44636 20244 1
2889 47784 1
2045 16999 2
2564 36856 1
11993 56263 2
13659 41203 1
65600 56294 2
1002 90885 2
80600 76937 2
44574 84494 1
1144 87915 2
57468 70434 1
50190 13688 2
6872 43303 2
78842 30034 2
27999 19610 1
6257 70256 1
814 99466 1
16090 59834 1
28152 37660 1
86836 78606 1
22435 42117 2
88623 36894 1
45195 54035 1
60718 78800 1
4126 92869 1
78059 72508 2
21503 14158 2
78483 43058 1
79172 35094 1
48582 85746 2
20568 54297 1
10840 55313 1
18745 7910 2
68211 6074 2
41243 75105 2
63635 89323 2
43779 2305 1
39944 26548 2
6092 38034 2
97208 91036 2
9222 99861 1
8922 87708 2
81266 72987 1
14459 4577 2
38919 86318 1
87389 69646 2
70832 43753 2
89715 55224 2
80332 43450 1
74087 46216 2
43501 66343 2
28437 5757 1
82297 81702 1
877 7847 2
58956 80739 1
500 9517 2
24564 43038 1
36803 73512 1
59924 96746 1
22727 60326 2
55809 84880 2
5183 39944 1
55752 49962 1
98018 50820 2
35846 88168 1
83958 11875 1
57230 35118 2
86842 60292 2
3399 6740 2
45821 17271 1
19404 40421 1
14180 62435 1
39530 10400 1
89320 33922 1
7909 5626 2
28982 78175 1
24947 93818 1
29325 78239 2
92223 2684 1
38051 42901 1
68616 74351 2
54721 39691 2
74815 21207 2
51906 11360 2
59373 10891 1
17304 83429 1
63466 3736 2
15687 79551 1
27047 98748 2
55272 93480 2
95653 83436 2
48392 30158 1
97052 398 2
85286 93523 2
66229 61120 1
48440 69131 2
34096 55919 2
9191 71969 1
82303 8065 2
63662 92114 1
41545 12716 1
69663 27312 1
49384 70844 1
99838 37824 2
17995 20049 2
45828 44285 1
2229 67614 2
25949 63635 1
39580 64492 2
74410 26660 1
60523 12309 1
24576 22279 1
13504 65097 1
15464 60772 2
14991 66796 2
35741 76121 2
76029 71062 2
88753 87384 1
19621 17905 2
56359 79526 1
29367 22847 1
30426 29086 2
63412 97970 2
48309 85388 1
67795 81938 1
84218 60371 1
68960 68027 1
62300 81767 2
83383 77916 2
49476 46740 1
43501 72920 1
44943 47317 2
10952 15369 1
83950 77053 2
4066 52248 1
51044 10898 2
57098 59622 2
84812 91212 2
39426 62407 2
7313 62747 2
91234 54754 2
11956 55711 2
21812 88626 2
49898 94797 2
40790 35432 2
93755 62865 2
6587 9990 1
8356 88870 2
25514 63749 2
43318 42528 2
925 21840 2
81461 48322 1
48356 4103 1
97369 23400 2
55520 64413 1
97552 26111 2
40520 22651 1
57242 2248 2
73159 2715 2
59148 94745 2
63323 65261 2
42222 8891 1
84056 1173 2
23517 63213 2
74979 14987 1
13385 55359 2
58488 793 1
46680 83640 1
36069 60705 1
86978 43473 2
67756 53973 1
2834 65272 1
91045 63197 1
54987 17966 2
89625 71893 1
12257 57609 1
53704 86475 1
58588 95443 2
66532 99013 1
6681 59465 2
98324 31162 2
59528 63612 1
40818 32948 1
90767 39476 2
31533 1780 1
52389 42152 1
24456 24846 2
85944 44871 2
31097 39880 1
40712 18994 1
63947 59520 1
79049 62655 2
77180 82051 1
50821 55384 1
6944 51671 1
9816 47610 1
28700 38482 1
9170 32855 2
10540 79488 2
98521 20276 2
75101 5505 2
62564 52043 2
13555 79208 2
10721 43722 1
65989 25437 1
19471 77267 2
4572 83644 2
25861 32154 1
29272 87060 2
97866 95978 1
24011 84649 2
16634 7328 1
91003 26995 2
45351 93870 1
73636 50141 1
46998 80410 1
91828 7782 2
73982 74716 2
53838 7427 2
79341 75491 1
17064 38651 2
5954 86001 1
67660 6794 1
96180 19131 1
42298 14143 1
21193 19786 2
90693 34653 2
60608 77916 2
92562 53950 1
92712 355 2
156 91147 1
4166 15557 1
1426 42501 1
80083 38266 1
12887 35616 1
30524 42834 1
79426 29218 2
2945 97420 2
70012 78281 2
39606 49472 1
42788 7746 2
90244 25526 2
66126 25874 2
12809 65837 1
49535 69905 1
28948 29653 2
44339 23946 2
84138 6133 2
92344 96349 1
47012 73094 1
8816 8158 2
47022 21493 2
32211 6515 1
682 40869 1
69930 26905 1
81611 51755 1
27669 63839 2
98235 28656 1
74535 73353 2
63125 43347 2
64292 71342 1
57483 4452 2
82026 77819 2
57249 29962 1
1381 31023 2
65584 15646 1
74233 50077 1
15524 73166 2
54236 94124 2
71871 37371 2
18840 9946 1
7028 42139 1
54862 15829 1
14956 19448 2
12110 32705 2
29764 53838 2
61505 88085 1
42797 99665 1
96511 4861 1
70219 68741 1
47033 65945 2
55191 95460 1
88144 98813 1
26909 68988 2
67835 92719 1
41246 18606 2
3846 57421 1
14063 40880 2
77613 22596 2
92921 53772 1
82341 730 2
37719 85247 2
26356 76484 2
61115 15259 2
98452 82128 1
25897 90533 1
32820 5277 1
92057 9911 1
4471 53278 1
121 53151 2
41746 16156 2
47818 45727 2
79026 33041 2
13535 19723 1
68436 30701 2
58625 58542 2
18892 5876 1
77517 67749 1
74911 83293 1
9331 56354 2
20872 38197 1
81593 48426 2
13815 23002 1
2807 41752 1
60781 49761 1
26169 73880 1
51105 20625 2
36640 77196 2
10750 92582 1
17953 85771 2
56355 61934 1
88740 7837 2
87361 95535 2
48070 60096 2
66881 7007 2
63191 11878 1
81532 92651 1
28349 39861 2
34080 3249 2
8176 79717 2
16178 101 1
6108 82662 1
62278 3792 1
37378 33623 2
72009 75724 2
29334 84368 2
35864 97353 2
29826 65305 2
19590 19404 2
61602 84272 2
62906 28555 2
92359 54760 1
69902 67442 1
62324 99300 1
74609 23808 2
54244 67904 2
12678 4011 1
5506 43401 1
40227 17944 1
30863 19967 1
659 57732 1
1727 92346 1
39957 88958 1
6364 35074 2
98714 59978 2
73026 66198 1
2410 703 2
21121 93638 2
46656 84298 1
70207 11385 2
19370 87625 2
27539 90760 2
81418 78257 2
92363 89953 2
44759 36745 1
92423 87621 2
22045 59341 2
93563 32330 1
66584 52299 1
62129 19513 2
40989 68937 1
55077 85201 1
68530 13661 2
42823 65250 1
54193 80723 2
98077 18803 2
54377 55020 2
38526 61310 1
99229 11225 1
85975 28590 1
64451 227 2
66250 98855 1
89189 17415 2
31051 16735 1
23620 89042 1
79265 61949 1
71696 62569 1
54251 42625 1
54385 89828 2
53624 21916 2
8097 95598 1
6253 82963 2
6640 98887 1
15812 65952 2
42591 37570 1
99111 55345 1
54981 43239 2
99193 70695 1
47821 46386 2
49645 87129 1
37430 92338 1
36205 23822 2
78130 49579 1
37492 78662 1
98375 23797 2
22804 39922 2
62193 378 2
79282 696 1
42366 99580 2
5637 92880 2
10800 88524 2
4762 83529 1
32863 39252 1
38291 83653 1
66869 94799 2
47523 86680 2
1552 74187 1
55028 15181 1
98435 88206 1
45761 65089 1
76853 65678 1
31324 95590 2
24672 32055 2
5289 97314 1
7315 45417 1
66721 77901 2
35249 34712 1
93680 63446 2
42224 45130 2
72600 33087 1
35323 59389 2
33196 33245 2
31281 98718 1
80981 74201 2
65283 27346 1
41201 14449 1
48953 12241 1
99503 28727 1
93198 93478 2
99060 11473 1
23600 12113 2
63993 90615 1
16289 92485 1
27274 88633 2
78328 4586 1
74472 11383 2
30241 52348 2
11208 26726 2
28889 64074 2
5011 77746 1
49011 63992 1
60228 89494 1
96629 96541 1
52525 23909 2
63547 40038 1
28978 16133 2
94419 73617 1
9452 72207 1
38272 38291 1
23975 64273 2
27800 73011 2
26564 10060 2
72710 30764 1
90360 42645 1
64776 5903 1
64555 45944 1
12561 2398 2
80090 27025 2
99817 38162 2
34806 37361 2
47624 43831 1
6147 70399 2
83903 82955 1
826 96948 2
17295 5474 2
44519 96094 2
43439 46149 1
40331 90526 1
68906 2190 2
96507 32970 2
50335 18893 1
8479 74187 2
55104 26342 1
76756 92800 2
10195 54289 1
94091 63578 2
2420 10681 1
72871 49854 1
97585 40446 2
58723 95334 1
72652 51283 1
78250 33024 2
46941 25120 2
97469 6669 1
40046 1440 1
94097 94851 1
63069 72228 1
81550 31948 1
25277 30223 1
69649 85445 2
67893 73369 1
65482 66080 2
40543 16012 2
73343 23074 1
37194 79338 2
43464 57829 2
8153 57924 2
62513 76023 1
9314 27044 2
18843 22426 1
91344 23269 1
83610 43010 1
65474 6069 1
62424 12826 1
75689 24506 2
97585 83871 2
27086 55178 1
25045 60963 2
52489 31089 1
17450 79596 2
1451 13551 2
46759 68722 2
44885 19512 1
16858 92836 2
72735 68658 1
55875 88900 1
56626 39354 2
11831 3302 1
97934 33535 2
59550 52757 1
68133 34598 2
68148 8943 2
52222 78084 2
33804 75716 2
49395 75751 1
74632 64186 1
93491 57422 1
5635 42252 2
34049 876 1
57095 11622 2
77779 6345 2
50903 88491 1
28980 75105 2
72743 81232 1
69154 79971 1
6910 60670 1
24752 92562 2
87227 18259 1
96261 56584 2
62733 59713 2
15644 34574 2
57242 19630 1
70530 72582 1
64313 21395 1
51035 52577 2
1752 74557 1
43038 64105 1
73078 76943 1
64084 55096 1
12842 71518 2
33053 47583 2
29594 75540 1
77803 34593 2
41157 63181 1
98308 8245 1
90746 38781 1
74404 81543 2
29438 74983 1
44985 88183 2
71594 34727 1
75077 29752 2
81707 87882 2
96768 98963 2
45153 64433 1
36468 3042 1
15488 39538 1
50047 16085 2
690 51030 1
36020 65616 1
39026 38524 2
10170 81163 1
50 43349 2
1771 45233 1
11990 85830 1
82199 35393 2
96567 91497 2
99327 18160 2
35234 10572 2
31290 89381 1
36598 51472 1
22899 39868 2
24809 69739 2
81192 66756 2
75172 29255 1
83629 44545 1
62050 34785 2
40007 9642 2
5653 64266 1
86706 63660 2
57441 23722 2
1884 83237 1
34719 65048 1
73159 63914 1
61916 39459 1
9963 27777 2
22775 95724 2
31697 34440 2
20518 30921 2
3065 61260 1
11570 76004 2
92181 75443 1
67958 4538 1
21516 94131 1
63652 43997 1
79704 15896 2
7552 78930 1
40776 28162 2
11843 67956 1
82847 71460 1
87193 32015 2
63827 36038 2
80259 83942 1
52942 65060 2
85398 27021 2
22065 48046 1
66619 7151 1
75596 8774 2
87885 68649 1
30631 33733 2
94974 33069 2
88349 81173 2
74610 83841 2
10107 63448 1
66657 2269 2
9478 27328 1
15802 9521 2
23250 83893 1
88795 99388 1
8523 58387 1
88154 80438 2
24528 84905 1
44031 62727 2
23667 78586 2
75687 66509 2
22330 100000 2
42531 74970 1
30625 79876 2
11639 56212 2
81430 79271 1
92379 532 1
81724 10717 2
17213 18151 2
39625 95597 1
59805 11120 2
40391 36274 1
27728 70052 1
54070 60029 1
36350 15436 1
70025 16688 2
63140 33959 1
81605 94500 2
73683 96709 1
67045 71652 2
39343 95469 1
41720 71344 2
97520 78392 1
56929 90299 2
39268 80051 1
18422 74446 2
87435 96897 1
53922 66499 2
6234 1623 1
86756 44906 2
64345 46943 1
67726 14727 1
23909 26261 2
38438 30258 2
82703 65421 1
12264 2549 1
17562 28715 1
7106 49170 1
39265 5001 1
91382 72859 1
33967 69237 2
18683 56280 1
549 70512 2
60701 13316 2
36695 56848 2
65817 10576 2
25007 67806 1
11746 37503 1
82889 44089 2
52351 21544 1
94421 27090 2
48618 1560 2
60409 98190 2
63858 15693 1
1516 33415 2
7834 36348 1
52508 55819 2
68024 93803 2
92329 87995 2
60727 42872 2
4551 45710 2
67829 54512 1
53728 66827 1
87621 65273 1
13744 56978 2
45423 21193 2
29575 77012 1
28363 20812 2
66187 58838 2
50282 31425 2
50899 64691 1
53645 32670 2
93293 50775 2
27051 48936 1
14361 10020 2
16880 13948 1
2123 72081 2
43032 15465 2
51405 78726 2
41688 61427 1
6010 24897 1
15830 84786 2
67717 35476 2
78220 31089 1
37968 75684 2
18601 93775 1
77845 92140 2
34895 56897 2
92481 28344 1
34710 15982 2
23892 54122 1
78024 31122 2
90978 12633 1
74019 73787 2
81684 79117 1
890 92975 2
70824 52196 2
17684 13316 2
23981 13424 1
36140 71015 2
95624 64183 2
1231 72566 2
55507 17138 1
37953 31302 2
23928 37070 1
5880 50941 2
31482 686 1
57183 84536 1
45772 487 1
13685 7015 1
71127 25090 2
30252 84108 1
44441 28957 2
1130 76480 1
4353 68747 1
8875 71566 1
7828 58063 1
37053 55414 2
27659 13541 2
32706 80875 2
13843 54586 2
7058 97046 1
95083 55087 1
23350 75953 2
14409 3641 1
96014 80268 2
30006 8484 1
86252 48907 1
46989 90699 2
759 19333 1
20896 31202 2
28841 12743 2
44275 63533 1
19249 65584 1
77695 51302 2
61106 68114 1
53808 72890 2
60098 60087 1
80072 44300 2
30412 80730 2
34778 12337 1
10990 49738 2
98095 51955 1
28828 15114 1
53924 46959 1
10235 61460 1
39370 99446 1
3495 9233 2
36133 94895 1
72717 61346 1
80910 77428 2
23698 69403 2
99537 4432 2
63370 48610 2
272 6408 1
42145 69237 2
74974 20399 2
42870 20705 1
10948 72175 1
25499 37451 1
90239 86855 2
91191 95595 2
48992 70216 2
33348 61484 1
37803 89751 1
92529 96238 2
39768 39919 2
35936 38244 1
55030 18524 2
72329 60119 2
47107 27520 1
46870 5792 1
79029 69009 1
92069 71122 2
33300 47449 2
98441 26446 2
21693 80725 2
61961 63468 2
60801 77047 1
52352 55481 1
99171 66597 2
41115 211 2
15070 90711 2
57886 91183 2
78589 87228 1
85599 86196 2
58689 64086 2
45482 29726 1
42207 27993 2
77819 93467 2
46239 60592 2
24743 6417 1
6558 19416 2
95603 1398 2
1933 5732 1
22203 42263 2
82319 2519 2
49389 42802 2
23551 43181 1
36843 22171 1
31208 85362 1
12237 32443 2
10891 71625 2
94173 56684 1
53821 5062 2
24985 75550 2
28518 19572 1
63156 40054 1
29474 11505 2
75061 21482 2
17444 36909 1
49558 58182 1
45743 60847 1
15334 16649 1
9947 12048 2
50184 95593 1
24022 40477 1
51666 79467 2
35456 61689 1
40207 21388 1
28941 15673 1
78141 59067 2
32295 28838 1
2256 3900 1
76362 13214 2
62189 93446 1
8166 96436 2
91600 10022 2
56641 75148 2
41542 50874 1
16146 82304 2
55635 17047 2
87431 9309 1
51950 46404 2
27072 70406 2
91200 55228 2
12369 27344 1
37257 74928 2
18436 36517 2
31163 22851 1
70645 40289 1
13117 23084 1
27732 28856 1
43081 38839 2
80903 90990 2
69422 31140 1
69253 11613 1
55950 24007 1
9564 97971 2
2497 20614 1
53835 26865 1
1649 78271 2
6089 58509 2
91548 88511 1
54620 79185 2
79286 75979 1
97411 86489 2
77220 6747 2
4813 5145 1
63553 79066 1
49920 85557 2
59357 54728 2
33395 5928 2
63833 22488 1
86963 28702 1
92812 22226 2
5218 79417 2
20929 32722 1
22099 5583 1
83607 44359 1
59632 96842 2
41951 67605 2
11348 551 1
49282 73075 1
7922 85304 1
78681 31342 1
84140 72450 2
51091 4580 2
87708 21823 1
84114 30730 2
8910 85278 2
9998 42279 1
32324 54526 1
8112 67447 2
76529 26358 1
49560 712 1
63967 75312 2
5496 94656 1
51369 98378 2
72887 97845 1
59617 38324 1
55376 53843 2
7403 90804 1
62160 28090 1
77120 74885 2
9563 13118 2
93613 99315 1
61895 7333 2
67409 39104 1
62079 69068 2
69186 53763 2
54593 30083 2
29993 26148 2
45793 13484 2
85345 50881 1
9124 84544 2
78524 70253 1
51814 53162 1
90270 35467 2
11476 51498 1
93408 70487 2
5427 22835 2
26350 70845 1
61815 54573 2
37578 35104 1
36812 37908 2
64359 24725 2
63057 4375 2
94126 51813 1
45848 99194 2
10236 16655 2
65032 86164 2
87394 44643 1
88475 32850 2
37412 9000 2
26752 59538 2
64667 79415 2
38810 90313 2
16147 19165 2
31743 83101 1
56013 10013 2
34393 56972 1
85406 71148 2
47977 44868 1
46094 19827 1
62655 39400 1
77435 83793 1
24963 18705 2
66003 18102 2
16432 85867 2
61277 38537 1
50419 48692 1
97521 61539 2
89776 11360 2
48187 71730 1
79038 26679 2
65308 78007 2
92550 14870 2
13769 21288 2
12711 9706 2
32810 45999 1
17525 80408 2
53340 87913 2
71382 48696 2
62128 86503 2
87140 12789 1
63722 9904 1
56205 30158 2
72354 94077 2
73238 81625 2
75398 70716 1
6324 49147 2
61078 78895 1
60945 3248 2
20359 85674 1
12269 95017 2
17313 10807 2
81146 49801 1
4513 44437 1
10079 22856 1
62328 84373 1
18359 23632 2
54761 70204 1
73487 12899 1
14351 56421 1
32011 70066 1
98517 38908 1
4193 84935 2
15356 3395 1
31772 60029 2
77496 18929 1
38170 92066 2
80659 55789 2
81007 46204 2
66441 81272 1
81984 43777 1
3947 3201 1
63305 74109 2
73596 22542 1
49336 42608 2
96375 1977 2
34831 77933 1
8262 68209 2
25638 80349 2
5804 64437 1
52742 55034 2
42781 46589 2
76175 6420 1
31617 53521 2
1907 71407 1
11445 53199 2
62777 44131 2
55433 25897 2
68155 61307 1
57954 2213 1
56328 99031 1
48858 51035 1
57346 45962 2
75899 85851 2
52193 14300 2
15144 12516 2
75567 39369 2
8533 82798 1
70250 4223 1
88073 12577 2
23878 62756 2
82915 87324 2
23944 37679 2
78930 27055 1
4780 24874 2
67484 67009 2
25183 16343 1
59768 94826 1
75333 68423 1
47092 1370 1
48436 62756 2
51631 90833 2
59832 95976 2
67232 45701 1
18221 484 1
76013 41375 1
41128 32379 1
34389 65629 1
2607 39492 1
3111 94642 2
23836 43723 1
85481 84834 1
83326 34192 1
54706 74695 2
84375 26182 1
39951 28686 2
23871 41301 1
58018 96666 2
1823 48282 2
29118 25088 2
35800 38114 2
39757 73866 1
52058 16658 2
76394 29685 2
38861 84738 2
93255 65330 1
69067 13341 1
34088 52072 2
40707 95714 2
82214 37840 2
88984 39750 2
27630 42072 2
23040 43984 1
4127 513 2
8870 59996 2
16080 64865 1
89193 38713 2
39367 2626 2
50299 24459 1
89667 88417 1
12418 5161 2
94291 23024 1
17626 93792 1
84060 56372 1
62480 75246 2
99479 97895 2
93833 26055 2
4528 73559 1
93017 73492 2
92904 13989 1
16749 61807 1
88788 59688 1
10690 63177 2
51677 96136 2
6155 44357 2
8414 49763 1
32046 10682 2
73929 14635 2
519 39668 2
34498 44421 2
34341 65619 2
21218 41419 1
7528 4938 2
5845 80331 2
3849 79137 2
88605 2983 1
20978 12340 2
53357 29939 2
62689 55379 1
75566 46362 2
57706 42272 2
61821 56346 1
59442 94163 2
2507 54371 2
19765 22873 1
16476 66299 2
40960 78769 1
84905 50173 1
98231 37070 1
99006 60181 2
1393 30616 1
74940 14662 1
80535 41386 2
5016 30596 1
1993 8373 2
94138 30714 1
82168 59164 1
86463 76934 1
11981 91575 1
92408 48504 1
93345 25232 2
36201 21815 1
35 54856 2
59466 39291 1
64405 91059 2
67593 43412 2
33903 72536 2
10215 96770 1
38107 90930 2
46198 70714 1
14999 71281 2
92930 6056 2
56822 85338 1
49221 72455 1
38687 6851 1
64208 85930 2
99469 2392 1
59657 31415 2
54029 97945 2
6247 98951 2
83747 58201 2
59192 45800 2
79813 57985 1
10685 98235 1
85502 79818 2
4616 71158 2
69613 43783 2
95364 34626 2
71491 5273 1
25965 93054 1
4937 26040 2
91284 24090 1
6871 56657 1
76252 6237 1
91870 44771 1
21280 61536 1
48704 30849 2
88715 51121 1
73298 84467 2
75358 23377 1
54529 82132 2
83565 7414 1
42410 85365 2
84834 85162 1
67264 64665 2
24153 28106 2
49033 7095 1
28450 3655 1
95746 59612 2
15683 64104 1
28311 34150 1
48883 32423 1
34155 16298 1
89152 54032 1
91702 14702 2
40906 90437 2
63394 26927 2
55334 82364 2
88590 85309 1
72923 63071 2
39435 17626 2
25352 21163 1
22401 10015 2
27741 11666 1
9483 31480 2
71645 30297 2
54614 52034 2
72802 36122 1
64071 67796 2
3481 45891 1
50930 39667 2
40034 42198 1
23747 24124 1
91185 38215 2
20281 57118 2
27088 9729 2
91430 32189 2
6011 62209 1
30001 99569 1
16834 23321 2
92148 869 1
16874 88623 1
45437 81528 2
13644 12699 2
73425 38623 1
6965 44492 2
72933 73633 2
22821 92548 1
54852 6713 1
69424 83959 2
46156 31288 1
4768 92720 2
14576 83905 2
22224 48621 1
45847 46027 2
94738 63710 1
25403 50403 2
78155 5513 1
17932 59207 1
91570 69897 2
20491 17900 1
93460 66571 2
42639 41080 2
8947 88399 2
547 58632 1
98274 49933 2
93318 85740 1
58827 62093 1
53705 49542 2
37449 56942 1
65813 95119 2
91950 14368 2
65283 86002 2
23710 95594 2
28705 96303 2
84882 91941 1
65300 5945 1
1431 10558 2
6736 72601 1
94764 88472 2
97410 46632 2
32391 30728 1
83079 27321 1
69713 8375 1
35922 70733 2
67621 15812 2
37802 42364 1
65653 86591 2
17801 40275 2
27333 22767 2
11646 98064 1
23054 53357 1
10380 83816 1
84093 2151 2
54313 13090 1
85201 96222 2
8416 22394 2
54208 70792 2
30863 79455 2
92178 64302 1
70730 79508 2
4069 50639 1
15958 43603 2
48295 69532 1
79982 71589 1
32607 9754 1
88194 68779 2
61477 42275 2
76307 42649 2
39846 93605 2
59769 97877 1
29665 56673 2
12381 53532 1
17388 66445 2
34367 40862 2
81295 64243 2
13873 57693 2
94087 48496 2
22681 86578 2
74789 91286 2
99475 82824 2
12781 91274 2
65229 90399 2
42648 25158 1
69546 82026 2
93682 22072 2
48256 46097 2
87132 37249 2
52282 39568 2
7691 88440 1
32310 32630 1
82759 68709 1
72647 11687 2
70157 12710 2
90868 61275 2
46126 69357 1
10775 27933 2
30734 2847 2
64320 80204 1
32069 20694 1
46576 9149 1
73089 42625 1
67422 62423 2
80642 85759 1
98133 96213 2
20157 92168 2
15220 55912 2
55034 48836 1
47533 85843 1
15318 78513 1
65318 52621 1
25698 20449 1
31803 61826 2
99170 23897 2
93210 77459 1
4654 45140 1
96389 44689 1
2388 15038 1
17396 91206 1
80276 58042 1
75536 39820 2
90179 83645 1
81433 1875 1
72041 79216 1
54049 86656 2
80003 34065 1
99503 6728 1
57601 34802 1
70717 40537 1
45545 74201 2
4315 28978 2
33106 80063 2
62537 48902 1
67594 11601 1
9761 74078 2
98001 39538 1
28874 2003 2
28444 22231 2
92390 96792 1
14162 83529 2
52965 21198 1
72082 48711 2
65968 40141 1
91788 88193 2
45279 22658 2
65955 72190 1
55331 68299 2
23186 64503 1
48797 54205 2
42595 36122 2
56645 32927 1
47865 32200 1
6820 45612 1
79912 16951 2
18714 48949 2
54071 28240 1
90745 4605 1
26341 34898 1
2343 94651 2
97569 67565 1
73120 20635 1
10001 28488 2
15634 19677 1
6892 57660 1
36960 72693 1
27456 77367 2
3296 3945 2
66861 42330 2
89533 39318 2
96263 21179 2
89749 85548 2
58776 3300 1
64827 32397 1
69851 54610 2
50198 35282 2
13442 24727 1
9537 55398 1
57458 32664 2
85609 8553 2
17922 26255 2
99986 33902 1
78304 2858 1
23315 85373 2
88587 85546 2
2453 46482 1
64537 21317 1
79991 85500 2
18227 32549 1
70061 9631 1
74357 34311 1
81661 12978 1
26063 23645 1
76064 8930 1
49542 32108 1
50951 8173 2
63571 55919 1
82996 54984 2
4099 16562 1
58716 94874 1
64821 87927 1
46572 57502 1
44511 65045 1
47201 53285 2
20106 74196 2
33806 61522 2
93745 49170 1
45370 65116 2
92966 48833 1
50111 56815 2
81741 49126 2
78829 26891 1
93503 53916 1
2148 7716 2
57513 67887 1
39837 2624 1
62506 3746 2
42402 52284 1
13496 80105 2
73906 56008 2
10812 25071 1
96094 84582 2
89873 39410 1
76943 1903 1
63785 75810 1
12381 36814 2
99464 58790 1
53593 49986 2
59431 23414 1
87588 44289 2
66770 18370 2
56278 16976 2
1483 63433 1
60728 69387 1
54309 5699 2
26250 70147 1
22345 82424 1
63006 33915 2
96052 81223 1
25531 27627 1
58839 60896 2
77243 64701 2
67702 3274 2
62061 50675 1
55434 21694 2
30387 30047 1
127 53033 2
5253 87368 1
13014 93422 2
77997 33036 1
4868 802 2
76105 51001 2
98226 35087 1
97325 11314 1
30651 47249 2
4094 74960 2
91376 95676 1
69143 64702 2
62423 24628 2
14568 4988 1
53768 71923 2
38642 25310 2
34511 98758 1
50572 51530 1
17869 51601 2
89025 21789 1
62327 85639 1
65680 40967 1
18005 2258 2
51179 18986 2
772 78897 1
25880 46143 2
54197 85909 2
97907 51057 2
39756 3 1
56810 38239 2
15553 54933 2
1920 34654 2
62786 1529 2
43082 83862 2
70031 62352 1
11253 46304 1
14621 68432 1
85886 28526 2
64884 45955 1
76472 75939 1
61329 75686 1
98826 63447 1
40325 77003 2
53742 14868 1
53395 80567 2
31636 85916 2
90966 18244 2
34748 20416 1
57049 93504 2
8096 93386 1
65277 62093 1
98856 13204 1
95350 61279 1
64275 61327 1
98126 26337 1
52341 2206 1
68673 42096 2
20755 64728 2
50272 71774 2
48809 56425 1
69806 95440 1
46756 72785 2
32678 56801 2
90153 73955 1
83123 6429 2
59692 98696 2
25077 47879 1
16122 81946 1
80099 31955 1
69967 23593 2
740 54508 2
71456 66905 2
53237 87631 1
49651 83842 1
58022 89646 1
7970 16015 1
67581 11503 1
87292 96160 1
67217 12619 2
41988 29480 2
31088 59983 1
70096 63791 1
23609 91806 1
13259 72432 1
33443 91500 2
26643 37404 1
36693 69509 2
6332 71446 2
41867 27812 1
30539 4502 2
77560 40828 2
83419 19174 2
43262 14003 2
77884 11144 1
90903 88706 1
95887 237 1
53488 3094 1
43243 64447 2
96489 72914 1
95515 48280 2
9526 59179 2
6046 89897 1
98657 2698 2
54342 62676 2
12581 30254 1
67737 60083 1
62580 42727 1
77491 54863 1
75091 31452 1
62850 84905 1
64377 48230 1
48105 1876 2
15795 24659 2
50973 66296 2
68483 90724 2
69995 12209 2
48700 98927 1
75248 38255 1
74216 18589 1
86527 82356 1
77506 31661 1
3423 57145 2
26044 41648 1
75499 14952 1
7387 8587 2
14320 41731 2
7126 29304 2
88978 55068 1
69146 91941 1
50183 65179 1
68553 37875 2
21466 48028 1
4278 64376 2
17514 75758 1
90698 70238 1
29576 32405 2
6339 4385 1
605 840 1
26576 2645 1
84545 10867 1
32502 69566 2
33829 57495 1
24238 93015 1
77930 54181 1
35460 85964 1
52744 46631 1
97914 36831 1
2760 69047 2
96931 31046 1
73002 79558 1
17544 22027 1
22272 66999 1
40582 61451 1
15697 8513 1
85262 24920 2
17495 84624 2
74180 31287 1
12929 14788 1
39777 22211 1
24146 5520 1
97681 98216 1
88512 4412 2
9846 33960 2
20118 5700 2
44355 97786 2
68626 49624 2
83489 74886 2
65640 12506 2
75309 17514 1
22237 41250 2
25080 79736 2
10668 42013 2
92678 42453 2
97829 35690 1
34960 99164 1
11785 21212 2
39426 20025 1
98031 8187 2
95805 80207 2
91747 99426 1
81942 54035 1
14081 26178 2
25493 50062 2
18238 9630 1
18871 68830 1
72032 56333 2
20877 17237 2
76769 7772 2
29819 40473 1
14544 68585 1
59706 76611 1
17615 6153 1
74070 90016 2
59126 30082 2
40176 71187 1
65007 26130 1
10493 16337 2
33816 198 2
66533 84003 1
43556 96932 1
9733 25607 1
68122 60066 2
19405 31312 1
73876 67756 2
62819 35458 2
53858 86562 1
24799 21143 2
95077 65207 1
93389 7196 1
25076 8915 2
50510 50644 2
77722 9234 2
19254 48628 2
7989 18628 1
36079 72485 1
13337 63851 1
39765 84486 2
47371 87327 2
64089 2408 2
97223 92813 2
29567 58672 1
3579 51700 2
95935 19864 1
24553 66439 1
96167 18605 2
43017 52238 1
2583 12082 1
36 54948 1
50723 71805 1
81114 50202 2
1077 99861 1
10845 64563 2
34921 33946 2
35380 13670 2
34608 60605 1
50553 31168 2
31693 19587 2
31131 95583 1
50427 45606 2
70877 37431 2
22724 2228 2
15989 67377 1
78443 54862 2
74446 46727 2
80516 7178 2
78502 17226 1
60663 20306 1
79665 19868 1
74816 29539 2
56020 13430 1
2386 62543 2
75403 83587 2
83023 73563 1
44259 96899 2
73457 96610 1
1920 77770 1
12773 52112 1
9913 56798 2
14219 10503 1
10295 64540 1
59383 4637 1
34298 62963 2
87219 66716 2
26644 59879 1
15643 20578 1
5899 76080 2
37951 50079 2
14267 41624 1
34468 70073 1
71250 67553 2
93508 56298 1
91571 12733 1
21897 70817 1
88532 18804 2
47542 98301 2
60607 69793 1
66686 53718 2
48660 14933 1
21579 39860 1
69126 43955 1
48056 74773 1
59482 47954 1
6775 12715 2
63211 35295 2
4045 81532 2
25896 43576 1
58833 54081 1
86068 8689 2
10448 45159 2
40870 86067 2
86956 5617 2
31399 47384 1
26648 43603 1
88854 87537 1
49534 39641 2
36071 79680 2
45689 11070 1
1471 82014 1
53851 77941 1
27386 42070 1
59528 38052 1
19014 84008 2
1177 1956 1
62629 46567 1
94395 83970 2
51247 21147 2
11661 82337 1
66157 69728 1
47718 89398 2
66751 67174 1
84268 267 2
20888 80303 2
66621 14204 2
2140 63571 2
96618 41821 2
40073 45279 1
70295 69746 1
63179 43377 1
34077 99445 1
14214 60030 2
54697 10547 1
15312 99533 1
92218 94767 2
54515 32666 1
94694 47454 1
528 18964 1
24437 86858 1
58999 79294 2
31845 43024 1
74225 45394 1
89765 31041 1
30966 21433 1
49242 13028 1
72439 32116 1
98140 19442 1
77653 74423 1
25114 18457 1
85383 43464 1
26866 55002 2
7353 9572 2
80730 43212 2
50087 82907 1
79226 59990 2
80582 30191 1
59343 42680 2
61020 54841 1
79146 84099 1
91075 6660 1
21167 63644 2
77930 48848 1
53207 35934 2
12436 98928 2
62190 2677 2
49142 13164 2
27541 20835 1
65405 21376 2
33313 16318 2
45574 97691 2
94202 74672 1
67653 7681 1
24125 48150 1
91071 39050 2
74779 47074 2
24623 45025 2
34360 72249 1
56965 34117 2
56236 21110 2
87138 41803 1
71109 901 1
77725 88026 1
16804 55081 2
73089 1549 1
70107 69750 2
83404 84885 2
60213 91863 2
52594 1845 1
44398 26761 2
74297 63876 1
17527 14462 2
74938 90734 1
36628 67100 2
71430 78004 1
74365 74651 2
89343 28135 2
58432 13259 1
95034 96145 1
61373 55659 2
52836 66988 1
49737 45811 2
11194 61864 1
89996 65067 2
73103 30666 1
34499 61778 2
75914 25511 2
37278 84216 1
15205 70573 1
64099 10628 1
40463 59195 1
80841 14158 2
71883 15556 2
734 67174 1
50351 31665 1
46274 7436 2
12102 37691 1
26890 16949 2
64143 65012 2
26206 2605 1
12411 93375 1
41818 20143 2
20370 38548 2
65265 46095 1
91055 30078 2
36645 64913 1
33760 5244 2
12593 37998 2
74183 49507 2
23903 94614 1
75419 96538 1
27218 38857 2
15880 45948 2
65598 28029 1
4330 61082 1
1707 49403 1
82838 69815 1
62229 50722 2
37202 93066 1
34863 39299 1
32600 78623 1
13115 81443 1
50007 87510 1
58131 67036 1
17202 68867 1
24260 6332 2
24831 12108 2
91182 38180 2
30664 41742 2
91429 42218 1
70030 92601 2
72435 71639 1
13761 32079 2
64787 7914 2
91529 65865 2
63576 32948 2
4512 11346 1
65316 84474 1
30134 61482 2
79505 87542 1
24300 74532 1
97260 49718 1
6009 68680 1
55604 88828 2
40552 95794 2
14848 31580 2
31544 21233 2
30710 12929 1
57947 10153 2
53973 50920 1
91063 52497 2
32012 24451 1
86920 76438 1
97792 72759 2
26204 4502 1
41098 3806 1
84117 34182 1
69495 52710 2
57099 10381 1
59302 17841 2
26664 10726 1
15085 41395 2
54634 90530 1
33301 84951 1
34052 98756 2
7161 83354 2
24093 69507 1
22283 41262 2
84207 59723 1
33232 94329 2
27433 64924 1
27167 44083 2
32430 41322 1
79877 76844 2
72692 45883 2
5251 14147 2
36038 42540 1
98575 90288 2
45635 43277 2
94959 69819 2
11516 10912 2
31809 28002 2
16441 81662 1
88950 26487 2
86357 56210 2
36338 60032 1
64702 99515 2
86798 55830 1
81846 75918 2
94294 57446 1
99764 6323 2
66700 723 2
32452 61027 1
15043 61106 1
74531 19312 1
17732 45772 2
55588 38077 1
4748 48383 2
9101 67234 1
57068 55294 1
30554 7689 1
12168 15564 1
16633 60916 1
70041 41605 1
92397 31765 1
90507 52438 1
46700 74451 2
15295 48608 1
85249 97420 2
68586 48793 1
6762 20237 1
17845 60938 2
2682 5276 2
28347 3026 1
69721 35855 2
45774 78433 1
70015 72882 2
94929 60606 1
52956 34565 1
31967 61794 2
4948 7452 2
61379 27451 1
33755 19389 2
1598 49546 2
39709 933 1
34245 1637 1
14873 32452 2
97088 41142 1
64512 23580 2
41900 83737 2
9627 3174 2
37498 63170 2
33219 41869 2
68942 27541 2
99847 90704 1
28064 92332 2
15081 45956 1
90782 37397 1
8385 7184 2
34729 64113 2
39833 59856 2
22099 54871 1
85807 50963 2
58823 7790 2
58678 98845 2
80161 28182 1
9045 25254 1
83890 39712 2
79430 40344 2
74686 2961 1
80920 14996 2
38781 45476 1
22670 61774 1
19485 44773 2
39134 19565 2
47838 5238 2
77043 22092 1
18517 8877 1
19788 2108 1
49034 29108 2
62842 33984 2
78585 35784 2
45926 84271 1
25781 63963 2
17736 80469 1
69953 19155 2
5745 46418 2
56725 61096 1
80706 77593 2
74079 15881 2
3059 85779 1
19999 82072 2
38029 93626 2
4777 80841 2
6576 16062 1
81863 94600 1
42958 96803 1
75989 2128 2
16910 89185 2
39459 65780 2
87626 66147 2
15415 4057 1
11857 97961 2
61960 87258 2
48966 91622 2
31300 83267 2
52671 33570 1
97931 27639 1
17830 14776 1
86897 89099 2
8892 53817 1
48832 6472 2
72529 54664 1
25779 86156 2
37325 17853 2
40477 25578 1
39179 64194 2
30720 46181 2
79832 83480 2
36310 71993 2
83736 38131 2
82732 30515 2
41666 57978 1
84322 24116 1
20479 12808 1
65004 3761 2
85647 49902 2
1748 84438 2
43587 95758 2
11541 86110 1
97604 82081 1
51202 79805 1
46827 54707 2
99453 29911 1
29671 35650 1
37632 70278 1
63034 38082 2
37976 62711 1
35036 64283 1
35844 7853 2
12663 19465 1
6330 45885 2
55273 84828 2
90915 99377 2
51429 8438 1
31322 1125 2
2130 82671 1
72946 22221 2
99466 99860 2
72589 26989 1
33117 11524 1
26885 30751 1
47340 20818 1
22758 29713 1
19598 60518 1
69906 50532 1
58094 50940 2
83164 18158 2
72138 71939 2
95245 28729 2
9462 82942 2
76483 57922 2
93975 42631 2
70061 12827 1
17129 62439 2
45008 34569 2
23354 76768 2
29637 6406 2
16780 8419 1
33016 47744 2
97559 6010 1
29099 45592 1
45572 61567 1
12817 58437 1
6035 32067 2
42195 79438 1
88310 26760 1
37582 99347 2
54900 18087 1
51059 44869 2
77511 41068 2
78886 65834 1
28606 99797 2
24288 86778 1
80572 57174 2
77134 75300 2
25879 63703 2
81807 83946 2
59353 8980 1
14009 37024 1
74467 476 1
40628 23249 1
66277 45620 2
85437 1146 2
33799 55377 1
88325 61805 2
17988 99617 2
65552 80016 2
15401 52707 2
90807 41019 1
81979 42954 1
87622 2526 2
12366 9854 2
47646 71928 1
14862 54778 2
22580 13761 2
79898 2383 1
48112 92705 1
50020 52544 2
98832 68534 1
74194 8900 2
15778 59539 2
79232 69256 2
15149 31163 1
61180 23466 1
54825 40394 2
43913 20735 1
22786 62573 1
50621 90445 2
63161 51140 1
88162 98386 1
77411 97543 2
10360 84955 2
47912 98558 2
12082 47982 2
85925 29800 2
55061 54625 1
37162 55861 1
74460 88736 1
81533 41900 1
60054 82955 1
6038 55494 2
76102 34485 2
76033 23889 2
9986 40582 1
73535 88109 1
82165 36986 1
7141 77810 2
3262 52257 1
29051 35529 1
12591 45405 1
92414 81583 1
26350 46950 2
79742 33429 2
15543 15977 2
51073 23746 1
62615 63749 1
88318 98671 2
57267 35149 2
92035 48554 1
47327 9065 1
39984 47956 1
32776 80948 1
44538 1955 2
52139 63359 1
67561 95073 2
46331 301 2
18297 25258 2
32319 34421 1
38045 94706 1
57201 86788 2
90711 43229 2
90464 95320 2
75874 27781 2
80175 10309 2
49257 52728 2
37716 948 1
29644 92248 2
70842 30687 2
14082 94585 2
69439 32375 2
81490 6214 1
98006 43806 1
75289 90396 1
3335 46925 1
97223 88076 1
63306 59631 1
16833 36062 1
59696 28292 2
34529 2505 2
18618 88479 1
59953 12892 1
10879 7881 1
97748 34616 2
1355 63260 1
7646 98932 2
51194 61640 2
20182 35928 2
10593 2161 1
71899 56322 1
41446 91631 1
45116 67204 1
40195 2796 2
17311 91299 2
60359 82954 2
90235 68538 2
78772 55035 2
67197 19605 2
6946 70983 2
32999 44215 2
26939 39561 1
59148 38740 1
21757 92882 1
87446 99799 1
5691 23813 1
21441 73374 1
33852 49561 1
18781 11545 1
84539 19771 2
9903 65038 2
49765 82505 2
31632 70328 1
80670 37911 2
99181 95171 1
24316 94638 2
62117 11026 1
46442 62472 1
81390 60538 2
85159 68310 1
26193 73124 1
59365 79866 1
3945 67758 2
59370 43085 1
58792 87915 2
69682 35386 2
34515 16671 2
25643 52705 2
85121 11171 1
65591 20949 1
65599 76391 1
63982 1342 2
43919 10699 2
76217 76024 1
65924 51173 2
96952 81458 1
56263 23390 1
40381 53681 2
78422 39637 1
79279 49194 2
99743 66746 1
69800 19787 1
18122 85620 1
94391 45746 2
72492 8956 1
32063 18388 2
10549 80384 1
78422 72440 2
29731 15489 1
27271 43866 2
37228 67541 1
7920 14952 1
11705 68901 2
72101 38568 1
97413 12112 2
21803 56912 1
21794 15495 1
97534 26253 2
32532 84015 1
28619 2397 1
31476 60674 2
7639 20597 2
72494 40526 1
94102 92091 2
55267 26868 1
36884 71212 2
4424 75562 2
34512 19256 1
64325 77530 2
46844 32193 1
4600 47201 1
34111 61184 1
92303 36720 1
74963 62144 1
5713 85807 2
69927 41185 1
41526 60117 2
94429 22166 1
11946 16401 2
89197 33095 1
24206 79204 1
37473 90000 1
36727 30661 2
10583 24576 1
96045 21083 2
93922 5115 1
46829 23271 1
42281 22649 2
26920 77495 1
64135 36101 1
25026 10292 1
14889 89982 1
65812 55285 2
67827 32409 2
34090 73161 1
78747 3613 2
9445 66002 1
31629 99685 1
8473 78276 1
71141 90466 1
74705 81546 2
8824 2039 2
91271 72450 2
20811 97147 2
61004 46204 2
54202 42298 2
97414 88062 1
81427 17108 1
12460 20771 2
70904 29213 2
29612 27255 2
25953 79003 2
15014 1181 1
13080 83276 1
74639 67529 2
28763 97949 2
38063 79047 2
49533 86643 1
50755 94066 2
69509 4870 2
99835 50397 1
52557 32321 1
76349 53678 2
98500 5700 2
25952 61822 2
24557 69474 1
20658 45562 1
19838 40515 1
73459 5509 2
36674 13059 1
76472 40852 2
28343 40401 1
91049 49648 1
44049 93425 2
51523 81976 2
35253 76027 1
49302 5564 2
32703 83258 2
19111 95299 2
70108 27053 2
1808 36134 2
20880 13001 2
5916 64018 2
66610 99477 2
40939 62858 1
25483 31980 1
47348 50019 1
1275 75743 1
83614 4999 2
25940 58417 2
94181 67955 2
1661 26137 1
96444 39800 1
21552 53027 1
44069 82973 2
74524 1519 1
7354 41915 1
4867 41137 2
72840 65632 2
52509 27951 2
14543 71405 1
4372 73222 1
19427 93144 1
51494 24006 1
72910 99243 1
14919 16497 2
56524 15843 1
27932 78528 2
46285 51281 1
72896 82046 2
78582 24029 2
86051 71531 1
59072 17694 2
63526 15738 2
45656 20771 1
12160 51251 2
35421 89005 1
47292 59474 2
35110 51186 2
48505 49862 2
74041 87260 1
52872 44883 2
67253 29864 2
14258 31984 1
40681 43432 1
60848 20266 2
40794 69921 1
90417 13247 2
64641 79246 2
55095 72580 2
96171 18779 1
9306 83232 2
4695 45546 2
30787 79886 2
68892 21490 1
43762 60671 1
12864 91099 1
1369 33878 1
77506 61155 1
30335 69930 2
51729 46780 2
53791 9287 1
59634 86443 1
12678 84365 2
97918 50283 2
52536 45264 1
87905 78856 2
47243 17398 2
87997 97317 2
15018 75228 2
98085 88022 1
5395 98546 1
10850 21254 1
2522 69370 2
14257 30579 1
13956 61965 1
18499 13773 1
2221 16502 2
7356 43866 2
7938 17716 1
66037 46741 1
76456 90460 2
29147 33771 1
6131 28629 2
49421 68348 2
13263 49755 1
19873 51584 2
55451 61949 1
75647 26559 2
85865 5791 1
82181 17912 2
38208 48057 1
93089 45051 1
37210 52821 2
21914 48303 2
3526 70101 2
79752 85101 2
43559 64458 2
41751 38530 2
79987 27710 2
70185 38353 2
75860 90092 2
32497 66895 2
97547 68930 1
91448 92133 2
43880 20166 1
42107 40146 2
78547 21806 1
29451 26343 2
47367 25254 1
2380 69353 1
21393 25422 1
21942 11346 1
437 85210 2
43031 99407 1
59306 47856 1
59952 36163 2
41657 98925 2
73203 50019 2
52129 79745 2
90796 31513 2
86390 80974 1
58357 20962 1
44382 26061 1
39903 21007 2
66035 27689 1
87888 99912 1
75363 26817 2
82336 74212 1
44915 92874 2
71931 2546 2
43000 95147 2
51778 15443 2
19196 16256 1
79497 49565 2
34879 40536 2
29915 61434 2
1267 99671 1
93905 47527 1
91999 7572 2
15263 92437 2
49118 17980 1
29352 20236 2
21437 58509 2
7588 97187 1
45184 38428 2
18817 94281 1
65693 41040 2
50783 24415 2
14847 41668 1
7539 16220 1
73540 18345 2
89893 70632 2
79040 39905 1
46290 57857 1
51512 34054 1
35338 99353 1
20040 20705 1
27507 91861 1
19422 56115 1
2820 75472 1
96764 94799 2
17547 11574 2
25658 94622 1
69448 34057 2
95937 22394 1
21999 40768 2
73937 11603 2
12618 23075 2
17180 87085 1
65941 72944 2
98089 74432 1
4256 91097 2
82802 8503 2
42673 46884 2
67782 60593 1
77439 52778 2
71975 36643 2
53816 98328 2
93677 61173 1
53116 97105 2
99106 256 1
73727 74377 2
69988 42902 2
49483 39691 1
24775 87770 1
79324 50549 1
96400 45155 2
32514 36663 1
12794 47870 1
48418 33976 2
13429 13353 1
21078 1201 2
23714 72217 2
27432 60495 1
4408 73909 1
43579 47253 1
15267 760 2
55714 69368 2
52767 95667 2
70599 55969 2
12705 73928 2
75590 98735 1
5967 14320 2
41967 81682 1
25731 73943 1
73543 91505 1
39756 666 1
52711 19845 2
72428 2256 1
54140 27868 2
62491 67358 2
76293 52407 2
82594 15489 2
85721 22828 2
66529 69001 2
85214 54436 1
31339 99416 2
92211 87582 2
98661 56006 2
93351 32778 2
53962 24480 2
73631 21999 2
37577 58853 1
80052 50151 2
57253 87080 1
27250 85053 1
44788 13361 2
36315 85590 2
46977 43292 1
2050 88389 1
76075 80088 1
15313 36916 1
70787 47528 1
38979 74530 2
83826 83654 1
35402 53408 1
12881 99835 2
48138 50611 1
95374 57001 1
55772 71765 2
97934 29985 1
37516 46996 1
9797 76397 1
7612 61490 1
99136 25863 2
82015 76259 2
58524 97376 2
46366 33842 2
35020 29338 2
56855 29820 1
40598 69870 1
7705 84371 2
5142 18759 1
76713 69244 1
6011 51397 2
5983 8338 1
7109 69948 2
94570 15009 1
72397 81426 2
14888 16907 1
51069 51428 1
31727 9127 2
54675 46273 2
43175 29149 2
57315 81550 2
56462 87435 2
88498 77056 2
5970 12003 2
83516 63877 1
21626 29130 2
85262 77788 2
93726 69403 1
49708 70776 1
50506 66146 1
45485 97505 1
33887 88034 2
1626 46738 1
40978 23055 2
27059 18620 2
9996 30581 2
9449 37890 1
33352 28463 2
197 91323 1
25079 48496 1
67712 20628 1
45663 85438 2
6985 29131 1
1432 48145 2
35458 63061 1
96654 64185 1
86819 55032 2
35746 62454 1
40054 50418 2
521 27261 2
59993 48048 2
64299 88602 1
55999 3800 1
96741 90600 1
60463 96288 1
46184 89211 1
20004 32820 2
70807 85046 1
61995 79380 2
40813 81173 1
10120 44211 1
1973 3909 1
47217 57817 2
73968 11911 2
145 36258 2
48915 62769 1
86119 68701 2
54662 55660 1
69668 39087 1
28582 81047 1
21937 89901 1
46179 64002 1
47558 21253 2
64611 70004 2
63284 93622 1
20125 80550 1
64381 70194 2
36223 67558 1
52054 92131 1
36809 14901 1
12492 60932 2
49072 13865 2
53116 74596 2
45404 80044 2
8377 23239 1
94410 76091 1
12393 53988 2
20266 81767 2
70249 15943 2
92034 72408 1
14437 4497 1
68873 42277 1
24224 5779 1
30189 73533 2
46546 54135 1
2190 98433 1
56965 77367 2
96640 20359 1
65848 25156 2
20365 24409 1
97948 59360 2
94929 1620 2
52217 18980 1
21372 70890 2
27402 72923 1
99987 54816 2
98300 63877 1
66608 61776 1
36660 25813 1
75293 82088 2
69222 91956 1
6461 72042 2
32318 24156 1
97028 46794 1
76955 19773 2
57465 19283 2
90063 52795 1
22171 79266 1
3745 50957 1
59385 24265 1
15274 47616 1
67769 68558 2
89371 67347 1
52434 74601 2
89878 77273 2
7377 54762 1
34705 71962 2
96568 60016 1
18199 54129 1
57786 87059 1
24582 36527 1
2689 49915 1
87729 18775 1
89417 38214 1
27199 72800 2
44834 2790 1
93162 44406 1
15313 63425 2
41602 60250 2
68623 43471 2
3784 65341 2
51785 89216 2
95763 10121 2
42942 11699 2
61838 59224 1
42309 19104 2
41016 4379 1
64580 82671 2
21282 436 2
52282 20991 1
40501 93308 1
44694 64224 1
50985 30366 1
21405 59289 1
65711 34682 2
77992 45955 2
16425 24995 1
32355 68587 1
30348 50881 2
77392 6356 2
96901 29008 2
64578 5139 2
84273 23839 1
85314 77105 1
36739 89234 1
36110 68717 1
61346 81153 1
55701 58647 2
83016 2167 1
92 75574 2
63812 71699 2
36124 7907 2
80281 37418 2
51585 28556 2
85597 69699 1
87020 90834 1
67675 21018 2
95506 83307 1
28689 22621 2
98236 25121 1
8915 65746 2
57701 36048 2
11142 61615 2
40383 2796 1
20773 7041 2
89102 22425 1
84096 33894 2
40427 3921 1
63352 2450 2
26562 90146 1
55493 63726 1
46900 83949 1
76752 72308 2
3702 27688 2
40633 73941 1
16977 57277 2
28754 30547 1
7232 86185 1
87425 81543 2
46388 73694 2
71458 63292 2
79859 69409 1
68227 63090 1
25525 2604 1
76167 98748 1
45958 43341 2
61828 86178 2
26375 15174 2
36740 97856 2
8621 2475 2
49160 71557 2
39008 11911 2
22592 84661 2
82590 94551 2
6644 29416 2
29045 76301 1
6174 56040 2
3916 7854 1
1230 29335 2
16731 86549 1
7717 45191 2
42382 35918 2
3258 56416 2
15974 55579 2
78136 6749 1
26136 85011 2
17470 30575 1
93868 21502 1
30110 47833 2
91391 37658 2
84222 71314 2
8353 8697 2
23802 74822 1
87640 41377 2
63680 15829 2
47100 67274 1
28978 56787 1
20120 76292 2
73928 55846 2
83120 43598 1
96779 16748 1
7029 9088 1
24443 95666 1
21650 83202 1
29578 82941 2
31171 21842 1
36991 56709 2
23225 36419 2
97300 56309 1
8855 41912 1
34233 32301 2
72056 65261 2
75406 22400 1
67687 8783 1
10957 28630 1
14500 71998 1
68829 42027 1
55462 66162 2
82112 75438 1
7124 17716 1
73350 75427 1
22699 48960 2
25752 91554 1
61371 43785 2
60206 65877 2
32938 79253 1
89017 7582 1
61391 18333 1
79866 82159 2
20088 1263 1
65705 17776 1
9829 35468 2
58415 43356 1
94570 85610 1
35628 93444 1
58545 8530 2
83154 77642 2
70774 87203 2
31303 96552 2
34025 32110 1
4071 72167 1
80879 83224 1
23872 71688 1
28546 32859 2
64501 9599 2
25100 13732 2
87420 13362 1
16176 7511 1
19296 73054 2
68225 30343 1
85951 41939 2
18601 1150 2
8748 92531 1
27876 49723 2
94638 82615 1
90626 25391 1
48960 85066 1
19912 87327 1
30799 82923 1
7951 85829 1
99423 3344 1
23428 72239 1
58183 87998 2
32455 63518 2
79344 12946 1
6316 42793 2
16921 85371 2
21949 61719 1
39926 22237 2
57333 49288 2
95181 60431 1
15366 12109 1
51223 20190 1
30164 27084 2
79461 85448 1
68153 68573 2
38009 77666 1
78975 90095 2
26120 78387 1
81417 91236 2
62143 12630 2
47242 36816 1
59067 20444 2
46347 350 1
84559 74952 2
23370 32779 2
48898 82193 1
91126 89929 2
49870 93443 2
19380 4414 1
6562 39134 2
17053 17282 1
23105 44245 1
17309 33220 2
27425 88945 2
14998 31878 1
71789 16556 2
26907 18621 1
61220 49270 2
52309 12818 2
38359 54420 1
98562 62403 1
43919 92859 1
51505 86050 1
54404 39865 2
3303 88885 2
22247 18829 2
49308 11093 1
99001 69162 1
41279 89263 2
72210 312 2
8942 60262 1
72955 70611 1
88991 33998 1
23188 90570 2
84826 27059 2
33135 93185 1
82717 77296 1
43827 40592 2
6839 88600 2
10202 80705 2
63181 7697 1
80243 24822 2
72855 1364 1
6368 9024 1
25348 87471 1
36185 97801 1
90130 9763 2
23048 33836 2
7927 80805 1
21739 17207 2
85115 89377 1
98518 8528 1
36347 3027 1
87278 29037 1
54952 75180 1
24238 54234 1
85798 74291 1
18790 84471 1
5005 97377 2
71447 32504 2
43980 25028 1
95768 35619 1
43009 49693 2
7604 67669 2
14370 6402 2
60778 51006 1
89047 9532 2
64588 17664 2
55965 32746 1
22976 34868 2
73604 2013 1
10530 74628 2
81586 24506 1
59616 3410 2
45535 68507 2
15101 35184 2
82679 76206 2
65390 32294 1
72795 80308 1
63616 34352 1
40544 5475 1
2288 83965 2
2318 1477 1
28017 20241 2
1410 1623 2
72874 21603 1
96556 44715 1
99317 288 2
20946 84422 2
87874 24550 1
14475 75554 2
77233 30602 1
88037 45101 1
38588 13075 2
59968 2153 1
77803 35420 1
17681 46314 2
93021 30998 1
22208 50267 1
43270 28739 2
89194 67353 2
96939 20188 1
16511 15094 2
29864 6989 1
97829 34424 1
56714 70292 2
89587 69047 1
46166 71397 1
37655 43106 2
26336 71624 2
19601 79387 2
81109 65978 1
93846 17494 1
80401 20808 2
49165 46110 2
46505 87383 1
40149 38353 1
38467 83167 2
83005 5631 1
44985 86379 2
28555 8878 2
34042 76314 1
97334 88345 2
59721 37441 2
91596 87116 1
81596 3047 1
86605 1482 2
8670 52328 2
2541 37608 2
87117 95987 2
8630 52687 1
73885 98284 1
77988 50397 2
13363 36810 1
85799 79716 1
91882 16922 2
25476 13226 2
72978 61850 1
75413 45288 1
24844 3007 2
57892 85036 2
78383 92528 1
99316 88246 1
6918 2536 1
98424 82398 2
36400 78840 2
33626 7629 2
47967 2050 2
57558 64479 2
5241 17247 2
11644 96744 1
75930 74618 2
63953 88203 1
47728 7987 1
55150 94852 1
5758 86046 1
48032 22720 1
90297 33153 1
38726 69952 2
25390 16409 1
86263 57690 1
80762 67605 1
87065 51448 1
40144 68314 2
30219 6486 2
50071 63325 1
70300 31752 2
8874 4012 2
83921 97938 2
886 56390 1
68707 57646 2
92831 22846 1
11007 36010 2
91419 63964 1
83620 14343 1
18229 13276 2
54696 57659 2
54220 83852 2
82388 48336 2
25201 54514 2
72035 27555 2
92269 22021 1
57447 27461 2
1464 70607 2
44260 73278 1
91907 63889 1
51251 88197 2
76239 97919 2
13473 39113 2
63284 99584 2
50829 98571 2
36315 73967 1
13613 52961 1
89604 36477 1
63081 86805 1
34369 15020 2
12735 96932 2
31033 85813 1
5374 70336 2
28358 90979 1
87243 2415 1
86807 88438 1
67711 30633 1
29327 81314 1
38342 84669 1
55044 52525 1
5697 7213 2
45473 39988 1
40837 25837 2
94116 80902 2
25690 38792 1
86177 75911 1
23166 66587 1
87325 70991 1
72831 34584 1
88371 59337 2
23236 22917 2
9395 20916 1
93509 27706 1
89918 41797 1
28366 48551 2
25899 64387 1
83489 61323 2
65957 97578 1
49296 86142 2
40075 85449 2
36839 11432 2
63055 65924 1
31328 35079 1
11352 18226 1
75948 86670 1
9728 48640 2
9425 30784 2
79670 95212 1
83559 68985 1
98204 11659 1
95610 58245 1
76970 37539 2
86539 89191 1
81129 2257 1
2031 11252 1
39450 46565 1
8334 79221 2
43373 31586 2
2341 92777 2
4074 71743 2
37189 2752 1
75787 29512 2
77138 85409 2
9344 43901 2
66308 76005 1
23529 27953 2
5385 39609 1
28640 49772 1
26945 90624 2
24461 99690 1
16705 45391 2
68335 16186 2
29393 49104 1
86874 67136 1
66862 36479 2
3251 26708 2
12552 84080 2
80886 29281 2
50917 52199 1
61905 59302 1
33468 99870 1
22214 18584 1
9435 28291 1
83309 40510 2
40418 67351 1
92303 30292 2
62182 56240 1
62764 42185 1
89103 64023 1
33526 20673 1
7578 82795 1
55316 51731 1
39127 37469 1
99264 89195 1
76716 34098 1
7401 94250 1
19952 11204 1
56690 15489 2
70065 16961 2
80529 43354 1
55375 10474 2
69905 15183 2
70686 60822 2
99600 79569 2
83048 99468 2
39874 71042 1
393 30284 2
44044 91 1
65041 36711 2
46090 14471 2
22918 46434 1
9065 55526 1
42847 63480 1
52461 62155 1
11370 13557 2
24525 33599 1
25382 83675 1
15730 38811 1
85354 43105 2
34588 39922 1
61373 61807 1
87101 17829 1
22363 45731 1
14907 74476 1
13718 48527 2
72946 11732 2
95379 64600 2
12208 62236 1
83721 16697 2
79736 77559 2
48166 36958 2
47520 53133 2
41833 27049 2
39954 51609 1
30473 31185 1
73166 46732 2
29260 4062 1
52615 36425 1
66321 85934 1
21954 48135 1
9031 91060 2
29338 84370 2
37971 51379 2
82942 74859 1
31854 74151 1
3281 9539 1
65125 90844 1
78954 67332 1
41719 87285 1
58610 34184 1
20027 58471 2
30888 68671 2
11159 7867 2
62624 72814 2
15082 38671 1
28831 97387 2
23395 26806 2
33505 88034 2
63623 12819 2
89588 39923 2
51887 56866 1
11034 2993 1
51847 32816 2
70347 52612 2
24017 34814 2
91856 26760 1
49216 71201 2
54441 41356 2
72925 57541 1
17704 61140 1
98310 3589 2
9652 66904 1
2058 37109 2
38183 36067 1
81966 86169 1
42257 91540 2
67787 24203 2
73330 23072 2
69229 45880 2
49860 3118 2
36342 22435 1
27662 87929 1
66201 19969 2
24690 57842 2
76671 39388 2
21824 3836 1
83269 70129 1
27393 35790 1
8828 81361 2
10957 17493 2
65448 7555 2
43925 10351 1
43266 76737 2
91994 32752 1
80278 28854 2
71827 30497 1
23397 25639 2
4076 34428 2
17988 15943 2
14817 62482 1
77852 91265 1
11047 37093 2
28936 13233 1
91972 910 2
23258 17675 1
12786 87640 2
43254 50291 1
79424 92675 1
32180 83972 2
32081 94594 2
75746 39562 1
22458 11485 2
59105 31559 1
59432 61424 1
48739 9777 1
7320 71370 1
29204 46002 1
96830 47407 2
67214 62119 1
39679 62903 2
37122 57282 1
13814 94316 2
18710 16105 1
87634 4400 2
1026 4308 2
1687 88821 1
73106 93106 1
72281 43939 2
52583 36677 2
32676 57781 1
6806 83297 2
86966 37596 1
88871 36305 2
19939 60763 2
92503 30674 2
97393 56873 1
15190 32951 2
55513 93106 2
42730 91491 1
39756 31158 1
1163 60114 2
8364 2153 1
43205 81520 1
64750 25713 2
33145 43808 2
89055 71275 1
15131 82390 2
4220 57575 1
53333 3645 1
77048 66823 2
90435 44531 1
53978 42660 1
88790 26440 1
37884 10889 2
88177 48483 2
98189 54422 2
78159 6557 1
56976 17438 1
95931 5603 1
64827 94697 1
95286 79736 1
86713 67987 2
88628 44305 1
51881 22603 1
86655 20663 2
77564 39797 1
97107 32456 2
25914 31273 1
79072 11863 2
89630 94321 1
82028 91464 1
80534 14063 1
84590 74837 2
7524 67029 2
89364 42475 1
20639 75850 2
85502 6861 1
89075 52428 1
52480 38032 2
24956 2793 1
48772 30398 1
95279 34724 1
7878 35155 2
40914 22519 2
92150 1571 2
6271 78155 2
27097 58418 2
32741 30305 2
95689 74746 2
45511 59756 1
70928 21001 1
58075 47797 2
33553 63616 1
67051 87702 2
24448 39125 1
47512 17631 2
90212 82002 1
39474 60437 2
55036 92788 2
1345 35854 1
91063 26476 2
39551 15670 1
99674 513 2
48988 29484 2
93151 9453 2
67257 91685 2
32400 12508 1
31021 96009 2
27472 53328 2
62563 88529 2
42162 97023 2
38522 17552 2
53280 52883 1
78660 9414 2
75861 45577 1
94791 45486 1
95171 43091 2
66431 52210 1
26191 62870 2
12186 89169 2
13008 66636 1
26554 94912 1
52083 83204 1
52919 90278 1
71770 37277 1
22043 75518 2
54968 36430 1
79620 50777 2
91446 96225 2
4837 58009 2
89426 17236 1
85381 8312 1
68827 74455 1
68574 83103 2
10230 49488 2
27583 81807 2
87356 17274 1
96267 42171 1
86777 40993 1
65432 66892 2
54415 10247 1
33393 58812 2
43569 4707 1
72916 76027 2
47752 70781 2
64085 10254 2
30930 11315 1
75641 43306 1
30142 76024 1
95580 31453 2
33873 58543 1
62252 22374 1
32420 95188 2
92747 87992 1
94019 78131 2
63472 18875 2
51055 5007 1
98887 58635 2
76797 36285 1
27181 89175 2
49142 31974 2
90485 94371 2
43701 12521 2
39909 6822 1
57708 1270 1
84825 54925 1
62879 8468 1
59839 65046 1
44806 29724 2
68730 58646 1
4272 89595 1
87584 24980 2
41243 82516 1
79228 22123 1
12829 93916 2
35052 5612 1
93854 14716 1
23235 93434 2
17243 37587 1
19913 10668 1
12133 81681 2
70166 91694 2
88768 55197 1
95674 85920 1
78149 75888 2
83225 42166 1
18336 9976 1
89543 34870 1
13138 97558 2
10416 77981 2
68720 22208 1
46451 39930 1
9186 6080 2
97153 61650 1
92165 76947 2
36355 84250 2
73098 67690 2
72370 40832 1
78132 41420 1
18461 37443 1
40382 89650 1
38918 58742 1
62995 82602 2
32005 53441 2
18580 8886 1
90595 45280 2
98838 42858 2
5601 35266 1
43297 51825 1
20943 24683 2
27058 84455 2
54549 33938 2
29209 26880 1
59533 18980 2
62076 18241 2
71814 71487 1
66131 63842 1
14723 6776 2
60137 47186 2
26202 2838 1
65025 38546 2
66038 77236 1
68271 12441 1
38550 38723 1
12891 96846 2
28683 41957 1
24706 11410 2
414 93235 1
31060 82388 2
64455 82969 1
34391 45018 2
10743 65877 2
47554 59326 2
64175 70235 1
1635 1295 2
93927 18195 2
68250 9292 1
84808 23993 1
1308 58541 1
22418 79965 2
77521 12986 1
29815 99489 2
50261 12433 2
894 96958 2
25211 97796 1
58369 12255 2
28069 43257 2
5295 80483 2
589 47592 2
64683 6783 1
13408 78465 2
18699 53626 1
46110 66243 1
56345 96336 2
53979 1766 1
58262 26704 2
79233 77362 2
52978 4670 2
50764 58214 1
66389 92945 1
82188 29010 2
43258 24694 1
2759 30173 2
63182 41675 2
8724 52255 2
58165 32517 1
1312 39784 1
8614 61419 1
50509 48024 2
55178 10424 2
66799 65477 2
42689 47293 2
27757 32984 1
75516 58908 2
70950 16176 1
26756 2926 2
67817 40669 2
58610 70398 2
96059 22790 1
49429 63340 1
90485 34436 1
82095 60300 1
93380 83908 1
23800 388 1
82440 45929 2
85306 2257 2
7349 7336 2
10931 56130 2
16020 75115 1
89846 85052 2
67011 72751 2
44234 40532 2
95889 25957 1
94217 67448 2
71587 61012 2
87715 52615 2
58834 4309 2
96985 10900 2
6187 60630 2
16098 54471 2
96845 66872 1
1961 2747 1
66222 20849 1
12556 25665 1
17559 83819 2
95295 18460 1
739 9795 1
86407 76260 2
60644 8747 2
80384 56899 1
8318 58696 2
68760 18138 1
52394 46292 2
41137 77629 2
90805 1789 2
66434 36275 1
51934 72773 1
80247 59671 2
34267 76448 2
72205 1850 1
82261 17593 1
58327 87614 2
43751 50029 2
60252 70300 2
64771 78062 2
73622 84511 2
3981 95041 2
95636 455 2
23134 11200 2
17401 75240 2
65986 53113 2
16475 44520 2
86938 18830 1
56836 2020 2
12635 48627 1
75765 42699 2
79630 275 1
62846 46337 1
25614 10284 2
55463 74462 1
81837 30574 1
56779 38509 1
32719 11519 2
63703 14381 1
96844 90682 1
43504 19219 2
21490 75499 2
44298 63878 2
8386 8917 2
7985 70786 2
99567 16300 1
51844 1526 1
4066 58811 2
18581 10822 1
94488 75392 1
1674 78153 2
73250 28235 1
20639 38156 1
3012 1859 1
56674 71213 1
87126 73920 1
34710 31264 2
21478 68274 2
32208 6670 1
55092 89881 1
68061 53521 2
45909 40138 1
12474 3002 2
13873 68081 2
7675 74347 2
35461 9193 2
89957 27965 2
23746 84901 1
3699 48188 2
31340 87691 1
15668 13765 1
40667 19156 1
34219 96591 2
11933 30510 1
1518 10879 1
37074 1338 2
23720 35058 2
84527 40142 1
35608 8343 1
80124 42483 2
75024 96402 1
8822 39304 1
91574 31963 1
76397 16317 2
23558 27997 2
33831 6169 2
78861 16599 2
6940 4629 1
34512 80830 2
61176 62623 2
88003 86105 2
84379 8120 2
48979 44836 1
81724 62102 2
94397 7374 1
66402 97475 2
91028 62875 2
45226 2396 2
23231 36482 2
12612 75602 1
66104 4527 1
87158 94988 2
32494 16803 2
29655 40996 1
20836 74191 1
6133 78438 2
12304 40029 1
79312 6644 2
62429 54983 2
76828 48644 1
99337 45022 1
66787 17984 2
37671 57284 1
59841 39685 2
33983 76434 2
71942 35461 2
99657 13267 2
12536 37541 2
5046 75911 1
18830 39775 1
76231 66497 1
8854 76833 2
49075 88745 2
70352 75405 1
7782 45691 2
14768 37751 2
73180 64519 2
97984 92842 2
96330 77231 1
19867 65539 1
66230 25707 1
1748 24148 1
74234 58376 1
59405 95683 1
13989 55621 1
43104 50824 2
29273 59124 1
45562 64690 1
8814 66687 2
36442 9635 2
72238 16609 1
88183 8751 2
7735 84489 2
58967 82721 1
84604 15163 1
68377 82903 1
52164 62926 2
90860 75841 2
48458 64558 2
5973 68998 1
39643 24379 2
81870 87198 1
33659 42569 2
29441 29561 1
81952 50815 2
4785 96470 1
61429 33624 2
27057 55789 2
48153 87780 2
9002 51814 2
56894 4232 2
23898 57888 1
58058 76922 2
13904 85195 1
43353 17798 2
14993 13614 2
7769 26796 2
1590 87298 2
2060 18143 2
91660 92948 1
41962 61799 1
61138 13191 1
28508 64 1
56190 95344 1
28450 87673 2
1689 88248 1
15214 78166 1
73918 91390 2
50919 21071 1
35167 23602 1
66343 87439 2
74112 81371 1
20957 4501 1
61914 26962 2
48364 86582 1
89497 6149 1
80458 17209 2
14815 10037 2
31202 83545 1
19903 40184 2
97650 43111 2
29250 50583 2
68494 87334 2
74149 33713 2
74619 61005 2
825 72311 2
19573 2793 1
83874 14926 2
33577 86040 1
49753 41264 1
57948 53582 1
26602 95499 2
7394 28052 1
34359 79296 2
35847 34532 1
43603 37221 1
18570 7022 1
92743 21796 1
63325 85975 2
60880 68154 2
34439 10901 2
20447 15513 2
5474 92308 1
76632 31590 2
6333 34132 2
67507 9115 2
83482 56712 2
78783 76646 1
9489 56600 1
35162 31176 1
73804 24608 1
71962 99384 2
31081 23503 2
25863 32606 2
11963 74025 1
96638 79224 1
13929 7750 2
93328 79224 1
46894 31888 1
36000 89443 1
80343 29417 1
50441 56211 2
94888 11843 2
6614 4215 1
32375 58405 1
54376 3246 1
97744 22413 1
17172 45680 2
16783 14441 1
5346 12549 1
47209 2236 2
24783 40875 1
13603 64192 1
25228 29012 1
68953 12350 1
79196 92997 2
25945 75639 1
19834 31449 2
81285 67007 2
54673 62204 1
51797 56284 1
74306 73105 2
95827 38443 2
73794 53005 1
1501 83004 2
73112 61209 1
62374 9745 2
51747 71955 1
25557 69347 2
17587 45837 1
78436 509 2
8172 79245 1
48066 27359 2
23686 93324 2
24114 12828 1
56111 3319 2
20682 23612 1
10887 25745 1
95893 15259 1
86946 37103 1
94897 60456 2
14282 87482 1
23378 64807 1
70171 55729 2
50877 1456 2
62981 4004 2
16238 9165 1
42862 28922 1
96722 53056 2
749 73580 2
25645 27387 1
88304 22280 2
91094 1349 2
21463 65199 1
29846 47228 1
90486 20375 2
11021 90510 2
30071 35721 1
3117 4190 2
88662 71204 2
33373 74021 1
227 59608 2
33463 80399 1
3844 31276 1
33930 33850 2
34384 35161 1
97304 54810 1
76021 89005 2
87865 22616 2
61586 72521 2
37367 99566 2
43358 60195 1
74192 15148 1
23839 65349 1
71736 72087 1
5140 684 2
83284 50981 1
95564 15882 1
20703 65890 2
90253 72164 2
52648 46925 2
7214 92276 1
7571 78203 2
29404 89288 2
98708 47220 2
33945 49665 2
96727 16657 2
47832 68021 1
83675 84580 1
82979 75438 2
28081 40912 1
7189 67401 1
49858 4653 2
51905 57496 1
56071 37318 2
2793 13472 2
67567 13274 1
8967 68284 1
79836 12894 1
51559 49240 2
26566 99545 2
5899 3862 1
35990 76326 1
64198 76013 1
66924 77590 2
76930 86437 2
62618 36107 1
59674 78524 2
93767 17598 2
60064 66116 2
52526 7419 2
4408 11010 1
23548 68192 1
18235 22449 2
99957 15361 2
18230 52957 1
16687 64231 2
53608 11049 2
61461 59692 2
71463 86473 1
38117 20064 1
84380 52776 2
73139 50248 1
55682 75556 1
57476 22137 1
18891 23565 2
45716 21953 1
29723 72650 1
75408 75295 2
93611 29651 2
30269 86982 2
14215 93912 2
99055 74654 2
35056 23960 1
85042 64547 1
1595 82603 1
21605 39876 1
22737 84793 2
14906 22373 1
29901 69857 2
57432 65629 2
87521 76083 1
25689 83513 1
27121 87638 1
15500 20343 1
83894 52067 2
25172 30700 2
41500 86472 1
25383 84095 1
39364 3717 1
7215 7211 1
80835 14898 1
62381 30081 1
73345 2776 1
88465 29316 2
30299 20947 2
65859 4139 1
78946 33239 1
85886 70050 2
20826 95624 1
64751 60873 1
96604 37472 1
90618 76211 2
65204 16269 1
9173 63209 1
11907 74896 1
38636 67973 1
47230 45471 1
11387 887 2
87629 24611 2
31863 29028 1
46701 21819 2
42758 6561 2
31663 69144 1
8834 94300 1
97110 92639 2
76537 94260 1
89053 48682 1
64240 92508 2
60015 14759 1
61308 10428 1
64941 40951 1
53735 54096 1
99596 57776 1
51985 39943 1
32020 48284 2
53548 63333 2
19426 96632 2
43295 85089 1
18438 56982 1
53989 78184 2
71974 82235 2
26859 66200 2
79642 96929 1
36373 95558 2
76622 24406 1
79353 20601 2
76003 31804 1
45090 30604 2
90381 10311 1
86126 19376 1
68726 58114 1
69105 79815 2
2938 24874 2
23248 35114 1
26954 46897 2
6471 49188 1
68361 68700 1
58948 885 1
5746 50022 2
99849 78353 1
68207 70331 2
53357 80734 2
94275 18238 2
65596 85657 2
23490 61155 1
34419 78866 1
74644 97173 2
2469 66411 1
72117 12657 1
18904 75069 1
24984 95882 2
22825 29426 1
30815 18915 1
33092 32652 1
51973 66584 2
13260 26621 1
88020 68117 2
50361 26253 1
79343 44285 2
59125 48568 1
48554 57124 1
93310 85165 1
94796 5750 1
7464 67152 1
40436 11918 1
26488 65848 1
10705 22879 2
61161 98994 1
95593 18767 1
45643 3516 1
47987 8087 1
99999 52747 2
3805 92548 2
796 19653 1
70598 29401 1
45870 57928 2
25989 45003 1
66033 93889 1
72896 98179 1
99194 78294 2
77110 91392 2
24143 37085 1
23350 27250 1
19818 59266 2
74437 18848 1
94201 27461 2
12765 17603 1
55105 35578 2
60136 79433 1
76855 9671 2
56329 1715 1
42533 87273 2
8499 32407 1
32011 8175 1
77840 27710 2
83932 43741 2
48443 86151 1
70909 51499 2
3430 41123 2
47177 81604 1
20437 56759 2
52335 1288 1
37377 68797 2
68018 34026 2
73879 12771 1
17192 99058 1
26422 21098 1
93692 58683 2
21877 12168 2
6797 58358 2
50426 2183 1
27308 78118 2
62083 29187 2
88354 42594 2
22945 24528 2
70792 66935 2
42681 97042 1
92140 59363 2
33890 45156 2
47475 5051 2
77129 92306 2
17265 17862 2
13167 94910 1
26099 77983 1
39273 15166 1
65461 96247 1
33152 81276 1
48045 78896 2
40047 41685 2
19198 36771 1
79176 3643 1
20517 15739 2
55023 21811 2
31057 18200 2
89693 17976 1
46626 72173 2
93278 11862 1
88945 739 1
22515 34639 1
16456 68660 2
49233 8154 2
49893 77168 2
92673 25215 2
7324 30875 2
45086 51836 1
9586 38381 2
89818 71523 2
78915 91889 1
60793 28058 2
7068 870 2
55411 36313 1
66497 36929 1
52471 93167 1
10281 38953 2
4835 20510 1
3645 5658 1
22861 9243 2
381 68899 2
61565 36143 1
16474 5544 2
21328 84248 1
54781 47744 2
64951 44392 2
50399 32823 1
14486 64133 2
22607 68654 2
9957 13160 2
61327 33110 1
50002 88862 2
30967 50041 2
94206 40074 1
78321 45041 2
78555 35361 2
54715 55535 1
32340 69868 2
56296 66581 1
90854 41642 2
35967 15708 1
27391 32587 1
36315 42543 2
98822 15798 1
99817 24334 1
92562 72772 1
11693 49101 2
24977 44770 2
85149 95698 1
27875 53843 2
58020 24602 2
24509 13100 1
34305 3796 2
76839 406 1
67237 62916 2
81566 32720 1
73593 14306 2
26739 50667 2
44277 55609 1
78409 78156 1
41162 50792 2
19131 15405 2
10297 26244 1
96340 74843 1
13050 83668 1
50645 5434 1
35639 50356 2
274 47453 1
2541 85331 2
99093 13838 1
67154 83636 1
18970 91372 1
14761 9905 1
62097 22248 2
39119 25875 1
29824 6247 2
95955 96795 2
78110 19171 1
46133 87325 2
67129 58666 1
88430 95168 2
48977 48189 2
6216 80191 1
24859 11762 1
74626 97002 2
80734 88851 2
94829 55302 1
38041 29597 2
35985 42697 1
73499 82466 2
99209 94911 2
18058 44743 2
2530 97704 2
88125 45127 1
