10000 5000 9747
6998 45 1
2567 909 2
3446 5607 1
8161 9810 2
5030 2899 1
7495 666 2
9469 1756 1
1646 2066 1
9842 8912 2
2274 8281 1
9091 2081 1
2259 1859 1
6865 7765 1
6931 7434 2
2850 3814 2
153 3976 1
5086 6659 2
752 9693 2
899 6221 1
8808 1807 1
1890 1739 2
1844 5397 1
7807 9526 1
7531 2892 2
980 4206 1
9576 9219 2
4350 7747 2
5274 8782 1
1231 7548 2
148 3142 1
6027 2596 2
6670 3430 1
7211 5768 2
5906 8784 2
6173 7322 1
9840 2519 1
1873 8849 2
5498 9731 1
6701 5383 2
8793 736 1
7675 9977 1
9686 958 1
1334 3147 2
2706 1714 2
752 2594 2
7838 8692 2
1567 4743 2
1428 6384 2
6924 3211 2
3692 9205 1
2402 1821 2
9463 7544 2
6421 6662 2
6441 738 1
3256 6622 1
6550 414 1
6902 4627 1
5916 5932 1
8010 1257 2
2121 3329 2
8374 1621 2
9297 1845 2
6768 3281 2
5097 5107 2
465 4492 1
9759 1372 1
68 2215 2
1663 6084 1
7741 1544 2
5055 3876 1
5711 4555 2
164 9447 2
1397 1516 1
8875 1885 2
634 3838 2
5937 8442 2
2929 3799 1
9003 1208 1
4829 1457 2
6703 8593 2
8922 3611 2
5225 1110 2
9923 7078 1
8984 5291 1
3145 7097 2
1550 8440 2
6691 1662 1
5603 121 2
56 7394 2
2722 9471 2
3318 6537 1
9722 1582 2
9823 3655 1
9998 3149 1
8503 5432 2
70 3240 2
4423 8121 2
1004 9921 2
9805 3580 2
4496 7979 1
5642 7832 2
757 4590 2
3186 327 1
5841 8150 1
7872 3239 2
4625 1988 1
5343 1002 2
898 7531 2
4850 3509 2
6489 9348 1
7213 1764 1
716 3115 2
7337 6261 2
7543 911 1
9396 3641 1
313 3830 1
9439 902 1
2868 4806 1
9742 7479 1
7824 3838 1
8811 7594 1
3944 1803 2
4548 7489 2
1851 1827 1
905 8722 2
7964 6750 2
3487 6775 2
4803 7175 2
2799 6527 1
1803 7119 1
471 8795 1
7185 7963 1
2072 3234 2
1419 4769 1
278 9069 2
1711 2287 1
6780 1115 2
5927 4212 2
4613 8255 1
6916 6213 1
9796 3309 1
8632 7481 1
6749 8576 2
9322 4350 1
5977 4759 2
5430 6818 2
4294 5620 1
5659 9370 2
2421 8604 2
5035 1502 2
1050 7353 1
8718 6955 2
6944 8523 1
6655 3952 2
8626 626 1
4621 2193 2
4883 3206 1
236 4552 2
359 7984 1
8562 7182 2
3240 398 1
1114 6374 1
8706 8643 2
7492 1987 2
2630 3060 2
6163 4061 1
7819 5308 2
829 2609 2
1080 6297 2
7743 6686 1
9276 2636 1
2999 328 2
3335 5757 2
8600 3048 1
9422 2373 1
9081 9514 1
5194 9571 2
1254 4557 2
1913 3256 1
4318 9815 2
6188 9514 2
1923 927 2
7128 1668 1
3309 8273 1
7621 8485 2
7143 5854 1
8978 3325 1
7825 4937 2
9919 3315 2
7596 5098 2
6097 7457 1
3953 7263 2
769 6694 2
7626 2054 1
8173 3571 2
5608 7269 2
1670 7695 1
9547 611 1
4753 5555 2
1645 1900 1
8694 7455 2
984 832 1
9732 8835 1
155 4820 1
11 6167 2
3449 4095 1
8848 7715 2
9417 2095 1
3021 471 2
103 4242 1
8958 6741 1
514 9469 1
9829 3522 2
5676 5225 1
2038 9961 2
877 7936 2
3468 2583 2
3057 4548 2
5874 1168 2
1413 6665 2
5467 2025 2
1069 8390 2
1611 8908 2
8401 1736 1
3676 2039 1
9372 1728 1
442 6429 1
764 3216 2
2775 8723 2
5765 1809 2
3064 3876 2
2878 1423 1
7029 1358 1
1858 6843 2
621 2051 1
8399 7881 1
3808 7785 2
6811 1120 2
4979 1930 1
1002 605 1
4288 501 2
857 7087 2
5283 9355 2
2311 6140 1
1966 3811 1
630 4491 1
8646 9750 1
1294 7513 2
7843 5027 1
5835 6180 2
7556 7292 1
490 6818 1
201 4648 1
3792 9099 2
1815 975 1
8211 6139 1
4504 2353 2
878 3586 2
6664 3839 1
5298 8003 1
2729 4768 1
3616 7640 2
3664 3534 2
8895 4268 1
6421 8694 2
3868 5136 2
871 6940 1
9317 7959 1
2006 1540 1
8765 825 2
4567 5402 1
8028 3412 1
3668 3163 1
5916 9014 1
553 7354 1
1741 1940 1
5816 5420 1
3841 1063 2
2902 8300 2
5969 106 1
1116 5128 2
2198 541 2
4774 3762 2
8432 1685 1
5559 7088 2
1699 9625 1
2580 3500 1
6117 711 2
5396 6532 2
1810 7453 2
5207 1499 2
2328 1376 2
4700 7990 2
171 7416 2
5753 817 2
5010 9218 1
6150 1416 2
2280 9565 1
4594 8862 1
524 1949 1
8077 7689 2
8529 6476 2
5964 7283 2
383 1396 1
8969 2043 1
4304 1830 2
2289 1090 1
1300 7142 2
6132 1071 1
1709 7996 1
6039 9163 1
6900 6932 1
2629 6502 1
1698 2383 2
5850 9440 2
6728 8144 1
711 9136 1
9048 6432 2
4721 3745 2
9801 7915 2
3970 8224 2
2102 3569 2
2391 2592 2
4688 6629 1
7488 8742 1
8056 7953 1
2322 7212 2
278 4241 1
3544 4114 1
597 4803 2
8958 3513 1
1876 9341 1
5125 9238 2
9590 6119 1
5667 1605 1
9187 7517 2
9455 1507 2
581 5630 2
4041 7059 1
8108 2048 1
6448 2955 2
6059 7801 2
7098 1508 2
456 4855 1
1168 3741 2
7807 186 2
6191 39 2
5792 4453 2
552 1786 2
8557 4032 2
4864 2784 2
2429 3625 1
1217 5061 2
876 2382 1
1607 2141 1
8968 6260 1
6532 9214 2
309 9780 2
7885 2017 2
6986 2520 2
939 2421 2
3410 6050 1
1035 8300 1
6685 1526 1
1902 9533 2
5788 5643 2
282 7712 1
3128 2303 1
1303 6069 2
9579 2000 2
450 6045 2
5413 6131 1
9805 8319 1
6825 8224 2
7821 2325 2
8989 4324 2
7035 1740 1
1694 413 2
6596 1080 1
777 5042 1
6345 3613 2
3699 4169 2
7408 1479 1
3043 3695 2
9937 3139 2
8050 9940 2
2713 1092 2
914 6380 2
6138 4703 1
6468 4911 1
2489 8847 2
3872 7017 2
1839 210 1
3393 9931 1
1497 2361 2
7926 6872 2
152 8364 1
1715 1849 1
7922 8260 1
2654 986 2
8079 2032 1
3538 7210 1
2844 4096 1
7311 8143 2
5708 9197 1
4632 6800 2
7346 8895 2
6643 3913 2
2136 8181 1
4781 746 1
6715 1889 2
4004 5112 1
1836 4185 1
6667 7515 1
8224 1720 2
217 5423 1
7921 6506 2
2186 8915 2
2492 1475 1
7052 4380 1
6705 7417 1
6212 6291 2
5142 3910 2
2071 979 2
5412 9079 2
4161 2012 1
488 7423 1
3233 5283 1
1059 9445 1
4459 2143 1
859 4385 1
7941 4542 2
4584 9811 1
7802 1518 1
2968 5516 2
4954 9716 1
7627 8548 2
5640 1624 1
343 4882 1
8267 3815 1
5429 3015 1
2125 2320 1
6034 8019 2
79 3128 1
1583 8958 1
6339 9318 1
2306 657 2
9344 5751 2
8147 2474 1
1282 5483 1
2144 1164 1
6440 6326 2
7625 7180 1
7860 1120 2
2932 7797 2
110 5446 1
762 1893 2
258 6118 1
9464 9038 1
4493 7095 2
1888 8934 2
1988 3151 2
2597 2759 1
6861 6539 2
8402 9936 1
531 5738 2
5732 9666 2
1414 8978 1
3595 403 1
329 7002 2
9805 6590 2
1571 9038 2
5027 6194 2
7278 911 2
5307 9823 2
6443 2832 2
8436 3356 1
4364 3818 1
37 9091 2
473 6361 1
8838 9203 2
5212 6412 2
4932 7838 1
5525 9897 2
6130 5112 2
9462 3654 2
1763 8622 2
7559 737 2
769 3500 1
3091 2650 2
9609 1478 1
6490 7892 2
3789 8320 1
29 4999 1
9968 1302 2
4437 8113 1
8749 4933 1
397 6080 1
8065 2064 1
1267 7401 2
5869 1660 1
667 1765 2
8597 9076 1
7404 8559 1
19 6341 1
7281 3527 1
9988 7459 2
4441 4001 2
9546 1187 2
3527 5703 2
4280 5567 2
5458 7411 2
2985 4517 1
7334 7574 1
6378 6552 1
2450 1636 2
4924 8526 2
4728 581 1
8051 4064 2
4209 3942 2
8377 7101 1
5670 5574 1
8267 3303 1
2568 8602 2
7915 8900 2
6408 1417 1
3068 7166 2
5279 1152 1
7482 4244 2
8488 3023 1
335 6311 2
1009 3961 1
2751 8461 2
9006 9128 2
4093 898 2
3926 3800 2
6195 2146 2
2116 4712 2
5439 3504 2
4999 4588 1
3072 739 2
4514 877 1
5037 4243 1
7837 1847 2
5038 2288 1
162 633 1
5521 7500 1
193 3145 2
9542 4460 2
204 8814 1
2964 2218 2
4251 2148 1
6098 8326 2
6506 5099 2
8862 3073 1
7750 7352 2
9834 8304 1
8852 5235 1
2874 3951 1
8154 3416 2
647 6283 1
36 6006 2
2351 2903 1
928 6579 1
674 9064 1
5122 7973 2
5431 1321 1
4577 1962 2
4501 3880 1
5384 6641 2
4554 9607 1
3206 6607 1
1320 4156 1
5486 9388 1
5331 9649 2
6856 4387 1
5428 8820 2
782 3845 1
5689 3448 1
8960 1830 2
5170 4723 1
2273 1135 2
6550 142 2
5751 9291 1
9740 6504 2
431 7498 2
1506 4643 2
8182 7136 2
4298 8086 1
9873 1863 1
8344 4281 1
2358 7129 1
2053 6972 1
3489 23 2
4911 6832 1
3072 1141 1
6839 5212 2
9175 9323 2
7329 5065 1
5245 7349 2
7991 3271 1
3485 7204 2
4711 2038 2
5350 4220 1
1776 958 1
6956 9188 1
3145 8727 1
9653 569 1
3867 8273 2
12 3754 2
5073 1278 2
7553 2381 2
767 6723 1
8918 7497 1
8328 9691 2
6980 4490 1
1175 3188 2
9940 8977 1
9143 575 2
7751 241 1
1403 4020 1
1087 6947 1
2967 4844 2
803 3955 2
7668 37 2
5631 5968 2
3120 2610 1
3297 512 2
3596 968 2
7246 874 1
5036 851 1
3851 9434 2
3915 7743 2
2372 4544 1
3252 1742 2
8232 7617 2
5274 649 2
4874 5141 1
6369 3463 1
2178 871 2
1442 2839 2
9178 6792 1
8027 9020 2
3218 3197 1
6557 5260 1
4589 7564 2
6556 2001 1
5874 6611 2
6771 8264 1
5595 2017 1
3149 4724 2
3897 6299 1
4077 1275 2
8334 4184 2
5495 9400 2
7585 1030 2
5140 568 2
8606 7651 1
6706 4701 2
9875 4500 1
5138 5150 2
9845 5361 1
6153 8869 2
2905 3623 2
6895 4223 1
7547 6085 2
5507 5168 1
7930 9455 2
1988 8156 2
4970 335 2
681 4255 2
8128 5567 2
8923 6550 2
9690 7471 2
7558 1572 1
7861 6901 2
1116 8222 1
8837 264 1
5713 7263 1
2592 9221 2
2992 4997 1
8179 4619 2
164 5122 2
3820 2942 2
720 4844 2
9246 7975 2
8120 9197 2
8528 5122 2
9126 7459 2
2078 1870 2
8214 9185 1
6358 81 1
122 3277 1
701 6178 1
4726 2288 2
7080 557 2
4389 5657 2
3 4307 2
6354 1050 1
6445 2535 1
7200 2905 2
1242 9969 1
179 7137 2
3248 7503 2
3317 5982 1
7098 6191 2
1602 9237 2
4680 3271 2
4412 7577 2
3469 9566 1
1031 6359 2
4800 6096 1
8910 5579 1
3148 9229 1
2812 3993 1
9343 4138 1
1204 9029 2
8382 4606 1
2346 2347 2
7104 2855 1
1624 9672 2
5791 6643 2
5482 8910 1
8714 3271 2
4434 420 1
2550 1260 2
1476 2148 2
3608 5516 1
8779 2524 1
8924 4265 2
6899 7886 2
3298 6775 2
8365 5743 1
427 9549 2
8222 8651 2
5072 3289 1
3055 3808 1
5276 9209 1
4431 3566 1
8269 9602 1
8412 3166 1
1351 1052 2
7742 8744 1
753 5235 1
5581 5099 2
8341 1448 1
8021 3737 1
7316 5151 1
1257 7624 1
6544 8431 1
4061 5730 2
2161 4197 1
5963 853 2
5649 8976 2
9823 5828 1
1152 2038 2
3435 4485 2
5392 9678 2
5188 4961 2
121 1909 2
1907 3944 1
3031 6265 2
9940 1786 1
7287 4464 1
3290 4382 1
8878 1890 2
1433 2783 2
4258 9611 1
3339 8266 1
7902 8171 2
5932 5633 2
5042 6085 1
9710 5723 1
289 1347 2
6150 7729 1
5522 2208 1
301 67 2
6128 8397 2
7759 3441 2
7306 2365 2
3087 8643 1
2531 7496 2
5202 8818 2
5331 1452 2
5375 2332 2
3172 9991 1
678 340 2
8262 3710 2
7670 4207 1
6747 2266 1
4004 5992 1
5035 9750 1
9579 6908 1
5298 4594 2
2743 3807 1
2573 8579 1
5481 710 1
1217 9088 1
6246 3691 1
4452 215 2
1864 9293 2
8994 8886 2
7995 5244 2
7673 1170 1
2561 9329 1
7245 5251 1
1407 5796 1
7333 8614 2
2750 7652 2
1788 2314 1
5450 4867 2
1873 2851 2
1910 5463 2
295 1627 2
7351 1003 1
3462 476 1
1572 7483 2
4408 7975 2
1085 4444 1
6381 6832 2
5793 2017 2
7191 367 1
9542 8183 2
6623 4928 2
9620 8730 1
2158 3860 1
8586 1614 2
2037 1278 1
264 5703 1
6133 3175 1
9780 6401 2
2296 2491 1
4709 2457 1
1558 6138 1
4587 8417 1
913 8407 1
4485 1168 2
9658 5004 1
9001 9888 1
6889 5845 1
8432 7455 1
1881 7408 1
8870 8542 2
6153 2019 2
8862 4805 2
428 1302 2
7469 7965 1
4426 9925 1
6971 6484 1
7357 1727 2
1669 3101 1
4789 9626 2
6781 2877 2
7524 6476 2
8840 5327 1
7987 8099 1
9487 7889 1
9019 9055 2
8991 1109 1
7965 7907 1
4601 9441 1
2331 935 2
6514 1583 1
4156 2713 2
1396 350 2
2044 9863 1
7084 4415 1
1577 8054 2
794 9672 2
3431 7839 2
7380 3605 2
749 3276 1
7795 3154 2
3030 2671 1
8195 6770 2
2993 7644 2
5928 3931 2
1362 8283 1
8628 6440 1
9279 3127 1
2738 3766 1
3875 5121 2
4206 1447 2
3278 7805 2
8106 82 2
9154 1907 1
3755 8272 2
8424 64 2
9050 6897 2
4057 4195 1
9044 9189 1
3526 752 2
1322 5604 2
3521 3872 2
5666 5975 1
2225 991 1
212 1260 2
6146 1469 2
9613 389 1
3827 6478 1
3712 3737 2
1030 3898 2
9488 2098 1
4019 8381 1
4534 9310 1
7461 744 2
5233 7727 2
779 222 1
2482 7035 1
3577 2888 1
6700 6012 2
6308 5618 1
6810 1712 1
3434 4219 2
889 1562 2
9992 4265 1
4857 1407 1
8978 8227 1
4400 2427 1
5710 629 2
4167 9898 1
9417 1455 1
5579 1999 1
2096 3590 1
5421 6224 1
2072 8162 1
4755 1063 2
3288 6511 2
9781 4195 1
2858 4204 2
7344 6533 1
4141 5582 2
7014 724 1
4309 8910 2
284 1561 2
7514 9111 1
2011 8275 1
5013 457 1
1216 4933 2
8038 921 2
6173 1875 2
5921 702 1
2997 3321 1
5355 1846 2
6803 1076 2
4882 1967 2
4916 4534 1
5331 7278 1
5880 7766 1
1522 7371 1
149 46 1
8261 2227 2
8484 6075 2
7161 3845 2
1154 4561 2
2108 4486 2
9921 4165 2
5617 9901 2
884 6081 2
6687 3975 1
7750 8787 1
4338 4996 2
8452 717 1
4169 3720 1
8014 951 2
8310 2523 1
1658 873 1
7617 9530 1
1697 4690 1
7877 8403 1
1840 2692 2
2882 4637 1
4873 8068 1
1977 1182 2
5807 9535 2
6451 9603 2
5630 2768 2
9147 9787 1
4224 8459 2
735 7900 1
1688 4054 2
6243 3757 2
1468 3530 2
3101 7578 1
3667 4950 1
3866 8932 1
8443 2028 2
3544 5230 1
9045 2723 2
4762 1809 2
9591 211 2
8 3849 1
873 9644 2
8316 2405 2
5673 2559 2
7205 7003 2
8135 7987 2
4344 161 1
8441 1506 2
7770 6549 1
792 3065 1
4503 535 2
178 2347 2
31 9290 1
1478 1967 2
8019 3718 1
5195 6990 1
1180 7001 1
6537 9254 2
6389 6577 1
3421 5641 1
9900 867 1
586 798 1
3877 9384 2
4963 319 1
8151 6827 1
4978 5738 1
3980 7084 2
2052 2545 2
9685 8303 2
9371 1209 2
3349 2254 2
4363 7470 2
817 6627 1
7229 5294 1
3526 639 1
5406 2250 1
8595 2502 1
5969 6664 1
6346 6369 2
761 2403 1
8724 7178 1
3520 393 2
2442 3059 2
5124 8108 2
6092 4560 2
3556 9938 1
9102 6360 2
2247 7062 2
86 8136 1
7509 7940 1
1264 1392 2
9404 7472 1
6202 6867 1
8892 7712 2
5352 7979 2
9947 7901 1
9793 3700 2
7171 1831 2
6320 5853 1
7775 3086 2
1300 9834 1
961 2281 1
1424 4132 2
7935 7827 2
7884 1863 2
9793 4569 2
1570 6658 2
5365 6109 2
5585 8491 1
7868 9446 2
8446 9225 1
1818 7454 1
9758 504 2
2393 1443 2
4542 4568 1
3879 3030 1
6155 238 1
7059 2175 1
3098 5922 1
3748 6151 2
8913 3152 2
5522 3788 1
92 2983 2
9659 4064 2
5257 7085 2
1663 6683 1
7996 3080 1
7413 2789 2
8828 2646 2
7764 701 2
7572 8070 1
762 1780 1
1091 7389 1
3657 9394 1
8604 4419 1
4757 1680 2
2119 835 2
3271 6093 2
8270 8670 2
2461 1226 1
849 6152 1
9096 9853 1
1042 7466 2
9164 9170 1
9898 8079 2
5587 8933 1
5986 9655 1
6891 8105 1
2731 2262 2
723 7604 2
9623 246 2
8162 9888 1
8701 1873 1
1328 5004 2
3273 1944 1
6523 4826 2
3577 5327 1
1812 2622 1
6481 7438 1
9823 7957 2
2472 1489 1
263 4059 1
1481 1529 1
7207 3908 1
5315 7226 1
8610 8052 1
8682 4683 1
9467 7463 2
6835 4745 1
4414 8858 1
7324 4195 2
3958 4399 2
7057 7935 2
4020 6654 1
2680 3028 1
5967 9790 2
1287 4814 2
4702 976 1
9288 5214 2
2096 5797 1
460 5783 1
4228 3218 2
3669 8834 1
9505 6275 1
7034 4571 2
6288 1334 2
9207 8625 2
9260 6044 1
1658 26 2
1129 2539 2
7015 9485 1
1451 7886 2
6805 5462 2
6602 4915 2
9791 2725 2
4004 1084 2
8789 2511 1
4715 3135 1
5832 8332 1
4355 1542 1
3569 2247 2
1286 80 2
9066 1921 1
368 542 1
9059 1679 2
4562 4743 1
735 6807 1
6371 3204 1
4308 7319 1
2378 2740 2
9679 4062 1
1206 1290 1
5438 4065 2
9078 6010 2
1284 7815 1
1313 7887 2
5032 6254 2
8224 7848 1
1590 5268 1
1711 7415 1
5340 4590 2
4111 8289 2
1518 8692 1
3575 80 2
9460 6467 2
7662 1924 1
9543 5482 1
8003 2269 2
3655 3677 1
7318 5955 1
3383 9366 2
7964 2703 1
7999 95 1
2382 6047 1
618 9352 1
106 5014 2
6694 2631 1
1601 1753 1
9238 7411 2
7288 3907 1
2323 5225 1
8471 7842 1
5655 7464 1
6253 4407 2
9136 2612 2
2169 3002 1
7539 9766 2
5906 2964 1
6423 810 2
5697 6484 1
7382 8127 2
34 2203 2
2287 1963 2
5879 1855 1
55 9989 2
7652 6300 2
7187 9817 2
3284 7406 1
7919 2248 1
659 7960 2
3706 4197 1
2049 1040 1
4360 2617 2
7989 4064 2
8751 4575 1
5592 7015 2
2218 1721 1
6870 9190 2
6281 8665 1
6401 5956 1
5903 4361 2
8477 8235 2
7331 1268 1
8053 4968 1
735 9418 2
2901 7214 2
4868 2928 1
4781 868 1
1124 2589 2
4565 2354 2
9687 9759 2
2243 9976 2
6391 2164 2
5766 776 2
6163 4193 1
5199 6471 2
6768 351 1
1187 6384 1
1123 9192 1
4682 4512 1
4152 686 1
2291 6587 1
5742 7589 1
3022 9414 2
8377 9092 2
1456 4059 1
3455 409 2
1667 1960 2
3452 7186 2
6707 624 1
1438 2676 2
3906 1944 1
9689 2519 2
5588 4811 2
1187 2487 1
7460 4551 2
3177 677 2
2670 6206 1
6185 5045 1
483 2854 2
4598 2734 2
2216 329 2
8872 6541 2
6310 7302 2
7897 2625 2
3308 4974 2
5288 5488 2
6184 9080 2
298 1601 2
9970 6525 2
8676 4161 1
4194 6604 2
4242 5134 2
3237 7111 2
9684 2079 2
3803 7397 2
1627 1369 1
4812 9038 1
3616 2715 2
9806 2802 2
4302 340 1
4977 3346 1
2115 8215 2
8755 1749 1
3907 5550 2
3036 9429 2
4117 4628 2
6884 4879 1
7316 2618 1
6776 3415 2
6175 5187 1
4905 4754 1
5753 5143 1
988 4777 2
4122 3092 1
4283 1276 2
508 3256 2
5922 6509 2
7630 1912 2
1859 2257 1
5781 3069 1
3123 9427 1
278 2850 1
6986 7809 1
3102 6007 1
5383 4717 2
9530 8561 2
1978 7325 2
927 9623 1
4504 9371 2
6099 8343 2
6107 1733 2
1394 7279 2
2367 6558 1
5402 8516 2
5350 2715 2
3503 5230 2
2613 4552 1
8216 5354 2
1413 8193 1
1152 9655 1
6611 9689 1
6934 5993 2
4208 8998 2
5709 6330 2
289 5586 2
1676 5220 2
560 2220 1
9456 8824 2
3929 3477 1
7957 4058 1
6254 5988 2
9601 8578 2
3988 7586 1
8169 1500 2
2468 7103 2
4170 9769 1
9803 6123 2
97 7436 1
1210 6622 1
3587 2542 2
7606 9744 1
6486 3131 2
9561 7329 2
6614 3827 1
1983 5843 2
4865 4554 1
6554 4011 1
6827 5847 2
9999 1763 2
9339 3801 1
6615 3963 2
4300 8509 2
3391 8100 1
7661 6905 1
664 9267 1
2290 1093 2
775 9284 1
1040 1213 2
9638 2469 2
8085 9536 1
8673 262 1
3517 372 2
5546 9200 2
4094 1423 1
6262 4123 1
7870 7679 2
2318 5510 2
1687 9300 1
1695 962 1
6218 3857 1
4154 1895 2
1193 9710 1
3621 9343 2
3963 6857 2
2007 646 1
3739 2512 1
8320 9856 1
6874 5688 2
3231 2323 1
1961 4714 2
9594 5864 2
752 2704 2
9562 8926 2
7994 8173 1
6204 9239 2
4662 7762 1
9217 3098 1
4344 8970 1
8622 2975 2
9541 7871 1
1981 2598 2
8779 7234 1
9611 3776 1
6327 2535 2
2728 8420 1
5388 2694 2
3530 6060 1
3459 4156 1
26 453 1
21 5480 2
2325 5187 1
9075 8350 1
4556 4362 1
799 2391 2
5092 9558 1
3584 1455 2
3303 5268 2
3154 6998 1
850 6007 2
8579 4224 1
6453 2852 1
9976 101 1
2934 2054 1
4198 4993 1
8606 4139 1
7641 9205 2
170 9220 2
1200 2004 2
5931 1241 2
9582 407 1
8806 6275 1
8315 9946 2
581 9169 1
1346 1004 1
8165 4835 2
4113 2851 2
2518 802 1
7195 3942 1
5262 8534 1
6617 1425 1
9174 6462 2
2453 5796 2
443 556 1
1613 7332 2
2014 6902 2
8870 249 1
7397 7687 2
6023 5023 1
9112 5979 2
9561 4613 1
6644 2790 1
9806 8336 2
4748 7710 1
8423 249 2
5923 6237 2
5180 9803 1
6435 6896 1
4584 7334 2
425 7962 1
1947 1375 1
3030 5106 1
9830 4573 1
7760 5520 2
5778 3070 1
1151 8676 1
7338 5552 2
7792 96 1
2204 7864 1
3877 2777 1
6459 398 1
5268 8761 1
7024 2399 1
2308 1136 2
8725 8906 1
867 3454 2
1769 772 2
9378 2203 2
5039 3732 1
5431 9520 2
1198 9895 1
8250 9195 1
5618 1837 1
7208 6847 2
2906 7850 2
4675 8513 2
1352 7126 2
6737 3820 1
1716 3822 1
4585 2926 1
1097 6256 2
3001 2713 2
2199 2771 2
8994 3699 1
9151 4717 2
7066 2310 2
2778 6139 2
2857 401 2
2339 8428 1
380 9093 2
3384 2630 2
4646 3624 1
6477 9568 2
394 4966 1
1144 5094 2
1922 59 1
5590 1481 2
4683 7482 2
9909 3900 2
359 6713 1
8328 7960 2
9209 8963 1
7878 5849 2
7212 2996 1
171 8606 1
5821 9473 1
2342 957 1
9708 6285 1
4553 8940 2
5471 2885 1
7869 6233 1
1472 4389 1
4427 3828 1
5162 1201 2
3507 5632 1
79 1213 1
3689 6229 2
5829 2869 1
291 6833 2
2852 2950 2
9613 9074 2
9306 1587 2
9109 8669 2
2167 481 2
6895 123 2
8033 6555 2
6145 6615 2
3793 6270 2
5048 4257 2
773 5518 1
9490 830 2
5676 9168 1
3090 5253 1
7309 5774 2
1504 2915 1
6864 9718 1
2726 7192 2
595 7739 1
2948 9448 1
8774 6755 1
7868 9980 2
9231 5127 2
5222 1118 2
8680 7478 2
6798 784 1
7340 4370 1
9777 8534 1
669 7601 2
6004 679 1
7089 9005 1
1293 8992 2
5792 8997 1
9560 2401 1
7592 4330 2
2611 3373 2
7257 1347 2
6258 8207 2
2394 361 1
8940 704 2
402 2331 1
4075 9570 2
6319 2860 1
576 9384 1
4067 8480 1
6574 9691 2
1537 7346 1
3242 4151 2
1685 4241 2
8833 8235 1
1673 3839 1
7202 1517 2
1889 7137 1
5312 708 2
3376 4817 2
5441 3900 1
753 687 1
1073 3573 1
2415 9372 2
3216 756 2
6172 1981 2
6944 353 1
8686 8302 2
9704 4216 2
3229 2748 2
9028 1896 2
9191 3002 2
2546 5383 2
621 8237 1
534 1595 1
4579 1760 2
7799 6754 2
8163 2241 2
8656 6027 1
4267 6018 2
9568 3611 1
6810 233 2
2826 314 1
2647 7936 1
5254 8867 2
378 6293 1
3470 4487 2
9297 1739 1
1314 4955 2
4653 8056 1
9396 5285 1
6338 5733 1
2973 3603 2
122 7553 1
5494 1044 1
8595 4462 2
4848 6460 2
9836 4691 2
5117 7013 1
4556 2232 2
1300 9657 2
5292 5789 2
9841 8473 2
5672 4931 2
2978 6841 1
3457 5841 2
7291 9377 2
5325 5232 2
7635 9501 1
9926 8368 1
8261 2414 2
8807 6561 2
9184 9848 1
7251 9963 2
5815 6082 1
430 8678 2
5282 2185 1
529 8338 2
4683 8364 2
3850 4241 2
4674 7121 2
5498 9528 1
5850 3567 1
9941 5906 2
7609 7010 1
6213 5325 2
4604 2267 2
1784 7962 2
7233 7181 1
3901 1649 2
9978 8337 1
6667 8763 1
753 7843 2
3451 6294 1
8911 7474 2
6681 2789 1
3251 5924 1
6038 5886 2
2993 4224 1
9017 6554 2
928 9250 2
3817 248 1
7723 8986 1
8693 2602 1
5361 317 1
316 2390 1
8870 2867 2
8485 3702 2
5296 9575 2
553 9784 2
7370 8506 1
1188 4896 2
6340 993 1
8583 2337 2
3761 7954 2
1225 4952 2
8135 8347 1
2017 1345 2
5891 1483 2
9838 9615 1
8770 8311 1
7088 1944 2
4681 3287 2
908 7927 1
2703 5030 1
1259 3529 1
397 6741 1
5291 9600 1
5957 1672 1
4125 2707 1
1240 9639 1
9125 7836 2
2318 7103 2
7358 7192 2
7234 5279 1
3907 2491 2
8596 2955 2
5031 8586 2
8069 6541 2
7806 8814 1
9598 6303 1
3010 1880 1
2873 7585 2
5423 3175 2
8006 5785 2
2230 2787 1
1240 7950 2
4958 5990 1
7318 8845 1
9134 4702 1
154 8341 2
5189 7533 2
869 2426 1
5747 8009 2
7273 9509 1
2957 2940 2
2158 6146 2
9692 8132 1
5853 6304 2
2510 7300 2
4216 4485 2
2804 306 1
5456 5608 1
3299 2407 2
6317 3733 2
3075 9666 2
1259 477 1
8435 1605 1
9895 4083 1
6979 3590 1
3701 4112 2
9416 5584 2
2653 3311 2
1147 9904 1
9226 2002 1
8298 6520 2
5482 843 1
1558 4639 2
817 5524 2
5156 8382 2
2309 72 2
7580 2756 2
6803 167 1
4237 916 1
8889 54 2
7159 8338 2
8538 7612 2
9967 8586 1
845 2743 1
5038 7161 2
3934 6725 2
6131 5809 1
2236 11 2
3324 2106 2
6473 6114 2
8129 5259 1
2286 2420 2
7338 1077 2
9076 5667 1
3843 4793 1
6427 8627 1
4751 5484 1
2855 3867 2
5090 3658 2
6798 1801 2
5462 8065 1
8747 8187 2
2087 9169 1
6254 3846 2
2871 3043 2
1610 9810 1
6651 1679 1
1542 2555 1
4219 8308 2
8301 9202 2
390 6564 1
8478 1803 1
1372 5509 1
6588 9245 2
3602 5329 2
4366 9845 2
4370 6406 1
944 8243 2
9720 4424 1
7985 6666 2
8278 6650 1
884 5732 2
1536 9833 2
5791 8893 1
561 4689 1
5582 6643 1
3125 9269 1
1409 2669 2
5533 6107 1
1961 2736 1
6366 4046 2
1807 2635 2
4018 7099 1
174 6093 1
1285 5412 2
5844 6169 2
2233 528 2
7285 5305 2
9347 5097 2
7688 8168 2
395 4924 1
2040 2039 2
4384 540 1
2468 6025 1
18 384 1
3743 7462 1
1862 3377 1
4624 7388 2
9398 1245 1
3123 201 1
1054 6295 2
6183 8578 1
1952 5620 2
3615 7424 2
5793 9247 1
6305 9806 2
2266 2038 2
8713 1020 1
4279 154 2
2727 2303 2
1515 4851 1
8013 7614 2
6875 5626 1
50 8471 1
4142 366 2
9073 4408 1
9972 6256 1
5627 3942 1
6620 4182 1
5521 6297 2
2459 9595 1
5354 6446 1
9436 6685 1
2243 7284 1
7611 5086 2
1002 9055 2
3033 3364 2
7075 3161 1
9003 7722 1
227 2364 2
43 6253 2
1111 1545 2
2853 895 1
8142 548 2
6859 7910 1
7115 4661 1
4066 1486 1
4628 5944 2
5747 1475 1
6614 1598 1
7131 4713 2
6190 5370 1
107 5060 1
1265 5605 1
9176 7344 1
1749 4795 1
2620 4442 1
3110 4188 2
3219 6740 2
9730 7180 1
8703 2181 1
2317 3986 1
9589 4919 2
5022 3869 1
6574 3880 1
6992 8490 2
1751 809 2
2482 2735 2
4369 98 2
3399 6148 1
6545 7900 1
807 6997 1
8145 6453 2
4524 385 2
1374 4320 1
9078 302 2
3544 3442 2
6888 6258 2
2533 5494 2
2488 1371 1
8125 7914 2
4659 3993 1
815 3200 2
1606 7631 1
5611 6206 1
9286 1525 2
2935 9998 2
1722 7065 2
9003 3727 1
2299 3257 1
8916 4626 1
4891 8138 1
2052 6365 1
2811 9685 1
3776 5164 1
4355 1668 2
6577 8459 1
638 1018 1
8452 5101 2
3147 7608 2
1258 5960 1
5357 5753 1
2809 9623 2
6476 7927 1
6184 5735 1
6418 7059 1
3351 7690 1
6335 6705 1
1461 6839 2
534 249 2
2984 7159 1
1038 9336 1
6089 314 2
5297 8525 2
2645 6832 2
4256 9484 2
237 1505 1
7757 462 2
9831 1942 2
1551 7679 2
5530 3725 2
9570 9423 1
9990 3672 1
7476 5858 2
9034 2430 2
2617 5600 2
9340 4777 1
8232 8485 1
8277 6087 1
1645 1170 2
1682 9722 1
3029 5610 2
5764 5688 1
452 5126 1
7153 8347 2
7410 3442 1
7601 5649 1
3161 45 2
929 29 1
5609 2557 2
9827 36 2
3445 1817 2
8172 6642 2
7076 1837 1
9749 9251 2
9968 1097 2
4779 9210 1
2058 5122 2
5776 221 1
9524 3392 2
9047 7766 1
4037 9599 1
7611 1876 2
8697 8414 1
2713 9176 1
2943 8306 2
2369 4937 2
8233 3844 2
2041 6256 2
9663 1551 2
5978 9404 2
2988 6035 2
5761 7872 2
2560 6085 1
783 8528 1
5660 2828 2
5050 1864 2
889 9542 2
5114 5317 1
6833 6737 2
6860 4089 2
7556 898 2
8659 8507 1
8629 5841 2
9714 6229 2
6555 6331 1
6067 9140 2
8801 7503 2
6723 4956 2
7861 9378 2
6387 3938 1
6764 3099 1
8137 4544 2
1837 2247 2
4141 3412 1
5282 1942 2
4748 7233 1
7450 8940 1
2617 1804 2
2442 7345 2
5543 1552 2
1015 4082 1
2496 6443 2
2973 877 1
5569 1231 2
4603 361 1
9579 9506 2
1461 620 2
4756 46 1
8705 2451 2
244 1313 2
6058 4477 2
9033 718 1
1440 6480 1
7187 1307 2
662 1155 1
8136 2273 1
4163 1650 1
5553 1343 2
7378 3246 1
9051 2487 2
8082 1882 1
392 4672 2
7590 1823 1
5643 770 1
2741 1481 1
5424 4749 2
1307 7943 1
6961 146 1
7591 735 1
7442 1912 2
9707 8583 1
886 3049 2
4815 2269 1
3143 2690 2
7503 7201 2
5250 9734 1
1064 8726 1
9208 3900 2
4959 4772 2
95 5565 1
410 3321 2
7551 9063 1
5988 3507 2
118 9964 1
8237 9079 2
5300 291 2
2552 670 2
2160 6966 1
7932 6467 2
5697 6243 2
4708 790 2
2229 3868 2
7711 4188 2
5229 7078 2
9168 5308 2
4559 7486 1
3439 8467 1
8211 7039 2
3670 4321 2
7127 237 1
6324 5338 1
9899 9181 1
94 2679 1
5782 5994 2
9417 2674 2
783 3938 1
641 5965 2
980 4567 1
3830 7020 1
5335 3487 1
9722 9286 1
9019 2293 1
3316 6296 2
939 8933 1
6687 2722 1
5348 1107 1
7660 8615 1
5607 1621 1
7228 1058 1
6840 7429 2
1782 7516 2
5905 8944 1
5783 6295 1
9951 5689 2
3549 2150 2
8036 2934 2
2155 5154 2
4548 2082 1
6009 5863 1
920 922 1
6737 8628 1
1086 304 1
4067 8831 2
8662 4091 2
5073 6799 1
327 6549 1
8468 7856 2
8472 3228 1
7973 2530 2
4823 4673 1
3557 378 2
9430 5628 1
6070 704 1
8280 5478 2
1535 368 2
7881 5869 2
5403 4105 1
276 8899 1
9771 3201 2
5274 4864 1
912 8254 2
8513 3436 2
258 7774 2
9187 2550 1
491 7808 2
4315 2847 2
2029 8345 1
7212 9423 2
7608 8145 2
2265 3071 2
8868 4931 2
9230 6430 1
3966 8448 1
2534 4973 1
8130 4941 1
1570 9650 1
4406 7824 1
5048 9337 2
3184 5943 1
7218 3694 1
9706 561 1
7339 9636 2
6421 2786 2
9670 7217 2
6194 5924 1
5511 3648 2
3147 3393 1
4231 909 1
7128 9578 2
8676 1309 2
1739 5075 2
8110 5571 2
8261 244 2
796 6380 2
414 2265 1
5845 4532 2
8753 5635 2
7112 4415 2
9229 9318 2
1396 9953 1
2901 233 1
6976 502 1
2561 3081 2
3844 7883 2
2619 6485 2
1454 6834 1
8947 5411 1
5711 3331 2
5468 6906 2
9211 6293 1
7500 4102 1
2941 1721 1
5808 6296 2
7408 4976 1
53 963 2
1527 7152 2
7936 6608 1
1590 4739 2
2216 3275 2
6582 7287 1
662 9747 1
581 3183 1
3100 4190 2
7604 2080 1
3691 291 1
5879 4005 2
6267 2046 2
2089 6636 1
5383 687 2
3397 8375 2
590 4043 2
3854 556 2
1076 9354 1
5880 8165 2
8414 6935 1
2188 1601 1
9994 5123 2
5144 5105 1
7493 5763 1
5181 1532 1
8786 1469 1
4655 9787 2
3194 2415 1
8825 61 1
7622 2024 1
2134 277 2
9623 5133 1
2969 4455 2
735 2806 1
4214 1519 1
8117 4798 2
4342 1833 2
8613 9270 1
2487 1562 1
5358 5890 1
634 7830 2
6002 8778 2
5108 7767 1
2985 9051 2
3981 8829 2
2510 3892 1
8052 1400 1
3072 5673 2
9704 3968 1
4323 260 2
7024 382 1
7325 8367 1
3317 6496 2
7049 843 2
9747 7961 2
6503 811 2
2364 7886 1
4522 8122 2
196 6026 2
4601 1281 1
9174 3835 1
2462 4162 1
429 5042 2
4186 9936 2
8172 9255 2
2511 3572 2
6071 3507 2
7540 6650 2
5496 4837 2
6853 1953 2
9291 9886 1
1425 2351 2
4433 4644 1
3466 5467 2
961 6755 1
1752 6593 1
4146 4999 2
7286 4002 1
2723 7923 2
1908 6065 1
4228 333 1
7635 9319 2
1242 7567 1
1628 3935 1
4078 40 1
2602 9867 2
8031 6889 1
4379 7725 1
9211 5961 1
5155 6959 1
9658 4418 2
920 5292 1
3668 1 2
1703 2676 1
4837 3033 2
5998 9244 2
560 3105 1
7360 5739 1
2617 3505 2
1140 9727 1
1786 5513 1
182 2870 2
9791 8171 2
7797 9445 1
954 1404 1
4403 8245 2
6287 567 2
5560 8368 1
1289 9738 1
2544 3097 2
3876 1110 1
9112 4145 2
4144 8307 1
8005 3027 1
4661 986 2
4973 2665 2
7689 8697 1
1291 2436 2
1467 8339 2
863 7080 1
5004 1069 1
1452 5309 2
5985 6114 2
6073 79 1
9299 496 1
4033 9679 1
654 6505 1
9027 737 1
1925 323 1
8946 2508 1
9148 856 1
1205 9693 1
269 1607 2
8008 2932 1
4948 7217 1
4666 9124 1
611 2589 1
5261 4167 1
9519 8532 1
9626 3977 1
4432 8117 1
3162 2744 1
1893 1154 1
9021 5451 2
6462 7938 1
6695 5239 2
4032 7117 2
4878 5755 2
4997 2819 1
334 4134 2
9913 8357 1
2181 1995 1
1022 5818 1
2711 8500 1
8201 7276 2
3291 7436 2
6674 3897 2
2203 4004 2
6248 3378 1
9496 1791 1
4907 367 2
597 981 1
4528 2424 2
6663 1924 1
9329 6462 2
2315 8298 1
1242 10000 2
3632 9661 2
429 2358 1
8456 1587 1
5119 5002 2
1644 2650 2
4217 842 2
1317 6833 1
2776 4872 2
180 8989 1
557 682 1
3178 5253 2
6253 4842 1
6112 855 2
5778 1414 1
1137 33 1
8664 8945 2
5339 6488 1
4113 1377 1
2978 8196 2
258 3167 1
3757 3090 1
2627 1114 1
2343 4129 2
2723 9988 2
191 3910 2
2402 4451 1
2648 9704 1
2054 865 1
6602 4580 1
1702 3901 2
8463 6282 1
5698 7368 2
9319 2494 2
8841 1625 2
6693 7944 2
3265 2506 2
175 4036 1
6738 6296 2
1345 8259 2
7115 2918 2
9515 5848 1
8252 3499 1
2943 1548 2
5867 4655 1
5684 6091 1
8655 6482 1
3222 2757 1
6120 7302 2
9091 702 1
4581 3296 1
3887 3453 2
6364 874 1
5121 1137 1
565 1236 1
8420 39 2
1567 5295 1
7495 3365 2
3690 7744 1
3325 8739 1
9244 3171 2
8894 9789 1
4957 1110 2
1812 4514 1
7178 5641 2
5439 4088 2
5893 9685 1
8370 1765 2
8403 5138 1
2195 2343 2
6173 6543 2
5967 4718 2
7056 1150 1
595 781 2
1581 2116 2
1844 3916 2
8633 1678 1
7576 6233 1
1038 359 2
2043 3810 1
5176 1379 1
4315 588 2
9258 6280 2
1133 6752 1
9974 5295 2
9606 4808 2
4584 1159 1
6690 2775 2
8332 4163 1
2592 2094 2
4643 9143 1
6227 9656 2
3731 7326 2
1827 95 1
4388 8519 1
2714 8996 1
1315 5827 1
4136 2251 1
7906 7497 2
4320 5052 1
8646 4947 2
2696 1044 2
8776 174 1
317 690 2
2165 6750 1
908 3242 1
5950 3767 2
3098 8693 1
5785 8517 2
5966 6719 1
5246 6677 2
1426 5144 1
4922 9914 2
6869 4644 1
2335 7321 2
4347 1259 1
3442 6317 1
7771 6985 2
876 6548 1
8272 2767 2
5834 8191 2
6602 8352 2
2653 1286 2
9066 2357 1
5467 8818 1
9097 3274 1
5788 9970 1
8001 7326 2
3949 7175 2
4194 4327 1
8865 3671 2
4447 9596 1
7323 9405 1
9406 5657 2
4821 5319 1
5068 1982 2
6252 4327 2
3751 736 2
8449 6275 2
5138 8167 2
9225 6790 1
9028 6719 2
6702 2716 1
6137 4679 1
429 7193 1
4464 7908 1
9110 8435 2
3419 255 1
9839 9940 2
4882 4067 1
4961 8777 2
5072 3200 2
1769 3589 2
7876 3547 2
9257 6943 1
578 6555 2
452 5935 1
8992 8126 2
8885 6405 1
2457 2962 2
9433 1107 1
7693 3788 1
2272 4206 2
399 8837 2
6560 5888 1
3462 7095 1
2450 345 2
1948 5044 1
5139 9194 2
5666 3648 1
484 1448 2
4970 3266 2
779 9711 1
5404 8967 1
9392 2908 1
8082 2463 2
1601 1458 2
4363 9374 2
6974 3030 1
9739 1004 2
2349 867 2
9674 1206 2
1207 9671 1
9665 2651 2
4857 6468 1
4688 9247 1
8853 128 1
1451 5355 1
1726 2773 2
8712 1579 2
6863 3986 2
8146 5070 1
2181 9512 1
8473 4522 2
5920 9021 2
2752 8214 1
1254 1565 1
6430 6910 1
3425 8756 2
3486 5683 2
7660 4565 1
2638 5592 2
8649 9862 2
884 8230 2
3342 1186 1
4468 8233 1
9843 2149 1
763 2128 2
1606 4932 1
7720 6529 1
2247 8659 2
3741 6482 1
9052 780 2
5970 1873 2
7358 8175 2
4451 7502 1
6538 5052 2
5773 1724 1
4034 4762 1
9061 99 2
6745 212 2
6801 2049 2
6171 3063 2
8332 9956 2
930 9622 2
2038 6465 2
66 3606 1
6258 1505 2
5758 8306 2
5447 1423 2
6416 1656 2
3664 5131 1
5605 6569 1
1868 3802 2
8719 4381 2
4606 851 1
129 5021 2
781 1555 2
2599 2295 2
4149 6538 2
9787 3982 1
3461 6140 1
7521 7704 1
1520 338 2
6236 7150 2
9852 8886 1
2966 8063 2
69 266 1
5212 6573 2
9387 8818 2
2000 7022 2
9759 8981 2
3654 6620 2
699 2624 1
3175 1702 2
7047 1443 1
4737 9725 1
1060 1650 2
6420 3096 2
9445 5493 1
9094 7440 2
1041 9672 1
4784 6020 1
2931 4444 1
800 7543 1
8234 1508 2
3525 6141 1
9545 4329 1
2166 4418 1
9912 9559 2
3387 7730 2
8449 1917 2
9570 514 1
1284 9073 2
1740 934 2
5923 6842 1
3869 3673 2
7479 8164 1
8655 5832 1
2921 6863 1
7663 8263 2
5450 4481 1
2063 8186 1
7243 767 1
7027 1661 2
6485 1448 2
2644 4637 2
4115 5562 1
7648 7165 2
4451 7947 1
9287 8386 2
2985 4273 2
1616 1927 2
1724 3098 2
9330 4586 1
4663 9221 1
1515 1309 2
6457 6151 2
6701 5942 1
8614 7096 2
6204 5647 2
8947 1955 1
7697 9190 2
7485 2297 2
8506 2798 2
2179 7423 2
663 9549 2
8424 2091 2
6463 4892 2
2386 6267 1
3737 2602 1
190 2382 1
9251 4137 1
1225 4296 2
15 6848 2
3912 6147 2
6577 4983 1
8593 6409 1
5202 4654 1
1888 5371 2
8752 5942 2
6531 8621 2
4268 6710 2
5231 951 2
5898 8583 1
6968 1333 1
6484 5481 1
1404 5480 2
9848 4988 2
3002 2180 2
4469 7768 2
4771 1696 1
578 9573 1
7328 2361 2
40 4868 1
9771 2974 2
2675 8340 1
52 3797 2
4356 7261 1
8173 5429 1
3426 2857 1
3327 2762 2
4948 3206 2
7939 1173 1
872 8533 1
9962 8665 1
7808 542 1
3158 5759 2
5328 5018 1
9662 771 2
5937 8567 2
7678 8228 1
2657 3368 1
6084 8376 1
1313 1523 2
8437 1142 1
7877 2129 2
166 7402 2
5656 5361 2
5779 868 1
8917 5493 2
507 1017 1
6815 6947 1
7377 7313 1
7578 6949 1
3037 5431 2
9807 1386 1
9049 8988 2
4044 5811 1
7253 869 1
2530 7174 2
1604 7128 1
1398 1471 2
8301 7651 1
4320 2986 1
6378 4117 1
4558 6154 1
1036 3731 1
9682 6885 2
3541 197 2
1440 9974 1
1500 438 1
9314 4410 2
6045 7223 1
6980 6835 2
5559 9404 1
9911 9832 1
4012 8445 1
8946 5923 2
9988 823 2
3756 9297 1
4154 8649 2
1204 3750 1
2397 1415 2
9962 983 2
417 1227 1
8515 7085 2
6796 2639 2
6616 4505 1
7529 7796 1
8231 3978 1
7288 1341 1
1361 7672 1
380 373 2
1226 8141 1
5659 629 1
5885 5511 2
7154 8047 2
6917 7208 1
2623 4438 2
2917 2630 2
1637 6963 2
561 3931 1
5067 402 1
4915 9701 1
557 1426 1
4711 2247 1
7514 8905 1
7807 4391 2
5364 382 1
6815 1838 2
9011 1197 2
4994 3659 2
9474 4711 1
9939 144 2
7328 8895 1
3333 4435 2
8321 4718 2
4844 1679 1
8683 8703 1
7266 7809 1
1689 2468 1
1187 6891 1
8043 7919 1
1793 9028 1
1268 6490 1
4640 437 2
3531 2416 2
7899 8430 1
8891 433 1
5021 975 2
371 4770 1
7209 4927 2
134 1130 2
3603 6345 1
4651 3623 2
9941 9322 2
2574 9623 1
763 9844 1
1822 6079 2
7671 4671 1
9917 4552 2
5598 9490 2
2515 6300 1
9320 3022 2
2187 6446 1
1204 3060 2
4453 6367 2
6514 4521 2
4866 1802 1
8935 1593 1
9339 2921 2
5516 2722 1
1611 4349 2
352 9300 1
8816 5274 1
818 8600 2
6942 3704 1
935 694 1
1740 115 2
1146 9837 1
9204 6780 1
9558 831 2
3191 4871 1
4334 6626 1
7687 5163 1
1799 2736 1
1132 2885 2
3864 2568 1
6496 9605 1
2576 715 1
2787 8846 2
4080 271 2
55 6170 2
2461 4096 2
9012 6613 1
6944 9386 1
8502 3373 1
8725 1744 2
2746 9241 2
9167 3816 1
3733 7182 2
6547 7965 2
6861 2363 1
8392 7996 1
3789 5743 1
6861 5207 2
6534 8957 1
195 4901 2
9897 8975 2
2319 9728 2
9341 5968 1
6426 5077 1
3903 7345 1
3553 3720 2
8397 7765 1
7540 5485 2
2714 4804 2
411 5808 1
7358 8460 2
5516 8174 1
2883 6235 1
9367 1850 1
7001 2999 2
6939 9 2
2706 2214 2
6109 710 1
503 8678 1
5560 319 1
5505 7798 2
8936 7141 1
6800 5915 2
6238 4224 2
5096 2156 2
943 6697 2
4223 4951 1
7301 7199 2
3457 4442 2
7388 5731 1
7756 8170 1
7990 9643 1
4068 7167 2
4504 8994 2
5440 3382 2
8683 2838 1
4939 1294 1
2572 7369 1
9796 9724 1
5788 2050 2
1214 5559 2
560 9401 1
2209 7388 1
3026 2062 1
471 203 1
5710 194 1
496 3240 1
5734 444 1
3406 859 2
3167 9765 2
330 3984 2
9746 5612 2
1437 9352 2
8875 7076 1
8056 326 1
9101 2401 1
5372 8339 2
2973 2543 2
771 6571 1
547 6139 1
4005 2494 2
8508 5895 1
2340 6016 2
5002 6586 2
1585 4649 1
7170 5630 2
6900 8389 1
8285 5873 2
9336 436 2
3560 3284 1
8780 7259 1
852 479 1
3123 1010 1
2934 3243 2
7077 9125 2
632 726 1
4284 6355 2
4022 4595 2
9960 9234 1
4610 6743 1
5467 3176 1
4337 6733 2
1262 4051 1
6012 8115 1
8250 4147 1
720 4507 2
2352 939 1
1566 1675 1
9906 7923 2
6251 6829 2
9911 6585 1
4065 7920 2
3627 7099 1
6109 2085 1
588 2830 1
4943 7474 1
6542 6411 1
941 6131 2
4264 4204 1
944 8852 2
6469 9204 2
7749 3928 2
4853 52 1
77 4805 2
6089 8327 2
7037 4198 1
9642 5767 2
5231 6824 1
882 149 2
7487 7437 1
2177 2181 2
6336 9580 2
4858 3791 1
6757 7662 2
5779 4720 1
9623 2131 2
9977 5015 1
6693 1211 1
4377 2760 2
5488 2766 1
3240 8220 2
3723 2917 2
1261 2383 1
2961 2158 2
6113 849 2
4222 5867 1
3382 2630 1
1829 8308 1
7981 4838 2
6345 7328 2
3118 4429 1
5220 1104 1
2132 6348 1
4499 3717 1
9822 918 2
7671 5845 1
7632 1204 2
6661 6298 1
3328 3234 2
2263 7570 1
1753 8831 2
7802 9680 1
7291 8305 1
6302 6666 1
1385 9743 1
1225 1657 2
2537 3013 1
4404 5772 2
6936 2675 1
908 7285 1
3492 6878 1
1218 7578 2
9792 4190 1
6636 4437 1
531 9215 1
2274 3509 2
9369 3168 1
2929 2939 2
7984 7270 1
4731 3550 2
3661 4906 2
3222 2231 2
1237 8551 1
6761 3269 1
6628 733 1
3794 7275 1
3193 8737 1
9218 3533 2
2568 9547 2
8062 6311 1
2983 1366 2
1168 454 2
7361 1395 1
3477 1148 2
806 1366 1
141 480 1
4537 8712 1
2398 6444 2
9616 8307 1
9953 8798 1
8536 5033 1
1171 7911 2
463 8542 2
1206 2223 1
9512 6121 2
1629 1567 2
2074 5687 1
1875 7797 2
7281 9336 1
5589 3012 1
1148 6272 2
1667 1025 2
5997 4711 2
3731 5863 1
2380 4874 2
3790 5156 1
8821 1560 1
4290 7450 2
5413 2885 1
6334 3839 2
5984 5386 2
553 9853 2
3774 2931 1
2475 2306 2
1450 3552 1
4657 3953 2
754 6964 1
3662 8960 2
8186 5449 1
8325 24 2
4921 6346 1
6704 3608 2
8841 8888 2
5404 8130 1
4635 2390 1
7338 1629 2
865 5645 2
272 7937 1
9011 9945 1
4934 3390 1
1771 6793 2
5658 9989 1
8168 9203 1
6524 8701 2
3695 829 2
1506 1232 1
7077 7525 1
4181 6459 1
3702 5211 1
5523 7761 2
4354 9538 2
6875 7449 1
8106 4322 2
3732 9116 2
1207 1033 1
8150 6104 1
1876 2949 1
3839 8191 1
4447 2891 2
6959 3800 1
7340 804 1
2380 429 2
1042 4619 2
8703 412 2
732 5040 1
86 839 1
8520 6872 2
9936 8900 2
7308 3706 2
1268 4989 2
6348 2067 1
266 9328 1
4389 5523 2
1744 8208 2
2598 5790 2
9814 5410 1
3073 5837 2
1826 8561 2
6559 5178 1
2829 7051 2
5497 3607 2
3525 562 2
6784 4344 2
6745 8716 2
213 8596 1
6208 5876 1
8945 2040 1
1106 310 1
8415 1444 1
4445 6294 1
6045 4108 2
8945 3834 2
719 8168 1
3077 4540 2
6732 2580 2
3664 6153 2
511 1345 2
848 8980 1
2647 5154 2
4295 4403 2
6743 6704 2
5800 241 1
7047 4695 2
3615 1579 1
9969 8262 2
662 3267 2
6661 1283 1
7377 6928 2
7541 4373 1
8307 7612 2
8153 2520 2
1702 2965 1
9005 5372 1
6968 6092 1
814 4535 1
3624 8649 2
7233 8126 2
3213 6117 2
972 10000 1
6623 7294 2
1019 8027 2
1852 5495 2
6268 6341 1
5381 4949 1
8035 4388 1
9662 7971 2
9479 2022 1
65 5103 2
4515 667 1
2012 42 1
4758 2389 1
3998 380 1
6515 6623 1
1246 6527 2
5266 979 2
5556 8879 1
7021 8866 1
9230 8704 2
964 6001 1
8557 5368 1
6906 2806 2
261 9600 2
4469 63 2
3968 4919 2
6082 3915 1
1948 6719 1
7230 4718 2
1608 6046 1
7710 1842 2
731 591 2
3336 2017 2
4573 9694 1
1160 284 1
604 2992 2
4028 9975 1
9753 5368 2
5944 6202 1
6504 5251 2
8467 4881 2
2196 1037 1
56 6509 2
7720 2970 2
5878 8770 1
2055 7758 1
7057 8807 2
9877 9429 2
7838 3321 1
5339 8972 2
3963 759 2
9623 326 2
4645 6663 2
729 2008 1
3583 2736 1
4936 6957 2
4338 2638 2
2571 3778 2
2807 4546 1
5569 8443 1
8415 2495 1
6825 5069 2
9372 9646 1
6506 5138 2
6053 8619 1
1645 1688 1
4790 2037 1
7982 7602 2
6013 4466 2
4958 1781 1
4254 3465 1
7348 2268 1
7952 2646 1
8759 2149 2
6638 9593 1
7014 3058 2
5864 2343 1
1376 8985 2
2287 3288 2
700 5844 2
620 3335 1
7443 6082 2
6249 4486 2
2945 436 2
758 1063 2
1111 1137 1
1526 2691 2
2156 7954 1
1599 8391 2
423 5702 2
4062 7810 2
2087 528 2
1313 1417 1
3307 8532 2
2603 9156 2
7802 1774 1
2275 6142 1
8973 2378 2
2085 5096 1
3136 733 2
8975 2630 1
8901 571 1
3350 704 2
8752 5230 1
639 6739 1
5484 7270 1
9862 2686 1
628 1716 1
2698 7477 1
779 2141 1
4350 5826 1
6389 5901 2
922 5183 1
5691 8225 1
6393 7117 2
6843 8540 1
1273 4800 1
8854 2899 2
2285 5536 2
6545 4177 2
2110 7001 1
9668 692 2
2998 8796 2
6494 5662 1
9859 7404 1
2510 7924 1
8315 9154 2
796 6579 2
5330 7514 2
9230 6918 2
7141 8787 1
1203 2769 1
274 339 1
6460 4201 1
5006 2385 1
7054 9066 1
4158 8329 1
193 9296 2
9678 4220 2
2036 14 2
1437 7533 1
726 6490 1
4527 7189 1
8495 1358 1
5482 2031 1
8581 9817 2
569 4253 1
9383 9212 2
3164 2321 1
8630 9966 2
1638 9237 1
8695 6345 2
4030 6804 1
1730 3290 1
1422 3022 1
8614 4580 1
2279 360 1
1219 2766 2
9531 1337 2
9966 2945 1
2754 3967 2
3584 6667 2
4358 2632 2
6055 2686 1
982 8905 1
4004 9633 2
7239 2843 2
4636 3134 1
4318 7496 1
1783 6563 1
2663 4195 2
724 1137 2
130 4141 1
2579 496 1
5968 961 1
1561 4697 1
4362 9385 1
1792 4410 2
7259 8342 2
8548 1318 2
4881 3084 1
8791 1330 1
2416 2099 2
6957 8809 1
1582 8119 1
7121 329 1
9944 457 1
7919 7044 1
7020 6141 1
9304 768 2
1949 6746 1
1393 8391 2
4003 6221 1
1491 2056 2
3944 3062 1
8893 6740 1
4795 600 1
670 5778 1
3777 4237 2
1483 6795 2
3999 5073 2
2735 302 2
8113 1298 2
9702 1630 2
8327 551 1
4337 8463 2
2995 3094 2
2245 5900 1
7996 7627 2
2827 5380 2
4957 2728 2
5698 6009 1
5254 3295 2
3737 9231 1
4362 7322 2
5637 7699 1
1680 2292 1
5089 5266 1
4451 9006 1
5065 9037 2
5586 1259 2
8990 4764 2
7296 8835 2
5125 3223 1
2741 4980 1
8456 4799 1
1115 6892 1
7763 9571 2
6401 1841 1
7752 7851 1
7548 1641 2
7276 7537 1
8705 1810 2
2391 5635 2
8573 9627 2
8808 6035 1
4797 9561 1
8943 4759 2
8662 2003 1
2353 9385 1
270 3319 2
4328 2055 2
3921 7795 1
5616 5812 2
1085 7628 2
187 2310 1
3062 4442 2
6798 8502 1
4195 7434 1
4498 515 2
8799 2299 2
6420 7375 1
3225 6882 2
5717 4752 2
8740 2902 1
4298 8400 1
2648 7252 2
4205 7758 2
1503 6556 1
5322 987 2
953 4786 1
1475 9022 1
24 5438 2
7661 8865 2
4260 9676 2
3537 9281 2
1849 6765 2
5452 417 2
7908 9972 1
2191 9656 2
2730 7050 1
4975 9566 2
5697 1867 2
6982 6227 2
9125 6631 2
6720 1817 2
6036 4434 2
4287 5749 2
9379 1604 2
4792 2194 1
54 6793 1
6996 9245 2
8603 7089 1
8048 6906 1
7408 5041 1
8477 4157 1
4121 2529 2
1408 3554 1
9436 7917 2
1139 4999 2
3700 4532 2
802 9660 2
9713 7836 1
2912 8426 1
9029 5468 2
9599 5577 1
857 8175 2
5419 4472 1
8054 2648 1
5616 9705 2
4829 1545 2
479 9634 1
1808 4314 2
5646 477 1
1974 2633 1
9845 7576 1
4475 1732 2
8017 5878 1
8477 8832 1
708 9021 1
1888 7942 2
9427 2950 2
2187 2880 1
4103 1344 2
5017 9169 2
5901 4878 2
3673 4906 2
5558 660 2
4751 86 2
6759 4157 2
1664 8639 2
1546 4504 2
5754 1942 1
8972 7046 1
3594 1535 1
3053 8078 2
2275 50 2
5059 7994 2
8446 8908 2
8679 695 2
4308 5756 1
1494 9193 2
3398 7526 1
209 5236 2
2294 1267 1
9549 6340 2
9979 3343 1
4596 9126 2
1153 9834 1
371 4957 1
7559 3080 1
8394 6046 1
2831 305 2
7391 1572 1
8225 5025 2
4443 6957 1
5128 5337 1
9947 9178 1
5043 5212 1
2976 2579 1
6054 83 1
1760 1569 2
3302 7658 2
5635 2403 2
3409 144 2
4550 4874 1
1908 5035 2
4491 9660 2
850 4594 2
6903 644 1
7972 2017 1
8787 1168 2
4356 504 1
3708 3922 1
3216 3133 2
2307 1520 2
5677 6357 2
3774 5797 2
1730 3967 2
7637 6573 2
6281 9849 1
1174 6829 2
8609 9625 1
5489 2120 1
4446 7141 2
8380 5643 1
1031 6203 1
1376 3154 1
1144 2842 1
9082 7184 1
7326 8119 2
5899 1068 1
4205 5194 2
3465 1038 2
4669 6398 1
940 3270 2
3337 6100 2
2113 1910 2
5903 6848 1
4315 6579 1
307 6283 2
5709 119 2
3515 335 1
849 7458 1
7316 1662 2
8132 4341 1
9564 5644 2
9575 8613 2
2550 4224 1
2880 2190 2
6345 4935 1
2983 365 1
337 9713 2
8729 3765 1
3277 3234 1
3321 9883 2
6271 8994 1
3962 7258 1
3023 846 1
3318 8544 1
7688 3397 2
9994 9007 1
970 4331 1
8439 2301 1
4502 8665 1
5699 9428 1
261 6443 2
8854 9747 1
5026 5441 1
2654 91 1
2251 7390 2
3915 4530 1
5108 1068 1
7795 7140 1
9987 1110 1
7631 5725 1
3781 5533 1
4204 4896 1
8648 4500 1
4876 4723 1
8447 4308 1
7778 6449 1
8946 6009 1
6649 4230 2
267 5138 1
5422 7975 1
2217 1653 1
2273 3544 2
401 2520 2
7497 9411 2
3608 6169 2
5037 1272 1
8682 280 2
5595 6455 2
6086 2488 2
4516 888 2
2032 1297 1
5486 6595 1
4974 7345 2
7537 1352 1
5244 3782 1
6347 1417 1
216 1637 2
5660 5867 2
7014 2151 2
970 1033 2
6653 6903 1
3279 3105 2
535 1669 1
7958 2948 2
2885 1126 2
4161 1034 2
5577 3393 1
4694 1292 1
7675 2595 1
8621 9400 2
7589 9980 2
5076 9041 1
9959 9856 1
8875 4845 2
147 5320 1
681 9669 2
3762 4270 1
405 680 1
7213 1844 2
6173 9416 1
4324 1582 2
642 971 1
2075 8035 1
1210 9483 2
6392 5632 2
8061 3303 1
9511 5605 1
6809 848 1
5030 2342 1
2959 8669 2
2633 9931 2
8787 7879 2
1575 7456 2
5135 6525 2
7307 4326 2
9248 4354 2
8596 3360 2
9912 5914 2
7829 7175 1
9563 8433 1
5333 4231 2
2898 9507 1
3377 6335 2
731 8581 2
1109 581 2
1414 9595 1
2311 7648 1
7545 7504 1
7516 4140 1
1806 5985 2
4993 1178 2
7680 2226 1
7651 5517 2
7857 3303 1
2935 3869 2
4039 4716 1
2883 184 2
9611 8430 2
883 2460 2
6136 7264 2
8421 3903 1
9794 4071 2
9917 3735 2
5052 1358 2
2018 7618 1
4880 5843 1
8927 5936 2
7756 7688 1
9507 9731 1
4047 4691 1
8465 3206 2
9168 9678 1
3809 1827 1
408 3992 2
3005 9627 2
5234 2273 2
8341 6979 1
5794 930 2
5307 2385 2
715 2963 2
5608 8499 2
7064 1571 2
3141 6632 1
468 4789 2
6323 4132 1
5186 3773 2
1748 3265 1
8933 9430 1
1727 3945 2
7913 8831 1
9808 4557 1
9465 3225 1
6997 1921 2
8070 9547 2
5842 5693 2
6471 4655 1
6478 4061 1
1843 1026 2
3156 3010 1
5224 9799 2
5411 6720 1
2168 2373 2
6607 8014 2
7031 1701 2
1661 9273 1
1230 149 2
9643 1552 2
6987 7335 2
7765 4873 2
3039 962 2
8737 2427 1
7982 2784 1
8581 6482 2
7363 7567 2
7755 9199 2
7993 9504 2
9556 6693 1
771 8571 2
6514 1597 1
8885 7401 2
428 3619 1
3560 9416 2
6302 3686 2
9866 6219 2
1958 9932 2
2140 2440 2
744 8140 1
1618 4008 2
8587 2818 2
9014 2202 2
8266 5710 2
1190 6944 2
3492 6437 1
6738 304 2
6413 5183 1
6687 4164 2
7083 7831 1
2630 7227 1
7497 7615 1
6629 3222 1
439 5289 1
5309 6091 1
8264 7534 1
4370 7590 1
3522 2763 2
1359 9603 1
7986 4639 2
383 5061 2
6597 1983 2
4917 2611 1
6208 7699 1
133 8517 2
5258 6246 1
3544 1179 2
4237 9961 1
7212 5174 1
8840 32 2
8466 4189 2
6415 6803 2
7230 7946 1
3465 319 2
9179 6827 2
6930 1715 1
2772 1953 1
4967 9940 2
8620 7940 2
3308 569 1
8951 3132 2
4105 5455 1
9663 9290 1
8024 8966 2
3712 7741 1
3161 1314 2
7307 8110 2
4511 1467 2
6135 5556 1
3553 2685 2
923 1136 1
1994 4937 2
6806 2163 1
9304 1106 1
2184 9811 1
3632 6641 1
3574 2730 2
9337 7554 2
1737 7703 1
1373 5397 2
4719 7658 2
1819 4189 2
1225 3596 1
3671 9716 1
556 4581 1
9609 2277 2
8640 2164 1
5162 6721 1
8132 363 1
8842 5051 1
536 5745 2
8413 5788 1
7889 4894 2
6121 7663 1
7800 9154 1
7369 6966 1
2059 5726 1
9821 2643 1
3643 8281 2
4696 1808 2
4477 9756 1
1297 5160 2
9849 5911 1
9650 6635 1
7422 3274 1
5500 3390 2
3324 1388 1
9185 5929 1
5896 776 1
4121 567 2
7468 2235 1
6078 4713 1
7796 5176 2
3039 3811 2
2770 2676 2
3025 2814 2
362 2073 2
5641 404 2
3223 3287 2
8499 4824 2
8948 6783 2
8686 907 1
6436 2470 2
2350 5736 2
91 440 1
8297 1849 2
2867 739 1
8362 8831 2
6152 8935 2
8818 2718 2
9836 1965 2
8705 5182 2
7892 1821 2
4177 6843 1
7560 3398 2
6572 790 1
4807 3738 1
3169 9459 2
8209 4783 1
4243 3289 1
9387 8639 2
2650 5285 1
4495 1225 1
9376 4327 1
8697 8462 2
2740 9154 1
6267 4100 2
3051 4928 2
8234 9591 2
6122 5885 1
1038 7555 1
413 2663 2
7110 4795 1
7204 901 1
7250 5509 2
5488 1405 1
5143 7932 1
2314 2651 1
431 5421 2
2845 9473 2
2694 6890 2
7671 8273 1
4014 2986 2
8396 8997 2
8172 8055 1
9123 344 2
2968 3150 2
4535 3627 2
7249 8291 2
1399 8769 1
7223 7626 2
1142 3394 1
4287 5583 1
9531 5548 1
1075 4879 1
4115 8957 1
8223 9277 2
9258 923 2
1029 9630 1
2678 8956 2
2938 7213 1
8972 8670 2
3639 5464 1
9704 6944 1
5864 7792 2
298 7223 2
2704 4397 2
9572 6714 2
4596 4888 2
5677 8919 2
4363 7488 2
4208 2956 1
3781 6902 2
8542 5790 1
8577 1344 1
9240 5989 1
9429 3529 2
2038 3342 1
4665 9423 2
114 4056 1
4892 5140 2
8477 4152 2
8638 8031 1
1306 3909 1
1684 7128 2
5406 7516 2
840 2479 2
6455 2109 1
4279 7317 1
3201 4668 1
6625 5665 2
4722 4113 2
5227 9324 1
1279 9592 1
7008 1349 1
9845 4818 2
7580 5903 1
4353 5842 2
2736 8430 2
5960 5249 2
4337 382 1
7936 4507 2
2729 4028 2
7125 9216 2
885 3834 1
3493 2660 1
9877 15 1
8132 6335 2
4718 4261 1
8057 4541 1
1659 4170 2
9551 8366 2
4264 1679 2
9461 5975 1
1366 3948 2
2783 2464 2
619 3466 1
9234 7189 1
9342 8487 2
604 1989 2
1135 3094 1
4889 6182 1
6605 5036 2
303 8063 2
4254 6964 1
5651 2764 1
3131 3820 1
1122 7613 2
7456 9942 1
1514 7127 1
929 5336 1
8589 6833 1
2480 1148 1
4725 6473 1
8520 7793 2
522 637 1
1397 2440 1
8830 9874 2
7865 1735 2
3682 1153 2
3865 5226 1
8030 4405 1
6286 1549 1
2253 1134 2
3077 1539 1
2526 8592 1
9359 8466 1
9044 9477 2
4354 9637 1
455 8615 1
3990 1625 1
3250 3367 1
9352 7424 2
9746 489 1
8826 6369 1
1581 6197 1
3585 806 2
8313 1352 2
6662 4172 2
6720 4465 2
3862 6294 1
3715 1764 2
402 91 1
3972 8442 1
7008 5396 1
4250 9087 1
4312 6015 1
7041 7699 2
9239 6014 1
6023 6154 1
5615 5513 2
4289 1228 2
6997 1592 2
1908 5413 2
1154 3881 1
252 2486 1
9459 6240 1
7064 5842 2
5449 5106 2
1131 8098 2
970 9737 1
1549 8850 1
1934 2067 2
7769 8737 1
7346 1571 2
9788 3445 1
1593 4911 2
2540 533 2
3958 8496 1
3839 9293 2
4195 7893 1
6239 9694 1
5421 2224 1
9325 2475 1
5205 8999 1
9979 4156 2
560 6356 1
9857 431 2
4088 438 1
3960 1906 1
6810 366 1
1042 4411 2
2630 7603 2
9648 4816 2
7330 2814 1
7770 4031 2
3127 3583 2
1579 6839 1
5282 2374 2
163 5869 2
5748 6650 1
2259 2969 1
1971 9510 2
9252 9686 2
9607 263 2
9344 325 2
7502 2175 1
5368 3450 2
216 8917 2
3580 5198 2
8075 4819 1
3654 5179 1
6336 7671 2
3376 7635 1
2164 4418 1
5544 8298 2
7432 5404 2
3939 8247 1
6306 142 2
3800 7751 2
5994 726 2
513 8042 2
5470 3703 1
1229 9268 1
7070 8438 1
4529 3565 1
2720 1854 2
8866 4210 1
8669 4269 2
9724 7058 2
1074 9765 2
8238 5825 1
7792 9068 2
8460 7464 2
9341 5452 1
1852 1923 2
9265 1411 1
3609 5170 1
6810 3012 1
1940 2904 2
3016 4949 1
7469 4367 1
5137 3615 1
5902 2483 1
8990 1137 1
1473 3282 2
1661 8061 1
325 3474 1
4557 5786 1
8989 5259 2
7333 2272 1
7520 2425 2
3645 6239 1
9482 1307 2
8690 5448 2
2202 9063 1
2295 82 1
3474 836 2
5983 9383 1
3195 5966 1
3492 4708 1
1326 6981 1
8259 3229 1
1611 7102 1
6046 7510 1
6054 8944 2
360 491 2
2549 3593 1
7564 9961 1
3139 1175 1
3127 9762 1
8689 8559 2
5578 478 1
6496 618 2
2649 7268 2
6519 2499 1
7086 9253 1
4995 8058 1
4902 4578 2
3826 8356 2
5058 6033 2
4743 2136 2
1848 3644 2
2714 1411 1
3712 945 2
8565 3893 2
8760 723 2
1896 3490 1
2753 7879 1
2453 3971 1
4303 6936 2
6084 8210 2
5724 4660 1
5633 3809 2
1237 3709 2
857 7444 1
6252 3897 1
3761 7890 2
1172 2819 2
5151 3144 1
9545 1927 2
9326 2614 1
917 3689 1
7327 7984 2
7708 8367 1
8675 142 2
2849 4179 1
8689 9708 1
5422 1490 2
7910 3419 1
5153 8143 2
1392 1118 2
9817 6577 1
2291 5358 1
1757 288 1
788 3431 2
3333 5724 1
3056 2104 1
2911 8358 2
822 9799 1
107 5493 2
4105 4395 1
7376 4371 1
159 3824 2
2069 4766 2
1668 8487 2
552 1799 1
3560 2003 1
1211 8438 1
3821 2876 1
1986 644 1
7418 8736 1
1798 751 2
2794 6429 2
9829 3690 2
1806 7353 1
6463 682 2
5319 8938 1
7755 122 1
5133 3502 2
2272 6664 2
5563 7045 2
9356 982 1
3696 433 1
5985 6761 1
9727 621 1
547 4350 1
1376 5539 1
8107 320 2
7213 9300 2
9751 4291 2
9510 1669 1
3991 6957 1
8685 7436 2
4802 1383 2
9691 6663 1
415 8208 2
2121 3621 1
8108 4266 1
3768 3162 1
539 2091 1
3977 1472 1
1456 8430 2
3654 513 1
5380 2031 2
9463 5326 1
9637 5123 2
7102 5067 1
4739 8462 1
1980 3040 1
7349 5194 1
2169 2858 2
6994 9590 2
9824 759 1
7385 4485 2
2384 6366 1
9721 555 2
4460 8469 1
809 9524 2
2460 7433 1
6242 6989 1
7338 5178 1
1071 5529 1
3094 8619 2
3684 621 2
8659 4182 2
8420 2116 2
2327 9751 1
5466 8971 2
8911 9676 1
9649 8006 1
5640 8059 2
8860 8890 1
6695 8444 1
2703 6945 1
9139 7163 2
8019 2905 2
5957 7575 1
2982 2661 2
559 5622 1
1321 6874 2
3442 8751 2
320 3699 2
502 3758 1
2278 3406 1
694 3075 2
7926 4637 2
2129 7107 2
5747 8726 1
3867 5222 2
7665 5540 2
7673 5303 2
8185 2979 1
713 5464 2
9881 2999 1
5224 4107 1
8578 7702 1
8825 2521 1
4952 8729 2
9381 383 1
7158 272 2
8838 6140 1
4823 8443 2
3306 8421 1
6670 7329 1
2774 8034 2
1343 1917 1
5681 5758 2
2035 7052 2
2580 7802 1
7080 9376 2
1761 5258 1
6495 5248 1
6009 5702 2
2893 5110 1
9972 4667 1
2554 959 2
1437 1576 1
3813 5023 2
1140 1090 1
6029 8474 1
9482 7648 2
313 9948 1
3176 1823 1
2930 418 1
5720 9311 2
4404 6191 2
1162 3428 1
1761 2840 1
3761 3190 1
6605 200 1
388 3201 2
9251 6717 1
7101 678 2
8606 2665 1
8957 1608 1
8513 7281 1
8950 2000 2
6096 5970 1
7279 5770 1
6821 3671 1
8020 4502 1
5804 5700 2
7236 8263 2
3062 8591 2
625 8999 2
2826 1281 2
7235 5441 2
4912 3609 1
5206 5318 2
3156 233 1
6311 6409 2
9193 3191 1
2538 8611 2
4403 317 1
9287 8527 2
6716 7018 1
7785 6143 2
9344 1007 1
2398 7893 1
6161 499 2
1306 7835 1
4371 8960 1
6515 4732 2
9521 2339 2
1222 7064 1
8790 9871 1
9217 7188 1
1429 1643 2
3255 8664 1
9650 2976 2
7423 255 2
263 6812 1
6389 9210 2
1088 1873 2
7368 5997 2
5983 6118 1
8122 8081 1
6632 3221 1
4548 9009 1
2230 3020 1
3135 1405 2
4693 7388 1
507 8489 1
294 9789 1
860 5279 1
2494 9256 1
200 7129 2
4294 171 1
9642 1448 2
2572 3721 2
3778 4240 2
1361 4983 2
8531 2633 1
9994 6624 1
6756 8640 2
8208 1954 1
9536 835 1
239 3823 1
390 553 2
4458 701 2
4505 4728 1
2117 5511 1
5840 1197 2
4618 7433 2
8711 5096 2
981 7303 2
2861 3469 2
5560 503 1
1796 4531 2
7752 7746 2
9221 4889 1
9886 1063 2
7721 1724 1
9734 345 2
3504 9779 1
8595 8460 1
8030 1236 1
8169 667 2
7353 8811 1
6722 1957 2
3757 7386 2
5338 3980 2
2712 4051 2
4611 7221 1
4414 7168 1
754 8746 2
9814 5948 2
96 8507 1
9978 9640 1
1977 8680 2
2651 9095 1
2912 7561 2
6460 1089 2
8922 3671 1
5250 36 1
5086 5744 2
9786 5310 2
4300 5190 2
6499 3493 2
2226 1392 1
4688 7983 2
8504 88 2
8615 7770 2
7702 9692 1
4980 2485 2
9257 9598 1
3207 8085 2
2498 3636 2
289 4562 2
166 7480 1
1740 3911 1
9103 6216 1
3024 8597 1
7849 1719 2
2526 8592 1
8598 4667 2
6601 336 1
9803 6989 2
56 3522 2
2289 2812 2
4950 6581 2
9956 7434 2
7746 9614 2
1399 8989 2
3792 3988 1
3983 9967 1
1493 4516 1
7715 5951 1
2670 5918 2
819 8094 1
8826 2998 1
8094 9219 1
7164 404 2
1770 9176 2
3258 3428 1
4735 586 1
112 807 2
5996 5148 1
3886 1808 1
6081 9589 2
4646 5224 1
6756 7741 2
2799 5531 1
668 1956 1
181 9289 2
3417 7740 1
4374 6598 2
2986 3898 2
8982 2346 2
2309 1337 2
4796 7393 1
3459 214 2
6451 8971 1
4016 9333 2
202 5822 1
3759 6107 1
4756 1871 2
4229 1121 2
153 5261 1
2426 6696 2
3651 7350 1
9851 7567 1
9330 1376 1
5402 9983 2
4729 6066 1
2556 7680 2
6814 1800 1
1930 9089 2
894 8610 2
8561 2340 1
4950 4229 2
6610 3535 2
1291 312 1
802 6700 1
7219 5321 1
9963 7161 2
2298 5526 1
4042 6713 1
9519 6948 2
3007 7394 1
4772 8028 2
9440 9453 1
7137 8825 1
2965 490 2
4705 6667 1
8877 6697 1
835 2918 1
7993 7953 2
2698 9140 2
6956 1452 2
9246 9791 2
8097 3929 2
6585 2744 2
4916 9306 2
9179 6915 2
8871 7827 1
6695 5816 2
5071 1761 1
3539 6676 2
7413 5457 1
3324 6886 1
278 5812 2
1360 7794 2
8771 5154 1
9682 881 2
6322 2499 1
4729 4911 1
8299 8279 1
7105 1932 1
8715 6384 1
9320 8492 2
7349 67 1
5170 6983 2
5995 2635 2
9606 9929 1
6185 3270 1
8319 6627 2
6795 1286 2
941 3496 1
9955 8128 2
3457 161 1
2612 6304 2
6804 5466 2
4361 516 1
3424 2898 1
9871 2781 2
7541 8399 1
6982 2785 2
1958 4088 1
6708 571 1
9338 7945 1
242 5017 2
155 3379 1
4797 3437 1
2938 8409 2
9350 3213 1
4889 8291 2
9891 8500 1
4719 3055 2
3452 7822 1
1384 2603 1
398 8160 1
3491 1757 1
1195 621 2
4354 2955 1
5864 4370 2
6861 5539 2
6878 7531 1
7231 8548 2
442 7579 2
4711 5875 2
2910 4265 2
7817 6664 1
3757 4093 2
5707 2958 2
3042 7239 1
152 2726 2
8570 1945 2
9696 8980 1
1509 936 2
9430 6273 2
4601 8975 2
17 2935 1
991 6187 2
2363 6456 2
4004 9888 1
5989 9976 1
8906 7778 1
3265 4670 2
4500 9261 2
8535 5575 2
7581 350 2
5265 259 1
6738 5912 1
4398 2982 1
6835 1600 2
819 6248 1
4278 7937 2
7301 5046 1
4004 6361 1
3792 9423 2
5274 1450 1
867 4615 2
2298 9306 2
7298 3927 1
8647 7555 1
4915 3099 1
764 1860 1
5857 5683 1
6022 6478 1
9196 194 2
9461 3623 1
7607 1666 1
7312 827 2
6537 4319 2
4926 9270 2
5229 4935 1
93 3659 1
6946 5728 1
8990 2272 1
5019 9666 1
7175 3136 1
8799 7225 1
4976 3287 1
9946 1204 2
2983 3850 2
5595 8793 1
8588 1709 2
8468 5183 1
6213 6426 2
909 5346 2
3675 4689 2
7762 4178 1
411 3698 2
5888 4916 1
5671 5157 1
5516 9503 1
2387 1618 2
7980 5089 2
8088 1993 2
1611 6824 1
2083 1948 2
1913 4634 2
3287 2224 2
9705 2893 1
1367 8592 1
290 8063 1
8957 3242 2
8607 79 1
3206 4431 2
9663 8994 2
2228 8615 1
1621 9455 1
2155 9867 2
7785 1107 1
9572 7114 1
517 6366 2
7980 6276 2
8008 9556 1
1238 9490 2
8087 2654 2
8245 6012 1
1671 8902 1
4899 3361 2
6452 7934 2
5181 2403 2
3198 4506 1
2757 7320 2
5863 7393 1
4415 8282 2
8966 7280 1
4692 4600 1
8342 8455 2
3026 5251 2
3463 3194 2
8377 7890 1
7452 5457 2
4175 9198 1
2284 3256 1
1438 2150 2
18 144 2
3121 5101 2
7165 5724 2
474 3095 1
5824 7637 1
3791 6976 2
9299 2151 2
7832 2949 1
3792 4241 1
867 7208 2
1031 2569 2
113 1056 2
8410 9766 1
8598 9239 2
1490 68 2
4380 2154 2
504 8932 1
8641 9277 2
9645 3161 2
2020 2228 1
5442 6235 2
2764 3963 1
5985 904 2
7969 8175 1
8418 4270 2
369 8147 1
2726 9507 1
3244 9708 1
5393 2429 1
569 3781 1
1511 2746 2
3711 7420 2
8982 8186 1
8764 3571 2
1516 4863 2
2722 5568 1
5565 2644 2
5669 3293 1
5438 3155 2
4638 553 1
2909 445 1
9115 3525 1
4550 9879 2
6268 5255 1
2495 8487 1
984 3274 1
8301 1931 2
886 7773 2
8781 6082 1
6805 1200 1
1452 1073 1
9892 1850 1
4239 4543 2
7770 8837 2
7788 5849 2
4559 8992 1
6479 3919 2
7841 3244 1
1431 9893 2
2177 2416 1
886 3347 1
19 5958 1
212 9718 2
306 8443 2
524 2828 1
7609 7522 1
8941 9660 1
4219 7458 2
3146 7020 2
9451 1428 1
779 3401 2
8341 9446 2
282 3347 2
7092 3770 1
8375 9581 1
7369 7079 1
389 8497 1
8603 7527 1
7818 2091 1
8033 9016 2
9699 5657 2
3114 9563 1
5421 2449 1
5173 9544 1
7149 9323 1
4697 4984 2
4329 4563 2
3663 2218 1
4957 1208 2
7938 1182 1
760 2928 1
1910 9677 2
3164 7666 2
3215 4031 1
3745 9418 2
85 6371 2
5026 5128 1
7494 2139 1
1710 4657 1
6116 9373 2
7272 4541 1
6963 9955 2
2632 8743 2
7452 2172 1
1401 929 2
461 7385 1
6056 3485 1
3015 1344 2
4011 2708 1
543 8925 1
3928 8291 1
5421 7612 1
9737 9658 1
7280 1248 2
2575 5339 1
2743 1312 1
2892 3585 2
1241 4244 1
8359 4822 2
7375 6124 2
428 11 1
8997 7561 1
1370 1428 2
6828 5602 1
211 8649 2
5467 1953 1
5583 3303 2
9417 2132 1
6889 3789 1
4389 9996 2
720 5120 2
6767 8145 1
2760 8167 2
7564 1836 1
1319 8335 1
9493 5819 1
2648 8040 1
9880 3904 1
1195 8166 1
4278 4739 1
1203 1665 1
5364 6556 2
3830 7045 1
9642 4201 2
6001 3731 1
3735 7310 2
2226 1998 2
7818 2832 2
2252 8223 2
3946 4345 1
3270 3490 2
1696 7128 1
364 5975 1
9592 7294 2
3101 6993 2
4292 1537 1
8635 6458 2
728 1388 1
942 9405 1
4399 9293 1
2753 3115 1
1764 1366 2
1556 6167 2
8938 1998 2
2168 2010 2
3205 4701 1
3270 8367 2
9695 4611 2
2249 8936 2
2164 6657 2
9487 1271 1
2806 3838 1
5435 8118 2
8457 6563 1
54 2224 1
3816 5120 1
6490 1189 1
8031 4613 2
8694 5210 2
8158 4105 2
9693 6007 2
5693 1479 2
9446 1751 2
5234 6572 2
29 1643 1
4956 6251 1
6049 9863 1
1740 7161 1
9860 2132 2
6215 2144 2
3006 8653 1
7541 8288 2
827 9714 1
8661 5066 2
6648 5735 1
9063 7204 1
5514 7654 1
5920 2375 1
9543 2041 1
7834 5492 2
1754 3713 1
8305 219 2
3715 5538 1
4951 6882 1
4341 756 2
6704 6484 2
599 3556 1
6423 4319 1
644 3248 1
5304 9797 2
9722 9055 2
1860 6364 2
6463 7095 2
2928 622 2
1815 6837 1
1989 7642 1
2463 5577 2
2034 1025 1
2198 1415 1
2149 9177 2
4334 2439 2
70 1934 1
9551 2933 2
3917 8316 1
5749 4225 1
6759 4550 1
6093 7217 2
5140 2162 2
7436 2107 2
876 3419 1
9848 5595 2
1941 846 1
9005 3555 1
303 8813 1
1721 5781 1
3304 2319 2
2528 7291 1
7992 5422 1
8376 8320 1
6903 9751 2
6878 4389 2
6930 6062 1
5488 1037 2
1722 3591 1
49 1024 2
452 7582 2
8233 5212 2
314 2832 1
1314 9231 1
2248 9232 1
2844 8607 2
3424 3907 2
6377 9698 1
9783 9780 2
1842 326 2
2293 9697 2
6016 3578 2
9353 8907 1
740 4035 1
3571 266 2
4623 4761 2
472 1159 1
5690 5447 2
1458 6769 1
8128 1902 1
1357 7849 2
9359 9266 2
8395 8437 1
7803 619 2
8721 6928 2
8379 1062 2
472 9064 1
7882 7586 1
7645 3312 2
7143 3252 2
3153 396 2
261 9107 1
9609 8887 2
6908 5116 1
3535 1280 1
6534 9343 1
9679 7512 1
2227 688 2
8331 1910 1
2821 6743 2
9560 3619 2
3013 8176 2
2111 2527 1
188 4732 1
5229 3002 1
1387 2430 1
5555 3723 2
2836 9535 1
7798 1421 2
9246 7867 1
6784 1485 2
2644 6706 1
253 8109 1
4567 5256 2
2943 8516 1
5896 8261 2
7643 5628 2
7535 437 2
3978 7891 2
7351 1992 1
1129 1994 1
4623 8308 2
1673 4185 2
6506 4110 2
8319 9257 1
4368 8965 2
9333 2296 2
4875 5047 1
5847 9257 2
3627 1594 1
7527 1665 2
3155 6069 1
6874 5723 2
7401 1028 1
9465 7125 2
409 4919 1
6529 8609 1
2419 5891 1
4051 4789 2
8249 5919 2
8981 6747 2
7442 3289 2
6206 5634 2
1546 4735 1
6574 2155 2
8287 8630 1
2724 5197 1
181 3655 2
6470 9697 1
5379 1597 2
5693 2566 2
804 7336 1
6294 5550 2
4776 7116 2
6754 7647 2
7136 2803 2
6710 6628 1
6005 3159 1
5612 7290 2
7489 4873 1
9249 3027 1
5828 5581 2
1653 2038 2
4641 3979 2
2254 5725 1
254 48 1
8677 5957 1
7256 8891 1
4519 4018 2
1276 2816 1
7765 1352 1
7455 4600 1
7316 4259 1
3416 3679 2
3822 3264 2
4144 837 2
3856 2194 2
8265 8766 2
282 1982 2
4788 2626 2
7506 79 1
5945 5085 2
