3000 3000 438
1473 1903 2
1067 2841 2
2854 2853 2
392 1006 1
1591 2893 1
1905 2376 2
428 1124 2
24 1588 1
2498 530 2
2498 158 2
1008 142 2
2275 501 2
1546 2831 2
479 149 2
2122 2260 2
2442 1667 1
866 2942 2
897 941 2
1450 1969 2
1999 728 2
408 199 1
1593 600 1
1779 2476 2
2514 2187 2
2032 1779 2
2032 2470 1
2774 2255 2
2301 2335 1
1 899 2
1055 1097 1
2714 2275 2
1296 1867 2
2565 1145 2
1374 1409 1
2425 2993 1
1244 2129 2
940 2757 1
2624 1968 1
2837 745 1
2307 1899 1
1624 2328 2
204 542 2
1022 709 2
765 344 1
1754 827 1
756 1989 2
124 2350 1
1140 931 1
1018 976 1
2353 2285 1
1882 1101 1
672 2107 2
2658 823 1
2068 440 1
1049 1050 2
1362 2555 2
1859 2401 2
806 1847 1
136 343 1
2700 2994 1
581 2847 1
136 2641 2
1985 981 1
846 1531 2
2250 1227 2
283 1106 2
1606 589 1
393 2293 2
2282 1765 2
2639 2065 1
2535 887 2
1751 3 2
2671 1758 2
2351 2959 2
892 1302 1
1129 2381 2
1898 952 1
66 974 1
512 601 1
78 1091 2
2092 202 2
19 2815 2
2212 658 2
1041 584 1
1141 887 1
193 2074 2
279 713 1
395 188 1
934 1816 2
654 1432 1
955 2776 1
1956 2735 1
1850 556 1
1395 459 1
2650 1264 2
1221 652 2
496 110 2
2704 1404 1
283 858 2
1855 2267 1
1057 1014 2
1008 931 2
2185 951 1
1708 2500 1
1056 2974 1
2083 1186 2
1628 223 1
2597 1378 2
1731 2821 1
2673 2217 1
2997 1564 2
2482 2053 2
2030 2430 1
2157 585 2
1670 2263 1
932 869 1
136 513 2
2118 292 1
1078 2097 1
1268 341 2
2355 1632 1
2390 979 2
1984 2234 2
1180 2405 2
368 2346 2
766 1134 2
843 165 1
997 1918 1
2599 2634 1
2967 799 1
770 857 1
2759 2001 2
2793 233 1
1378 470 2
1117 1791 2
891 2974 2
2785 118 1
2735 1853 2
1693 1154 1
1778 1744 1
1270 1484 2
761 1604 2
1875 73 2
1654 2055 1
2794 2771 2
968 589 1
2769 2606 1
983 2988 2
693 52 1
2084 1592 2
1926 162 1
1295 2088 1
673 2673 1
247 2015 2
1925 2349 2
582 2316 2
2718 241 2
1698 778 1
774 386 2
1254 2745 1
1599 911 2
1838 1091 2
1146 1656 1
743 2800 2
227 836 2
748 1290 1
1954 1849 2
2482 2370 1
1115 1431 1
2181 2273 2
183 797 1
2369 2656 2
1409 1963 1
514 1400 2
642 983 1
764 2579 1
2062 2136 2
2236 2673 1
1357 2270 1
2068 452 1
2322 2040 1
595 2493 2
1479 812 2
1363 1100 2
2608 547 1
66 1476 1
1675 1721 2
1225 364 2
1974 1409 1
2528 2255 1
2497 1008 2
1080 1173 1
2056 502 2
2303 2344 1
602 1280 1
2712 728 2
2861 392 1
1120 1991 1
687 2371 2
2210 742 1
2014 2450 2
708 1622 2
1290 1490 2
1712 1240 1
718 340 2
388 470 2
202 661 1
714 2863 1
1596 351 2
809 2367 2
1378 559 1
2770 860 1
2905 101 1
1347 2066 2
626 2911 1
2712 2912 2
791 710 2
61 1633 2
418 2534 1
1869 988 2
1511 1747 1
1974 1949 1
998 903 2
1067 906 1
1178 885 2
2737 1294 1
604 433 1
1146 2505 1
2608 2085 1
605 2021 2
414 734 2
2275 955 2
1067 2997 1
1604 1828 1
414 311 2
1552 233 1
1651 1949 2
943 2284 2
139 277 1
290 2684 1
2594 999 2
807 2125 2
1136 1904 2
992 2614 1
785 2603 1
2148 2425 1
2029 723 1
733 790 2
216 1361 2
1737 2496 2
2507 2620 1
2410 1502 2
1833 1829 2
2654 2116 1
2659 1175 1
2823 2335 2
2069 1093 1
75 2557 1
2414 516 2
2661 779 2
2740 2724 1
1042 1949 1
2990 155 2
2910 2673 2
976 1834 1
1117 908 1
226 438 1
2466 91 1
2721 224 2
1539 1691 1
325 230 2
210 2971 1
2226 2760 1
1294 2021 2
2159 1099 1
2464 2168 1
937 1505 2
31 1912 1
801 215 2
1772 717 2
1810 606 1
86 2072 1
1644 219 2
2528 1641 2
2172 432 1
566 1476 2
1177 1744 2
1844 2334 1
617 2974 1
1399 2469 1
1154 2335 2
689 2902 1
145 2467 2
881 269 1
1862 2744 1
1121 344 1
2454 2927 2
2206 1380 1
440 541 2
2820 791 1
2329 180 2
184 660 2
1528 1775 2
1956 850 2
1794 2569 1
214 2965 1
2063 2919 1
912 444 1
1043 857 1
626 1729 2
382 1293 1
1220 724 2
2733 2524 1
685 1008 1
2406 2851 1
2655 1549 2
2424 1844 2
1399 68 2
73 2722 1
1234 14 2
2374 2049 2
1771 822 1
542 459 2
2862 2858 1
359 1051 2
857 206 1
2624 1367 1
341 1880 1
1829 438 2
497 2413 2
1183 2294 1
1815 1507 1
2889 2464 2
1502 2709 2
588 330 1
1942 2147 1
1852 1308 1
2247 159 1
2008 1436 2
1570 1496 1
678 186 2
70 1947 2
1076 908 2
1725 1845 2
2576 2411 1
92 1730 1
666 205 1
774 2114 2
1309 569 2
1202 2822 1
1041 782 2
1873 1719 1
1636 980 1
2977 2232 2
2356 1512 1
420 1639 1
1190 2885 1
1241 1056 2
2467 1750 1
2962 1666 2
2414 565 1
2981 1895 2
1039 2143 1
1620 1952 1
2250 1390 2
2068 1496 1
2041 318 1
2041 620 1
390 1064 2
1249 1193 1
2794 2449 1
1997 150 2
2409 308 2
1915 1773 2
1828 2692 1
2854 1695 2
1461 2531 2
436 1437 1
1294 2671 1
39 823 1
2291 1407 2
1525 1273 1
2731 2218 1
177 2753 2
115 2880 1
2199 907 1
1763 1383 2
2211 373 2
2246 727 1
2363 211 2
2806 2222 2
2504 2036 2
639 174 1
1370 1019 1
1136 66 2
169 1295 2
757 2204 2
2364 467 2
2767 1586 1
1054 2287 2
50 1020 1
1284 53 2
2861 1496 1
2624 580 2
1222 2271 2
1081 1585 1
2300 1485 2
2137 2697 2
139 196 1
1022 249 2
779 1386 2
2849 1726 2
2553 1406 1
2674 1461 2
1941 743 2
2274 1444 1
2723 1413 2
2799 671 1
1578 406 1
2075 252 2
776 922 1
1486 79 2
2667 1488 2
632 2375 1
1153 1895 2
1288 743 1
2801 1957 2
1919 1382 1
552 1076 1
2197 2895 2
1262 288 1
2811 130 1
2686 2218 1
2216 2209 1
1313 1200 2
2101 2268 2
2443 1291 2
1320 173 1
317 2735 2
1621 1549 1
1674 2110 1
120 1917 1
1802 1214 2
1436 1406 2
817 534 2
823 2162 1
1793 2733 1
2059 2280 2
1892 1971 1
2655 1252 2
1019 798 1
269 836 2
2194 1511 2
1945 284 1
897 1730 1
1448 43 2
2548 2154 1
1070 1756 1
2020 2506 2
2999 2550 2
685 2181 2
2687 141 1
558 2006 2
2306 1934 1
2020 505 2
1997 631 2
2462 1545 1
2970 2428 2
2058 1511 2
1033 531 1
1631 930 1
97 1474 1
857 881 2
1083 2035 1
561 1699 1
1496 1455 1
1930 1671 2
213 1424 1
2197 1132 2
1446 725 1
2270 539 1
233 242 2
2692 1271 2
2519 197 2
1309 1396 1
286 1218 2
1824 2238 1
2969 2008 2
2953 2693 2
494 1402 2
464 327 2
2759 2776 2
2410 2510 1
1570 539 2
375 2814 1
329 1388 1
2258 2473 1
171 1925 2
2292 2355 2
2657 1878 1
1770 301 1
2570 402 1
1794 1630 2
87 2511 1
2490 1149 2
1703 82 2
745 169 1
1261 1945 2
2852 2849 2
2069 1271 1
1154 1764 2
978 2451 2
1473 1427 1
59 1585 2
359 866 2
1050 1335 1
2841 1498 2
1516 129 2
303 1410 1
1155 855 1
1278 313 2
1815 1746 1
2581 1606 2
2792 1554 2
2360 1849 1
1422 2578 2
1281 783 2
10 346 2
2178 1929 1
2066 669 2
379 765 1
2001 2729 2
930 420 1
1796 393 1
1022 275 1
1230 286 1
1700 1122 2
1253 122 1
331 2880 2
2202 2123 2
375 980 2
1845 2150 1
2953 581 1
2215 962 1
2453 12 2
1199 2017 2
1954 2653 1
2790 994 2
2414 2842 2
1346 890 2
1760 607 1
1295 6 1
1116 1671 1
929 2162 2
1371 790 2
1651 469 2
1288 2012 2
2875 755 2
1116 128 2
1411 2098 1
546 75 1
586 269 1
68 673 1
1289 2252 1
396 2788 1
2423 2570 2
2324 2616 2
294 774 1
503 2656 2
2451 1538 2
2893 2000 2
513 1527 1
1683 440 1
71 103 2
2968 1288 2
1261 98 2
2434 470 2
2139 2402 2
1911 97 1
1923 2382 2
2356 2810 2
170 1083 1
746 2358 1
283 358 1
1827 5 2
19 939 2
2017 1214 1
2702 1961 2
2304 2873 2
1705 2564 1
871 2299 2
206 1634 1
1972 1190 2
1835 2279 2
1693 758 1
2827 2849 1
663 1749 1
1691 460 1
458 2823 1
1270 1374 2
1538 2927 2
1482 2556 1
2784 1873 2
137 924 2
2112 542 2
2633 1937 2
1649 1419 1
1420 1275 1
272 1961 2
1393 2700 2
1996 2911 2
737 411 2
987 1443 2
1731 1613 2
980 2269 2
2544 887 1
1988 653 1
1679 261 1
1137 2144 2
738 2823 2
434 1566 2
792 1446 1
2404 623 1
2297 2731 2
1670 569 2
2077 41 2
247 1996 2
2373 2518 2
562 2334 1
1168 558 2
2865 2847 1
760 392 2
447 15 2
1970 983 1
1557 1619 1
538 1538 1
2862 1308 2
1757 1252 2
2626 2903 1
2324 1893 1
2047 758 2
1007 767 2
2635 861 1
2504 1785 2
1139 1270 2
2892 2192 2
400 774 1
510 593 2
2005 1301 2
596 2185 1
1634 74 2
1504 1133 1
2956 2629 1
88 2682 2
2002 2507 1
1974 2110 2
1770 2454 2
1256 1853 2
2410 2874 1
1785 629 2
711 2009 2
1838 954 1
1129 376 2
1979 1003 2
1365 640 2
884 1275 2
2626 350 1
612 2033 1
2780 2451 2
513 304 1
2309 1884 1
101 271 1
1279 1107 2
1655 1315 1
171 796 1
48 456 2
1117 1057 2
663 1172 1
2997 1423 1
2533 1580 2
2615 79 1
2554 117 1
2660 2990 2
638 356 2
1359 1229 1
961 2958 1
2033 1009 1
675 41 2
1814 20 2
1884 1169 1
2606 1042 2
1494 2500 1
285 197 1
1214 1262 2
2522 522 2
854 2606 2
28 898 1
2854 719 2
1312 2706 2
1367 584 2
2580 507 2
142 2381 2
2776 826 2
2919 283 1
2768 2297 2
416 152 2
419 772 2
473 2944 2
1639 653 2
1211 2457 1
986 2441 1
270 2433 1
1770 1577 2
545 2682 2
1695 2826 1
1221 813 1
2884 821 1
2570 428 2
985 2464 1
114 158 1
156 2034 1
2449 926 2
347 1179 1
2763 2773 2
2243 122 2
1222 844 1
1341 1477 1
1531 1035 2
2267 2253 2
1553 13 1
1168 2591 2
2234 1761 2
1213 1268 1
397 219 1
1061 1129 2
18 408 2
1874 1032 2
1297 1118 1
1301 1670 2
659 410 1
586 1115 2
1191 2319 1
201 2829 2
1487 2894 2
239 101 1
1632 2976 1
899 1328 1
2550 526 2
1769 991 2
565 1098 1
1778 527 1
737 771 1
738 1778 1
1287 1869 2
2977 1285 1
2482 2870 1
275 552 1
599 1331 1
1368 113 2
1449 2009 2
2492 1185 2
2358 132 1
2776 2741 1
1775 587 1
2591 1510 1
1284 1881 1
2210 761 2
1166 2854 1
1053 2288 2
2396 2677 2
1703 1304 1
2254 2356 1
1350 1745 1
2909 54 2
2825 1369 1
1057 108 2
2100 2761 2
2665 1792 1
63 2694 2
519 2224 1
1895 1041 1
1065 697 2
4 2384 2
2482 2954 2
1426 2923 1
2606 2780 1
128 959 2
1953 185 2
243 1239 1
393 1930 1
1404 1542 1
1744 2079 2
46 286 1
1531 475 1
145 492 2
1357 502 2
58 865 2
1645 1337 1
1264 2515 1
123 2093 1
2025 114 1
1463 2485 1
923 2683 2
451 1679 1
267 2840 2
1236 990 1
761 1183 1
236 2243 1
762 2799 2
1995 712 2
2229 646 2
1065 2796 2
2135 1429 1
2102 242 2
383 1562 1
1267 441 1
666 2901 2
678 877 2
1368 2611 1
2674 2421 1
165 1038 1
2572 579 2
2121 2460 1
2855 1759 1
1889 1124 1
2033 1588 1
659 2300 1
340 2762 1
6 2029 2
2534 154 2
1072 237 2
2945 1653 1
1182 1396 1
2004 670 1
2287 2175 2
24 1139 2
1889 1641 1
291 2240 1
19 2429 1
2001 2691 2
2321 1533 2
2950 1953 2
52 1982 2
2413 80 2
2103 1794 1
2572 915 1
427 1980 1
1150 913 1
1116 2327 2
119 966 2
729 1320 2
1692 2609 1
1512 1855 1
1200 2012 1
1031 1074 2
2440 1432 2
2108 115 2
2456 94 2
2663 2949 1
2012 790 1
1451 2386 2
2568 132 1
120 1368 2
792 2966 1
588 2191 2
2873 656 1
1341 493 2
2398 736 1
2712 306 2
2460 658 2
1142 1924 2
1998 124 1
978 2860 2
1817 299 1
2764 1504 1
889 2605 2
705 2167 2
1243 2829 2
2840 24 1
729 955 2
2502 1675 2
913 1217 2
2267 2854 1
2886 855 2
1979 1641 1
2438 2351 1
1191 1298 1
1898 1897 1
2761 1691 2
1337 865 1
987 1975 2
2765 956 1
2969 1928 2
2372 1583 2
58 2580 2
1504 1688 1
2067 875 2
2992 2411 1
1988 1051 1
1133 1190 2
1328 180 2
1870 1637 2
2874 2997 2
972 887 1
1859 573 2
278 262 1
1997 2418 1
735 483 2
1171 302 2
2171 2201 1
2302 1228 2
2037 2893 1
170 440 2
1764 756 2
1006 628 1
2522 2397 2
352 908 2
2652 363 1
175 2323 2
2060 2148 1
1879 2356 1
2922 1740 2
864 1698 2
287 2139 2
2831 2567 2
2976 1419 1
1268 817 2
25 2091 1
1523 824 2
2695 2039 2
1387 1058 1
253 1693 1
1170 368 2
2584 305 2
2694 2758 1
371 530 2
1877 1398 1
388 2915 1
238 1262 1
2589 899 1
214 1301 1
564 733 2
2053 1458 1
1755 185 1
222 2853 2
2752 2425 1
498 1428 2
2694 2117 1
302 88 1
1899 1639 2
720 2189 2
536 2120 1
758 1709 1
876 2721 2
47 2614 2
1049 1819 2
383 2991 1
766 2728 2
2408 1127 2
2747 2623 1
596 1071 2
720 2460 2
172 1963 1
1350 205 2
980 916 2
636 310 2
1548 1560 2
2211 854 2
2232 1905 2
1851 1184 1
873 1458 2
2092 731 2
875 94 1
1030 2882 2
325 1721 2
89 197 2
1756 2996 1
1277 2622 2
2863 245 2
1740 2757 1
1388 1813 1
1131 2269 2
178 928 1
2597 1548 2
381 368 2
2088 1623 2
1582 1859 2
1845 428 1
152 136 1
1412 2021 1
1244 1582 1
1494 1204 1
1102 2590 1
673 2826 2
2253 52 1
1416 910 1
2999 1569 1
777 2876 2
1947 1204 2
589 67 1
1213 2636 2
747 1582 2
2541 472 2
1357 380 1
1360 1759 2
1905 113 1
390 2640 1
2497 795 1
954 1924 1
987 1925 2
2101 2039 1
259 2463 1
1372 1874 2
2396 1900 2
333 1108 1
1523 2218 2
1574 2140 1
356 790 1
398 1217 2
938 1717 1
426 1739 2
619 428 2
314 2919 1
2730 2666 1
1081 2974 1
1756 1664 1
2864 1190 2
227 800 1
379 2432 2
798 763 1
1026 1072 2
2879 489 2
2234 1425 1
2323 349 1
1170 2110 1
294 999 1
614 2434 2
2205 1496 1
1408 1113 1
209 1521 1
1874 589 1
2283 2044 1
1596 362 1
1066 1681 1
1068 2801 1
806 107 1
1481 1905 1
2729 2929 2
360 537 1
689 2709 1
2152 1896 2
1800 1176 1
1165 2478 1
2596 2644 1
1272 1104 1
7 769 2
1365 999 2
1871 1408 2
123 2321 1
871 1411 2
2208 1791 2
741 2075 1
315 1550 1
2946 2200 2
1640 1518 1
1877 2230 1
2648 1782 1
2728 2986 1
934 782 1
417 2872 1
1379 579 2
2947 224 2
2818 2366 2
579 2165 1
1429 1861 1
35 981 1
1702 2617 1
2194 1908 1
1599 2063 2
1761 1912 2
2859 903 1
1207 2222 1
954 1744 1
2063 2140 2
689 2042 2
1645 941 1
1031 410 2
1165 2000 1
1890 393 2
180 2857 2
1000 1742 2
2268 863 2
1326 719 2
1861 1100 2
349 116 2
1910 833 1
2719 1997 1
2376 447 2
2934 934 2
1132 2846 2
2534 346 1
1159 2 1
590 2133 1
2597 1313 2
1316 161 2
1612 782 2
2830 2210 2
1444 121 2
2145 1562 1
222 1661 2
2989 806 1
2698 2657 1
1438 2206 2
2239 2376 1
2629 2665 2
2063 1497 2
1206 2991 2
2304 1079 1
2088 1733 1
92 345 1
768 1605 1
1441 1203 1
14 435 1
2595 2964 1
917 1017 2
1053 191 1
919 2211 1
1068 2306 1
2488 996 2
2324 785 2
726 2792 2
2976 1876 1
1192 2032 1
318 2180 1
443 2617 2
513 1410 1
1510 1061 1
2870 2993 2
2640 728 1
2423 2295 2
1868 2604 1
1275 2504 2
1052 670 2
2868 1723 1
35 2126 1
687 2739 1
2666 331 1
2799 1055 2
652 1581 1
275 2650 2
825 2273 2
748 755 2
2727 1593 2
2376 1742 1
2004 809 1
2322 114 1
629 115 2
1831 2250 2
467 340 2
1266 1764 1
1977 1245 1
2577 540 2
1703 2090 1
109 2634 1
1994 2318 1
1822 2160 2
137 1894 1
1621 1965 2
930 2513 1
657 932 1
723 831 2
1939 2422 1
2593 735 2
1785 2292 2
2052 1886 1
2214 349 1
681 575 2
888 1478 2
2055 1550 1
265 37 2
2546 156 1
679 590 2
908 2598 1
2765 518 1
1463 2678 2
2584 978 1
2596 2176 2
2378 2081 2
943 2302 1
537 2182 2
952 2773 2
937 1367 2
363 2854 1
1742 609 2
393 942 1
2444 777 1
269 1030 2
143 1764 2
2864 2835 1
1891 1360 2
2262 399 2
973 2233 2
1951 1686 2
2247 333 1
215 1554 2
464 2976 1
1709 2960 2
2994 817 2
1752 313 2
1059 859 1
1957 994 1
308 1581 1
1826 2604 2
429 2586 1
1847 356 2
1215 914 2
2464 332 1
2728 2287 2
2804 1209 1
1987 249 1
977 1355 2
1821 467 1
85 1800 1
1161 2027 2
630 1776 1
1277 2958 2
484 1610 1
2379 1993 1
2170 1406 1
2209 1833 1
720 2826 1
569 2661 2
1860 1414 2
1482 2270 2
428 1303 1
1053 606 2
693 519 1
688 2670 2
2296 1659 1
655 638 2
759 2740 1
2598 1289 1
1301 1327 1
960 1814 1
2723 1637 2
923 1432 1
556 1284 1
1858 135 1
2586 723 2
1554 2893 1
1238 1786 2
317 930 1
1276 2568 2
354 1169 1
692 1443 2
2874 1737 2
179 388 1
669 2076 1
184 2120 2
1571 1523 1
2287 2880 1
876 1912 2
2201 530 1
1145 2450 1
106 1685 2
1712 1453 2
50 1625 1
1875 767 2
1141 1437 1
1601 2740 1
1427 2111 1
380 659 2
2648 896 2
618 296 1
2589 469 1
813 2744 2
1173 2271 2
2563 807 2
2785 1348 1
878 1717 2
2285 1828 1
1748 44 1
1688 1044 1
2032 2772 2
456 726 1
927 2240 1
348 855 1
1469 2783 2
712 2760 1
1038 1987 1
684 158 1
1037 2653 2
197 619 1
944 903 2
2163 1498 2
2065 768 1
2882 1654 2
551 1996 2
929 836 2
835 2546 1
2437 340 2
1900 2772 2
1199 2700 2
2811 650 2
522 1989 1
975 2415 2
2918 1820 2
2307 2427 1
1800 1778 1
2219 247 1
1071 1333 1
1811 204 2
977 669 2
1768 1372 2
1012 2047 1
2804 1023 1
2413 2694 2
2526 752 2
308 2981 2
1688 2982 1
2990 110 1
1943 772 1
2786 1734 2
375 992 1
1829 1326 1
1045 1255 1
2086 2860 1
827 1656 1
354 1512 1
743 685 2
2169 823 2
364 565 1
815 1700 2
1847 1901 2
2516 306 1
1835 1546 1
2205 1147 1
158 952 2
2504 588 1
682 534 2
1124 1478 1
1341 912 2
2671 1023 1
1577 1468 1
950 2703 2
1628 365 1
2584 2020 2
145 787 2
619 1502 2
1654 2249 1
1614 2747 1
1204 1758 2
2125 508 1
2290 2285 1
2665 2942 2
2930 45 2
1301 2131 1
1323 2649 1
2698 2182 2
1677 2848 1
2492 2403 1
1400 2670 1
818 2356 2
221 306 1
1850 2293 1
259 342 2
1682 2569 2
2388 146 2
2560 18 1
2101 226 1
972 45 2
1001 1915 1
1937 1019 2
1383 1658 1
351 2450 2
496 2909 1
2764 290 2
1898 1551 1
790 2433 2
151 2120 2
2522 1775 1
1622 2307 2
2561 2699 2
1849 2647 1
286 1940 1
1694 2399 2
1889 248 1
991 1826 1
471 1992 1
481 2219 1
31 2578 2
1089 2818 2
1662 1990 2
178 1497 2
756 2042 2
856 759 2
2381 1094 1
2600 1761 2
2386 2633 1
1645 2668 1
1165 2378 2
1621 2804 2
1472 1055 1
90 1521 2
1943 1586 2
2042 925 1
201 2278 2
1248 1911 2
1251 750 1
2080 154 2
157 1343 1
1422 495 1
1850 1930 2
24 1831 2
1605 1907 1
2712 1609 1
887 940 2
499 1970 2
906 1186 1
2724 2240 2
2369 959 1
1433 1470 2
2973 231 1
93 1300 2
1498 2195 1
2853 1316 2
2007 2817 2
411 2630 2
666 2889 1
2982 764 1
994 1802 2
2912 2223 2
2555 779 1
2127 112 1
1645 1722 2
2220 784 2
2397 1969 2
615 977 1
2363 2491 2
657 2242 2
2595 60 1
2056 486 2
916 2807 1
1358 1246 1
380 629 1
2467 179 1
2177 2636 1
183 2373 1
1401 926 1
2369 1566 2
539 1846 1
1818 2568 1
1764 1255 2
1802 1155 1
1116 1708 1
2242 2079 2
2462 1625 2
721 1937 2
2867 409 2
1160 2677 2
136 1941 2
277 785 2
1667 323 1
1652 2483 1
2146 2461 2
2161 741 2
948 1302 2
1935 456 2
1861 1649 1
2348 1709 1
1207 1818 1
2771 766 2
1532 1818 2
128 2403 2
1725 1935 1
72 1102 1
1166 1913 2
1038 1008 1
1359 95 1
2703 1745 2
2940 416 2
687 1052 2
1910 1467 1
2434 2048 2
2289 2527 1
948 1984 2
1780 2587 1
345 2956 1
948 1191 1
30 1598 2
936 1097 1
629 2326 1
1814 650 1
1870 2479 2
2053 1174 1
440 1279 2
2801 872 1
764 1819 1
2515 307 1
99 2296 2
2950 1546 1
883 1587 1
2587 1257 1
1782 899 1
2878 217 2
2938 2185 2
1446 152 1
1738 1967 2
1433 2391 2
2827 2982 1
2902 1906 2
2960 1510 1
1569 36 1
767 1322 2
1290 984 2
474 2713 1
822 145 2
2839 1391 1
2397 1275 1
1616 1441 1
874 2327 2
540 2565 2
1982 723 1
2380 2584 2
2422 120 2
1615 2501 2
1872 2914 2
1094 2413 1
1890 484 1
1728 1449 2
2403 2553 1
216 1186 1
656 2996 2
2778 2562 2
1665 2329 1
890 2496 2
281 1881 2
2188 1880 2
1145 1482 2
1253 1009 2
2349 2853 1
705 461 2
469 2223 2
642 404 1
2878 2264 1
2696 2457 2
423 911 2
1147 851 2
788 2859 2
2043 1302 1
1119 2955 1
209 1592 2
1698 1920 2
1395 2748 1
2662 1614 2
2020 586 1
1670 167 2
1889 933 2
1317 863 2
1253 2116 2
4 529 2
2614 2321 2
2253 1760 2
1749 1309 1
1051 31 2
2594 1178 2
2759 1938 2
1742 2695 1
1637 1403 2
1688 248 2
908 2926 2
593 92 1
234 836 1
535 1189 2
934 2132 2
1886 683 2
2700 1341 1
714 497 1
1853 2022 2
630 695 2
548 671 1
1264 798 2
202 1165 1
2394 807 1
978 1913 2
523 2749 2
2606 2578 2
1780 470 1
200 1742 2
292 2182 1
2570 2069 2
2269 2043 1
335 703 1
2620 1866 2
303 1296 2
2676 1601 2
1759 2355 1
2924 2315 1
2022 1348 1
1996 623 1
722 2853 2
2100 2041 2
1009 2226 1
414 2008 2
480 1317 2
1439 1366 1
656 714 1
2634 483 2
715 1788 2
2245 11 2
828 575 1
337 99 2
916 1499 2
670 136 2
2326 848 1
2277 696 1
2020 2964 2
1028 1150 1
1743 2102 2
846 58 1
587 2343 2
1280 895 1
1960 1196 2
2741 1180 1
882 1014 1
2219 1828 2
1762 1057 1
2724 1494 1
2372 1504 2
2142 1501 1
911 855 2
451 1632 1
2400 504 2
2706 339 2
143 2319 2
652 1893 2
2719 2038 1
2648 1880 2
882 1114 2
1943 613 2
1204 1243 1
512 765 1
1523 2376 1
93 2480 2
2822 281 1
2269 826 2
442 667 1
1160 2145 1
2222 720 1
1990 2745 1
1145 1244 2
1512 1336 1
342 1769 2
709 1626 1
1695 2068 2
855 830 1
2439 781 1
2036 1550 1
551 459 1
141 2987 1
1146 1726 1
938 1936 2
344 2275 1
1475 2026 1
831 748 2
1601 806 2
373 957 1
27 219 1
1424 1824 1
1345 1635 1
2678 706 1
109 1719 2
213 1660 1
2053 1208 1
1316 1251 1
963 55 2
2952 1392 2
1165 1525 2
2448 536 1
1381 1995 1
2322 2461 2
2377 12 2
2676 1611 1
2732 1390 2
2867 1884 1
868 1197 2
2551 485 1
2026 640 1
741 1966 2
325 626 2
532 2190 2
199 1418 2
2377 1933 1
166 107 1
2851 2705 1
2996 1949 2
2375 225 1
624 42 1
1373 1917 1
2731 1874 1
2121 2620 2
404 472 2
1739 1892 2
1621 2626 1
1759 357 2
1387 1516 1
86 886 2
1233 790 2
1299 583 2
2230 1786 2
399 2030 2
482 207 1
830 554 1
2805 1833 1
1544 2643 1
17 134 1
417 1416 1
2067 2490 1
2648 919 2
93 1508 2
2460 2480 1
711 2159 1
2802 2770 1
2690 946 2
1448 13 2
1539 1224 2
174 359 2
1022 1841 2
1952 1848 1
41 383 2
805 613 2
324 1634 2
659 1312 2
1144 381 2
2808 2406 2
1677 2286 1
2346 1912 1
2434 2386 2
2833 467 2
1601 246 1
2808 1008 1
2159 727 2
1175 1604 2
1609 1051 2
1716 417 2
1666 222 2
2061 443 1
1990 694 1
15 1989 1
2243 2584 1
1771 1697 2
1762 545 2
2515 1723 1
1730 1893 1
1170 559 2
2742 1707 1
2361 558 2
2290 1126 2
403 2526 1
801 454 2
82 1111 2
2786 645 2
223 670 1
350 1907 1
2046 2805 1
2468 1363 1
767 617 2
2806 2939 2
727 211 1
505 624 1
2309 872 1
2505 1967 1
917 1385 2
18 2325 1
416 20 2
2816 937 2
1098 665 1
2936 2477 1
843 197 2
2301 8 1
343 138 1
1436 774 2
2174 949 2
1992 1662 2
1084 2927 1
2183 2915 2
2266 2085 2
570 1493 1
267 1080 2
2897 1013 2
2400 934 1
1437 2260 1
2045 527 2
1757 1140 2
2145 880 2
2106 1157 2
306 2428 1
2138 2178 1
1599 1742 1
2288 2497 2
1428 2840 1
506 1279 1
1017 2007 1
2178 306 2
1219 2308 2
566 1069 1
1098 276 2
1153 351 1
746 1561 1
2527 2028 1
1810 2904 2
884 2763 2
647 2657 1
982 2502 2
1930 2786 2
1511 1805 1
150 2908 2
2188 1571 2
275 1276 2
2944 1335 2
2774 724 1
2986 1269 1
878 2023 2
82 987 1
209 2240 1
2232 1388 2
1693 2588 2
550 2512 2
407 1667 2
2577 2138 1
640 1531 2
2267 2049 2
1754 2445 1
996 823 2
2727 734 1
1789 885 1
1483 2303 2
259 261 1
933 1726 2
986 1351 1
2786 1683 1
2823 2949 2
2914 188 1
749 1766 1
2705 2065 1
1065 2750 1
2391 296 1
2254 1973 2
1761 1874 1
514 1836 2
734 2652 1
111 451 1
322 2120 1
1883 1670 2
1142 2041 2
1656 2027 1
2918 938 1
1021 1645 2
2953 224 2
2699 2988 1
925 1163 2
2248 2483 2
1209 1497 1
1328 649 2
1633 2716 2
1359 745 1
694 175 2
976 49 2
1931 492 2
609 735 1
2553 2601 1
1461 1815 2
2180 1998 1
144 1910 1
2283 2337 2
1823 2243 2
580 690 2
2342 2384 1
29 1063 1
551 2325 1
1580 265 1
746 2662 1
1545 1477 1
631 1552 2
1599 2253 2
1677 2232 1
302 1356 1
2391 1484 2
1076 894 2
2114 1543 1
295 429 1
1449 1345 2
1388 2765 2
193 2837 1
1196 2601 1
2893 970 2
2074 339 1
2723 1523 1
558 1456 1
516 2367 2
2173 2258 1
312 81 1
2238 1804 2
1024 1048 2
438 850 2
2282 632 1
349 2094 1
225 696 1
263 1140 2
1867 395 2
173 2119 1
833 1855 2
2009 1241 1
194 352 2
1605 2271 1
168 2870 1
525 1451 2
473 1202 2
1176 2929 2
1183 454 2
2243 2490 2
1897 2642 1
1254 1412 2
712 2839 2
2925 2919 1
1787 1296 1
1152 89 1
443 324 2
2827 1179 1
703 1246 1
767 523 1
682 2181 2
1455 640 1
2856 1788 2
1988 193 2
2709 795 1
298 1790 1
781 1708 2
2624 2213 1
2205 879 1
2092 679 2
1017 2574 1
189 120 2
1012 346 1
2567 466 2
1699 1260 2
1818 1618 1
2514 2565 1
1828 1842 1
877 2798 2
1890 2054 1
1048 2288 1
2275 2015 2
2392 2678 2
837 795 1
1984 2422 2
86 2322 1
1653 476 1
1468 1123 2
1266 1879 1
909 2861 1
85 2362 2
1808 2046 1
2240 380 1
466 496 2
1081 17 1
2019 1719 1
434 806 2
1046 1412 1
1233 2008 2
652 1349 2
1481 158 1
1626 474 2
2160 1155 2
2574 706 1
1871 1525 2
2598 948 1
917 2057 1
1489 2702 1
220 2684 2
899 2938 2
363 1739 1
2142 756 2
2378 2492 1
36 2797 2
1169 739 2
1198 2011 2
1289 1398 2
2848 623 2
2665 1626 2
2242 1717 1
1218 483 2
2248 1935 1
724 991 1
2587 2643 1
1055 2181 2
287 1960 2
2211 806 2
2371 1733 1
1408 2483 1
2196 147 2
1127 1214 1
1225 918 1
2399 1383 2
16 1015 2
2040 2776 1
2448 1101 1
1612 2794 2
2765 2647 2
2625 1350 1
1416 2435 2
648 1837 2
1532 2195 1
1249 2145 1
1850 2779 1
229 1153 1
2990 2956 2
2114 2721 2
2991 2868 2
2307 2711 1
2979 1052 2
1326 1456 1
1489 1288 2
452 2881 2
2453 123 2
236 2118 1
1855 752 2
2496 1902 1
100 1354 2
2518 1572 1
1212 2861 1
2912 1384 2
2202 410 1
261 2660 1
1639 2383 2
942 1696 1
2488 2221 1
1097 1135 1
1787 2561 2
2778 640 1
2558 907 2
1909 2749 2
2000 969 1
2565 2871 2
2958 1381 2
2352 664 2
2608 507 2
2257 2855 2
833 1565 2
1093 2928 2
890 1111 1
1942 2378 2
2567 626 1
499 2815 1
480 2965 1
886 823 1
938 1543 2
1908 2253 1
156 1671 2
297 2024 2
74 781 1
1034 972 2
1502 1022 2
1096 879 2
914 723 2
1508 588 2
463 2682 2
1957 2139 1
240 1788 1
2667 1551 1
2056 1453 2
2912 654 2
1256 2480 2
2282 1637 2
2946 2016 1
1699 114 1
2505 2976 2
2321 112 1
102 2284 2
294 1230 1
1021 902 1
2376 2816 1
749 2522 1
2250 2717 1
628 322 2
450 1215 2
353 2266 1
1521 542 1
184 2333 2
2782 245 2
578 1838 2
1595 1979 1
2194 2704 1
2478 92 2
849 367 2
322 126 2
1146 1813 1
1516 68 2
1559 2670 1
2214 1302 2
682 2084 2
1759 1063 1
1781 907 2
2728 54 1
1475 934 1
329 2014 2
132 568 1
2186 2398 1
1733 2908 2
2674 369 2
2701 142 1
116 526 2
1850 824 2
1485 985 2
1962 1166 1
1519 81 2
1322 1610 2
802 728 2
179 2225 1
1725 2990 1
583 51 2
1145 582 1
2681 2055 2
223 2688 2
1594 1021 2
492 2493 2
1717 410 1
180 1934 1
2796 759 1
845 22 1
552 2147 1
215 515 2
261 1389 2
2555 1097 2
1163 2450 1
2897 2415 1
214 1685 2
1064 39 1
751 145 2
2442 282 2
2818 2265 2
1285 1738 2
2166 1138 1
907 2287 2
864 1579 1
1035 435 2
784 1659 1
166 918 2
273 779 2
2994 202 1
1557 2224 1
1443 647 2
1280 227 1
2357 633 1
1696 760 1
2371 1173 2
2644 2 1
1787 2608 1
2329 2710 2
1744 1856 1
806 379 2
2679 1328 2
2258 1216 2
474 2889 1
224 2118 2
832 828 1
170 1490 1
2675 2664 2
2099 2117 1
816 1626 2
2148 1764 2
443 456 1
2744 2903 1
552 1805 2
1399 550 1
1995 2425 1
2127 2039 2
2217 374 2
302 370 1
2837 1900 2
1258 2670 1
396 2133 1
1073 2088 2
873 2362 2
2609 859 2
1002 1676 1
1609 1619 2
816 1411 1
1742 2313 1
1523 2179 2
1551 1138 2
748 1330 1
2210 312 1
50 2372 2
837 775 2
70 231 1
1277 2817 1
1118 1247 2
1946 563 1
461 1067 1
633 2406 1
577 2678 1
65 1023 2
364 495 2
1167 799 1
285 2537 1
2634 1003 2
2668 2788 2
2687 133 2
2401 1594 2
566 2665 1
701 1627 2
1475 457 2
2191 2513 1
1390 2450 1
1592 2853 2
2387 1949 2
431 296 1
1651 2662 2
1319 2195 2
2321 1344 2
1596 2983 1
2310 1480 1
106 886 2
1070 2262 1
528 2129 1
2039 994 1
2183 2499 2
1917 1045 1
2860 652 1
2773 441 2
2159 232 1
2448 2460 2
163 1535 1
971 135 2
647 710 1
359 746 2
1142 29 2
1625 2190 1
2232 360 2
2731 105 1
495 1942 2
2177 2454 1
347 1485 2
221 2394 1
742 2859 2
2732 512 1
2569 1278 2
231 1646 2
725 814 2
1099 294 2
2331 1534 2
2513 2062 1
1445 990 2
1038 1168 2
2474 1132 2
212 3 2
2934 446 2
1992 1416 1
2615 1609 2
2746 1277 2
1713 2366 1
752 838 2
843 199 2
2155 759 1
648 943 2
2064 275 1
2584 2847 1
816 1336 2
1324 546 2
992 2665 1
2405 1170 1
2642 2739 1
1101 760 1
1522 16 2
1404 1064 2
2235 2119 1
2245 1114 1
2984 1225 1
2038 2731 2
2074 1166 2
644 634 2
664 1734 1
2892 1683 2
2003 1305 2
1563 1159 1
14 1848 1
2584 2090 1
2148 609 1
268 252 1
2081 486 2
1057 129 2
2832 1159 1
1032 177 1
348 2635 1
969 2736 2
399 659 2
2279 2559 2
2270 1648 1
2385 969 1
114 2712 2
2683 967 2
1752 1869 2
1603 989 1
2018 349 1
2468 2546 2
797 507 2
710 444 2
2113 117 2
1780 258 2
1116 1260 1
1676 2064 1
2719 1151 2
1259 302 2
1583 912 1
2887 2737 2
2573 1445 1
2811 809 2
1727 128 1
702 1690 2
749 2872 2
684 763 2
300 2542 2
43 2697 2
2766 2497 1
2312 133 2
1297 866 2
2080 2122 1
1956 2632 1
2519 2424 1
2597 710 2
1524 1748 2
149 1824 1
579 694 1
2465 1706 1
1130 2985 2
1203 1065 2
2220 814 1
1528 1263 1
2153 1961 1
1696 2915 1
1916 1675 1
1513 607 2
2051 2126 1
1692 1409 1
931 2540 1
2382 218 2
2650 249 1
705 338 1
2819 588 2
2368 2098 2
2237 706 1
1886 1280 1
1340 859 2
2936 2703 1
791 2731 2
1270 2844 1
2480 2842 1
702 2514 2
2111 133 1
953 2431 2
2912 1331 2
109 629 1
2400 2464 1
2449 1122 1
1483 1629 1
2460 648 1
1617 2294 1
1262 469 2
2269 2443 2
2980 1244 2
1605 2815 1
721 883 2
1789 1020 2
2232 2291 2
2612 2885 2
1019 875 1
2476 1211 1
1599 1261 1
2478 2321 2
2277 72 1
2724 1944 2
1899 732 2
1774 2996 1
1361 1521 1
1726 2564 2
2973 1752 1
2483 2894 2
1359 728 2
266 1544 2
1989 19 1
1440 920 2
896 198 2
2209 2566 1
366 1892 1
749 861 2
390 2100 1
1581 2485 1
2247 695 2
1842 316 2
657 779 1
1143 2576 1
282 2114 2
2250 1486 1
682 2459 2
2959 2231 1
1663 1496 1
1837 2294 2
2890 1799 2
2079 2627 1
2825 1146 2
1467 2819 2
1539 559 1
2527 693 1
743 248 1
375 1126 2
2573 491 1
2552 1454 1
2795 2531 2
1705 1889 2
2257 2213 2
1860 1224 1
477 436 1
1378 1013 1
2480 2318 1
2708 1522 2
2600 197 2
1611 2107 1
1492 559 1
2112 999 1
147 2719 2
1140 1811 1
2533 2881 1
1970 2671 1
936 217 1
128 2719 2
524 205 2
2434 59 2
2928 2231 2
431 2007 1
2603 1372 2
2770 2716 1
1307 2783 1
2810 2293 2
2698 2342 2
722 1627 2
907 1572 2
106 914 1
1034 78 1
2524 2441 1
465 2614 2
1160 758 2
2012 2403 1
1560 1312 2
878 1279 1
604 211 1
905 2808 2
56 2015 2
1115 1207 2
1985 290 2
1147 2564 1
1076 1753 2
112 1080 1
1439 1315 2
1778 2705 2
678 894 1
671 2426 1
1103 1336 1
2304 2376 1
2070 1191 2
1313 1246 2
2850 393 2
1292 1882 2
2670 430 1
383 1493 1
1617 1200 1
753 1287 1
2390 1538 1
1377 386 2
941 814 2
2495 2170 1
904 2005 2
1097 2043 2
2519 508 1
2904 2883 2
2013 1265 2
1608 2507 2
1808 10 1
1923 2690 2
2701 462 2
1431 1826 2
1993 553 1
363 1929 1
1785 77 1
1734 2610 2
1771 2516 1
2280 2809 1
1715 639 1
2023 1291 2
871 914 2
1948 2819 2
1411 1301 1
1771 246 2
1334 1308 2
1623 2776 2
2659 1192 2
907 861 2
2865 1581 2
922 2953 1
556 1842 2
336 2896 2
1817 1212 2
1118 1751 1
406 1530 1
1202 1697 2
1400 2074 1
2100 739 1
2122 1667 2
1675 1880 2
2477 2025 1
134 2197 1
1154 2557 2
44 1918 1
194 2138 1
276 1376 1
1311 81 2
605 973 2
712 1942 2
1952 1331 2
1273 2992 2
2889 973 1
2088 509 2
745 560 2
2809 780 2
1279 1119 1
2011 609 2
2738 1776 2
785 2004 2
745 1909 1
299 922 2
259 2444 1
1386 2763 1
823 1775 2
2839 2826 1
2118 389 1
1116 161 2
1292 2199 2
809 914 2
2050 1012 1
2385 2646 1
1079 13 1
226 306 1
146 105 2
2897 213 2
634 2059 1
1300 2212 1
2774 2151 2
2638 2351 1
2469 345 2
2582 2721 1
328 2613 2
608 1083 1
1347 1704 1
1650 305 1
320 1926 1
1625 1715 2
2411 1441 2
66 718 1
2871 1145 1
1945 1593 1
735 2119 1
533 1056 2
1358 472 2
801 2365 1
1720 872 2
2885 594 1
1718 1548 2
836 2352 1
1206 2295 1
772 227 1
1409 1598 2
728 1643 2
2068 2044 1
2057 2404 1
711 1567 2
1833 543 1
9 1905 1
1702 1391 1
1273 1679 1
1622 2581 1
1919 526 2
1085 173 1
1905 2233 2
1880 1902 2
1950 628 2
1805 1982 1
2887 28 1
113 2196 2
25 2165 2
2273 84 1
476 2531 2
1225 2527 2
975 2473 1
832 2544 1
2121 1437 2
1634 2696 1
674 1889 1
1773 874 1
48 2052 1
988 2520 2
666 823 2
2255 1756 1
1673 1889 1
2009 2928 2
1258 1724 2
2121 2983 2
77 669 1
17 1129 1
2905 1215 2
898 1771 1
2326 2937 1
558 2340 1
369 2964 1
789 610 2
2163 518 2
49 83 1
74 953 2
2657 1436 1
1911 2060 2
1922 2510 1
1007 2993 1
2513 2987 1
634 1910 1
1394 166 1
375 1612 1
869 504 1
1526 2467 1
2411 2916 2
2972 2540 2
2597 156 2
1291 1333 2
438 1777 2
1943 2369 2
2444 1247 2
802 141 1
307 598 2
512 1932 1
1297 298 1
68 1684 2
2843 1356 1
1618 799 1
903 1376 1
1875 763 2
200 773 1
612 1706 1
1142 2848 2
1486 2899 1
811 2145 2
640 1767 2
2814 2427 1
2545 2981 2
2580 2528 2
1958 2334 2
1834 348 2
2074 1537 2
692 2285 1
2345 105 1
90 2474 2
1180 2674 1
934 305 2
1072 1055 1
191 446 2
1174 983 2
432 1979 1
2813 2836 1
2361 674 1
124 2514 1
717 237 1
848 1766 1
1955 2935 1
2652 1101 2
870 1593 2
820 2064 1
389 726 1
889 2143 1
1163 2406 1
1096 810 1
1280 1487 2
587 2370 2
2822 991 1
1814 2166 2
1596 1572 2
1803 1430 1
2351 1820 1
295 1212 2
2716 1813 2
2538 2198 2
1152 102 2
947 1046 2
424 2932 1
442 882 1
1993 342 1
1900 2404 1
689 1450 2
443 2482 1
92 2470 2
587 2775 1
2160 839 2
766 905 2
2929 1581 1
641 2441 2
2542 1157 1
1109 86 1
1314 2078 2
2487 2794 1
460 381 2
1712 1699 1
351 1945 2
1589 1963 2
523 1919 2
400 609 2
2194 231 2
1861 2982 1
444 1117 1
838 633 2
2995 1233 1
2952 68 2
1439 31 1
1932 2452 2
2124 768 1
1607 1260 2
2079 2791 2
1122 1219 1
2221 1885 2
858 1025 2
2364 1694 2
2009 2158 2
1968 2858 1
699 836 2
663 357 2
386 2712 2
1542 1751 2
1987 1949 2
2545 644 2
503 1440 2
30 2948 2
1019 1565 1
2163 1260 2
1648 1008 2
1092 1172 1
2491 1565 1
1967 2416 1
2846 1130 2
2063 2751 1
837 1143 1
2068 2847 1
2011 2877 2
2080 831 2
418 1348 2
2548 2498 2
2302 1139 1
1801 611 2
2915 1180 1
224 196 2
1442 2077 2
2323 2205 1
1113 2784 2
1801 2924 1
648 1227 2
526 2727 1
2060 1113 2
2512 2947 1
271 1480 1
1891 2977 2
766 353 1
1766 59 2
2970 1187 1
1580 1588 1
2144 1961 2
196 13 1
2409 287 1
1450 1817 2
2826 688 2
2739 1642 1
37 1667 1
2477 761 2
2423 2945 1
445 1698 1
2944 897 2
606 701 1
1782 717 1
2377 1223 1
1138 338 1
2655 607 1
81 2964 2
345 2081 2
1012 2967 2
225 654 1
2144 679 2
1526 1762 1
351 969 2
2820 1685 1
2254 880 2
1130 1163 2
997 449 2
1210 2596 2
322 559 1
1292 540 2
2446 2632 2
2291 2196 2
2678 2709 2
2830 887 2
531 6 1
1233 2502 2
2019 548 2
2161 909 2
990 966 2
2916 2091 2
345 349 1
2279 1118 2
1350 1807 2
1421 1661 2
1218 319 2
2439 620 2
710 1155 2
919 955 2
1359 2285 2
107 1456 2
174 1563 2
2104 88 2
2065 1672 1
1621 1458 1
720 600 1
236 244 1
2393 2992 1
604 1628 1
2188 2475 2
2689 768 1
239 2006 1
2258 1454 1
515 565 2
1939 293 2
2021 1339 1
1377 2 1
2286 535 1
2560 181 2
756 1353 1
2440 745 2
55 2377 2
2636 327 2
1116 2553 1
2842 1907 2
126 86 2
2942 1958 1
2320 1522 1
2566 914 1
2924 2037 1
359 2225 2
1615 1328 1
863 983 2
1746 552 1
2001 1531 1
1547 2833 2
684 938 2
410 1040 1
1100 1732 2
1596 632 2
1744 2013 1
532 710 1
842 2397 2
13 2029 1
2354 2809 2
1585 1259 1
1315 3000 1
277 690 1
1029 1086 2
1306 1712 1
2409 1508 1
1446 2591 2
1704 806 2
1641 2646 1
2381 1868 1
1825 1558 1
510 73 2
1590 1261 2
1095 2255 2
2718 1471 2
1838 761 1
2882 768 1
1328 608 1
623 1795 2
1387 1407 2
1199 2870 1
2146 2815 1
1613 1348 2
1485 2644 2
1532 1609 1
2246 2461 1
2457 570 2
876 2656 1
188 1835 2
2708 443 2
1908 750 2
1339 2636 2
1464 2267 2
1613 2179 2
782 210 2
2457 851 1
1127 2579 2
323 1948 1
641 2758 1
1137 1076 1
1524 1851 1
2887 33 1
1662 1804 2
1491 280 1
1015 1902 2
1097 138 2
533 1220 1
2896 874 1
1722 1420 1
2690 536 1
1921 2879 1
160 921 2
2116 341 1
2076 2612 1
1513 2967 1
1150 1398 1
2296 427 2
2944 2455 1
2519 1412 2
2106 603 2
2726 2000 1
678 2107 2
940 2192 1
461 905 2
936 1515 1
2080 2159 2
1128 1051 1
2287 1081 2
269 918 2
262 1966 1
1549 1142 1
1491 123 2
2488 450 2
1346 480 1
1276 51 1
2481 73 1
1210 2448 1
2132 606 2
2654 2202 1
562 2427 1
2634 1968 2
2934 1977 2
2883 85 1
2655 1987 1
1083 85 2
2760 2314 2
2998 956 2
928 2122 2
21 2142 1
252 1218 1
2134 1120 1
688 2896 1
145 790 1
722 411 1
172 2059 1
423 1399 2
793 1108 2
588 2741 1
2483 1653 1
2542 168 1
2604 2234 1
1474 824 2
546 1607 2
86 155 2
1942 401 2
1366 2551 2
1955 1171 2
1992 2234 1
2597 474 2
2520 2674 1
175 1049 1
2965 549 2
499 2422 2
2858 1827 1
703 707 1
1286 2198 1
1946 1966 1
1836 1745 2
1059 553 2
2284 1790 1
1539 1784 2
1758 77 2
124 2968 1
2982 69 1
653 110 1
244 2926 2
2446 323 2
1334 1179 1
