100000 100 83338
1427 2376 1
41252 14351 1
74140 217 1
35086 70805 1
55390 1099 1
20068 11851 1
6728 6737 2
26666 63424 1
93342 89701 1
35854 46521 1
29925 39033 1
43079 5534 2
87586 52866 2
78698 12325 2
92383 61888 2
50406 13697 2
57012 29237 1
41107 50057 1
35416 4136 1
90046 59606 1
17753 76376 1
56276 87404 1
90831 24914 2
16716 1942 2
96140 93263 2
76072 9435 1
5586 97837 1
70467 5693 2
76729 23151 1
44286 84829 2
4577 21946 2
18792 96145 2
48857 26515 1
85361 33927 1
10703 38564 2
90273 76264 1
52410 49042 1
12145 51340 2
29967 1367 2
70193 87201 1
39503 40556 1
82241 1766 1
78867 3839 1
26359 20741 2
80432 6919 1
9109 49275 2
92596 28288 2
49119 8430 1
59521 64967 1
28744 27109 1
62606 10532 1
89494 95704 2
96279 58544 2
89462 59329 2
14233 4789 1
7527 87777 2
14067 54816 1
53415 61419 1
73765 46425 1
25169 86829 1
8875 32370 2
38259 50300 2
24810 6867 1
50556 11650 1
90232 65724 2
96087 45672 2
20418 54818 1
93478 44408 1
26487 7331 1
35781 97647 2
15683 30467 1
41996 3470 1
86990 45858 1
44934 99201 1
16178 52007 1
80603 13504 2
60471 20747 2
26015 37885 2
56784 62000 1
1 83338 1
80231 9304 1
3540 38266 2
26121 1347 1
5990 18606 1
5372 10054 1
52417 88554 2
16228 83522 1
750 86241 1
92037 50085 1
83717 25896 1
58162 48912 2
66179 39717 1
64764 84888 1
90144 80520 1
50375 74526 1
19899 52943 2
92455 90694 2
25720 46596 2
15793 72072 1
97319 11865 1
