10000 5000 2899
952 9697 2
418 9934 2
3941 5958 2
8344 9896 1
2255 2136 1
6560 7847 1
7896 2551 1
2319 5853 1
9242 8153 1
5072 8675 2
5680 854 2
6081 6034 1
8730 2733 2
6804 8475 1
5629 8926 2
6863 3520 2
9777 1503 1
3932 1784 1
8897 5240 1
2058 7631 1
9967 6470 2
2282 8707 1
685 4619 2
4818 3768 1
1076 5740 2
9342 917 2
1889 4994 1
890 7141 2
4291 8474 2
4985 6519 2
2159 5637 2
5569 4239 2
4124 5800 1
8797 8771 1
1767 4013 2
4714 5342 1
8304 6897 1
8154 8256 2
5164 1908 2
1700 9979 2
305 3772 1
6418 9592 1
7612 2034 2
3233 8368 2
5230 9139 2
452 3460 1
2155 8624 2
2242 5366 1
8570 3358 2
2436 3373 1
1448 3031 1
2408 8949 1
7365 5400 2
1440 2285 2
2676 2641 2
4260 1367 2
8399 5608 2
5260 7099 2
7218 2950 1
7046 7668 1
4828 5576 1
5862 8177 1
1233 1775 1
2625 3382 1
538 2513 2
3697 5480 2
3282 310 1
5188 2597 2
11 1579 1
1101 5802 1
5624 770 2
5618 8442 2
5280 5488 1
4572 1998 2
5858 9102 2
154 5184 2
4411 1161 1
9278 3310 1
7345 9763 2
4494 3821 2
1372 2303 1
132 4004 2
4231 1208 2
2351 6653 1
244 779 2
9920 6343 2
9333 9800 1
3598 9750 2
9604 4293 2
2866 1010 2
4348 6763 2
8892 692 2
1437 7783 2
4092 9068 2
5228 5210 2
265 2285 1
2160 7274 2
7790 5631 2
2566 9855 2
408 7565 2
1439 3718 1
5369 7637 2
29 5858 1
5016 4507 2
4121 3830 1
3119 8565 2
3984 4204 1
6060 880 2
4337 161 2
8816 6074 1
3920 1766 1
2067 4070 1
8663 8097 2
702 283 1
8912 7818 2
5759 3493 1
204 1214 2
4233 6211 1
4623 5632 1
5649 6247 1
5361 1347 2
7794 7113 2
1486 9121 1
5322 3476 1
5671 7591 1
4795 2088 2
3728 8630 1
2235 1718 2
9360 7140 1
7252 8439 1
2643 2473 2
9348 7750 2
6011 9539 1
974 2161 1
8331 1826 1
1640 1052 2
6491 4940 1
3275 2813 2
4967 4714 2
7334 3361 1
7168 2937 2
4268 7894 1
6633 1003 2
9985 8255 1
9243 4675 1
5536 7508 1
817 4668 2
4120 1391 1
5405 883 2
6618 4607 1
2369 1016 2
3709 9401 2
167 3538 2
363 3890 2
8938 8792 1
7745 7318 1
5930 4680 2
7091 8693 1
8732 2915 2
4901 880 1
9528 9119 1
7619 5536 2
5049 2308 1
570 4960 1
1041 7296 1
28 2254 2
8146 8371 1
4161 6750 1
1062 2659 2
816 6519 1
7783 330 1
122 7923 2
6023 1539 1
768 6659 2
3706 6256 2
5448 5065 1
8568 5479 1
2012 2525 2
4700 9152 2
4394 4265 1
9719 4329 2
1717 8653 1
7837 562 2
5506 6395 2
2966 3122 1
60 972 1
3663 2432 1
1601 7545 2
7575 3114 1
4115 1474 1
8402 9361 1
4168 5915 2
137 6859 1
9067 9354 2
6536 2784 2
760 6651 1
4607 2734 1
2068 1484 1
4866 1638 1
898 2833 1
2617 1708 1
7327 1073 1
2225 26 2
487 7287 2
8040 1437 2
1149 3890 1
5717 5143 2
8120 677 2
2782 3932 1
5008 2103 2
6879 9173 1
805 6149 1
2410 2192 1
1992 4891 2
9570 477 1
7552 4399 2
9422 2658 2
9495 2150 2
7741 201 1
6939 125 1
428 3725 1
3597 8753 1
6193 7185 2
1461 55 1
5876 1784 2
6316 6085 2
2560 830 1
3680 6999 1
3751 1309 2
5268 203 1
4043 6985 2
3629 5781 1
7990 2197 2
8870 4636 1
1171 2524 1
4317 603 2
1106 2249 2
5140 9329 1
6504 1598 2
5552 6049 2
2700 7553 1
9774 1427 2
8156 8875 1
6089 2513 1
2166 6007 1
6549 6699 1
6399 4745 1
7352 9891 1
4976 4532 2
763 2626 1
7267 5411 1
7757 8833 2
2554 5921 1
3968 9841 1
2329 8849 1
1322 2388 2
5623 8022 1
7590 1361 1
7105 9244 2
9792 9876 2
8487 414 1
6893 6731 1
7709 3645 1
1281 7466 2
2348 2000 1
3190 9704 2
9598 1358 1
5996 5520 2
2325 5653 1
6563 2561 2
4756 2711 2
3362 5695 1
5300 5176 1
3044 4239 2
8241 2641 1
7862 7183 1
6107 4080 1
1163 763 2
2134 1782 2
8808 3641 1
6442 1543 2
4008 399 1
1763 3518 1
6632 1319 1
8978 8566 2
8844 9490 2
1322 402 1
6297 9346 1
9460 3430 1
9209 4302 1
6827 4475 1
6154 6146 1
7185 5663 2
1711 9004 1
3929 4515 1
3197 144 1
7946 9515 2
815 133 1
5074 8577 2
3971 4630 2
8929 5987 1
3643 2739 1
4506 9585 1
7021 1069 1
2837 9456 1
8452 9725 1
2896 7849 1
8540 1773 1
2585 2762 1
329 2093 1
7397 740 2
7409 5600 1
7229 6587 1
2589 7708 2
4956 7178 1
4893 5598 1
7874 844 2
5041 1412 1
8948 8292 1
4672 8752 2
3737 6118 1
6741 9532 1
3726 459 1
8605 6081 2
1380 6081 1
3354 8462 1
6765 3113 2
4291 6039 1
6674 3319 2
6978 6259 2
1664 9286 2
932 1294 1
1750 8417 1
3885 7621 1
1320 1323 2
9569 3388 2
927 4904 1
7676 891 1
9271 5346 2
1419 1501 2
5600 2997 1
6497 1168 2
6766 7634 1
1331 4727 2
4201 8912 2
6732 9851 1
6494 231 1
9658 2070 2
6747 7603 1
2863 9894 2
3447 8759 2
5921 7248 2
2824 8727 2
9050 699 2
2266 1244 2
7880 9505 1
2367 4052 2
2878 2625 1
1098 6752 2
6178 175 2
9587 2101 2
8541 179 2
806 1819 2
4766 854 2
867 4417 1
4791 5480 2
351 5239 2
2206 9453 2
7842 914 1
3005 2123 2
3592 7339 2
9379 6797 1
1264 8913 1
9137 963 2
624 2162 1
4846 1712 2
8718 8918 2
212 3115 1
7848 1140 2
9152 6078 1
766 91 1
9109 9514 2
2227 731 2
5034 7185 1
3647 9017 1
7672 8699 1
2047 3103 2
2077 2802 2
5076 1705 2
3387 8741 2
5296 7817 1
425 2281 2
668 8371 1
9569 5731 1
8053 4450 2
4273 3327 2
7850 4113 1
9834 2108 1
1728 8115 2
388 7294 1
6622 8188 1
1576 2155 2
9361 1526 1
8676 8863 2
2345 9485 1
1675 3432 1
9306 3331 1
9170 6122 2
3901 9181 1
4820 1563 2
668 4147 1
6111 488 1
8409 4132 1
1029 4207 1
2375 4544 2
5404 5267 1
2816 6556 2
7103 1692 2
7213 7266 1
9786 820 1
5201 3166 2
1809 1882 2
2943 2338 2
2522 3251 2
2735 7443 1
8382 3780 2
1677 7193 2
8124 9209 2
3306 6499 1
3079 9474 1
5769 7905 1
7107 5664 1
8147 9608 2
2283 284 1
6500 3714 2
6158 2337 1
8091 9435 1
4350 5581 1
7934 8677 1
4640 180 1
2820 7877 2
9870 925 1
5241 131 2
376 5523 1
3309 1118 1
5390 4405 2
6421 2950 1
9528 7270 2
2937 3328 1
111 1838 1
4132 6230 1
6881 5639 1
9976 5684 1
9200 8720 1
5207 5468 2
6084 8126 2
4283 4931 2
1364 166 1
5199 8370 2
1761 9477 2
3315 5158 2
8268 24 2
5388 543 2
8731 6292 2
3265 3669 1
4328 2175 1
1183 7359 1
1425 9780 1
694 4138 1
7625 548 2
9883 8680 2
4534 1616 2
5236 6414 1
3969 8608 2
607 9252 1
2569 9599 2
1115 7961 1
3120 156 2
2444 3597 2
5388 5482 2
5691 277 1
1528 3408 1
9460 5291 1
8976 3739 2
8791 8620 1
2136 4567 1
3944 4920 1
854 2042 1
2703 3028 2
4084 1385 1
6665 59 2
1231 849 2
9397 777 1
2906 895 1
1175 8799 2
8268 9448 1
456 6850 1
5629 2690 1
260 6444 1
5677 841 1
1178 6586 1
606 9355 2
7824 9788 1
4709 5388 1
2141 9239 1
9373 3955 2
6253 1814 1
6019 5643 2
9041 5653 1
5403 5843 2
1596 469 2
9178 4367 2
9495 4940 2
6953 5204 2
5629 6673 2
6601 576 2
8864 8788 1
425 1871 1
7714 8996 1
178 8439 2
861 8007 1
8748 7966 2
8220 6822 1
9958 3486 1
6447 1598 1
7074 4968 2
2875 8560 1
7846 3245 1
5656 2193 1
7580 4823 2
1889 6779 1
9554 6718 2
9656 5562 1
7803 9284 1
5455 7856 1
93 6682 1
4511 9970 1
8385 9048 1
6021 6041 2
8951 8009 2
3264 9202 1
9119 3420 1
1173 4878 1
5472 2453 2
4987 8131 1
6420 7193 1
5839 4313 2
9002 6262 1
2337 2797 1
8500 1288 2
2966 9905 2
8726 181 2
1108 5002 1
7613 8115 2
4440 897 2
3782 9372 1
9187 8899 2
3042 1953 1
6345 897 1
4265 1492 1
9249 4081 2
6147 3580 1
3752 8619 1
6560 7861 2
1342 3404 1
5138 2381 2
6774 8758 2
1486 9673 2
8667 1598 2
8095 9118 1
886 301 1
6275 968 1
2953 6608 2
3100 8902 2
6199 5528 1
5231 1515 1
7321 8875 2
3336 895 1
6698 4737 1
5125 7997 2
6924 6327 2
7479 8451 2
1714 8960 2
500 7492 2
3763 4575 2
7207 3241 1
1214 4158 2
3006 7835 2
9008 3946 2
7211 4331 2
7183 2036 1
1732 155 2
2243 481 2
3412 5875 1
8807 5387 2
1191 9500 1
5997 2687 1
1970 2488 2
6999 3581 1
5320 8200 2
575 6955 2
9606 6996 1
9472 5458 1
9480 327 2
2634 4207 1
1649 5329 2
1282 211 1
424 7123 2
5951 9060 2
4661 7078 2
2654 6042 1
264 4389 1
336 4307 2
8835 30 1
2567 8255 1
7371 1876 2
5724 1268 1
9707 7968 2
7452 7899 2
9056 5964 1
5302 81 1
3774 3575 2
2446 535 2
3801 8852 1
4478 6371 1
4333 8874 2
7440 5213 1
1271 7461 1
3157 2099 2
1146 7923 2
625 5989 2
6924 2521 2
2140 8777 2
902 2300 2
3410 6968 2
2742 9112 2
292 2127 2
7712 3565 1
4630 320 1
4457 7132 2
8959 3230 2
6475 5774 1
9867 3636 2
1365 1918 1
3212 9775 1
1320 2522 1
1509 735 2
4650 9509 1
158 7210 1
9719 6872 1
5747 1689 1
3163 9405 1
8245 4810 1
2457 4579 2
599 9148 2
5671 3005 2
2962 7334 2
6512 2178 2
1313 9920 1
8785 990 2
5062 9479 1
6732 2176 2
5987 926 1
152 5530 2
3346 6264 2
9982 2373 2
5694 6303 2
3630 7418 2
4199 6928 2
9224 697 2
3410 3613 1
8564 1830 2
3527 6617 2
4538 8407 1
7809 5039 1
8938 6584 2
2450 4748 1
6406 9815 1
2396 3233 1
4643 3512 1
1721 9458 1
5404 1377 1
8931 6681 2
831 335 2
5517 7443 2
2461 5552 2
8520 3906 1
6942 8439 2
3183 2025 2
6987 9692 2
9580 9011 2
8691 8297 2
6752 7149 1
2806 8350 2
1983 6040 1
6333 4765 1
9777 6200 2
6112 7822 2
4131 8295 2
9758 7949 2
868 6930 2
7945 2023 2
3720 5371 2
7911 9057 2
2536 4549 2
4738 9441 1
7184 332 2
3721 9283 2
5520 3930 2
4653 3045 1
6652 1523 1
1941 1115 2
8300 2490 1
7274 2588 2
4109 5801 2
7563 8130 1
1469 1582 1
9531 9470 2
1587 7992 2
958 4211 1
4901 2542 2
7536 5990 2
6383 9592 2
3150 9924 2
4275 6036 1
7434 8748 2
324 5394 1
9707 4449 2
6777 8857 2
1883 4809 1
5249 6208 2
439 2496 2
5273 933 2
2995 5398 2
5687 6282 2
6083 701 1
4659 4787 1
2979 7436 1
1512 8857 1
6832 5806 1
7960 1130 1
4941 7204 1
5797 8374 1
7359 1631 1
281 8964 2
4049 2231 2
5999 5163 1
2673 9911 1
4631 185 2
961 6398 1
6486 3680 1
4567 5023 1
2756 6084 2
9677 6018 1
8668 9406 1
8434 5233 2
3039 6940 2
8087 556 1
5505 606 2
8802 4789 2
2235 7227 1
4030 6805 1
9911 4234 2
6442 5189 1
2439 3001 1
6150 6902 2
4367 4138 2
7289 650 2
6886 2049 2
2237 8968 2
5081 2663 2
7105 1179 2
4984 682 2
438 484 1
2359 4139 1
2579 8740 1
7551 1790 2
2130 8739 2
7018 6445 1
1328 5788 2
1210 6854 1
8096 1566 1
7106 9160 1
3961 3276 1
9355 2858 2
148 2814 2
4529 8261 2
6991 5374 2
5588 6148 2
4924 4076 1
5032 7675 1
6866 5915 1
3045 1950 1
7419 7969 1
3703 2149 1
3525 2203 1
7135 4286 1
7425 4343 2
7952 3627 2
5831 7911 2
6387 2016 2
5696 1333 1
1939 1414 2
7739 3961 1
1842 9259 2
2008 2629 2
1987 8448 1
1792 4954 2
7821 7705 1
1995 2224 2
3470 8689 2
5672 7938 2
2598 4803 1
4825 655 2
8840 5762 1
2820 5531 2
3884 6418 2
4947 2220 1
2080 5100 2
5173 5437 2
3202 7390 2
2427 7854 2
6951 553 1
2587 8401 2
7640 6129 1
6929 7727 2
6208 3761 1
7081 9202 1
9903 5796 1
8470 9000 2
3818 2605 2
479 918 1
3032 1776 1
3276 5779 2
3302 182 2
5245 1784 1
6885 2830 1
2707 1287 1
9239 3238 2
4965 6881 2
7013 8166 2
3485 5038 1
4428 7029 2
7289 2745 1
9131 7202 2
3466 2082 1
2454 2076 1
3144 9930 2
7062 3450 1
3180 5450 2
6983 6325 2
6788 668 2
7481 7977 1
6210 8000 1
2928 6744 2
6590 1497 2
804 4550 2
1696 7534 2
834 3038 2
6070 6729 1
9208 1291 2
9492 7131 2
1725 3792 2
9343 4966 2
9767 5713 1
9617 2642 1
6306 8136 2
2985 7576 2
2752 1041 2
8072 666 2
1988 3358 2
52 3993 2
1510 3859 2
1656 8653 1
6002 3419 2
2754 2962 1
856 81 1
580 9829 1
4334 4152 2
149 2570 2
2601 7636 1
1661 3545 1
4584 5583 2
7164 9981 1
2873 8325 1
739 8196 1
1298 3464 2
6745 1794 1
2697 5804 2
4055 733 2
3292 3516 1
2237 3058 1
155 5731 2
4299 5087 1
1081 3604 1
7896 2615 2
1630 6771 2
4799 4849 2
1655 8202 1
4861 3465 2
3621 7157 2
4533 4622 1
186 2998 1
3404 6210 2
9327 978 1
3693 1630 2
4033 8049 2
6661 3643 1
7231 8994 1
2280 5753 2
5342 5557 1
955 6796 1
7557 1039 1
1847 1562 1
6481 8553 2
2797 9598 2
5138 7698 2
6109 6840 1
8668 6200 1
637 235 1
440 9619 1
776 3086 1
2912 9835 1
2044 7004 2
7990 6956 2
571 5924 1
5357 1961 2
5483 6521 2
7727 5046 1
9094 5762 1
3189 3501 1
875 5915 2
7746 7978 2
1483 9235 2
5801 8831 1
4412 492 2
7250 3857 1
9482 9599 2
5385 8745 2
4209 2165 2
3423 1683 1
5476 238 2
5943 7170 1
7977 2270 2
8250 9066 1
6619 1531 1
9284 6677 1
3255 5345 1
4164 351 2
7823 2046 2
7312 4602 2
9370 9270 2
6447 59 2
3922 752 2
1517 1051 1
6020 7527 1
1690 886 1
7492 8874 2
5707 4511 1
70 9692 2
7560 1499 1
1110 1732 1
6492 5089 2
5681 7342 1
6873 6881 1
7226 1849 1
2001 7002 1
7686 456 2
1870 2481 1
9344 7313 2
4667 5745 1
278 5360 2
2728 9062 2
9930 3685 1
8442 5633 1
5729 4418 1
7928 4151 2
9367 9630 1
4303 5170 1
8378 5892 1
9055 4782 2
459 1093 2
3901 9021 1
8400 1506 2
159 2996 2
9108 5138 2
9331 4348 1
7158 7778 1
696 913 2
3590 3520 2
6194 4166 1
1803 240 1
5306 1920 2
1055 743 2
476 3783 1
9953 1650 1
664 4696 1
7010 1616 1
2130 7893 2
393 404 1
7650 4547 2
6495 2132 2
1365 554 1
4468 4525 1
10 7577 1
5720 9756 2
7765 1232 1
6242 4150 2
9023 7589 2
9965 3185 2
8580 8784 2
8982 4089 2
4852 6222 1
5263 9500 1
1634 1649 1
1375 7406 2
6504 8350 1
7024 3846 1
5089 2398 1
7856 639 1
6622 9981 2
6784 5336 2
8882 3615 2
6136 6068 2
598 4710 2
3473 2011 2
1397 237 2
8265 4231 1
8145 5168 1
3571 8136 2
7548 6881 1
2148 9249 1
8256 3925 1
7079 5512 2
9256 7637 2
9642 1354 2
9668 4974 1
8943 3876 2
5209 5553 1
5596 9755 2
7167 9875 1
6827 4885 2
545 1854 2
3643 9550 1
7089 8063 1
1549 1525 2
7105 3894 2
4184 5148 1
7754 5689 2
8597 939 1
5305 721 1
2899 6285 1
253 2282 1
8452 5809 1
5163 3752 1
3999 1258 1
9146 5133 2
9980 9888 2
4839 2420 1
8715 1405 2
9154 4889 2
8125 913 2
7568 7231 2
7465 7135 2
5815 7352 1
329 8141 2
1780 1760 2
3578 4152 2
2888 9507 1
128 6478 1
8935 1795 2
9615 9474 1
3992 4803 1
8563 315 2
2936 8910 1
4809 8901 2
7703 3392 1
7508 190 1
7945 8460 2
9609 9802 2
5254 8613 1
2723 992 2
874 4772 2
2079 3660 2
4070 744 2
3473 7051 2
9085 7666 2
5342 897 2
6232 1589 1
6320 630 2
6226 5692 1
5237 1524 1
9981 3364 2
7824 5435 1
6716 8669 2
1079 5150 2
6039 3661 2
8995 9524 1
1722 909 2
6147 3255 2
9749 7338 1
201 6904 1
5965 4981 2
1867 3769 1
2906 900 2
1699 4865 1
8711 5823 1
9504 7404 2
1750 3987 1
9187 6185 2
2665 3602 2
451 3210 2
6666 1985 2
7241 6919 1
9716 825 2
741 1563 1
7479 3320 1
9719 3926 2
5832 4221 2
1046 697 2
8686 2302 2
5629 7373 2
3478 7461 1
9945 8316 2
9137 8879 2
4300 9110 1
1873 9212 1
6733 6958 1
1007 6018 2
614 9467 1
7544 2698 1
581 3559 1
4619 1905 1
6203 7347 1
9709 4985 1
8032 5473 2
405 533 2
5725 3577 1
8992 2288 1
5984 9765 2
4398 3079 2
6588 6644 2
7107 9818 1
7126 8827 1
1623 239 1
457 1599 2
7702 2511 2
6451 8908 1
4209 8440 2
6310 2993 1
1420 4729 1
8648 9938 2
5118 3496 1
1043 4597 1
9955 3184 2
4773 6581 2
5965 7627 2
7345 6402 2
1535 221 1
7501 2431 2
1297 1321 1
4530 6451 2
8463 5513 1
1999 2249 2
7978 4394 2
903 5248 1
3029 8365 2
5646 9915 2
1977 3080 2
6351 1153 1
6929 2579 1
8761 8366 2
207 4732 2
7197 689 1
1685 9219 1
4450 236 1
5597 6622 2
482 7863 1
2802 1702 1
506 3502 1
4709 9689 2
2846 1678 2
2920 8294 2
194 2156 2
9270 6740 2
2482 702 2
4137 7787 2
9355 5551 2
739 8488 2
607 6527 1
5126 6478 2
2294 9137 2
7708 6448 1
72 6684 1
7263 4520 1
8115 7291 2
9250 1907 1
5947 5341 2
6454 6787 1
6037 6133 1
3686 7564 2
6491 2347 1
5244 4935 1
123 2873 2
2553 6481 1
232 5230 2
145 7773 1
5735 3183 1
3916 9214 2
5828 4449 1
6247 1406 1
6747 3408 1
6913 6395 1
6734 2860 1
6542 2820 1
4838 8103 2
6456 4032 2
7482 3384 2
8520 2215 2
7929 9162 1
5441 6087 1
7991 7502 2
3078 3936 2
2503 1396 1
6751 9848 2
1958 3686 1
5657 4169 1
496 4190 2
5794 4030 1
2008 9771 1
9761 2105 1
8117 7680 1
4172 2176 2
1423 5749 2
6463 1739 1
2182 5476 2
2652 5480 2
9756 4829 1
1286 7928 2
4294 6770 1
1604 6527 2
8782 3548 2
7381 7319 2
9700 5028 1
3782 6270 1
6600 827 1
5005 8851 1
3602 1426 1
6626 685 2
6235 8979 1
2800 3908 2
6817 9014 2
6281 7718 2
4743 8845 1
575 4932 1
9346 393 2
2380 5490 2
9117 3154 2
4923 5674 1
3894 2882 1
9900 25 1
9647 1482 1
1396 3441 1
3438 3693 2
2027 694 1
6125 1344 2
4076 289 1
6106 97 1
5992 2880 2
1608 8860 2
5939 9620 2
4141 5223 2
3190 3249 2
9522 4327 1
7659 5185 1
9462 2969 2
8660 8306 2
539 7067 2
7669 3971 1
1703 543 1
7589 1483 1
1749 687 1
4401 3874 2
9570 8979 2
2585 5734 1
3856 9005 2
9969 5528 2
3606 5278 2
8786 4972 1
9325 526 1
6278 5069 1
2517 3800 1
383 7174 2
4718 7707 1
48 8874 1
7551 2554 2
7666 8204 2
563 4701 1
9281 9720 2
4711 6830 2
4477 5385 1
5054 285 1
9498 4800 1
5981 6253 2
5248 9076 2
2207 484 2
2779 2892 1
801 719 1
2940 8647 1
9959 3515 1
4518 1364 2
9670 8797 1
5090 4250 1
2584 603 2
5035 9874 1
6475 8017 1
6483 9896 1
674 9678 1
4765 8173 2
6482 1924 1
1840 2840 1
5974 7595 1
4890 5552 2
2060 718 2
1179 9059 1
6678 7820 1
7062 8067 1
3562 1065 2
307 2948 1
675 6698 2
6336 3664 2
8157 3437 1
4747 1939 1
1196 9839 2
3658 3982 2
2502 9843 1
9059 3800 1
1092 5250 2
4532 6328 2
326 9701 2
8332 1341 2
6076 3229 1
3168 8678 1
9037 7932 1
5223 2746 1
8004 4297 1
1630 4050 1
1470 9232 1
8822 7290 2
9693 3648 2
2449 7811 2
3816 1723 2
7176 2612 1
409 6025 1
2952 2148 2
9757 1557 2
7936 6578 1
1560 4398 2
6516 9374 1
2830 5928 1
3885 285 1
5963 7977 2
87 152 1
2508 2892 1
5186 8781 2
1508 8593 2
6066 4813 1
9080 3115 1
4495 6541 2
1379 7600 2
2246 8261 1
8835 477 1
4917 9732 2
1162 912 2
8419 4297 2
5086 7308 2
6806 4715 1
6137 4200 2
2490 147 2
8521 3520 2
4529 1741 2
3505 9091 1
238 6843 2
8807 8195 1
2041 8321 2
7764 4760 2
4222 5162 2
2103 5261 1
1757 8018 1
7010 9042 2
9532 409 1
7979 9416 1
4160 5590 1
5741 424 2
5944 5618 1
692 9485 1
194 2761 1
852 117 1
196 2557 2
8675 5987 2
8628 2706 1
8555 4000 1
4928 5523 1
4569 5990 1
1128 7628 2
7377 2388 2
9647 5645 2
1463 93 1
4605 9246 2
2087 2840 2
655 7365 1
8414 9697 1
1894 337 2
2686 3511 1
6820 8675 2
158 6172 2
6050 1200 1
4840 184 2
9149 8736 1
282 8423 2
4708 4642 2
2325 7766 2
2988 3014 2
1697 9114 1
8972 7313 1
1463 3385 1
7393 9549 2
9973 7566 1
5019 454 2
5870 8169 1
8654 2846 1
5239 3885 1
3795 7449 2
5996 3137 2
2020 3842 2
3128 6960 1
4787 6245 1
9200 9976 2
6579 8307 2
5353 8815 2
2798 8177 1
5422 6073 2
1133 424 1
9995 3411 2
4835 2967 2
9620 6828 1
8515 9292 2
2111 854 2
3477 5423 1
6197 2586 1
5349 9304 2
2374 9617 2
9908 5364 2
98 8971 2
6277 4915 1
6912 7756 1
9809 5133 2
5946 1770 1
8276 5080 2
9807 8337 2
9101 9972 2
8401 2655 1
450 672 2
8069 8264 2
7834 2049 1
1621 7267 2
3361 850 1
3553 7834 1
2103 4943 2
4841 5086 2
3585 2441 2
8309 2770 2
7911 7781 1
9774 9307 2
2116 157 1
2098 2950 1
4218 5213 2
5411 5842 1
4107 7575 2
4329 9153 2
2513 6944 2
684 3852 1
4343 1328 2
1754 716 2
8253 9910 1
4215 3714 1
9336 5618 2
200 2831 1
1103 3657 1
7703 764 1
3535 2453 2
5810 4820 2
8328 6306 1
4028 3109 2
7039 6658 2
6971 7299 2
2970 8202 2
2920 8149 1
3079 355 1
3250 7862 2
4693 1018 2
6923 1829 2
8136 7312 1
8313 7237 2
6489 1146 2
6263 3166 1
7604 8850 2
4113 2090 1
1177 7204 2
7211 841 2
4812 1314 1
1803 8605 1
1461 1681 2
8491 6399 2
9201 8714 2
632 296 2
7567 9290 2
709 6777 2
9939 770 2
1801 9284 2
2342 5095 2
1276 3824 1
420 9603 1
6798 505 2
9181 1538 1
8449 6557 2
2564 918 1
7290 3296 2
771 9140 1
9956 2873 1
4005 6581 1
1244 4195 2
1003 6950 2
5222 4477 1
5112 9032 2
6023 3034 1
2213 8880 1
1225 6322 1
5373 3832 1
8714 4111 1
8450 3004 1
4477 209 2
2886 5518 1
7847 747 2
6531 4355 2
371 4099 2
5476 4868 1
2255 102 1
1066 862 2
3997 49 2
7559 4818 2
7971 4089 2
1158 3190 2
1291 8868 2
6673 9393 1
6707 9358 1
3978 2979 2
5486 9381 2
1907 4731 1
4674 1886 2
4405 3759 1
5528 9230 2
8173 3688 2
7136 9313 2
2906 5699 1
7786 5542 1
8369 9041 1
8589 6000 2
8841 2455 2
2996 903 1
5967 7375 1
2027 2101 2
8836 5670 1
4391 5258 2
8330 3292 2
3180 3545 1
986 8151 2
8340 7016 1
5872 3856 2
8223 8420 2
6669 4740 1
4877 3866 1
229 5108 2
4630 6127 1
7727 8453 2
6418 1114 1
6184 1041 1
4097 6485 1
2320 4341 1
1573 9631 2
4043 4113 1
499 3772 1
5233 8971 1
2902 323 1
7198 988 1
444 4543 1
1203 5665 2
951 4031 2
3283 9259 2
5756 5623 1
295 9375 1
2343 1805 2
6330 295 2
2854 2300 1
7870 6240 2
2442 6068 2
5366 2650 1
825 9496 2
1466 5051 1
7870 3966 2
2790 7884 1
2039 9139 1
2474 1706 1
4486 6341 1
5579 6550 2
8226 8743 1
961 6054 2
6163 9696 1
5687 8530 2
7033 6364 2
2255 519 1
373 7545 2
779 9224 2
829 4060 2
1813 8968 2
4093 8074 1
4792 5969 1
4033 591 1
6388 8848 1
8572 9754 2
4126 6790 1
2741 7887 1
7261 1097 2
7380 4132 1
558 3089 2
8361 2500 2
9602 6891 2
3254 8351 2
8859 3065 2
3440 4008 2
2802 353 1
1570 3046 1
1252 3178 1
9001 1331 2
4304 3266 1
9337 5376 2
267 2762 1
8326 1903 2
4012 2088 2
8316 3080 2
2176 3540 1
9881 9476 1
4183 91 1
7149 8533 2
3077 9552 1
8465 6428 2
418 4198 2
4877 786 2
3226 711 1
5071 7936 1
3214 5360 1
2715 4550 2
1346 5970 1
2278 1064 1
8893 7811 2
3290 1692 1
2443 7883 1
5350 3501 2
7214 5623 1
8331 7371 2
4697 8106 1
6576 9849 2
3396 1527 2
302 8126 2
5083 856 1
964 8037 2
6335 3610 2
5508 6364 1
6147 2079 1
7364 4216 1
9360 1770 1
5887 7280 1
7585 1574 2
7922 942 2
8360 8624 1
1071 994 2
4247 8296 2
4189 5838 2
2408 5749 1
9445 3402 2
4902 2750 1
9799 4401 2
514 545 2
2755 5379 1
9886 2255 1
4929 7074 1
2101 2430 1
1177 9973 1
5025 3510 1
9995 3591 2
9220 8997 1
8105 648 1
2592 4683 1
8184 1739 1
7199 2862 2
4275 3303 1
2011 2679 2
7176 4903 1
3367 7908 2
8712 9082 2
5108 5988 1
9067 4963 2
9597 8942 1
3338 9113 2
8076 2570 2
1844 3896 1
8802 2918 2
4313 1327 2
5187 8258 1
5586 9745 1
3543 2180 2
663 4404 1
7051 6118 1
8151 20 1
9950 4595 1
3364 5809 2
6468 6973 1
8164 5660 2
3015 9434 2
97 1406 2
16 8258 1
314 3794 2
3058 3571 1
2512 5382 1
9280 3661 1
7818 7694 1
2738 1079 1
4033 2897 1
9573 7848 2
9173 7082 1
1447 366 2
6854 1192 1
4831 155 2
7387 574 2
8995 4242 2
1359 7268 1
6975 2719 1
2511 9076 2
5125 2301 2
3565 7838 2
2984 4733 2
6256 4836 2
544 4165 2
1218 9855 2
8313 2447 2
1616 1208 1
5571 7382 1
638 2767 1
4803 4316 1
7328 4936 1
2465 1559 1
5746 505 2
2888 4687 1
3362 8686 1
474 8914 2
2368 7909 1
2809 3425 2
7220 1330 1
911 8768 1
6568 9276 1
615 5257 2
2026 5294 2
8529 9402 2
7932 4999 2
114 6626 1
8436 427 1
1186 1672 1
3900 1903 1
1628 9396 1
307 4960 2
5345 6788 2
7898 1005 2
5493 297 2
6791 2457 2
4449 8087 2
1733 9482 2
1679 8633 2
851 2925 2
2145 7962 1
9137 3023 2
2587 4892 1
6630 421 2
5684 2693 1
8460 8709 2
6089 1550 1
7554 1115 2
6122 403 2
2105 1669 1
2235 4821 1
6552 5223 1
5749 9995 2
5881 5832 2
4338 7180 2
2217 8403 2
2916 1510 1
43 2856 1
942 4459 2
1990 376 1
3578 7967 2
5123 5580 1
2817 4187 1
704 7486 1
4086 2285 1
287 2942 2
6812 2582 2
2647 3582 2
2859 8778 2
674 2471 1
2015 8099 2
9886 9890 1
7833 447 2
9357 7648 1
2956 7422 2
3220 323 2
8897 3076 1
5679 482 2
5491 7405 1
3644 7337 2
9700 7364 1
1147 2470 2
7847 1066 2
7541 6862 1
9667 6438 1
1122 9686 1
2886 7727 2
4945 7594 1
416 3748 2
8996 6473 1
5012 3268 1
7073 2870 1
6634 1174 2
1026 2729 2
544 6483 1
5654 2076 2
1604 1191 1
9790 79 1
9964 1907 2
3617 8021 1
1262 5022 2
2216 4101 1
4264 5999 1
7234 5497 2
3609 6645 1
9921 5106 1
9174 2992 1
7756 9298 1
4006 3557 2
7515 720 1
4662 2957 2
2718 2008 2
2775 6934 1
8807 2280 1
9643 7297 1
4314 9045 2
8011 3682 2
7300 9636 1
5348 4532 1
7826 8129 2
5093 4610 1
4949 9483 1
6610 5887 1
8725 5190 1
2500 9919 1
8139 5304 2
2759 8652 1
5093 9852 1
7387 6242 2
5781 5746 2
3204 9714 1
7939 1965 2
6106 7699 1
183 4643 1
3418 1708 1
7823 9105 2
2402 3276 2
3823 8021 2
9321 7939 1
3628 2658 2
9221 7398 1
5568 4351 1
6066 8558 1
7594 9128 2
6354 3993 1
6075 284 2
6088 5464 1
473 1357 2
2396 8160 2
175 499 1
6650 8121 2
8475 825 2
6274 5858 2
4208 1502 1
3210 9355 1
5074 9446 1
7783 9673 2
1516 2935 2
8712 9109 2
8061 8972 1
3083 45 2
7974 5301 2
1334 258 1
5550 8261 2
2847 393 1
5918 5315 1
948 1322 1
5990 1034 2
4885 1780 1
2374 1816 2
5173 1783 1
4694 6483 2
7820 1992 2
7278 127 2
5063 3456 1
5534 3657 2
8919 9870 1
9032 9376 1
2302 9840 1
5713 5718 2
4053 5598 1
9396 5267 1
6441 4976 1
5630 1922 1
2953 674 1
4387 5011 1
6090 7015 2
4664 6503 2
7315 5651 1
6935 2903 2
4193 3568 2
5966 4510 2
7620 266 2
9824 7866 1
8640 4179 1
9474 5599 2
7566 5824 2
1167 7860 2
6552 6105 1
3893 6211 1
7664 9581 2
1318 4029 2
6362 4684 1
7048 868 1
269 3211 1
7301 992 1
9333 3700 2
6124 6651 1
468 4419 2
3454 2789 1
9357 8810 1
8993 5152 1
5000 1085 1
689 1300 2
6609 7303 1
2410 6589 2
3497 5236 2
8351 5208 1
4099 9125 2
7143 6634 1
9240 3839 2
1866 4345 1
3092 252 2
1272 48 1
9990 6584 1
7618 9040 1
7092 3973 2
4095 2553 1
949 3864 1
8217 229 2
1605 4841 1
6941 7950 2
8788 1367 2
319 5667 2
6279 4706 1
4755 599 1
8902 6175 1
9717 7362 1
7900 4632 1
354 8350 2
5291 7465 1
1485 5819 1
1669 5620 1
9355 6491 2
5444 2238 1
6023 2903 1
8275 6624 1
1759 4728 2
1010 4966 2
7093 3934 2
8070 9667 1
8446 2509 1
4982 8604 1
9830 8763 1
2927 8328 2
7659 8644 2
5970 8871 2
7134 4806 2
6721 5144 2
9781 7589 1
6117 7424 1
4540 1432 1
6427 6058 2
7615 234 2
5826 8226 1
689 2682 1
7166 9881 2
120 5947 2
4248 4756 2
7902 9381 2
813 7581 1
2674 4146 1
8986 3984 1
7333 850 1
9798 2223 2
8526 231 1
1977 7103 2
8374 7274 1
5949 9241 2
797 20 2
7876 9354 2
2323 6966 2
5633 5331 2
6623 1601 1
685 9657 1
8940 1679 2
8708 3798 2
7751 6456 2
8486 7382 2
546 4382 1
4214 8411 2
68 3106 1
2766 1562 2
9159 4924 1
8489 2156 1
7113 1655 1
7976 1470 1
2043 3938 1
9822 1521 1
4005 512 2
804 8410 2
6464 2217 1
5878 7619 2
9530 359 1
3395 105 1
4998 4762 2
2033 3132 1
7577 9860 1
2278 7874 1
5806 4894 2
2624 9683 2
1939 4257 1
7903 2670 1
1370 3054 2
6069 3155 2
4313 7687 1
6781 104 1
6522 8403 1
8177 9269 1
8828 3694 1
5555 3911 2
4160 7622 2
7349 4656 1
1165 831 1
6848 1525 1
7564 1280 1
3185 6495 2
4300 516 2
9687 4059 1
2735 4874 1
5703 2938 2
7484 1894 2
6712 5346 2
2491 894 1
2920 5114 2
7388 3181 2
4421 1026 2
336 7587 2
20 4665 1
862 6034 1
2909 2837 1
7312 8579 1
8652 9807 2
2099 8688 2
4786 6484 1
3691 1367 2
5251 8821 2
4028 5565 1
5782 264 1
2402 4328 2
1768 1332 2
8666 4212 1
5113 4137 1
9271 9760 1
8333 9302 2
9134 5886 1
6364 5793 1
1178 1062 2
3794 7363 2
6952 5523 1
8592 9321 2
8812 5988 2
3401 3956 2
6587 2493 2
3606 154 2
4895 6132 2
2291 6339 1
3414 7700 1
767 8236 1
4467 8173 1
4016 4471 1
380 2930 2
893 3065 1
8378 2393 1
1042 6587 1
3676 1567 2
1807 2010 2
1444 258 1
8313 9016 1
6984 1861 2
3320 456 2
6210 1263 2
6215 9397 1
689 2652 2
4296 6348 1
4054 6266 2
1053 7373 1
8696 830 2
2256 6526 1
2800 3165 1
8876 6568 1
6526 9283 1
3569 5464 1
2946 6223 2
7764 3151 1
4499 5861 1
5068 1027 1
5388 2826 1
9271 3116 1
7818 8732 2
5795 7271 1
4879 2568 1
2549 4567 2
5522 802 1
4357 7071 2
8589 9088 2
5568 2425 2
254 9647 2
1653 1794 1
2214 1053 2
3273 7995 1
5277 7997 2
3667 6202 1
4588 4454 2
3440 1847 1
4161 8244 2
9664 6767 2
4303 1494 2
6327 9109 2
7067 3486 2
9453 1948 1
7056 9556 2
3582 8558 2
4252 3444 1
3099 3208 1
4337 8507 1
5160 7355 1
3493 77 2
6748 2941 2
4066 322 1
5652 198 2
6982 8901 2
7071 1172 2
8836 8996 2
4307 8695 2
9602 8019 2
471 7493 1
5033 761 1
263 8887 1
2585 4400 2
3412 458 1
7986 5609 1
7185 5872 2
5979 54 1
9127 8940 2
6350 7727 2
8881 2986 1
2426 7758 1
6241 9076 1
7216 7858 1
3865 3262 2
4647 464 1
4275 6395 1
2553 4861 1
4346 3573 1
9827 6245 1
2783 7209 2
3753 5144 2
6517 3896 1
2911 3415 1
2644 824 1
5633 2971 2
9162 2337 1
9708 2431 1
9317 5265 2
9235 1121 1
8074 6040 2
1499 8341 1
3778 9133 2
7599 8450 1
231 8503 1
5228 6179 1
9420 4628 1
4054 5094 1
3698 2197 1
5346 5937 2
1652 4768 1
8330 3336 1
8364 5133 2
4988 4696 1
3803 1514 1
3611 2864 2
8069 8247 2
860 7266 1
8034 9435 2
3979 3799 2
7775 2733 2
4276 2392 1
27 2587 1
8410 389 1
4602 391 1
8803 2722 1
1318 564 2
7289 3333 2
1545 5582 1
8203 9066 2
3139 1551 2
8122 8703 2
5402 6155 2
2444 8088 1
1301 7397 1
4141 4428 1
6801 3751 2
4969 1670 2
9148 4335 2
6115 261 1
573 2796 2
8994 9676 1
2778 9749 1
126 3187 2
3183 7330 2
6455 8212 1
9966 4225 1
8879 5582 1
2842 850 1
4731 4134 2
4427 1484 1
4533 3729 2
7757 1862 2
525 9804 1
8352 6110 1
787 2196 1
8569 6822 1
5039 9086 2
3264 3121 2
5098 3824 2
8913 6379 1
658 6614 2
3387 3647 2
4714 6110 1
4899 2670 1
1319 5724 2
1010 3086 2
516 6119 1
67 5785 1
4223 490 2
9302 538 2
4458 7908 1
5984 3460 2
3131 1976 1
905 6890 1
7244 9086 1
1148 5416 2
6827 3088 1
2570 7977 2
6539 7470 1
5879 4670 1
8562 6139 1
9644 7501 1
8681 8045 1
3139 4544 2
7743 816 2
2063 9586 2
5286 2340 1
8257 9398 2
5620 2827 1
3443 5952 1
9028 6300 2
5362 441 1
755 9347 2
6524 1279 2
563 4750 2
8150 7138 2
235 5505 1
8952 7737 2
2772 819 2
6670 4347 1
6334 5743 1
4585 7863 2
3481 2260 2
396 3532 2
6221 4678 1
6641 2401 1
2354 8298 1
7233 6398 1
4920 7870 1
1535 449 1
2593 1807 2
6750 7211 1
658 5632 2
2454 2192 1
3782 6698 2
2275 5819 1
9098 166 2
1894 6183 1
690 213 1
8994 3591 1
4051 809 1
4640 1039 1
9719 4201 1
4828 1432 1
5388 3649 1
3317 3360 1
9573 8463 2
6401 4520 1
5767 3287 2
1782 9348 1
9325 6640 1
7890 9727 2
6821 5893 2
3477 1028 1
8177 6150 2
1778 9350 1
9687 5060 1
8193 7129 1
8418 6232 1
7984 2582 1
9198 5772 1
6669 1819 1
1231 1008 1
1838 4809 1
6315 6839 1
3497 5220 2
2571 3223 1
3132 9287 2
7983 3085 2
1462 877 1
2887 775 1
9148 3913 2
6058 3304 1
5909 1311 2
4211 5271 1
383 3624 2
6319 1808 1
3240 5314 2
3584 3393 1
7045 7550 1
6701 2462 2
8878 1377 1
8176 1295 1
2832 8915 1
166 5837 2
6714 7347 1
7299 5352 1
3408 3760 1
4827 4499 1
6315 4849 2
3578 6022 1
9047 8527 2
365 3628 1
3156 518 2
8231 2275 2
4182 7976 1
5405 7726 1
9301 3817 1
4666 5686 1
8382 5268 2
4396 9077 2
463 1060 2
5045 7673 1
5487 1436 1
2475 487 2
3508 5968 1
2984 4102 1
5387 4778 1
1418 4848 2
4179 5238 1
7668 548 2
4642 325 2
6876 8551 1
4207 6174 2
3003 2350 1
7174 7001 1
7408 8405 1
2103 3938 1
6621 3307 2
328 524 2
1896 8324 1
4142 4363 1
7148 7878 1
824 4745 1
5461 9692 2
3284 2194 2
2488 8150 1
8712 1303 2
3496 8263 2
6154 7455 2
2546 9638 2
8328 5602 1
9442 4221 1
9106 124 2
8316 125 1
1115 6128 1
4644 7032 1
3147 3394 2
4726 3894 1
8608 4060 1
4703 3873 2
8728 1258 1
2849 8088 1
7512 2830 2
8755 1776 2
3032 7340 2
9951 9934 1
981 2927 1
3747 9070 2
3550 9699 1
5984 848 2
5384 7064 2
686 4597 2
1738 1718 1
9494 6070 1
4497 1971 2
1942 958 2
7357 334 1
1425 4203 2
8818 6792 1
6733 3505 2
4137 2502 2
4275 5430 1
3052 1281 1
8338 6567 2
5085 1973 1
4427 1826 2
6640 181 2
5302 7498 2
3868 8373 2
5277 6055 1
7694 1151 2
8796 3043 2
661 1327 1
6151 781 1
2695 983 1
8436 3114 1
5403 6284 1
7132 4575 1
6493 5894 1
1535 2984 1
3854 3460 2
7725 2405 1
6609 9670 2
5277 9512 1
6063 3121 2
586 9096 2
6596 3919 1
1888 3680 2
2831 4844 1
8900 9440 2
9702 9178 1
7834 7259 2
9360 5518 1
8956 9944 2
7081 1153 2
6090 2882 1
2065 5823 1
4500 952 1
8669 1979 1
7218 4301 1
8549 2425 2
7933 5849 1
885 7251 2
8995 1046 1
8380 981 1
1158 1091 2
911 9025 2
830 6485 2
151 9580 2
8019 9889 1
4847 159 1
7475 3604 1
7239 3383 1
7234 6555 2
1124 6133 1
5557 635 2
4861 798 2
1238 3162 1
847 2876 2
3939 8644 2
1867 731 1
2495 6695 1
9283 7213 1
1776 3143 2
7328 775 1
1199 795 2
7199 369 2
4715 958 2
4111 2074 2
9622 5695 1
836 2514 2
406 3137 1
760 5631 2
5766 6476 1
8325 6376 2
9954 2586 2
2747 989 2
1967 7131 2
3008 5373 2
6976 1025 2
8924 4702 1
8770 148 1
6713 504 1
7793 5680 2
6745 5802 2
9200 8306 1
7919 7156 2
2790 2175 2
8228 7660 1
5307 1245 1
7188 9929 2
6015 2104 1
1535 5771 1
6532 3182 1
1400 5473 1
5839 803 2
9097 2721 1
7243 3470 2
2413 179 1
1509 2970 2
3333 2774 1
9377 9798 1
4580 2218 2
7828 1046 1
5939 2357 2
1928 5664 1
4334 4863 2
7707 815 2
932 8469 1
2800 4963 1
5067 7817 1
9340 3246 1
7625 8336 2
5578 8249 2
4684 7027 2
7304 4157 2
6084 703 1
3864 4763 1
2563 1285 2
6672 8485 1
5076 3578 1
4442 1874 2
7681 6216 1
2661 6878 2
6636 4059 2
3330 199 2
2407 4582 2
8135 5921 2
2875 8236 2
9583 4051 1
1205 694 2
6089 1432 1
676 8051 2
7973 4447 1
5997 9251 2
6906 9964 2
4599 5132 1
3475 6212 2
4384 4278 1
9052 5157 1
8694 7246 2
6298 6028 2
5518 2246 2
785 8524 2
2864 6851 1
6299 9086 2
8664 5470 2
2024 9179 1
2983 9332 1
7848 3108 2
7009 5510 2
5635 8795 1
381 3562 1
5825 3175 2
4984 8408 2
5859 6500 1
466 141 1
2136 5985 1
7055 2603 2
5080 4240 1
2215 9911 1
93 2025 2
6086 1626 1
6917 8503 1
9389 2097 2
1826 9337 1
8639 2558 1
4554 6819 2
9589 2644 2
9479 7354 2
7771 7966 2
6551 7932 2
64 2904 1
6909 3766 1
8618 7701 1
110 5547 1
2192 1624 2
2245 2932 1
9582 7435 2
6624 5131 2
4676 7403 1
2033 862 1
8359 4521 2
7551 6930 2
559 522 2
8818 4494 1
1639 2552 2
7786 7948 2
4241 16 1
920 4075 1
7535 1730 2
4802 5503 1
6251 5732 1
884 3807 1
8704 5727 2
9578 4919 1
2142 3792 1
4600 1332 1
106 2857 2
178 5306 2
6987 9293 2
8916 9185 2
5135 4631 2
9930 8676 1
964 6372 1
7689 4545 1
351 6036 2
7509 3211 1
7976 4653 2
8489 8795 2
7084 3128 1
9602 5771 1
6266 930 1
372 6554 2
4903 5901 2
9347 4827 1
4362 1948 2
4187 8005 1
3008 8874 2
7722 9332 2
969 3636 1
1136 599 1
7081 7818 2
2438 6544 1
744 7634 2
3108 8279 2
1826 3317 1
1129 1591 2
1144 10000 1
8310 4448 1
3214 7317 1
2867 9523 2
5147 2951 1
425 1465 1
3708 9201 1
4359 5757 1
3888 2080 1
1534 653 1
3549 6708 1
5669 5485 2
8714 772 1
4021 7411 1
1779 8743 1
9789 5996 2
6473 6459 2
5855 9718 1
8095 6273 2
3537 2660 1
558 9983 2
1278 8446 2
3041 6557 2
3171 9342 2
8666 6185 1
5586 5235 1
5595 3411 1
3538 4258 2
9390 8609 1
6572 2176 2
1998 4236 1
800 969 2
4972 6177 2
5646 1740 1
3259 6498 1
5086 6397 1
8947 2578 2
4088 8738 2
7266 8717 2
9373 2583 1
1110 6685 2
8924 7690 1
3636 5638 1
8317 5567 2
9813 6107 1
4090 3789 2
1955 9334 2
3953 1550 2
1665 2868 1
3252 5219 2
5232 2183 1
5400 8974 1
859 9186 2
3881 5943 1
7084 2465 1
5013 6856 2
852 5566 2
5741 3889 1
439 1725 1
5319 9252 2
2845 3297 2
8318 9961 1
8035 68 2
1792 2428 2
3272 3059 2
9343 1530 1
9328 2256 2
6865 4600 2
6677 1551 1
6048 5196 1
7169 889 2
2843 5586 2
9380 3180 1
7139 5688 1
5092 4984 2
1743 5378 1
2200 7315 1
2104 4103 2
1533 4183 1
1966 6866 1
2433 4687 1
8865 6482 1
6987 5277 2
5720 7578 2
7713 8887 2
7406 9393 1
3455 2677 2
9840 6180 2
4631 3429 2
9488 7759 2
300 8744 1
4661 7448 2
1110 5762 1
841 2596 2
9617 9885 2
2105 4304 2
6333 1718 1
1785 1033 2
479 1327 1
3022 5364 1
7007 5548 2
849 1431 2
7737 5670 2
4515 5950 1
2188 1371 2
6771 5831 2
3981 8619 2
8458 4726 1
2005 9629 2
2784 7858 1
4191 1560 2
8851 54 2
8027 9578 1
567 7921 1
6670 5365 1
2705 6710 1
5360 2445 1
4315 9965 2
6380 5419 2
1060 8832 2
7795 1165 2
4125 9535 1
7593 2467 2
572 236 2
5383 2388 1
8253 8496 1
3335 311 1
9980 6996 2
4204 1194 1
4508 8793 1
3543 9711 1
6547 6113 1
5714 2618 1
1595 9427 2
6746 9220 2
7651 3819 1
1325 5499 1
4188 2215 1
2512 7600 2
5357 2779 1
9579 9751 1
5296 2462 2
5642 1242 2
5906 347 1
6974 3559 2
2551 2113 1
3066 189 2
9587 4195 2
7896 8259 2
5794 25 2
9745 2034 1
4337 7021 2
9752 1590 2
9218 2735 1
6400 6080 2
300 6338 1
337 4775 2
9513 4716 2
6311 2194 1
5543 4842 1
6691 7759 1
8088 6442 2
648 5568 2
5681 9791 2
4559 5273 2
8622 1216 1
2420 323 1
8269 169 1
8630 8364 2
8590 504 1
3579 2533 2
2922 8225 1
7977 8898 2
1929 1899 2
4942 4302 1
9098 913 1
4490 4004 2
4687 7202 1
5088 3207 1
7614 258 2
7609 6043 1
9457 7447 1
4752 4777 1
7351 3532 1
4454 2399 2
1649 8577 2
6736 5054 2
5846 6009 2
2436 5627 1
7407 9546 2
8448 8926 2
6667 9777 1
1939 1717 1
3660 8139 1
9186 3602 1
2841 8365 2
7332 7033 2
5082 4670 1
5959 2484 2
415 7352 2
7289 3007 1
9338 2106 1
6415 7547 2
3632 456 1
4945 1103 2
6507 9801 2
3916 9778 2
859 488 1
5535 5555 1
9856 5429 2
14 6754 2
4338 641 2
9010 1892 2
1962 8853 2
7319 1874 2
4150 219 2
9277 9866 2
4280 3683 1
7512 6653 1
9128 2784 1
4912 2991 2
1534 5321 1
1314 8939 1
7209 6184 2
1820 3836 1
9162 6254 1
3797 8661 1
7097 7565 2
4547 7626 2
5071 6749 1
3395 9269 1
4187 2472 1
6660 610 2
8686 9165 1
4524 9283 2
8750 9440 1
1522 6252 2
8870 9609 1
5890 3272 1
4565 6881 2
4653 9890 2
7883 5544 1
6934 4541 1
7823 8210 2
5525 5229 1
2683 5829 2
1016 6892 2
990 8012 1
3629 4054 2
3561 1031 2
8234 13 1
5123 4553 2
6374 9253 2
8741 457 1
5532 1033 1
1663 2929 1
7695 4869 2
9905 418 2
5121 7801 1
9875 2798 1
154 9004 2
5277 6605 2
3800 8935 1
1295 5209 1
5753 8534 1
1675 8209 2
9554 9243 1
2006 1401 2
2283 283 1
8699 1161 2
5537 2542 1
263 4122 2
1059 2819 2
8830 7548 2
4310 9962 2
5733 8627 1
6385 2264 1
102 1541 2
8913 3415 2
2175 4333 1
1750 3859 2
7523 332 2
8565 8894 2
6215 4242 2
8596 2124 1
6678 8889 1
80 7816 2
5182 7259 1
8618 1006 1
7521 8327 2
2326 7390 2
3765 4448 2
7051 9312 2
9348 6110 1
4502 4122 2
6989 4315 2
8326 5787 1
9537 3942 2
3297 6980 1
9623 5956 1
4350 2138 2
9176 2058 1
1657 9590 1
5347 3828 2
9827 3140 2
1386 8482 2
3423 3047 2
356 6309 2
2502 2804 1
329 7350 1
980 6322 2
217 8240 2
4713 3856 1
3781 5889 1
3832 6351 1
1828 877 1
8123 7844 2
3408 8747 1
205 6712 1
6982 5622 2
4686 9096 1
8650 461 2
8067 5732 1
800 1763 2
6356 532 2
5604 7567 1
6077 8110 2
2243 3134 2
3661 6338 1
1760 9484 1
9401 7039 2
4800 7215 1
5866 4778 1
1902 7932 2
6491 9518 2
4472 3023 1
8060 119 1
9392 9192 2
3090 1478 2
539 2105 2
4148 2736 1
3094 8761 2
1343 223 2
476 1219 1
8884 431 2
2417 8072 2
6469 8034 1
7498 2553 2
7563 6349 2
819 6638 2
1187 7881 2
8616 417 1
1452 8723 2
7788 9955 2
3850 7468 1
2757 7191 2
4007 9081 2
4925 4370 1
9709 3812 2
147 3266 2
6924 4841 1
4216 1395 1
8058 3082 1
995 379 2
8527 3084 1
8797 1215 2
373 4504 2
3094 8732 1
5662 458 1
9166 8783 1
5949 5781 2
1164 6269 1
9835 878 2
3131 8108 2
6900 7901 2
2792 6392 2
1160 7231 2
1797 9919 1
2730 6710 1
1402 5637 2
6372 4871 2
606 6593 1
49 1147 2
6978 8494 2
162 5375 1
7335 8939 1
3114 7940 1
3474 9884 1
2466 8303 1
8463 6550 2
150 8426 1
1323 4135 1
7381 1441 2
4873 587 2
2197 4694 1
3438 6344 1
9164 4590 1
4982 3843 2
7000 4274 1
2492 5945 2
8553 4575 2
6293 8936 2
6290 198 1
1286 9010 1
2491 1852 1
2090 9425 1
785 3211 1
8285 9837 2
7045 8240 1
1859 8776 1
4969 3403 1
3698 5283 2
4870 4338 2
2675 3686 2
2281 8110 1
5013 6972 2
417 2284 2
2618 2324 1
3075 173 2
7401 4337 2
7718 1782 2
9994 3195 2
2568 5121 1
7085 3948 1
7671 9531 2
4227 9652 2
1480 4228 2
7939 8038 2
5523 6034 2
9479 6569 2
7156 4270 1
6700 6407 1
4428 6660 1
646 6737 1
3503 56 1
4169 2633 2
4836 1692 1
7617 5606 2
5720 8315 2
3835 2356 1
1275 8754 2
6298 4257 1
9281 5985 2
5891 1249 1
2162 5934 1
7329 1756 1
6794 5298 2
7809 9179 2
9322 458 2
1383 9006 1
6581 9111 2
7064 6888 2
3556 2462 1
3086 289 1
8851 6889 1
2695 7795 1
9041 421 1
8982 9582 1
5796 7794 2
3761 3941 1
403 2214 2
7937 8975 2
442 7738 1
2261 3334 1
2601 9739 1
1423 1979 2
2197 1418 1
8933 9520 1
2294 6445 1
7457 2988 2
327 5772 1
2658 9739 1
362 6676 1
8281 1068 1
2641 1528 1
5181 8161 1
38 6699 2
8279 4194 2
8452 9655 2
5767 2074 2
9019 4585 2
7869 9977 1
8832 1954 2
3088 7584 1
5594 4183 1
6139 9080 1
2311 6738 1
4299 4395 1
9173 5008 2
3570 7081 1
1289 3025 1
2023 501 1
7707 91 1
9972 4854 2
8872 2967 1
7303 4663 2
7055 1011 2
2849 9590 2
7013 9934 1
7210 1848 2
9745 2734 2
8379 6212 1
32 9117 1
4066 6004 1
8354 5416 1
738 2135 1
3131 7711 1
4896 2674 1
4003 7960 2
9831 8138 1
6150 1165 1
4053 6923 2
3141 9161 1
9468 8852 1
2756 3758 1
3554 457 1
7850 8114 1
1601 8384 1
9124 7757 1
4344 4884 1
9793 8588 1
5704 4422 2
6007 6050 2
7095 9174 1
7549 9138 1
5536 5054 2
9695 6310 1
5506 4248 1
5886 3803 2
5021 9075 2
9613 1170 2
9384 6178 1
5781 433 2
413 2012 2
5665 2832 2
1595 4333 2
8563 2461 1
35 6676 1
8142 5736 1
9932 9139 1
5545 2039 2
6384 8115 2
9394 1283 1
1036 1597 2
6761 1930 1
7428 6209 2
7329 6971 2
2268 1763 2
7442 3741 2
7360 6729 2
6810 4392 1
6621 5374 2
1831 5354 1
1430 6195 1
6750 1267 2
5120 6121 2
1592 8009 2
2934 7751 1
9119 2389 1
2869 1322 1
8950 4389 1
8385 208 2
8926 5544 1
4351 1980 2
4850 2021 2
2409 4470 2
3724 884 2
3453 9512 2
9741 4051 1
9534 4817 1
8265 2274 2
833 6 2
9656 2295 1
7842 6844 2
9063 6667 1
6413 2032 2
6629 7068 2
6341 7263 2
662 6345 2
5152 8094 2
6708 2201 2
3368 1011 1
7977 3604 2
8460 9241 2
3845 6328 1
6493 7953 1
9982 5605 1
7569 348 1
4395 6242 1
3284 1937 2
6201 3350 1
1538 1453 2
2822 7999 2
4862 5982 2
3657 7167 2
7663 3768 2
9096 9689 1
6797 4608 1
3327 8969 2
1192 6147 2
6304 3049 1
7714 3392 2
6974 3453 1
992 4058 1
4529 2120 2
2780 247 2
6709 5300 2
7718 6179 2
5338 6047 2
3774 4574 1
7397 9960 1
2156 7434 2
8574 2534 1
8873 9326 1
689 2753 2
9251 2677 1
125 1015 2
4621 3376 1
567 9001 1
7484 2320 2
6328 2683 1
9099 7981 2
4443 8647 2
6040 3138 1
3216 8347 2
4085 4510 2
5244 4582 2
7224 9892 1
9015 4991 1
1387 9036 1
7148 8494 2
7708 7072 1
3980 8497 1
9422 5792 1
5051 3017 1
7335 4398 1
6386 9994 2
8864 2419 2
1947 5086 1
3608 6408 2
3961 8515 2
3121 5758 1
4605 760 2
1073 6742 1
9362 2164 1
3219 7578 1
8162 3855 2
6724 882 1
4958 3975 2
1862 2640 2
8506 7005 2
9920 2485 2
2462 5701 2
8747 5033 2
5910 6602 2
6567 1463 1
8563 3895 2
1268 9150 2
2393 3935 1
2650 5377 1
9199 6614 2
5185 5224 1
4065 5829 2
2137 3581 1
449 3498 1
4836 9680 1
946 6598 1
2263 2740 2
5788 1981 2
3549 3487 2
9579 1881 1
4835 5582 1
5280 8568 2
7437 2510 1
2558 8649 2
8656 8292 1
9406 6835 1
902 9079 2
9788 1903 2
9645 5920 1
8551 5961 2
3256 4433 1
8469 3170 2
4396 5595 2
4412 1745 2
5 8614 2
7994 7981 2
7374 6877 2
6623 1861 1
5340 2143 2
654 6616 2
7188 6368 2
5088 5037 2
2369 405 1
6016 8717 1
1247 4364 1
3535 6628 2
5682 5490 2
4002 5411 2
4080 5242 1
4351 3153 2
5075 4589 2
5364 2245 2
4680 4773 2
8064 9822 1
9986 4144 2
8888 2731 2
4823 5075 2
3587 4851 2
7938 6437 2
9375 7743 2
2336 6415 1
3610 7483 2
6899 6243 2
8297 6937 2
9666 2722 2
2740 5293 2
9415 3284 1
5224 4562 2
4383 2756 1
372 7987 1
6286 3410 1
2908 4035 2
3560 6207 1
7497 2854 1
4185 6708 1
5543 8901 1
8766 5499 2
4694 7422 2
5834 484 2
6554 2002 1
4050 9922 2
6475 9126 2
8833 1660 1
4630 18 1
6133 812 1
9594 4661 2
5232 4595 2
5435 3231 1
6488 9571 2
3426 7957 1
279 9107 1
2235 2352 1
6027 6767 2
965 9166 1
9127 2838 1
2454 7488 2
8321 9498 2
2053 4171 2
4194 371 1
6686 3127 2
3993 1213 1
7026 4451 1
6232 5797 2
1908 5534 1
4933 575 1
8284 672 1
1291 483 2
4520 7743 1
438 1388 1
182 8042 1
2395 9144 1
7420 5714 1
749 9083 1
9025 1676 2
9017 7051 1
6160 5280 2
2891 2101 2
8332 653 1
8599 9447 2
1735 3619 1
8657 5108 2
8281 7207 1
6677 5843 2
5168 5938 1
5408 2400 2
8746 7202 1
1012 4122 2
2412 6504 2
9960 6931 1
9615 7193 1
4038 5108 1
173 5790 1
812 6598 2
2472 6147 2
8827 1577 1
4420 7915 1
2251 2337 1
1496 4442 1
5269 9188 1
6145 1146 2
935 4893 2
623 2951 2
5892 6012 1
6455 9779 1
7122 532 1
4543 8531 1
1770 1004 1
3092 2255 2
5451 9823 2
1319 3174 1
6215 7276 1
4956 2824 2
1764 6934 1
3546 3162 2
6140 612 1
6558 4358 2
7261 6786 1
6647 984 1
6650 9311 2
9035 402 2
9033 5981 2
833 3000 2
6403 2581 1
4437 8437 2
9448 2128 2
7160 5349 2
3848 6894 2
2957 1433 2
1690 8035 2
1997 1622 2
2297 6245 2
3428 9061 1
6177 5840 1
4338 981 1
1095 1906 1
9242 4485 1
2271 3119 1
2422 7066 2
4115 174 2
3025 7231 2
611 3481 2
1291 7648 1
7663 4529 1
969 3534 1
4527 185 1
7235 3406 2
9052 7062 2
917 4730 2
5540 3205 2
2926 8302 2
8185 1525 2
6467 9036 1
819 4185 2
6541 5945 1
8714 1239 1
1719 525 2
4124 2171 2
5393 135 1
1021 7157 1
3152 7847 1
3890 6806 1
5035 2722 2
1701 8072 1
5487 6658 1
8373 3731 2
285 3523 1
8402 8360 2
4887 5351 1
7701 5098 1
9142 9939 2
2934 7072 2
2295 2784 2
9188 4805 1
3273 3115 1
1537 1976 2
8352 3077 2
3459 7580 2
7782 7987 1
5445 6233 1
6693 1295 2
275 1081 2
4366 5685 1
2866 7916 1
9380 903 1
9301 5253 1
5922 9114 1
9865 4378 1
6225 5415 2
8042 2647 1
6243 683 2
2076 7196 1
1307 4935 1
6531 7931 1
9282 288 2
8683 955 1
8068 9776 2
2385 6904 1
6001 1075 1
7127 9392 2
3292 763 2
180 6167 1
5119 9981 1
1858 8980 2
9190 8002 1
7550 1682 1
2639 2695 2
8860 2032 2
3888 5101 2
6385 8481 1
353 3817 2
23 9229 1
2862 6981 1
3852 6670 1
2582 1022 1
371 7508 1
4303 8884 2
6785 402 2
6191 7517 2
801 7838 2
6660 5569 2
8817 4277 1
1214 2703 2
371 4740 1
2992 5207 1
4525 7328 1
8178 3695 2
697 927 2
1601 3103 2
9574 7021 2
5790 8436 2
7797 8793 2
3611 3920 1
6924 2853 1
754 9480 1
903 5257 1
2957 7317 2
8306 4480 2
3182 7444 1
672 361 1
9961 6678 1
9511 2935 2
9925 3520 1
1650 8594 2
352 7772 1
1149 7092 1
8856 5255 1
5277 781 1
8082 2593 1
6102 5392 2
6086 4208 2
2114 5667 1
5249 1933 1
8625 1891 1
7569 757 2
3763 4494 2
3549 841 1
7856 3495 1
7579 9070 1
465 6453 1
6440 3470 1
5620 788 1
5028 438 2
4779 4306 1
9363 3030 2
9245 3923 2
4365 7396 2
20 8670 2
8366 1113 2
7918 1070 1
8439 8978 2
6445 323 1
347 4288 1
9223 2206 1
9203 2121 1
6230 6248 2
6091 6309 1
1480 3579 2
178 7441 2
320 9127 1
6910 4127 1
6291 511 1
2182 3076 1
2173 4458 1
6726 3193 1
474 6050 2
6014 2491 2
5981 2712 2
4419 4684 1
6220 9118 1
7613 8143 1
9233 3163 2
9031 6287 2
4923 4027 2
2819 8377 1
7643 6957 1
8115 6525 1
3688 3891 1
7553 625 2
6011 133 1
9048 2142 2
9555 5726 2
1512 5089 1
3027 1773 1
8518 6475 2
8303 2294 2
7385 2498 1
5635 5135 1
1455 3822 1
7132 1875 2
9478 348 2
4412 5666 2
195 3263 2
6298 8143 2
6670 1866 1
9184 6161 1
7252 9223 2
8891 9394 2
5508 1555 1
175 35 1
9971 5711 1
5137 4726 1
4808 8721 2
9114 1955 2
9328 9649 1
3979 7204 1
7355 3036 2
3763 4280 2
1997 7301 1
8267 1523 1
1246 5983 2
5931 717 1
7323 3556 1
1650 9791 1
4882 4113 2
1025 1993 2
4938 4711 1
1120 15 2
7001 7900 1
57 9479 1
7516 9128 1
8248 3452 2
5714 3097 2
7393 6846 1
4593 351 1
5674 4256 1
6672 352 1
284 2153 1
3675 325 2
2262 1508 2
5539 219 1
1514 2031 2
3163 4388 2
8270 5440 2
4348 7443 2
9181 4379 2
8161 6275 2
3588 5965 1
7244 2193 2
8629 9653 1
880 3853 1
7351 5253 1
3636 9438 1
6179 2741 1
5910 59 1
7641 4657 1
9990 6770 1
1193 7302 2
9847 4804 2
3515 8921 2
369 5239 1
7064 3280 2
2706 707 1
1118 3334 1
3176 1350 2
4111 7995 1
6376 5712 1
1090 9330 1
3099 6087 2
9793 9170 2
3772 5013 1
2170 7414 1
5531 1477 2
1263 9597 2
6700 8649 1
5429 6090 2
441 5799 2
5112 9973 1
1276 7527 1
8870 56 1
9574 9047 2
3824 3490 2
9403 2263 2
764 9240 2
2435 9150 1
7397 4751 1
6283 8643 1
2505 4195 1
1634 2292 2
9578 5220 1
3212 9410 2
8094 4596 1
4019 6643 1
3951 6410 2
2225 5839 2
892 4833 2
4950 8468 1
2294 8313 2
7640 1587 2
2180 8501 1
3326 5392 2
8319 2140 2
7701 7077 1
2359 7321 1
4540 7615 1
8988 8267 1
8967 7904 2
5717 8133 1
4527 5052 2
6365 7151 1
6575 3708 2
529 8307 1
953 8238 1
8563 7585 2
416 4738 2
8666 5131 2
5116 6350 1
1376 2890 1
8617 3916 1
9938 7303 2
2679 5527 1
4324 3123 1
2011 8081 2
2651 6383 2
4461 4384 2
2352 4597 1
5721 4029 2
4468 8861 2
4366 5827 1
5286 3832 2
977 8966 2
2111 5066 2
203 329 2
1959 5799 2
7543 1351 2
1452 1325 1
9461 1899 1
9458 2282 1
3962 6055 1
382 6786 2
1854 6033 2
8506 8778 1
7596 1714 1
2165 944 2
1253 6181 1
5120 7520 2
2253 4430 2
1185 4080 2
9661 4320 1
7316 2485 2
1632 4246 1
2261 620 1
9014 8075 2
2855 2818 2
9363 9762 1
7344 1852 2
9361 1758 1
5834 1312 1
8330 5723 2
2260 4874 1
1855 8708 2
3551 393 1
8228 874 1
4226 5471 2
6897 8356 2
2615 5780 1
2146 3209 2
4219 2131 2
3912 1879 2
9042 6859 1
199 2384 1
4752 3455 1
2806 6104 1
2849 4855 2
6193 1848 2
7874 8077 1
9258 8286 1
6693 3217 2
452 6971 1
7361 1350 2
2807 1155 1
768 1858 2
1727 7921 1
5296 5682 2
6125 4704 1
3939 7843 1
3828 4627 2
2302 8826 2
8589 5566 1
1293 1837 1
3604 4810 1
9182 2632 1
584 6757 2
8098 8106 2
4223 1648 2
3167 3509 1
879 3599 2
8416 2913 2
4375 1900 2
4547 8409 1
5620 7973 2
3706 5644 2
9580 2554 1
3531 6013 1
7575 8656 1
6736 9540 1
7072 720 2
6744 9980 1
2616 4968 1
9060 7698 2
5012 7977 2
5995 2636 2
506 5239 2
3526 8384 2
1192 2253 1
6116 2280 2
5693 8278 1
4872 4405 1
2462 8581 2
5222 7929 1
6882 6062 1
6665 8907 2
1991 8410 1
7520 695 2
5483 2295 2
3469 3628 2
4723 1990 2
7061 4364 1
5943 7051 2
3346 671 2
5268 5857 1
228 8448 1
9769 1219 1
667 8526 1
3978 8548 1
7583 2173 1
6273 9832 1
2633 7907 1
3847 2521 2
4631 59 1
783 4963 1
2092 7781 2
3324 679 2
7821 3012 2
4950 6924 2
4885 5102 2
746 1609 1
1042 3616 2
1095 9965 2
6101 3272 1
6065 1720 1
1126 4489 1
8129 1055 2
7598 7050 1
4851 5307 2
732 2103 1
9942 1322 2
8177 4767 2
3952 4557 2
7411 3796 1
8232 9625 1
9981 7726 2
6154 8038 2
7438 8664 1
3415 5251 2
8006 3266 2
7506 8448 2
9500 685 2
515 7746 1
1530 2418 2
6968 6674 2
815 5787 2
5375 3886 1
8156 8649 1
4062 5031 2
3800 7708 2
316 1570 2
7468 606 1
9077 7223 1
8776 1689 1
3705 6981 2
4908 716 2
7517 7020 1
9952 6234 2
8312 2465 1
172 1370 1
7528 6446 2
2816 1400 2
2011 79 2
14 1283 1
3190 5814 2
6027 6509 1
9042 3815 2
9650 4158 2
6857 1133 1
9408 2242 2
3565 5795 1
2009 8998 2
2130 6236 1
6482 9870 1
5535 6620 1
2037 4962 2
9905 6925 1
7904 461 2
8393 8107 2
8374 7101 2
3081 360 2
5820 9014 1
7066 6089 2
5229 4815 2
4440 8454 2
6247 4579 1
4756 5790 2
6796 3232 1
2546 1649 1
7138 3276 2
2889 3684 2
787 7115 2
3366 5905 2
8062 6378 1
5160 500 2
3364 7048 1
8469 4847 1
8556 4535 2
324 1207 2
8271 8895 2
7970 7076 1
9436 8316 2
509 7381 2
6789 8667 1
6315 106 2
9809 4209 2
5556 4808 2
3096 8724 1
8020 9401 1
8330 9279 1
9195 1401 2
2776 3843 1
1084 9050 2
6713 2081 1
7313 8209 2
1735 752 1
4341 438 2
8367 8765 2
313 248 1
3205 3078 2
6176 9159 1
6205 6366 2
6498 3288 1
6355 9837 2
3389 8549 1
6212 4573 2
5951 8938 1
7491 1118 2
4957 3577 1
9253 1282 2
9648 1591 1
4901 7122 2
4451 493 2
9025 7255 2
4678 3799 1
5115 769 1
1710 5208 2
9609 1524 2
5922 7973 2
4037 4406 2
32 5093 1
7773 1091 1
1638 5576 2
1956 2665 1
8585 7309 1
1919 460 1
3025 8554 2
8570 2499 2
1723 5479 1
5089 7081 1
4182 5875 2
9799 3949 1
7430 5790 2
9202 6882 2
4261 9149 2
4700 7392 1
2637 3610 1
7236 1889 2
9535 7170 2
8315 8005 2
7487 6565 2
5736 8014 1
3541 2488 1
4196 4213 1
9773 3622 2
9391 1987 2
2680 3291 1
8457 3417 1
841 1448 1
9353 4041 2
345 5778 1
7418 5370 2
5524 1139 1
185 6775 1
6314 264 1
1289 6673 1
9118 753 2
2495 4745 1
3562 8547 2
6309 3303 2
5994 8137 2
9275 1398 1
5468 3967 1
7170 5157 2
7654 2822 1
9839 8983 1
2560 5668 2
5966 6292 2
4294 1088 1
3500 2758 2
8263 426 2
3852 1181 1
1593 9697 1
9284 4652 2
2722 9883 1
8333 2617 2
4416 4097 2
7718 3680 1
8227 7680 2
4704 129 1
7998 1225 1
8435 2046 1
8985 49 1
9209 846 2
5330 3730 2
2686 4365 1
8503 2568 2
1910 3529 2
3517 7045 1
2823 4054 1
1293 6014 2
762 3691 2
9089 1356 2
9966 1571 2
9051 28 1
1525 9598 2
9679 8383 2
9862 1501 1
1844 3291 2
473 8473 1
3048 3976 1
94 1996 1
7465 9219 1
7478 7270 2
4684 4318 2
4056 5994 1
8409 8430 2
2174 9134 2
9997 1612 1
9605 9039 2
38 7701 1
3201 8218 2
4475 8154 1
5734 84 2
434 7137 2
9488 9748 1
1352 9106 2
6668 6211 1
3133 378 1
733 2355 1
2453 9211 2
1608 6165 2
6584 3226 2
1928 8609 1
7714 2480 1
8635 4466 1
2468 9530 2
7586 7815 2
7921 7673 1
7349 2676 2
9954 339 2
93 9375 1
5571 1856 1
5641 8195 2
6755 1437 1
7433 5632 1
4392 3245 2
2662 3737 1
4185 5699 2
7208 3988 1
6546 2729 1
4126 2590 1
7651 4812 2
1946 3781 2
4209 9565 2
7202 6828 1
7620 5009 1
7617 1722 2
6120 6882 1
1891 7083 1
1900 6893 2
5228 4541 2
1381 9058 1
6354 6965 1
2332 1415 2
911 136 2
4668 8581 2
6096 8962 2
37 6057 1
2104 2706 1
5628 8276 1
3326 1884 2
344 5628 2
3562 3222 1
1591 2969 2
9244 2779 1
5943 1721 2
2917 6603 2
3261 9196 1
4173 5801 1
7297 9672 2
8619 1212 1
2592 8902 1
2736 7630 1
7433 4515 2
2204 9392 2
5633 2368 1
9399 8724 1
4815 3987 2
6170 129 1
4240 6852 2
8259 7411 2
8228 7841 1
9925 6025 1
1471 7530 1
165 5445 2
7593 4085 1
1710 8687 2
1231 587 1
4974 2163 2
2159 5177 2
4311 2238 1
3904 6993 1
4127 4661 1
9192 7862 2
1232 590 1
1124 1987 1
233 6196 2
9187 3013 1
3595 8519 1
5995 812 1
6428 1850 1
2275 7870 1
6663 6084 1
679 6276 1
4475 815 1
8504 604 2
7320 5868 1
8393 6917 2
8053 2285 1
8515 3574 2
8412 2314 1
6946 8247 2
6124 573 2
9125 7493 2
2119 1222 1
2386 7059 2
7969 9111 1
2943 8964 1
9623 584 1
378 6706 1
6229 68 2
7443 5306 2
5263 779 1
5053 6382 1
5049 4702 1
8752 17 2
639 6358 1
3642 8190 1
8334 766 1
4953 4066 2
3385 3124 1
3090 4062 1
6901 2220 2
2110 3078 1
5613 4717 1
552 7252 2
8670 5938 1
4448 1429 1
7356 5226 1
8858 7995 2
652 2584 1
1072 4665 1
7112 2963 1
7612 1018 2
5102 3303 2
4335 1019 1
5953 2339 1
2797 9869 1
3191 9241 1
3134 9284 2
3849 1826 1
6735 218 2
2678 5143 1
1439 604 1
2336 4921 2
6451 5228 2
2285 505 1
7714 7389 2
3303 400 1
8297 5931 2
6669 4057 1
40 1664 2
6464 2706 1
5778 6496 1
1622 2239 1
6865 1790 2
2843 6343 1
8865 4164 1
5803 2165 1
7617 9712 2
1673 3656 1
2501 8273 2
8892 4355 1
8214 7470 2
3212 6014 2
6160 1295 2
169 3251 2
4146 6450 2
5429 850 2
8450 343 2
5333 7773 2
8423 9653 2
355 1740 2
6541 723 1
8911 9675 1
2564 3615 2
3578 9271 1
8081 4027 2
4169 6277 2
8460 475 1
1352 7163 2
1185 3480 1
5972 485 1
463 944 1
7952 801 1
8428 6643 1
5777 1539 1
8766 1176 1
6290 7378 2
1971 54 1
1841 1065 2
9466 3547 1
8432 1111 2
5896 2697 2
6021 7247 2
1445 3444 1
2346 985 1
252 5253 1
5629 3711 1
6766 9066 2
6193 609 1
3615 7651 2
1228 146 1
5736 5319 1
7 2984 1
580 2477 2
1985 1472 1
3667 4787 2
844 3351 2
4793 2731 1
1743 6690 2
9344 1273 1
6098 4311 1
5170 2278 2
3957 2146 2
1856 4128 2
8409 5537 1
9182 7032 1
2085 7576 1
1092 3458 1
3682 7486 2
4814 2904 1
1520 1198 1
4605 9432 2
4479 87 2
5333 1249 2
3351 1357 2
9757 2394 2
9744 5270 2
2546 7932 2
4330 9549 2
9379 4962 1
2439 4194 1
1318 9600 1
4268 5015 2
9186 8841 1
9556 3685 1
4019 1464 1
2941 4101 1
8090 9960 1
4296 9016 2
9098 684 1
5677 9840 2
156 8600 2
8309 1236 1
2284 389 1
8430 5008 2
7241 6641 2
75 50 1
7225 8733 1
8817 1695 1
563 6109 1
1340 2956 1
4531 7596 2
4728 3109 2
8841 1525 1
9975 2921 1
7578 8603 2
1362 6283 1
8782 5922 1
9296 3203 1
2000 2515 1
2272 9387 2
4593 9500 1
5205 9123 2
3702 526 2
757 7902 2
4069 8397 2
6522 9475 1
6764 2084 1
5345 2988 1
5962 7742 1
9981 3162 1
6404 2910 1
3332 9135 2
5233 3304 1
961 1090 2
3679 7813 2
3297 399 1
1196 2211 2
2182 9380 1
1645 7075 1
4967 8054 2
9594 5978 1
9342 762 1
2160 1376 2
40 2156 1
2542 5492 1
857 4475 2
7416 6357 1
2709 6939 2
632 4234 2
4280 4145 1
3032 1324 1
2975 2875 2
536 9127 2
7261 9190 1
1054 8125 2
6871 4438 2
2657 8674 2
7608 3761 2
4238 2497 2
7486 3092 1
532 3205 1
3931 6093 2
663 3953 2
8917 3279 2
6240 2505 1
9798 497 1
2299 1031 1
8428 3247 2
1159 1943 2
3130 7335 1
5738 7131 2
5270 9694 2
9387 3799 1
1561 7465 1
4390 5014 2
5970 6900 1
4220 3027 2
4947 3230 1
6800 9713 1
7794 2187 1
1674 4452 2
1562 2625 1
2104 7366 2
2103 5963 2
9864 2515 1
5422 7449 2
9872 9997 1
3378 3998 2
3879 2936 2
4000 3793 1
9369 2239 1
4836 8253 1
6902 2285 2
4754 576 2
1203 5093 1
14 6015 2
9687 2635 2
116 3473 2
8112 1833 1
2001 5456 2
1596 5371 1
4855 7179 1
7776 803 1
1309 4087 2
6757 6837 1
8125 5561 1
2949 3116 2
9381 1517 1
4706 7060 2
5767 8163 2
6288 6734 2
472 1052 2
3334 2847 1
9748 1441 2
7410 6304 1
4649 9677 2
2578 5632 1
3431 654 2
6203 1821 1
5831 920 2
4357 127 1
2337 9986 1
1468 6750 1
8996 3462 2
7393 9542 2
6770 341 1
3928 6186 2
1521 4497 1
3000 2206 2
9915 3858 1
6718 2396 1
9854 9010 2
153 1840 1
8797 8385 2
5279 4588 2
6158 3921 2
9111 2597 2
6250 8346 1
9998 7044 2
8209 6888 2
9538 6805 2
9187 1448 2
8121 155 1
3751 6239 1
9595 9882 1
9336 6515 1
52 156 1
9427 1887 1
7588 9901 2
4554 5619 2
4110 5119 2
532 8690 1
2172 6695 1
426 5107 2
6201 7854 2
4348 9873 1
9094 6464 2
5450 635 2
9782 5168 2
940 4004 1
1761 1875 2
6123 7332 1
8773 6960 1
6997 5013 2
6016 4503 2
8765 4599 1
8519 2615 2
8040 9692 2
6435 7525 1
1905 9516 1
8607 4028 1
2037 3955 2
7835 4456 1
9000 4126 1
3228 1114 2
7791 8850 2
8601 983 1
9780 2981 2
1040 5737 2
2886 3363 1
3231 3228 2
3493 9882 2
9979 3666 1
1594 1422 2
2348 2992 1
8749 4134 2
6479 1775 1
7677 8029 2
4195 7083 1
2444 9282 1
7276 2055 2
3168 9160 2
9940 1256 2
1268 2631 2
7781 7845 2
9940 5865 2
3792 4030 2
7861 254 2
5993 9810 1
9418 9944 1
4904 2087 2
1312 4624 2
5177 7621 2
1587 9823 2
9565 5515 2
1543 2054 1
8711 4457 1
4816 1350 2
9104 8725 2
4794 7337 2
1108 9462 1
2386 3591 2
6547 1404 2
2778 754 2
9488 6806 2
6361 5339 2
2501 9434 1
9145 8042 2
958 7329 1
376 6378 2
8633 4103 2
4391 2490 1
9356 1423 2
7390 5549 2
5951 5214 2
2006 7899 2
6558 2124 1
4429 8750 2
8456 566 2
2710 3686 1
4947 7246 2
2038 9253 2
1973 1625 2
9768 20 1
6140 8592 2
6314 1788 1
4280 1024 2
2622 2782 1
1244 858 1
9258 2716 2
4064 9283 2
4664 4733 1
1890 4965 1
7303 2397 1
2304 8029 1
2248 3834 1
3263 6267 1
7489 4312 2
7384 7093 1
3214 7166 1
1541 3268 2
1419 5591 1
6760 3028 1
5387 9186 2
8757 185 2
8596 3635 2
1524 6341 1
6593 9856 2
4752 5075 2
3583 788 1
3706 7711 2
5088 8463 2
2678 8811 1
2875 8083 2
7292 2924 2
729 5801 2
6441 4443 2
1738 5178 2
12 3973 1
4830 4743 2
4281 2267 2
8205 7730 2
3321 8419 1
9808 5730 1
8728 6549 1
5541 739 2
2678 8638 1
8670 8948 2
8711 2705 1
658 4583 2
4003 5745 2
5195 3092 2
6070 919 2
9863 3974 2
8753 7490 1
8904 9916 1
9319 8723 2
9252 5098 1
5313 3549 2
181 1381 2
3659 5243 1
2505 2123 2
5972 8666 2
4947 6105 2
1090 330 1
8920 1427 1
2668 2513 1
4084 5695 2
2334 5144 1
3107 3226 2
2008 8556 1
1912 7393 1
1967 7118 1
6697 921 1
1403 6148 2
3904 4681 1
8344 870 2
204 587 2
6149 9953 1
5518 142 1
8775 9703 2
829 8278 2
2231 9053 1
3602 4203 1
3936 1276 2
6060 7846 2
7314 2433 2
6462 9687 2
1762 3806 2
7420 3250 2
967 9158 2
9714 1772 1
4591 7476 1
3741 387 2
4520 6965 1
975 788 2
6535 4361 1
575 1651 2
9316 8886 1
2391 5398 2
4188 5765 1
180 9338 2
126 1315 1
5274 2941 2
6255 6738 2
590 6002 1
6246 1125 1
9194 2816 2
400 5095 1
5404 5971 1
6909 3733 1
2582 5546 1
5969 303 2
4016 4215 1
8164 731 2
6674 930 1
1747 5330 2
9947 70 1
9548 3073 2
4157 7283 1
406 2426 1
7741 2746 1
8055 2192 1
3272 3220 2
2860 7711 2
393 4876 2
4644 3169 1
9268 3008 2
2997 6745 1
5743 1716 1
8374 9053 2
7139 9502 1
6179 7892 2
6287 9403 2
9469 8364 2
9285 1641 2
9431 6774 1
9164 5867 1
8922 5976 1
3260 9065 2
4914 1994 1
8757 4093 1
6046 5066 2
856 1430 1
2036 456 2
588 8969 1
170 3642 1
7803 5627 2
3662 8185 2
4034 2472 1
4880 2419 2
5924 2288 2
9347 1319 1
2008 132 2
239 6428 2
4983 5005 1
4930 3994 1
7119 7910 2
7370 2494 1
6210 2941 2
4364 1403 2
1735 8710 1
3697 1716 1
8088 2008 1
2596 9827 1
6755 4221 2
2661 3429 2
3066 8118 2
8808 748 2
9458 6790 2
1943 2636 2
9207 5586 1
3020 6190 1
2599 5159 1
24 5151 2
835 4612 1
3199 1378 1
8769 4043 2
1530 4330 2
9740 5797 2
2739 609 2
1298 2459 1
5964 3877 1
2085 5485 2
393 4469 1
6747 1535 1
8913 456 2
5711 4023 1
7553 1670 1
8925 7521 2
2121 6765 2
3225 5035 1
1964 5789 2
857 41 1
2756 9628 1
6406 1458 1
5101 9220 1
8656 4769 1
6678 7632 2
2807 2053 2
1555 5010 2
8082 5025 2
6141 4160 2
8108 9117 2
8832 4642 2
6338 6851 1
6443 950 1
7926 2882 1
5396 4221 1
3231 6943 2
9202 3227 2
3847 5183 1
4513 5322 1
9916 6255 2
8113 3368 1
2079 9132 1
1399 8436 1
5704 5499 2
6939 6517 2
6752 8706 2
25 1699 1
2277 9213 1
4368 6508 1
5593 7882 1
9238 8672 1
3412 1005 1
5937 2086 2
8910 5533 2
4319 421 2
7462 2325 2
7823 9435 1
8429 5604 2
198 9050 2
139 2349 1
1564 4806 2
4857 8536 1
748 904 2
790 4447 2
9559 3358 2
1539 7826 2
9233 393 2
2374 8051 1
1219 1181 2
6443 6987 1
8472 8532 1
1006 9315 1
2096 2076 1
7602 5324 1
7727 8100 2
4717 2312 1
5903 7475 1
9849 8750 2
2810 977 1
6373 5946 1
8177 5740 2
3827 5146 1
6040 3173 2
6903 2354 2
5831 1888 2
8462 9017 2
5882 3064 2
9780 6298 2
9122 8744 2
5101 2596 2
5827 6931 1
2381 8635 1
6500 4940 2
2784 3236 2
5746 8143 2
3075 8125 1
4956 2807 2
2152 8866 2
2520 8373 2
2983 4569 2
5821 6704 2
3575 6728 2
7591 1759 2
7577 9545 2
2743 3137 2
6414 861 1
1792 229 1
1083 4934 1
9051 1186 1
4380 1323 2
4116 8897 2
7055 9096 2
1834 6493 2
9925 7323 1
6435 3834 1
4724 5560 1
8934 7020 2
1335 4470 1
1999 107 1
3516 1408 1
8926 8997 2
4341 7430 2
9672 1260 1
1608 7913 1
7829 5572 2
7743 3122 1
6496 3943 2
585 4299 2
6954 6497 1
6871 8820 2
232 7315 2
9024 2240 2
9008 1156 2
9309 869 1
6016 2043 1
781 5824 2
807 1703 1
2787 6431 2
1002 3687 2
1283 8597 2
6256 3682 2
1736 6729 2
6615 2673 2
785 327 1
8221 2400 2
9152 2813 2
9607 4144 1
2538 511 1
4541 9096 1
4249 4389 2
4412 4239 1
8029 4552 1
211 6164 1
3910 88 1
6998 1623 2
2540 4184 2
1679 7469 2
9624 1040 2
520 5919 2
4904 4139 2
2897 75 1
4463 6711 1
4464 7890 2
1954 8199 2
4348 8681 2
2348 2628 1
5634 4296 2
5739 6920 2
5217 2030 1
7248 657 1
6909 6378 1
4531 7428 2
1951 4915 1
3837 3832 2
2531 8898 1
605 3479 1
4360 7251 2
1284 2656 2
9412 3064 1
4120 6456 1
654 8277 1
7237 788 2
5282 6325 2
2423 8992 2
7953 2308 1
9889 9083 2
3134 754 1
6489 9257 1
8242 6758 2
9145 7088 2
2856 6889 2
5504 2475 2
3378 263 1
8495 7914 2
8050 1826 1
9117 8000 2
3618 4238 2
3524 1300 2
5501 1094 2
8337 3232 2
1011 7686 2
1079 8613 1
1657 7086 2
909 9701 1
7382 6502 1
8043 4616 2
6728 4148 1
9953 7816 2
1533 8999 1
9697 5780 1
1770 9568 2
6112 2401 2
