100 100 67
50 68 2
17 31 1
66 6 2
39 21 1
42 48 2
17 7 2
55 58 2
60 10 2
98 81 1
31 15 2
71 94 1
35 90 1
61 33 2
13 41 1
16 30 1
43 55 2
7 59 2
19 81 2
90 85 1
34 16 2
64 22 1
42 57 2
18 21 2
53 23 1
39 86 1
88 45 2
63 74 2
93 89 2
12 9 1
93 95 2
4 75 1
2 52 1
12 14 1
74 31 2
70 18 2
3 7 2
37 4 1
77 6 1
27 44 2
91 60 1
2 42 2
30 18 1
40 13 2
60 88 2
97 91 2
78 28 1
49 63 1
27 80 2
3 44 2
3 75 2
48 31 2
1 81 1
10 12 2
49 83 2
89 41 1
10 88 1
53 54 2
94 90 1
6 15 2
85 37 2
7 54 1
89 68 2
64 30 2
77 27 1
24 97 2
45 35 1
87 67 2
80 70 2
1 92 2
42 10 2
77 34 1
63 99 2
18 40 1
34 10 2
26 69 2
98 82 1
58 59 1
9 99 2
48 44 1
56 66 2
57 61 2
32 34 1
67 94 1
56 14 1
72 99 2
57 97 1
33 82 1
36 17 2
89 62 2
16 45 2
99 25 1
13 74 2
87 100 1
66 5 2
21 42 1
56 60 1
48 100 1
21 85 1
41 8 2
74 98 1
