100000 5000 21543
27624 12890 2
77070 62621 1
53152 49267 2
94887 35824 1
4370 44215 1
34937 30304 1
4324 78938 2
66125 55922 2
10115 28373 1
93521 58740 2
87775 43398 1
77367 39667 1
68651 53486 2
42102 69378 2
70113 14481 1
84776 13306 1
98717 2458 2
34955 4692 1
30109 77076 2
78113 34449 2
14759 70194 2
81647 47315 1
62243 11912 1
39169 84577 1
29981 85615 2
53509 70439 1
85701 16037 2
7787 57843 1
70798 68203 2
7788 30073 1
96338 91205 2
4608 47536 2
58636 87806 2
53734 75507 1
96700 12801 1
25248 60226 2
97447 65601 2
6676 30814 2
38101 52882 2
8876 43600 1
88625 8461 2
59351 72834 2
63949 60400 1
44390 55620 1
48155 23324 1
84815 27497 1
14837 57941 2
7982 24391 2
51989 58406 2
17215 45627 1
73758 45274 1
75269 45667 2
97329 96804 2
9831 42498 2
61625 52888 2
87501 36575 1
92096 44879 1
61223 77574 2
69975 40615 1
79014 96901 2
61298 38721 1
67585 34352 1
98602 77442 1
68082 3359 2
70361 22034 1
343 88395 2
18305 40064 2
65265 49588 1
80518 99163 1
79528 15997 1
85967 51386 2
9381 80718 2
95049 58262 2
92662 18802 1
51204 89707 1
42733 37559 2
99252 26459 1
8642 57392 2
29265 37642 1
14125 56950 1
12727 57027 1
8268 94563 2
65159 3153 1
92675 5397 1
50564 56487 1
33207 32913 1
64055 90937 1
67890 27742 2
77356 89088 1
25187 47334 1
37715 5147 2
56859 31672 1
70143 92680 2
13648 66377 1
70026 32975 2
89405 76174 2
55951 97303 1
9024 20483 2
14607 35023 2
16540 10823 2
51917 44231 1
13237 86078 2
87058 80116 2
6710 50158 1
87689 9423 2
37422 14274 2
42180 70743 1
88366 12874 1
55605 19850 2
37581 65721 2
81686 59952 1
70884 99654 2
38370 71857 2
93075 80907 2
59897 84793 1
22650 99369 2
17824 87291 1
59168 14690 1
95647 96235 2
94128 99422 2
36289 71971 1
89111 43367 2
63831 77407 2
84360 66860 1
84725 74785 1
10040 51906 2
31988 19597 1
59458 76862 1
81583 13102 2
82275 63612 1
75238 62608 2
49471 20123 1
50621 28259 2
31131 16991 2
90558 49279 1
99105 57390 1
94963 92858 2
40991 63860 1
50093 71443 2
85800 15103 1
63936 48267 2
66897 36259 2
55236 48807 1
19093 74070 1
46934 43567 1
71378 81301 2
15381 43986 2
61866 50494 1
56869 71904 2
40803 39380 1
56239 93198 2
39175 39551 2
37215 13462 1
60869 37385 2
46021 65940 1
98382 41889 1
23861 87178 1
39608 96380 1
73607 97565 1
76479 35215 2
70071 949 2
75839 34294 1
42086 54305 1
13435 7697 2
9047 85809 1
68665 21313 1
83219 15322 1
67780 49392 2
76709 49622 1
85897 58598 1
85727 84801 2
12570 56756 1
63860 42717 1
85038 10989 1
43835 88751 1
59679 72 2
51698 1087 2
74346 75040 1
48761 68348 2
22611 94676 1
56179 33814 2
40030 50855 1
80329 30146 1
98455 89121 2
22438 94202 2
3435 74412 1
70811 18106 1
11821 87255 1
31261 83140 1
25362 85879 2
32130 36093 2
98805 18305 1
51240 3758 1
34804 54258 1
66990 83908 2
84785 49095 2
3417 66192 2
95345 92869 2
25137 87335 2
14528 92754 1
98753 25571 1
62572 89050 2
41850 32576 2
39430 8363 2
17840 6752 1
32036 86969 2
62268 95944 1
56097 30683 1
78072 864 2
57724 60940 2
12998 89655 1
81589 36619 1
95722 82621 2
19251 7611 1
82699 94760 2
84736 32580 2
1558 78319 2
9131 44272 2
83387 75794 1
35909 70318 2
95630 6896 1
6437 83187 2
32743 80974 1
3812 38452 2
16066 19031 1
94722 55022 1
86144 23383 2
90655 64286 2
95621 26079 1
2050 53865 1
96344 22788 1
8374 52725 1
2181 9664 2
94664 44366 2
75486 67120 1
38858 32130 2
60214 91092 2
99283 14597 2
61957 63090 2
38301 10318 1
1511 6930 1
28870 37880 1
45724 51459 2
74959 57794 1
20170 43445 1
25440 12336 1
53782 29694 2
89378 2567 2
66063 13750 2
95459 63477 2
41347 33754 2
4182 13287 1
86856 9068 1
27856 92656 1
94485 56401 1
13228 24713 2
50022 37010 2
81768 8171 2
93307 36988 2
53734 63447 2
97753 83648 2
6476 97615 2
39047 90995 2
26404 4026 2
2643 49583 1
28637 10244 2
96107 40496 1
10376 22459 2
26596 10745 1
8732 2995 2
72823 69772 2
99666 43043 2
61951 83669 1
72617 65894 2
78940 52288 1
30659 48603 2
1010 3742 2
68807 74086 1
34219 77509 1
87773 89228 2
209 97581 2
32693 60891 1
67349 33299 1
13312 49952 1
58923 60953 1
37877 59118 1
49803 70020 2
1262 49758 2
76818 4669 2
91560 39945 1
10975 59985 1
8903 96144 2
342 28753 2
50863 10133 2
51264 45843 1
65292 58271 1
94217 70959 2
89899 81626 1
7489 89122 1
40991 34868 1
82652 19246 2
36317 87298 1
21490 8856 1
61856 377 2
25119 46409 2
69797 36149 2
13028 92302 2
40592 43765 2
48132 52952 1
45414 89628 1
8872 15581 2
69777 57234 2
11132 81653 1
84863 72066 2
25168 81149 2
88675 7194 2
1783 57528 2
1779 39917 1
60875 84105 1
18952 69204 1
48647 37946 2
67969 24073 2
30892 75736 1
96384 6346 1
76221 64628 2
17291 65820 1
59874 41571 2
32940 54374 2
91273 56511 2
530 27569 2
39712 37637 2
18446 9103 1
74301 90069 1
55223 68945 2
65974 79413 2
74758 86319 1
17225 59470 1
5531 61893 1
17941 94189 1
46614 49360 2
39391 41220 1
7326 72756 1
22607 7814 1
13790 34297 2
47856 69102 2
71939 67466 2
51539 10041 1
87359 37525 1
43884 63079 2
13929 40301 2
50900 39902 2
71099 55115 2
93157 85575 1
89491 37577 1
14145 62511 1
45682 67270 1
67372 95911 2
54880 66789 1
97069 65637 2
97990 31917 1
22481 29345 1
49042 61770 1
21672 96793 2
55191 82379 2
73510 64941 2
73482 3074 2
74019 64739 2
62822 20967 1
75868 57444 2
29513 44661 1
26672 29021 1
48661 97132 2
93667 672 2
40080 14829 2
7006 84000 1
65572 53729 1
35181 80248 1
59999 76115 2
70592 90949 1
78868 88689 2
42250 37063 2
9305 55983 1
65029 7460 2
98855 77891 1
76269 12006 1
10237 94826 2
45856 80184 1
98046 53410 1
49636 89260 1
31566 89998 1
11009 88536 2
37656 23989 1
44707 70452 2
88651 35811 1
77145 27837 1
46776 99079 1
48921 67958 2
98998 76787 2
72122 92418 2
57151 63776 1
17432 32683 1
59024 79015 2
63315 75518 1
4909 76648 1
76784 57101 2
86490 19367 2
41143 95307 2
93411 86602 1
84723 33460 2
55317 83165 1
46101 69506 2
84611 13518 2
17874 77145 1
52706 91121 1
42080 77436 2
67597 45596 1
75229 10005 1
98881 5228 1
85000 45969 2
7586 45119 1
36038 94082 1
67925 56056 1
63454 26683 2
25764 52319 2
92413 90520 2
33661 49566 2
16211 35827 1
99059 6597 1
6901 8752 1
25531 486 1
95897 28178 1
83761 47993 1
57180 63747 1
75313 77530 1
35199 54032 1
3582 13958 1
13894 73547 1
90878 61090 1
71128 19880 2
18555 37428 1
53250 18048 2
89252 37864 1
33748 29841 1
93194 34796 1
87010 36699 1
4323 54388 1
25028 16420 2
38571 90967 1
20470 22517 1
77182 53775 2
72761 98268 2
93055 51869 2
52432 87464 1
87061 88260 2
24900 30064 1
30312 56585 1
7233 89740 1
10696 3609 2
87671 10778 2
26311 44227 1
64057 54043 1
41370 3002 1
85441 27443 2
64539 85812 1
92330 37484 2
66314 99565 2
55829 92819 2
67687 15493 2
47013 14138 2
51386 25246 1
7522 26133 2
4972 78047 1
11706 1373 1
20299 87060 2
16347 20592 2
28842 1067 1
51419 59726 2
48830 32344 2
20432 64990 1
65826 84658 1
28952 60935 2
46260 1844 1
3155 17943 1
57878 1149 1
14756 93568 1
69774 62320 1
95859 42678 2
34214 82933 1
57517 5426 1
98348 182 1
35075 21362 1
33587 57763 1
40871 51222 2
63153 72814 2
46642 36997 2
60287 92944 1
9313 4518 2
85212 34658 1
17939 88103 1
50058 93605 2
18637 39290 1
75567 56795 2
54742 97427 1
182 363 2
87867 73227 1
67916 49121 1
68012 63904 1
94659 72843 2
26973 25395 1
60402 87005 2
86790 62760 2
97170 15246 2
77380 88969 2
37411 88537 1
80566 21092 1
79909 24125 1
59680 55976 1
34719 36637 1
2379 49516 2
7324 40321 1
56547 71273 1
73129 39251 2
69400 69851 2
68345 97603 2
60829 22051 1
90881 68 1
3052 64808 2
6652 73356 2
57377 20785 2
77479 99128 1
42522 4556 1
12166 77382 1
61821 14155 1
70526 42296 1
1842 72258 2
91929 77656 2
74693 72778 1
36869 54063 2
94502 34785 2
8341 93548 2
78344 74440 1
97214 31107 2
44069 58179 2
41243 92459 2
28216 18237 1
24586 81375 1
19041 69921 1
14445 37694 1
51717 63714 2
94122 6604 2
81004 50804 1
83916 8495 2
55457 38096 2
59519 57298 1
68182 61620 2
28727 79685 2
51069 61249 1
23370 15899 1
57040 56955 1
27697 4938 2
12201 70157 1
82540 7023 2
54731 44258 2
80635 50471 1
4215 81517 2
933 87063 2
34904 29858 2
56565 5414 2
42168 34459 2
47672 36382 1
87528 69716 2
48288 27342 2
74652 79630 2
85924 28906 2
6669 62512 1
76190 11497 1
58453 85505 2
19819 91270 2
59798 90096 1
28431 33377 1
6164 36045 1
16366 50555 2
65622 96525 1
50004 6077 2
94697 35785 2
57006 92177 1
69149 84287 1
95887 71303 1
33958 22096 1
66380 77554 1
68284 15680 1
25120 73545 1
70459 18042 2
66089 90374 1
76548 65705 1
88617 98378 2
96122 32256 1
42310 69623 2
68486 84051 1
87210 96853 1
52276 19644 1
34307 65326 2
54164 20471 1
72676 21713 2
38873 86118 1
81571 90514 2
11869 73965 2
78201 70056 1
35515 8407 2
42981 51183 1
2836 17167 1
86441 83396 2
74603 56840 1
619 65324 2
77705 22838 2
93238 38412 2
62905 53363 2
98646 20402 1
68813 21819 2
27136 76235 1
26391 57168 2
94407 31915 2
79409 49046 2
22856 9896 1
56534 47640 1
7967 85023 1
45798 10209 1
9616 81838 2
78438 99204 2
44543 16440 2
55326 21013 1
87672 37925 1
73273 45902 1
46440 78398 2
67752 45547 1
42881 81621 1
73632 76622 2
17466 28091 2
80759 64220 1
76685 13737 2
21675 37149 1
75608 51512 2
11195 93664 1
7196 98920 1
53515 1141 1
47137 36061 1
71941 85105 1
96048 20669 2
98899 72973 1
85271 6483 1
54470 68648 2
26089 20399 2
62578 21504 2
43675 55620 1
15663 45725 2
39433 66729 1
47738 1639 2
69071 57 1
67058 15466 1
74671 44787 1
60987 34233 1
62481 36506 2
1950 4873 1
71295 22165 1
68039 20177 2
77797 96496 2
92742 38064 2
9847 36826 1
98703 90823 1
25227 16934 2
79002 49051 1
90362 90890 1
5507 49557 1
78884 51458 1
78507 43329 2
86025 25742 2
52757 29426 1
4720 16943 1
60522 28508 2
98628 11886 1
1365 56569 1
50513 95062 2
23752 57029 2
90828 51477 2
82390 96738 2
96233 25599 1
85174 2357 2
92706 66091 1
74566 57959 2
40855 95124 2
72422 33220 1
19016 48409 1
45465 72639 2
75005 66205 2
87048 24141 2
87039 29895 2
80926 81669 2
73116 33219 2
27884 79207 1
49798 92000 1
42215 78802 1
83317 26289 1
27877 55947 1
64481 46412 1
83460 56285 2
26664 31981 1
52323 77684 1
99214 72500 2
14567 66017 1
34936 35203 2
55544 66073 2
78448 90241 2
55041 27318 1
35044 77817 1
91891 73204 1
10119 15356 1
37666 82901 2
14159 4347 2
46727 27262 2
49365 43789 2
89020 39128 1
72920 20943 2
94723 56848 2
3450 9375 2
94720 78071 1
37761 35105 2
16410 37026 2
74264 56442 1
88670 73003 2
70859 1495 2
4028 60846 1
46830 39431 2
48840 44621 1
47479 16221 2
72218 55405 2
67584 41999 2
38350 49527 1
34406 10394 1
49893 24471 1
44044 26363 1
72995 3904 1
7961 93975 1
303 40775 1
85813 5076 1
22837 53860 1
8336 2782 2
28295 84596 1
6300 78051 1
52600 62425 2
49742 18423 2
15680 63224 2
83873 24273 2
33499 78970 1
58994 20268 2
98826 42412 1
21669 25927 1
2576 7871 2
72927 86790 1
74389 69480 2
93546 16878 1
84807 33377 1
75412 71276 1
68692 35750 1
61328 99695 1
74770 68409 2
31443 82762 1
30776 60703 1
54648 19123 1
25666 64961 1
8669 56839 2
93392 62028 2
36 32483 1
94407 74257 2
42067 2956 2
80495 61797 2
83348 1481 2
39315 10914 2
41013 86083 1
16516 78277 1
5578 92300 2
41782 69102 1
88198 52789 1
14338 26979 1
1733 89110 2
38595 47277 2
27494 65162 1
51609 80857 2
18409 61104 2
92585 67448 2
91125 39371 1
50074 3775 1
79573 46819 1
15449 27976 2
29269 65218 2
93718 16015 1
73226 88408 2
29957 51831 2
43176 7896 1
72670 4195 2
41321 82809 2
77982 31964 1
55789 25109 2
58948 65713 1
23828 54125 2
91220 41075 2
44998 15299 2
95383 94613 1
41035 78942 2
96185 71090 2
76884 38442 2
95562 42374 1
82640 96629 1
40318 19380 1
57847 15507 1
76365 92287 2
81027 57147 2
66291 12145 1
78322 94441 2
27185 22679 2
56902 64506 2
10154 770 1
6724 2930 1
96167 79783 2
84249 91481 2
36276 10304 2
81456 40953 1
72673 29898 1
26237 49730 2
99169 59237 2
44629 59559 1
94382 14935 1
34195 85407 2
53987 22313 2
93397 71812 1
99425 6888 1
3965 47927 1
76747 68965 1
56306 2874 1
1545 7254 2
52316 59988 2
61321 92531 2
39883 40433 1
97017 62073 2
10704 30336 2
38511 27818 2
64321 38707 1
84865 86860 2
83770 51106 1
64269 19110 1
16535 36776 2
26994 22854 2
25116 23365 1
4117 48509 2
56525 63834 2
66110 71648 1
38645 56752 2
27352 84297 2
54979 16241 1
69172 55381 1
67337 61101 2
42630 57860 1
53404 80151 2
69575 81180 2
22615 48358 1
88305 91334 2
10711 10037 2
70 12975 1
34816 74722 2
46218 60905 1
23318 86546 1
63236 22951 1
17381 38028 2
16033 55716 2
93819 40442 2
41905 94557 2
3688 46731 1
41288 55954 2
91685 88436 2
30302 61097 2
99338 81514 1
57872 64043 2
1845 6761 1
68157 61574 2
53098 51600 1
47785 26633 2
92750 99331 1
18109 78827 2
64363 15272 2
20805 20324 2
53072 95850 2
86865 36593 2
10446 82425 1
93269 22869 2
42364 98280 2
20808 29363 2
27475 59758 2
20649 37013 1
42226 87302 2
22805 79688 2
54331 80463 2
74194 53437 2
62932 64940 2
79112 17482 1
14664 89892 2
13795 99495 2
10788 58467 2
20914 60274 2
2746 68952 1
98155 79371 1
20161 56949 1
15877 17720 1
10834 57907 1
95356 79298 2
28365 67883 2
76944 13367 2
91634 68317 1
76070 23494 1
51465 16717 2
96710 66118 2
15066 48993 1
37947 77263 1
69366 88036 2
75190 38335 2
68748 53479 2
62636 77174 2
92916 89850 2
47763 28346 1
48424 40951 2
80233 46420 1
71110 64216 1
90637 40689 1
12303 81500 2
28836 51203 2
35147 85926 1
7061 94654 2
68451 42750 2
76301 66395 1
58086 15278 1
79356 50040 2
84388 6981 2
91543 60213 2
45622 10008 2
16948 91448 2
90132 62204 2
60816 72010 2
91133 13070 1
53324 59321 1
60403 41867 1
49644 38132 1
50844 31608 1
74647 13874 1
6754 31067 1
72730 6379 1
89396 12511 1
60837 43965 2
57699 74613 1
27212 48648 1
51526 6830 1
36231 23411 1
11318 92097 1
48594 97925 1
87219 43787 2
79790 98188 1
62013 84298 2
126 11577 1
13915 18657 1
74699 66626 1
53240 68280 1
88289 24863 2
86497 60953 2
83216 58062 2
20392 6292 1
96235 30480 2
45700 62683 2
92076 29865 1
71407 48167 2
8878 56739 1
9926 60209 2
71762 94572 2
16781 91194 1
29883 54131 2
9705 81412 2
46866 9423 1
56067 23414 2
38498 18936 2
66188 11803 2
18908 69676 2
33171 55780 1
13909 63436 1
79601 62530 1
67428 14428 2
12990 81613 1
10340 7622 1
6168 71295 2
8440 97336 1
9731 97338 2
74818 57057 2
52164 24894 2
7978 32088 1
78213 67796 2
58845 40277 1
1525 84038 1
69516 71478 1
96869 92836 1
88361 86684 1
14955 52192 2
7309 97131 1
71715 6259 1
12373 79981 2
68745 79190 1
93440 29200 1
36544 36362 2
43027 41827 2
50670 12112 2
16981 45501 2
34749 45362 1
63731 16790 1
62972 15960 1
13437 96972 1
924 70996 2
64231 18304 2
46100 39959 1
53065 97398 1
31262 96697 1
60416 62361 1
39639 77781 2
21835 42228 2
48931 69738 2
96814 99226 1
52102 69019 2
60754 62399 1
5932 27248 2
28675 16476 1
81538 20211 2
49393 53647 2
63770 33588 1
59983 40056 2
1515 37350 2
68567 44990 1
92495 64447 2
43365 56584 2
3684 20668 1
51927 62053 2
65260 94778 1
94612 96228 2
84492 21214 1
99649 80860 2
53744 37967 1
20269 64102 2
97958 69590 2
32615 76926 2
60030 57797 2
90306 20453 1
25809 78605 1
98168 53986 2
9047 63750 1
91108 88860 2
96495 25067 2
61414 87330 2
97883 731 1
75363 18819 2
30785 37754 1
5411 64086 1
10731 46957 1
94929 51252 2
93608 97538 2
85343 71513 1
88009 53574 2
5791 11750 2
52805 24108 1
45547 62978 1
82869 68749 2
63933 12788 1
52280 46338 2
78808 54059 2
30192 59692 1
77117 37334 1
4708 63437 1
31767 71404 1
20252 85772 1
85424 86566 1
43944 82933 1
16313 69440 1
602 14807 2
23366 24316 2
64358 34404 2
16848 8734 2
38825 71476 1
25233 14321 1
14144 72898 2
15883 42528 2
97932 75597 2
26370 46206 1
821 15417 1
70941 87295 2
47140 55244 2
75753 25724 2
56103 75793 1
16598 54867 2
1616 60856 1
59832 34501 2
50135 27988 1
69351 65911 2
88020 94428 2
28159 27921 1
3557 38250 2
84449 68578 1
3598 27231 2
49808 51289 1
28308 53789 1
27957 91086 2
35457 73547 1
60732 91351 1
31332 89557 2
97141 21267 2
46510 88746 1
40467 93123 1
69333 49340 1
50352 94955 1
12148 99651 2
16775 95670 2
4265 50426 1
19801 94416 1
17847 47553 1
52777 89673 2
72834 95289 1
47360 71096 1
34357 95595 1
39849 75894 2
1567 12674 1
23286 59647 2
16881 32204 2
6553 30421 1
37410 11901 1
21004 20829 1
1931 48843 1
39658 81055 1
26956 86515 1
49587 76298 2
83813 67731 1
61516 96526 2
99454 53006 1
19197 76672 2
90911 491 2
11377 87289 2
37880 47702 1
12281 14327 2
36251 25662 2
67018 8283 2
51805 35765 2
10970 73418 2
85049 16691 1
89511 6252 1
49580 19188 1
78416 40272 2
74938 62741 2
26137 14566 2
65224 39195 2
17164 41699 2
33728 99500 2
3731 35137 1
27408 22035 1
51103 47996 1
31403 22560 2
43460 76726 1
53990 66150 1
59354 44659 1
74332 65628 1
62622 9886 2
82507 84829 2
73807 98979 1
68949 89256 2
20625 6387 2
45824 45888 2
82765 54307 1
73430 14124 1
89519 35628 1
43334 32184 2
68743 59021 1
2145 27123 1
83497 69317 1
1213 45999 1
76845 27705 2
22422 77221 1
94383 82100 1
59976 1870 1
57904 75298 1
68726 40778 1
43603 12788 1
57703 46141 2
61089 14495 1
28899 74541 1
63717 46972 1
80538 61062 2
49937 55498 1
53245 52054 2
76632 93768 1
94435 11281 1
75377 21947 1
25830 43470 2
8666 57390 1
16675 33319 2
45907 21517 2
77310 7197 2
43391 74473 1
67995 48083 1
94503 49303 1
62822 68686 1
29814 47921 2
29036 10043 2
12093 13459 1
16448 83881 1
40817 98911 2
33911 85418 1
41544 46970 1
53036 73143 1
70432 62284 1
77789 26377 2
42744 900 2
8684 10145 1
87893 88562 1
36606 47456 1
64031 779 2
60576 13327 2
80353 75401 1
41309 11993 2
60716 11912 1
67049 88972 1
27828 5642 2
42873 7772 1
68626 41428 2
23497 23264 2
25184 75151 1
54005 89619 1
38720 54056 1
69472 63028 1
44726 59696 2
84048 2950 2
30953 45404 2
23535 37681 1
37606 96902 1
99052 74207 2
24253 86794 1
75448 66656 2
29218 2186 1
39274 60295 2
81293 40043 1
79707 48234 2
85146 48822 2
18795 82021 2
46922 52216 1
53178 29944 2
70497 59298 2
59919 25701 2
6630 84425 1
45205 39827 1
14181 28871 1
44089 21614 2
79568 96504 1
53517 95972 2
82170 42014 1
45192 60393 1
70011 61214 2
63460 57716 2
20015 81121 1
45119 95744 2
39223 38932 2
27482 5804 2
97078 65800 1
13661 84955 1
13492 36722 1
52273 82133 2
24703 51020 1
6276 30500 1
32262 46706 2
4745 83992 2
51324 16743 2
67573 57796 1
87131 4173 1
42436 32190 1
76318 5808 1
71825 68867 2
77925 52476 1
83553 22064 2
99605 88066 2
91481 18858 1
886 19768 1
5411 80855 2
53267 76982 2
37166 34595 2
81149 98649 1
3371 30620 1
65928 69251 2
75953 52087 1
28813 43865 1
53113 33481 2
10631 31428 2
31362 46350 2
97398 25457 1
8142 74597 1
76063 13873 2
64484 93297 2
81001 93081 2
95020 17722 2
46913 7459 1
32726 26570 1
9303 8780 1
12147 43729 2
21439 86516 1
77434 23138 2
99441 82625 2
22341 62387 1
44170 55420 1
69617 53921 1
60233 43218 1
40386 66698 2
32370 9780 2
81852 57616 1
26510 17911 1
49355 82557 1
3977 95669 2
39644 77434 2
91315 59531 2
91426 80246 2
14464 40633 2
32882 20741 1
32232 42533 2
94087 13342 1
70951 17624 1
88446 61948 1
9470 38655 2
80059 44287 1
10832 96171 1
72579 99752 2
69702 63730 1
31296 4800 1
44940 587 1
62688 85393 1
64402 24694 2
13206 53803 2
84555 7250 1
41272 24449 1
47121 52325 1
35231 34409 2
24031 14872 1
72202 58304 2
32022 16504 2
65659 12356 2
15417 150 1
74936 76728 1
88688 9608 2
63179 79043 1
6761 11878 1
28931 95729 2
13842 90830 1
62033 97489 1
38273 53568 2
84876 82837 1
41964 99394 2
81485 99029 1
23633 18077 2
75572 90412 2
22159 72414 1
32865 85145 1
55403 79446 2
28667 99744 2
33101 72539 2
15373 68647 1
50304 23237 1
8420 99449 2
9013 32817 2
36274 83878 1
26048 49122 1
12206 51681 2
18202 86363 1
64850 55553 2
11549 8102 2
19388 41024 2
18380 90128 2
11597 2751 1
86824 27786 1
60877 41888 2
34011 80746 2
40645 82411 1
86897 18472 1
42243 43242 2
58490 45889 1
72346 4876 2
27402 49528 1
27167 28965 1
12410 11536 1
48653 22701 1
71364 29811 2
43938 33309 2
88330 91854 1
60768 99893 1
30895 24178 1
58285 16537 1
56028 57653 1
17267 80015 1
21373 26639 1
90849 73442 1
12514 59486 1
72391 43842 2
87455 59906 2
14782 23234 1
97131 74721 2
12382 2137 2
59557 94212 2
69159 79522 1
99242 89016 1
59193 92731 2
7968 23311 1
53755 64330 2
58127 50908 1
1271 70675 1
37731 91738 2
57308 89315 2
63947 28550 1
17627 83881 2
68573 2080 2
44459 97751 2
47664 46415 1
60166 62501 2
83872 85306 2
84905 38735 2
36429 36495 2
22840 71762 2
41308 74655 2
16823 45683 1
57013 95616 1
65458 40248 1
19011 37770 1
67318 24940 1
56503 5691 1
8950 70975 2
63718 44659 1
74439 29860 1
14982 84888 2
85668 24082 1
38837 85780 1
6890 73700 1
62994 4498 1
30269 22745 2
95138 41316 1
73954 68116 2
26796 23040 1
50627 17660 2
81821 34974 1
45646 75774 2
86566 3484 2
24246 48294 1
43129 70874 1
95408 458 2
69999 16254 2
42264 89279 1
43396 25554 1
50410 21185 2
66233 15457 1
96297 18576 1
3634 92957 1
56443 50701 2
70006 46844 1
38154 37634 2
32210 76854 2
99845 47511 2
85014 10921 2
45693 24125 2
74518 31830 2
56616 97639 2
5642 18529 1
42466 11660 1
37422 73908 1
72007 73511 1
45635 67996 2
67642 93015 2
49324 24747 1
63298 21215 1
99218 19861 2
42119 64871 2
62689 86771 2
23801 34745 1
7625 60195 2
87274 1925 2
8061 39397 2
77807 72445 2
14679 52287 2
94914 59994 1
82930 65243 1
35171 24373 1
33423 9284 1
24498 71247 1
70641 15212 1
78807 98473 2
45025 31209 2
85595 14156 1
32778 74868 1
87596 17187 2
45181 53640 2
98909 62364 1
35439 41449 1
15139 72299 1
21591 21018 1
30905 25767 1
16080 197 1
56253 77323 2
70589 6520 2
23537 18550 1
49856 70242 2
14139 44012 1
705 70554 1
73381 65554 2
36781 26776 1
84477 43125 1
9781 45882 1
66870 81156 2
36523 11681 1
57510 91154 2
78984 22257 2
96710 52149 2
14665 36341 2
2389 22730 2
31693 82168 1
36981 33902 1
81785 66285 1
18220 17478 2
74324 97319 2
1861 59288 2
29099 32098 1
80685 72464 2
99470 87161 1
24054 25372 1
76177 39661 1
5239 33265 2
74252 48133 1
15721 38596 1
29372 98824 1
86284 6225 2
71648 20676 1
48256 9527 2
26108 7659 1
44941 39577 1
6297 24337 2
85883 65087 2
79395 1551 2
28698 27155 1
27978 64195 2
10204 16581 1
35489 68014 2
94294 67047 2
4322 73460 2
21507 64210 2
90921 83296 2
30400 35840 1
96788 63357 2
56785 29295 2
46282 7518 1
83963 58884 2
10608 69175 2
60968 773 2
88917 73633 2
2246 82942 2
62952 7258 2
53192 73726 2
4156 90115 1
43843 34871 2
53707 9472 2
84498 91329 2
99248 35803 1
75059 77015 1
779 55298 1
24936 11576 2
23009 389 1
27863 15271 2
30842 92152 2
49035 36524 2
52609 86679 2
13968 13649 2
27240 2429 2
99450 23238 2
82881 50700 1
48095 96030 2
32838 61032 2
81848 5040 1
26929 60923 1
18917 79670 2
20229 5331 1
8038 41361 2
59427 56544 2
96386 76931 2
77526 15447 2
35556 98963 1
16328 77105 1
34265 84333 2
37994 31852 2
37875 14816 2
71504 33641 2
73257 52158 2
92691 17324 1
25141 3999 1
68813 37280 1
5780 63678 2
76992 58000 2
65546 22650 2
45328 59087 1
27707 99383 2
33028 12401 1
87763 48699 1
1993 26800 1
69567 34033 1
5199 66600 2
59122 233 2
57130 40730 1
46465 64182 1
60594 64525 2
46951 53102 2
8643 72872 1
16226 20878 1
766 38330 1
7764 28468 1
25382 33139 1
16003 90563 2
3556 85736 1
84601 88834 1
22564 34802 1
12068 24797 1
25302 35375 1
72951 20291 1
70029 77632 1
74568 36838 1
52099 8746 2
73872 7646 2
33619 42581 2
37326 32774 1
81310 97232 2
53988 50878 2
85191 62955 2
84664 71239 1
28311 20059 1
77013 8778 1
26585 3001 2
4679 85969 1
18431 17859 2
82179 40045 2
79419 64346 2
94204 7342 2
78887 50787 1
44911 18478 2
17022 56262 1
5560 38439 1
25568 7570 1
75355 96632 1
6194 44983 1
10556 33956 1
32508 31466 1
46183 97010 2
90537 29797 2
41513 22638 2
24554 36964 2
94836 24167 1
67796 93673 1
37951 77263 1
9341 54552 2
6340 21086 1
8259 5084 1
22401 8463 1
95781 82464 2
72919 11970 1
37064 31543 1
34734 90136 2
61587 70805 2
15279 51322 2
36275 24084 1
34248 62131 2
62520 94576 1
79116 17969 2
57046 41739 2
37041 168 2
35717 89578 1
85968 56911 1
50018 76341 2
20008 76064 2
65580 75611 2
38010 46972 1
1639 3660 1
44078 30437 2
96732 40253 2
21806 78659 2
25751 51560 1
66054 77664 1
36936 28201 1
74122 87532 2
88003 23554 2
45264 73305 1
94912 57752 1
40625 75743 2
23227 67411 1
24717 52730 2
86549 2498 2
92004 82343 2
60401 11989 1
45437 73835 1
23352 24321 2
57635 26796 2
83253 56352 2
6018 38709 2
8794 9582 2
77039 89303 1
6746 78477 2
54622 55043 2
80716 67138 1
26185 11024 2
3214 80629 1
21712 31259 2
53856 10389 2
7667 56642 1
10373 47282 1
51130 58696 1
33286 86657 1
24014 4501 2
78702 85884 1
8925 30771 1
79022 80223 2
53017 16530 2
29499 37036 2
23322 71748 2
96811 20776 1
920 57026 2
42972 67580 1
94961 59333 1
28685 50132 2
29161 92749 1
19075 71779 2
86661 42622 1
85094 12862 1
32207 47902 2
88737 1244 1
4085 49337 2
59973 62237 1
88618 78237 1
10342 17440 1
28932 25310 2
5821 55851 2
98428 35315 2
868 422 1
23953 70455 1
79197 54336 1
82501 35977 1
14508 73129 2
24126 11020 2
68504 54262 1
88839 7304 1
94286 16705 2
63436 84199 1
59614 29862 2
2562 98297 2
91996 2311 2
5532 42096 1
59296 94185 1
26199 27269 2
11142 14197 1
23151 75953 2
60335 63160 2
12903 24501 2
38495 19491 2
23110 87411 2
39101 78219 2
76597 85266 1
77653 78250 1
93122 92509 1
85241 27964 2
13599 94885 2
6716 40804 1
23651 99067 2
30070 48228 1
25768 69527 1
98851 94152 1
75467 24532 1
66212 10524 2
208 7697 2
10108 75953 1
94428 49105 2
41875 75485 1
45721 99708 2
30967 14135 2
9237 604 2
33655 54431 1
21699 5153 2
21318 10676 1
26552 4413 2
65950 49180 2
86479 18185 1
83930 59904 2
65254 70398 1
33082 57548 1
7487 69053 2
99491 93364 2
2176 19464 2
82077 31786 1
81939 6214 2
47123 7657 2
44071 72803 2
90230 95213 2
55597 61773 2
99227 47512 2
87003 84824 2
70936 14671 1
91789 95003 1
18923 99163 1
37535 98289 1
65171 39753 2
36276 35130 1
88373 17098 1
85234 38103 1
90456 92564 2
69124 82193 1
42889 51967 1
50294 2354 1
20120 67880 1
72029 47562 2
30841 33201 2
47821 51468 1
68292 38047 1
44992 25038 2
54742 11163 1
22966 71277 2
36782 68978 1
81871 96102 1
45712 37045 1
70739 3902 2
29574 92858 2
4970 62332 2
50873 56025 2
16741 37609 1
20348 37263 2
80499 59639 2
73762 5374 1
10316 27991 2
98467 96235 1
9386 54401 2
83035 59775 2
1163 40976 1
58315 68999 1
97937 85731 2
182 79828 1
90786 87294 1
78981 53724 1
81704 45927 1
10788 14615 1
47377 7081 2
47427 90306 1
51504 86836 1
41461 72831 1
3834 84283 2
36148 50996 2
75530 68116 1
91483 96039 1
69951 81244 1
10603 82249 1
52441 47921 2
15335 28840 1
49087 57270 1
57687 858 2
61019 12562 1
58665 18553 1
98908 25137 2
61963 54466 2
80147 40673 2
71411 1269 2
67511 89527 2
82423 91320 2
29057 53192 1
7733 37460 1
54000 2096 1
56557 7414 2
24327 3918 2
62017 20879 2
48554 23462 2
33052 4981 1
17829 70174 2
77768 38816 1
1989 2945 2
29718 94382 1
88764 86751 2
78842 33503 1
3649 54155 1
44493 85817 2
61518 72891 1
88265 57349 1
49568 12396 1
84881 7408 1
10203 7452 2
25766 59883 1
8548 45102 1
38450 34188 2
71620 52137 2
74497 43595 2
78892 56537 2
68579 41318 1
61547 24589 1
39372 4989 1
72954 83223 2
58165 17622 2
80273 23823 1
11032 90522 2
52527 87761 2
57175 97878 2
18805 73082 1
57941 42011 1
88747 15887 2
98715 91967 1
4443 49333 2
70197 34362 2
86001 49434 2
31571 80138 1
68993 70699 2
70825 51279 2
59969 8988 2
70319 88879 1
9962 14308 2
95361 16659 2
85051 8029 2
76479 81577 1
58934 16680 1
85487 73792 2
77569 2183 2
5718 38671 2
78311 32290 1
21027 31246 2
36277 88483 2
39172 93562 1
8669 57817 2
67535 67670 2
78390 33401 2
48251 81253 1
18937 63704 2
91140 70641 1
36966 13106 2
39018 58695 2
83325 59111 2
66322 56697 1
70406 34584 2
3076 20538 2
98505 97518 1
25931 72133 1
54519 25204 1
71864 36375 1
19743 94264 2
27104 20368 2
99161 878 1
80025 79799 1
73375 17741 1
66881 95027 2
13711 28304 2
5111 70770 2
8971 20694 1
15648 66597 2
26360 45250 1
74883 97474 1
83618 64987 2
6157 2305 1
93687 70061 1
63439 61632 2
6248 47559 2
91003 83904 1
6763 83035 2
12810 8421 2
57019 81954 2
62648 7513 1
40342 59189 1
42886 59721 2
99134 91317 1
68984 8007 2
20889 37475 2
30901 34406 1
55953 31944 2
77770 56994 1
70229 20367 2
44839 90069 1
2198 36966 2
60288 55619 1
7531 45697 2
39917 80687 2
3053 10071 2
71274 20483 1
81436 30243 2
600 68333 2
17400 6852 2
66234 56412 1
21512 31229 2
19161 2663 2
59735 8054 2
61505 51878 2
34930 48153 2
81058 47735 2
64139 88662 1
43855 52730 2
96825 11967 2
32994 36310 1
92982 44396 1
35414 71506 2
89215 25017 2
93932 60284 2
45304 64739 1
46567 82342 1
9574 67791 1
63088 32484 1
94834 38179 2
14386 37743 1
56141 64875 1
53823 97093 2
79430 69013 2
43817 4198 2
11862 4021 2
58058 78648 2
91797 75490 1
78172 79045 1
49473 42999 1
57026 41912 1
92254 96691 2
26718 55236 2
67377 23449 2
22008 6748 1
18276 71793 1
39261 16988 1
81510 39621 1
77214 91999 2
33576 12805 1
58285 68518 1
51136 53540 1
9891 68952 2
94378 11800 1
80061 23164 2
60578 9822 2
94170 38816 2
89995 6899 2
17151 50966 1
78667 30844 1
63507 72754 1
11148 41631 1
80803 32013 1
19933 50664 1
4863 54981 2
61711 83461 2
57211 56474 2
79737 20874 2
42351 96243 1
93141 65902 2
81336 96823 1
49056 58796 1
62677 54037 1
73918 59555 1
11402 99292 1
19475 30967 2
63968 17891 1
93419 878 1
59715 2050 2
50099 16819 2
21059 74295 2
31517 60534 2
54836 68323 1
8416 71209 1
68237 96074 2
90454 65413 1
73613 96663 1
7709 90371 1
25969 42677 1
2359 26980 1
48640 44407 2
32585 2538 2
56959 73937 2
15903 94716 2
39325 95004 1
73991 35846 1
15721 82070 1
95186 36886 1
51958 51616 2
39414 8544 2
57374 91966 2
2862 73755 1
59964 36411 1
65880 14819 2
7472 91522 1
73910 32469 2
58335 48422 2
11694 62869 2
9521 63739 1
72330 58123 2
99601 57594 2
33625 96257 2
21361 47265 2
69580 29895 2
9795 22769 1
32602 59888 1
9377 89646 1
63804 97362 1
93509 46083 1
93841 23114 2
63634 78459 1
26235 77302 2
3049 40489 1
56481 15833 2
87093 63809 2
35275 59130 1
25568 33596 2
19881 9573 1
68283 49016 2
92845 5192 2
69882 76982 1
9068 80248 1
32342 67195 1
40768 88394 2
30409 32911 1
13801 18202 2
38837 14177 1
97511 37959 2
22622 55744 1
33602 18836 2
88267 25955 1
15747 95977 1
87465 77603 2
30520 74385 2
29032 22620 2
98420 19546 1
90972 53936 1
5996 74327 1
28381 97731 2
16731 43361 1
72711 68576 1
27071 57426 1
35515 74098 2
22873 30089 2
75932 30060 2
13169 39945 1
45971 78178 1
17008 29113 1
40044 70190 1
48133 84325 2
30007 37132 2
89697 12923 2
29287 95069 2
79226 86864 1
40630 59496 2
18571 79833 1
38847 79125 2
84723 78194 1
51555 13520 2
38098 2970 1
65317 2028 1
58191 79925 1
16910 2717 2
60980 83945 1
55913 7165 2
57968 31937 2
18696 19688 1
37204 62253 1
68189 52863 1
35511 47488 2
39266 97385 1
88594 13777 1
54386 3758 2
645 85338 1
45613 90554 2
76368 63132 2
90936 3296 1
5723 51833 1
38619 46484 1
14734 79129 1
23265 51696 2
80409 54150 1
33595 1264 1
7790 42191 1
22526 22102 2
17826 73833 1
48960 52966 2
58960 65513 2
69887 89003 2
48213 53995 1
14874 4049 2
4341 74959 2
81494 26985 1
3125 54518 1
21658 36072 1
99231 72905 1
82131 91175 1
84385 14323 1
90833 56996 2
53774 68962 1
79336 35840 1
23515 41610 2
9840 66208 1
63939 14433 2
26598 19053 1
24484 54084 1
10153 89971 2
71936 8977 1
3133 98245 1
55485 59691 1
57579 99447 1
46149 59546 2
90431 73507 1
27111 74664 1
19017 5 1
67732 70500 2
56189 70111 2
74947 21283 1
36787 37334 2
56045 66106 1
40583 7026 2
89105 82981 2
13978 15202 2
87665 55780 2
57775 74198 2
66836 17113 2
23727 35107 2
70626 13483 2
48645 49539 2
89707 23909 1
41603 38258 1
32256 60791 1
188 92146 1
43256 33492 1
2055 67944 2
43341 11091 2
47138 71485 2
39932 96527 2
35917 66429 1
63369 95591 1
89803 83355 1
96408 53630 2
37221 62220 1
27605 65276 1
46246 71463 2
62413 16011 1
29247 12779 2
20211 35067 1
74213 97145 1
15292 67678 1
16014 43990 1
81059 74156 1
76888 23275 1
19558 75041 2
38563 10213 2
68103 42522 2
401 81045 1
30188 37084 2
84429 23728 2
61407 39981 2
19777 2224 1
2990 38553 2
26846 87441 2
15244 60142 2
67352 43733 1
64174 20960 1
43336 58625 1
7888 68454 2
44168 58046 2
29934 15323 2
69274 84248 1
40107 2718 1
26338 3330 2
67661 91890 2
47047 64721 1
19838 65503 1
60982 30300 1
75501 17327 1
92959 45315 1
77771 82546 1
54582 7045 2
52399 95482 1
57171 80904 2
48466 4768 1
96723 75636 1
74900 49853 2
21620 51832 1
90645 33425 2
35869 23620 2
35292 98560 1
45684 58542 1
49236 4272 2
52677 58797 1
5418 15629 1
33954 26401 2
54225 77157 1
1054 76905 1
88542 48013 1
25169 48139 2
17995 73593 2
54679 10735 2
43384 87111 1
47889 98724 1
88870 38486 2
87426 60954 2
48378 63271 2
61683 48743 2
16224 70979 2
2319 54499 1
72773 11732 1
18920 20651 1
26876 14442 2
81040 39521 1
95291 68055 1
2337 70378 1
92891 55572 2
48982 25711 1
1882 63386 1
67343 42141 1
16252 56810 1
54673 32357 1
56198 68518 1
42404 96092 2
26467 405 2
63379 6460 2
23295 33251 2
879 68194 1
63822 87422 2
35245 68174 2
84742 34938 1
92003 42150 1
98848 42254 1
63119 89330 1
35419 77109 2
3792 33761 2
60185 76846 2
92139 25124 2
89601 60893 1
83655 57870 1
98907 25767 2
27473 20538 1
80151 77402 1
80569 92708 1
67398 76547 2
47123 16974 1
18239 30997 2
82807 79005 2
3324 5801 2
8514 90330 2
69818 47608 1
57043 50290 1
87261 85667 2
53166 33558 2
46505 29484 2
99901 94684 1
26378 59322 1
85673 84284 1
70925 25273 2
75557 84147 1
70181 72248 2
47556 11779 1
39591 56969 1
67422 66385 2
57582 16036 1
81072 82406 2
52056 13028 1
1464 20175 2
34502 60264 2
56188 11326 2
52256 10740 1
47428 84294 2
11375 79277 2
34908 36802 2
45282 75009 2
87732 60015 1
67241 20029 2
52863 39149 1
78493 45652 1
92311 93250 2
9110 91551 1
21751 35831 2
12339 95224 1
96288 5977 1
82166 7645 2
92981 25689 2
99653 12499 2
39646 45517 1
63626 65345 2
41481 21677 1
15636 3441 1
59652 99222 2
53844 36882 2
58053 85962 2
55681 29944 1
75586 18030 2
43188 91707 2
77369 89547 1
90477 72084 1
21290 21710 1
21260 56067 1
78935 40745 2
23960 57163 2
57867 28879 2
71484 78548 2
5392 83931 1
47173 91625 2
81431 92106 2
27909 91832 2
45844 64540 1
68467 59253 1
7904 14647 1
54025 75766 1
77878 29188 2
54213 79928 2
39574 61232 1
56840 46809 2
37604 49837 1
69498 17532 2
76137 75054 2
58596 85896 1
80273 70862 2
3476 23593 1
71212 38666 2
71677 92558 1
57294 83554 2
77460 32073 2
39984 77148 1
39508 78354 2
94252 97633 2
75963 23172 1
96292 55774 2
8939 22655 1
66171 38853 1
36202 6948 1
8442 50025 2
92418 2300 1
53709 66757 2
2818 62482 2
73060 70678 2
30619 46964 2
74259 39804 1
13219 76790 2
91154 53118 1
73205 43918 1
30429 78627 2
19856 71545 2
56372 30777 2
6484 44181 2
92893 33297 2
744 93861 1
72925 6433 1
78230 62993 1
12803 55585 2
17773 91907 2
95197 47023 1
53246 92426 1
48737 45163 2
66432 56347 2
67046 57691 2
83917 19691 1
25320 91176 2
3266 57526 2
42087 16063 2
4387 71132 1
91432 10994 2
75860 44446 1
14035 53429 1
26913 39045 1
82803 30881 2
31031 65148 1
97977 35059 1
8489 81073 1
9050 72494 2
62348 6424 1
29452 2709 1
29243 62248 2
26701 75698 1
38387 79547 2
28540 57202 1
76984 39474 1
93374 72327 2
27215 75631 2
79354 3588 1
99714 6874 2
68797 12421 2
30367 88765 2
2872 96964 2
78137 99112 2
79645 19781 2
3046 10157 2
97861 28779 2
66943 19045 1
98989 84000 1
53411 43177 2
5907 55473 2
77204 5817 2
23678 39632 2
59288 90617 2
4948 33393 2
37561 33423 1
7266 63917 2
36390 65479 1
90616 71586 2
92656 82447 1
19658 48176 2
83149 90299 2
78416 24893 1
38041 11266 1
48262 26579 2
5264 78975 1
14317 1053 1
35765 91121 2
13832 28845 2
99055 18587 2
98336 77657 2
80774 41956 2
64193 67289 2
87594 17177 1
64891 91115 1
32621 33094 2
18465 12944 1
37700 85121 1
7853 70028 2
52841 14079 2
29018 20521 1
67612 6845 1
11689 41428 2
57853 42776 2
61021 68447 1
18292 63157 2
19039 97342 1
98858 6074 2
11674 13962 2
89933 59635 2
27680 55297 2
45136 70414 2
32259 99939 1
67400 32767 1
349 67415 2
26672 893 1
65097 72260 1
44070 82883 2
99239 41144 2
16012 65552 2
53884 47781 1
68552 93063 2
95663 20159 1
23364 92496 1
91917 35007 2
66798 89365 2
12071 33059 2
11161 9062 2
78735 35435 1
90747 87509 2
3262 62974 1
77325 44091 2
91345 62435 1
83150 60817 1
583 83785 2
28928 76024 1
62181 83903 2
59882 44754 1
55314 40060 1
65076 19846 1
74459 58712 2
14 56512 1
15536 53649 2
68457 44910 2
89829 25352 1
4892 91332 2
11378 30177 1
95712 53689 1
10164 91302 1
25205 85832 1
70698 37 2
94523 48176 1
76824 59437 1
66266 33013 2
41703 94805 1
95578 52188 2
31043 5814 2
74603 38931 1
2780 20652 1
22655 42918 2
18214 68792 1
74571 59851 2
84185 13697 1
71914 85016 2
36081 33646 2
4058 83495 2
69422 13806 2
10972 54681 2
28214 22192 2
83608 45904 1
19726 50795 2
91383 34643 1
52485 9559 2
13255 71918 2
78026 754 2
9051 11631 1
22672 62749 2
97384 86122 2
28433 99613 1
33994 59862 1
28424 16410 2
93469 398 2
68853 5186 1
92291 15249 1
77181 46183 1
98213 47363 1
26376 88669 1
83434 65098 2
81473 85725 2
91137 8561 2
39802 92293 2
90749 86792 1
13989 67350 1
72788 42562 2
76028 78837 1
4384 50613 2
18010 10186 1
47230 9790 2
83263 47204 2
70769 11355 2
92591 5650 2
24287 85454 1
42676 80491 2
79795 22177 2
64504 73160 1
43802 79261 2
13036 78405 2
83110 87953 1
3364 8579 1
68238 44177 2
40569 49161 1
65260 21172 2
18533 31902 1
1885 91062 1
33066 21425 2
75205 86836 2
62444 58450 2
72104 43666 2
33170 40854 2
24690 58776 1
73641 76854 1
37488 38929 1
27169 5104 2
32501 4299 1
48782 85765 2
4886 86489 1
25032 7129 2
58510 29524 2
1963 9751 2
64347 40982 1
66008 16235 1
45151 49693 1
37522 77285 1
79200 39790 1
64674 4124 1
1256 16880 2
15988 31497 2
57637 38317 1
13016 64776 2
48234 88756 1
44162 15995 2
31213 17593 1
56489 25414 2
2791 2004 1
66348 86900 1
15095 87454 1
24040 97936 2
54623 75607 1
10819 47917 2
31173 35523 1
88549 33151 2
96724 49384 1
3193 16256 2
36952 93841 2
21233 71340 2
33958 23502 1
39167 31109 1
32049 56306 1
50365 94895 2
86806 36724 1
43046 31893 1
10833 66478 1
45114 92867 1
90886 22497 1
41086 39081 1
75001 23375 1
44794 57279 1
80118 89440 1
63289 84763 1
94666 5086 1
64652 44764 1
87911 61816 1
53032 99907 2
18212 36323 1
26947 93045 2
1179 54516 2
54459 92954 1
98730 6119 2
35663 2625 2
24019 76283 1
86788 75802 1
19739 28788 1
38017 6266 2
76814 81816 1
57715 55067 1
28985 49138 1
15466 4665 2
83023 30707 2
47002 74934 2
52614 7115 2
46811 61622 1
53399 22452 1
2410 95780 2
4257 7720 2
27078 12748 1
5254 7526 2
84339 46654 1
5868 27377 2
11738 11730 2
59165 11505 2
18055 3614 1
85351 23696 1
77898 56802 2
54397 42269 1
30519 75292 1
69845 28045 2
83750 33780 2
36648 40245 1
84595 2482 2
15638 37521 2
37951 98402 2
16991 2529 1
7917 34295 2
91338 51302 2
47142 89382 1
60290 24041 1
36277 13670 2
85844 55669 1
1388 12119 2
15026 23416 2
29406 89847 1
92211 66342 1
40258 38702 1
32144 41398 1
73975 83780 2
42857 53731 1
59706 77190 2
46078 7756 1
42097 73637 2
60151 95092 2
88516 57014 1
85597 67042 1
90430 89075 2
90750 15843 2
16464 60088 2
33741 41507 2
56591 40103 2
80191 22904 2
71217 804 1
38415 5367 2
11508 20186 1
49850 81596 2
52408 34613 1
8772 22887 2
79167 13094 1
86194 68026 1
63828 11682 2
9070 82076 2
46305 11651 2
79655 54424 1
14199 76869 2
46125 97503 2
18986 8074 1
18137 90082 2
26323 48247 1
85603 94169 1
2092 15317 2
24394 8798 1
51671 58609 2
30000 67059 1
57496 50940 2
30939 67736 2
93078 52363 1
85110 45173 2
14430 90584 2
96461 86871 1
34560 88575 2
30261 79498 1
86000 56130 1
79393 49028 2
65734 45702 2
18734 50842 2
72383 14740 1
920 11113 2
79289 31673 1
95043 33614 2
6363 45414 1
10035 6030 1
15563 41360 1
68308 44047 2
32182 55281 2
58387 44637 2
55563 49637 1
32674 3398 1
29600 20046 1
2072 5662 1
60428 38321 2
85455 87580 2
84075 50967 2
45604 95323 2
31934 5741 2
81819 16954 2
43976 91812 1
94873 80125 1
10994 22865 1
71528 88809 1
16679 9166 2
69686 12940 1
72089 57367 2
99030 83538 1
92186 2990 1
20989 61457 2
7204 87032 2
95750 9022 1
10322 79390 2
92751 22358 2
66884 55469 1
64666 11799 2
68319 31574 1
70189 55843 1
39531 62543 2
83730 3300 2
4659 9071 1
26008 65666 2
70216 2678 2
96912 78415 1
49983 59043 2
67152 34748 1
22510 53244 1
46868 75169 2
85971 6186 2
19544 63129 2
19021 97082 2
38591 19715 2
81185 18653 1
65423 96610 1
91350 25736 1
62483 18302 2
57465 59925 2
89656 84930 2
10458 53345 1
62512 40027 1
86669 30220 1
65042 27263 1
13867 52028 2
16919 8516 1
76334 46074 1
34687 93220 2
32568 87827 1
26346 40736 2
92332 87704 2
42656 92666 1
13908 41726 2
81802 66745 2
10842 15967 2
13334 77545 2
49838 62264 1
65110 10904 1
71814 14921 2
61089 94683 1
24281 73944 2
79729 85575 2
22788 15150 1
71428 37304 1
70053 39864 1
18844 70509 1
96163 98631 1
27103 83913 1
57251 36464 2
21911 67380 1
35956 16973 1
32114 66681 1
59813 50075 2
84643 13638 2
61065 53274 1
37503 58254 1
20378 23408 1
50114 65130 1
40371 54534 1
89128 54835 1
36405 8457 1
70804 75754 2
62947 90666 2
4428 69201 1
55270 37567 1
14874 81520 2
32777 84032 2
67245 13936 2
45981 98762 2
80438 43651 1
56151 50112 2
51628 59578 2
25389 53829 2
41928 72269 2
5629 15555 1
40681 69271 1
36775 4039 1
18002 45400 2
83437 15490 2
71175 33425 1
27418 42122 1
24116 50859 2
34104 80663 2
13702 18641 2
39832 3558 1
15599 19889 2
87567 71577 1
63078 33534 1
66547 11733 2
71493 58481 1
99138 45091 1
73 11684 1
32859 65041 2
46358 78805 1
88386 71374 2
24593 62954 1
3552 24048 1
95011 79271 2
95266 71250 2
74493 1465 2
20437 61166 2
92718 9262 1
57872 20359 1
33711 90971 1
11371 58979 1
20056 58965 1
84896 71241 1
23272 35704 1
42961 76263 1
38976 71171 2
13633 13134 2
76904 97946 2
63161 94804 2
40554 38403 1
27525 69393 2
38290 77322 2
72629 75810 1
79124 1213 2
16349 57898 1
40646 72079 2
46357 31692 1
67009 10649 2
36313 90866 1
91780 37429 2
4297 28937 1
80849 79394 2
83627 35522 2
96814 86083 2
76196 85139 1
40646 37247 2
33251 31796 1
96070 89026 2
49271 39427 2
3200 10171 1
93459 12640 1
1291 31612 1
1841 78481 1
17280 32286 2
63756 25632 1
40511 17722 1
75588 55096 1
38120 96976 2
32766 85547 2
2115 44804 1
55234 93039 1
43929 88188 1
96699 62652 2
86520 2179 2
56538 9648 1
65522 49258 2
82836 34635 2
74398 86498 1
75359 29459 1
14614 13058 2
8057 31217 2
10712 80839 1
77537 64467 2
710 29039 1
60636 1896 2
42725 58781 1
16625 16615 1
67137 45049 2
32334 13128 2
44520 60493 2
40865 36969 1
82539 87273 1
29887 66282 1
93824 1535 1
26016 83153 1
69986 94503 1
18657 86536 1
19919 65053 1
15745 93498 2
75273 43902 1
52324 55929 2
52150 80847 1
84755 83611 1
31457 16886 1
21786 51224 2
47958 19134 2
93609 47534 2
26153 71096 1
99668 29149 1
71408 13845 1
19283 38572 1
77252 82829 2
18114 69378 1
12293 39706 2
53026 54221 1
62899 68029 1
8598 88511 1
82229 23865 1
97319 23147 2
68022 28275 1
3713 38893 2
78435 8088 1
46580 72511 2
73006 8439 2
10803 21285 2
59566 88611 1
41304 27746 2
97821 658 2
26430 93376 1
58744 56320 2
72518 41453 1
66883 31469 2
10195 91192 1
53955 41339 1
63566 20280 2
31649 73041 1
52994 70213 2
76270 47450 2
68513 26781 1
12921 23271 2
11005 8289 2
22491 78601 2
15088 96885 2
9644 11960 1
53845 89411 2
1514 97743 2
13036 26169 1
15737 5421 1
75098 78502 2
55422 48117 2
78150 78369 1
995 64463 2
44574 31010 1
58967 11429 1
35696 61479 1
86219 35815 1
94993 28657 2
47061 60135 2
47193 79812 2
16945 30206 2
12389 71018 1
18459 47685 2
65908 27793 1
18486 13565 2
21419 10024 2
13928 36072 2
51889 62214 2
38683 79629 1
55283 49252 1
54398 63255 1
67137 70973 2
24386 15991 1
84111 1013 2
14110 3870 2
7925 79599 2
33324 2724 1
52816 89238 2
65641 46180 1
6079 56277 1
89081 32669 2
62022 78687 1
58848 9458 2
99054 11560 2
31978 83083 1
52899 96905 1
51492 91442 2
13237 29568 2
76672 58775 1
10680 1006 2
90742 49613 1
25764 77463 2
79677 9162 1
10677 67685 1
78038 36747 2
8715 80134 2
91618 34253 2
99244 64681 2
75142 93109 1
53854 36485 2
98222 36906 1
61005 74451 2
33896 89781 1
55883 66095 2
28229 85000 2
56874 24410 2
62747 33140 2
22084 32443 2
78565 29297 1
68852 20441 2
77217 85274 1
61882 5475 1
29457 56750 1
49851 55976 2
31323 94353 2
68223 95679 2
66249 57288 2
50418 90913 2
73450 98081 1
72067 9994 2
60975 57449 1
76423 84507 1
9039 80787 2
33655 32539 1
68835 67256 1
92750 25969 2
7498 55794 1
44844 57356 2
8711 27231 1
71446 92700 2
13022 82596 1
26483 30838 2
18938 93736 2
1520 12915 2
7274 43476 1
79453 68977 2
43296 84026 2
62094 87409 2
96945 42027 1
82812 31735 2
26551 5855 1
5217 45486 1
63026 36849 1
55391 16193 1
90402 89601 2
24378 37859 2
70735 57552 1
55737 57704 2
10082 72711 1
96873 73545 1
37385 59344 2
85178 94884 2
44887 86491 1
35008 49370 1
12673 31963 1
28403 15408 2
32098 26183 2
24495 12078 2
51032 23417 1
67669 96579 2
78788 91090 1
22024 51263 1
95790 98484 2
94673 28759 2
17823 85031 2
95772 25124 2
95174 58836 2
81369 68452 2
27476 20173 1
85564 20024 1
3967 38691 2
9404 67685 2
16323 84142 2
17304 21971 2
46812 75114 1
36877 55409 2
79501 78388 1
28961 50159 1
34204 48976 1
48092 25442 2
98483 19590 2
83658 13155 1
83105 39137 2
81978 58064 1
21207 10479 1
58657 93002 1
44140 40740 1
17304 18806 2
48922 68502 2
79578 38460 1
51774 50594 1
45671 25227 2
11035 28102 2
2404 11059 1
32472 1253 2
92505 59529 1
36285 63910 2
9329 92134 1
38170 48693 2
46749 46761 1
57057 56609 2
3986 77072 1
5223 53276 2
35302 20131 1
6407 31967 1
98935 67018 1
60798 90979 1
1220 27409 2
65968 42408 1
22066 89387 2
42434 78578 1
2920 46924 1
2782 99015 2
34835 44814 1
29618 35218 1
71235 88077 1
76945 72163 1
41324 43723 2
46512 6701 2
87526 51149 1
78538 42919 1
42510 36859 2
12637 84588 2
16835 12740 2
38443 97179 1
94089 47160 1
34682 72215 2
14153 65452 2
88692 88711 2
22319 47418 2
73544 74999 2
85003 4606 2
49991 87990 1
41169 33370 2
56040 42102 1
20473 77938 2
43780 86320 1
52191 65713 2
18426 43677 2
51108 18179 1
94764 54013 2
65451 21881 2
28257 116 2
13117 24392 2
32833 36008 2
62246 37770 1
89884 38405 2
88213 17435 1
88771 31641 1
44160 2461 2
92141 64792 1
71998 7540 2
44052 87385 1
94955 92139 1
16341 27479 1
59591 66158 1
41780 61168 1
93623 86222 2
22869 90282 1
36675 69632 1
54980 33001 1
21398 66238 2
21262 26682 1
65442 72996 1
79846 72460 1
96089 59476 2
38657 19826 2
60564 947 1
25114 78370 2
22640 44009 2
46127 57784 2
84845 25189 1
99842 90644 1
96045 57495 2
8281 60343 2
62907 22325 1
36094 44395 1
99393 17846 2
80991 95928 1
93808 50682 1
59663 51631 2
63068 77120 2
25763 20867 1
24126 23213 2
41111 66379 2
35440 6828 2
6119 11266 1
27892 45193 1
89078 13895 2
87150 70101 2
71466 14238 2
48773 92773 1
22029 55020 2
60678 50451 1
22126 97598 1
43073 6395 1
21918 56259 1
79466 44319 2
58068 1998 2
17017 17060 2
78409 51285 2
37419 96083 2
94045 57269 1
83742 7609 2
20944 62251 2
89945 58599 2
10633 88060 1
64002 90482 2
48051 24366 2
15718 50580 2
24315 88205 1
49108 53609 2
6228 167 1
84738 86451 1
8883 28688 2
40967 18455 1
78738 58079 2
92127 92382 2
65073 45327 1
53739 83509 2
11057 32959 2
60110 65069 2
85975 40594 1
91953 28123 2
24495 71600 2
72767 53017 2
36838 58563 2
63402 93604 2
68527 20603 2
94148 57692 2
14752 28171 1
96743 82311 2
29138 22409 1
11534 53997 1
85380 6162 2
72889 69053 1
29847 60483 2
18061 16199 1
67411 45185 2
306 99905 1
13762 99762 2
21971 25635 2
46480 92194 1
22657 24970 1
39409 98432 1
26609 72120 1
73435 11294 2
19033 93810 2
22215 86516 2
62935 47361 1
55124 20989 2
57834 57298 1
13188 8280 1
61239 4470 2
67838 8168 2
3077 94915 2
63498 7349 2
67361 87952 1
35768 23561 1
83099 90397 1
66617 88564 1
62631 41129 2
98628 37161 1
21950 250 2
21043 90526 2
15258 73305 1
23171 59632 1
74909 66579 2
65528 21661 2
50538 25849 2
77014 84456 1
99627 86912 1
12041 49848 2
30186 57122 2
41310 43833 1
27575 44092 1
26824 13049 2
8584 78382 2
41276 41932 2
26804 73118 1
8373 91561 1
64408 56821 1
51761 95307 2
40210 99936 1
95729 74098 2
73897 8496 2
49341 86591 2
57954 17339 2
4894 17755 2
4620 98329 2
66019 42576 2
67638 19847 2
72924 63054 1
49043 91751 2
66914 14888 2
51197 34174 2
397 6165 2
71535 6485 2
50204 81967 2
54090 15737 2
58513 53655 1
31313 10108 1
25522 21455 1
40941 31121 1
94570 36574 1
75913 38931 1
78341 12496 1
30710 21631 2
33047 19060 2
1513 84565 1
14486 15004 2
99288 62619 1
93596 97184 1
70337 41562 1
24358 45531 1
88836 13663 1
95095 65324 2
97795 64667 2
41078 52119 2
57801 63396 2
77003 63106 2
9280 38802 2
64678 29976 1
98169 29154 1
3321 1545 1
73033 85847 2
77945 19368 2
28262 62452 2
96544 65612 2
2958 12739 2
90382 11823 2
2848 32273 1
76995 59538 2
71584 63631 2
94023 35415 1
92855 21331 1
55235 3654 1
45106 17237 1
74629 35305 2
4894 99346 1
16544 85583 1
38226 55821 2
3913 56461 2
53254 86985 1
1819 22648 2
22644 16304 2
42804 61388 1
10270 26959 1
88758 56328 2
13383 35863 1
73319 41552 1
25144 59966 2
34289 9290 1
12669 75932 1
5091 43009 2
57414 48751 2
10286 93221 2
34599 60279 2
99848 38409 2
3736 54266 1
90861 11876 2
32405 51841 1
89561 99121 1
82238 54745 1
17935 38383 2
68025 22676 2
80533 85697 2
7787 453 2
63413 94926 1
41891 64743 1
13822 96866 1
8784 64375 2
60098 38796 2
14181 41014 1
11765 20830 1
85020 27464 1
43220 83856 1
61104 64471 2
67419 25630 1
5409 77296 2
142 68901 1
6452 17956 2
80113 63978 1
5809 51913 1
29552 20083 1
6851 407 2
45240 29643 2
29371 81836 2
89692 40866 1
13230 31880 2
63281 39339 1
31730 82386 1
73266 92925 2
75173 4337 1
89788 94099 1
30950 99859 2
17235 96620 2
20442 78281 2
58012 61515 2
38920 56777 1
35201 13944 1
9630 67371 1
23088 48445 1
94506 59405 2
91388 66505 1
77697 56175 2
76379 25265 1
55035 58456 1
39910 87146 1
34773 87855 2
99644 49424 1
70830 61346 1
46623 6307 2
20618 47842 2
55797 39557 2
28338 9189 1
35848 86077 1
83090 77251 1
75367 67350 2
71418 18490 2
21635 15328 2
54366 619 1
9971 33326 2
58774 4026 1
59024 81399 2
13534 37809 2
92281 17302 1
3927 62397 2
65040 25194 1
49444 99440 1
91932 68566 2
88430 84734 2
65349 2626 2
51009 73920 2
56251 61080 1
39117 62356 1
17200 200 1
70309 58202 2
73177 28196 1
45795 73368 1
37456 73733 1
24386 8984 1
60053 88836 1
96835 86917 1
94153 93410 2
30153 75410 2
75953 26400 1
25053 74994 2
23961 90888 1
82378 69793 2
52174 57282 2
67682 15193 2
96291 22272 1
99351 34398 1
50573 16595 2
20515 55667 2
54151 2994 2
86817 77507 1
47343 67546 2
38417 58809 1
30887 51977 1
6136 29639 1
58581 8067 1
17437 41955 1
92835 76653 1
20974 13958 1
89087 49077 2
4025 9003 2
16028 22855 2
75251 85206 2
90800 665 2
55316 86442 2
5044 10112 2
17465 38194 2
32423 39161 1
25537 5753 2
38507 40193 2
52913 338 1
84359 97341 1
6992 83281 1
60515 5332 1
30507 49199 1
36975 19951 1
2482 35978 1
75548 54592 1
12153 93570 1
64993 88248 1
8312 51870 2
70871 44975 1
20172 66789 2
91806 90176 1
85812 96165 2
12406 74090 2
66932 93968 2
30887 91344 2
52469 33690 1
473 68026 1
35075 37084 2
52732 58674 2
4270 84244 1
29730 6376 2
40938 58179 1
96128 48623 2
33871 525 1
43217 20221 2
38265 94525 1
37971 40847 2
33928 53566 1
92615 30658 1
95426 35555 2
36245 53563 2
81581 5568 1
31558 83648 2
13173 40206 1
94760 98461 1
60588 29099 1
41166 55937 2
52036 87768 2
53069 55006 2
695 55897 1
47649 30892 1
19392 41528 2
98534 55558 2
65408 58467 2
63711 84619 1
32857 49162 1
2770 11870 1
76886 49602 1
11305 26023 1
46722 86372 1
34802 52209 1
16332 76238 2
84897 106 1
38345 51617 2
75113 1445 2
34738 48065 1
87815 17595 1
20450 49145 2
25911 20325 1
33017 6868 2
36444 15268 1
91516 85413 2
89404 95546 2
39634 54656 2
49570 46734 2
12168 39166 2
78843 98636 1
90414 55901 1
40729 85027 1
38104 74334 1
72723 99301 1
39647 7621 2
95683 38954 2
25053 93949 1
54278 44749 1
85844 51953 2
33536 46157 2
79912 33812 2
98773 38894 1
26944 16826 1
39985 83798 2
90121 57885 2
85633 75824 2
99027 77529 2
89784 25548 2
90578 78704 1
53899 14621 2
75134 29574 1
36629 30361 1
52723 27174 2
48084 65117 1
52402 76283 1
44202 96071 1
92926 6136 2
48413 40090 1
69632 70769 2
83671 74973 2
58020 71263 1
78854 40252 1
21146 8705 2
4989 86182 1
87926 20821 1
70930 35629 1
22895 57891 2
74494 61769 1
1412 65938 2
81216 7349 1
97362 58161 2
99066 2001 1
96191 90992 1
37746 99870 2
52019 60964 2
62931 90149 2
57530 89254 1
54922 78385 1
41187 8373 2
66633 99472 1
91076 65167 2
44391 57461 2
93587 27580 1
6461 92185 2
62446 99108 2
20202 75062 2
94964 96467 1
66929 11019 1
57130 98748 2
70070 26395 1
94296 97299 1
68677 36621 2
39305 46802 2
58187 34029 1
74318 3573 1
37082 75946 2
12892 27230 1
88073 2838 2
617 15505 1
51826 38345 1
14195 68441 2
87219 58911 1
63129 76002 1
52302 1685 1
81984 51164 2
34344 91824 2
43215 57631 2
27149 98966 2
29907 46369 2
80555 10386 1
23772 9345 2
87378 31476 1
7486 28800 1
9819 32815 1
97073 13347 1
77342 82394 1
24242 46546 2
71738 82032 2
33568 3740 1
89009 79375 2
7295 23569 1
35049 1725 1
87064 31942 1
88652 68190 2
60023 5173 1
81352 53279 2
53516 91194 2
3632 8495 1
52907 77943 1
37306 42784 2
36748 69841 1
95136 44651 1
427 30960 1
13471 79049 1
16617 59523 2
11578 79098 2
76489 63322 2
60823 97666 2
49684 65642 2
15265 49223 1
2934 33165 1
64581 54229 1
46590 64671 1
47733 18170 1
68514 28162 1
93832 38154 2
87737 61371 1
77015 84763 1
36991 3890 2
45698 76970 2
58196 63990 1
27945 13461 1
46013 77463 2
42772 1407 1
96610 6634 1
82348 66896 2
38350 95881 1
95071 98610 2
7571 93296 2
98432 79669 1
82851 74913 2
38756 23819 1
99224 71713 2
65702 41293 2
16908 73273 1
73956 47796 1
15906 92310 2
48767 41921 2
8731 74505 2
74239 51221 2
85346 42471 2
20941 95257 2
1601 80202 2
62424 3256 2
42729 74030 1
28977 11424 1
71342 74421 2
63214 68805 1
73385 23236 1
77322 75486 2
68916 49603 1
70659 40006 1
18353 34625 2
80859 55548 2
35684 28750 2
55800 20867 1
75220 78560 1
57957 84835 2
31470 64686 1
13710 86982 2
44450 26616 2
21256 99004 1
71300 85821 2
14022 7159 2
29260 56162 2
89317 5680 1
93015 84242 1
31425 87200 2
99171 49977 1
35774 96232 2
14679 55816 2
50656 15722 2
71673 70260 2
42035 18509 1
61622 46487 2
72100 96765 2
68637 39246 2
51077 52264 1
72100 78553 2
54157 8354 1
63394 12414 2
29366 43970 1
30803 22373 1
65822 38563 2
93688 23837 2
1414 56900 2
26580 118 1
73750 45736 1
58320 32774 2
41655 38295 2
119 12708 2
22839 64955 1
11483 92976 1
82761 7716 2
14030 9961 2
66882 22149 1
24970 10069 2
33757 51892 1
24170 56509 2
73784 8238 1
76814 82382 1
82293 62032 2
48827 71545 1
88698 43391 2
56857 63315 1
50897 67649 1
92403 50614 2
11689 72962 2
58426 26782 1
51667 9808 1
67203 71693 2
99685 72703 2
39492 45800 2
81787 95143 1
36763 1432 1
54257 31009 2
27879 50506 2
68778 86701 2
26125 30575 2
74284 65102 1
56756 34845 2
71554 86956 2
84649 37580 2
91129 12721 2
52892 18937 2
26947 90285 2
15585 7494 2
46967 48531 1
45233 78712 2
7854 66073 1
46406 38968 1
73576 84572 1
95618 52627 1
677 49465 2
43081 77594 2
75917 4373 2
57666 81283 2
42217 86167 1
23866 29478 2
17607 76936 2
20576 62400 1
42937 85306 1
52618 43443 1
22422 26942 1
8559 2436 1
49976 45516 2
63660 90556 1
95933 78943 2
3199 6856 1
40743 39062 2
87791 65913 2
23676 67189 2
31745 18341 2
15430 92930 2
2660 60004 2
17427 88712 2
20295 59507 2
23606 11511 1
76125 23957 2
6276 70530 2
91424 59469 2
98297 5887 1
54571 87781 2
4241 98507 2
53567 81290 2
85455 17060 2
98879 14797 1
40729 28749 2
3572 56099 2
94969 60845 1
7241 9286 2
80158 58224 2
61423 76083 2
26553 12132 1
19387 80170 2
11905 19006 1
92707 67089 2
40431 32659 2
87685 76081 1
72994 28543 1
35873 73911 1
15517 43841 1
33881 90805 2
25764 35421 2
1592 52606 2
79811 70489 2
76840 30157 1
42407 6208 2
39290 72543 1
69986 57570 1
95459 36692 1
28267 2226 1
16569 77714 2
35996 56871 2
90522 62114 2
52018 13819 1
91429 57457 1
10897 33199 2
37566 78032 2
69054 38693 1
67823 89493 2
41219 65029 1
69218 34808 2
13998 33784 2
89032 35223 2
19345 30512 2
99253 2770 2
58788 95614 2
38049 3951 1
19711 95579 1
90280 92791 1
65889 72192 1
9419 83991 2
64204 66093 2
2669 51969 1
34405 87206 1
72343 75784 2
34873 76465 1
64757 7751 2
34803 89 1
37527 28923 1
87175 31150 2
27185 5444 1
67339 55811 2
89883 93608 1
97752 41743 2
38641 60017 2
50317 31148 2
22867 522 1
37964 90715 2
66823 80069 2
42460 91038 1
84146 45336 2
96549 69277 1
65539 88763 1
82327 70274 2
6665 91275 1
51587 66173 1
59479 84171 1
11520 40640 2
90183 50494 1
48104 12163 1
5108 3438 1
92312 85761 2
20286 20648 1
90931 2138 1
95914 1214 2
44192 30288 2
22592 68675 1
22024 92682 2
73835 84275 1
98745 4947 1
95068 66696 2
79845 75643 2
13384 91206 2
55075 3061 1
42021 71920 2
73165 9464 1
90385 63888 2
3521 70847 2
33035 7155 1
65537 26761 1
27416 44875 1
66706 42137 2
65759 32011 1
30912 46102 2
28686 53774 1
20313 67436 1
23987 2161 2
76622 59114 1
74723 53045 1
94869 92547 2
18486 25918 1
85065 84301 2
15465 88662 1
60872 55492 1
55803 25610 2
58324 9448 1
33968 31852 2
52627 87738 2
7505 17232 1
30032 7299 1
38762 26415 1
951 70606 2
28011 92198 2
62108 17161 1
30792 23448 2
71093 31144 1
12057 22472 2
61019 98 2
84250 26080 1
19310 93778 1
64076 27438 1
75182 36439 1
25426 59713 2
38658 70964 2
51157 83824 1
42165 33329 2
56065 12851 1
84980 18232 2
43750 23912 2
71025 73081 2
25623 57647 2
4963 14374 2
82158 5391 2
50468 91000 1
9766 69231 2
84114 25448 2
75744 33853 1
85614 44310 2
75871 85643 1
16256 92134 2
684 37069 1
20177 49406 2
26290 91676 2
61839 35114 1
59651 5270 1
48620 24120 1
99025 7611 2
99552 99516 1
81366 29138 2
25795 40877 1
23981 58018 1
26004 49958 2
58486 19801 1
39284 26726 1
31958 74921 1
24299 54385 2
94196 43910 2
42050 41676 1
14046 26857 1
34568 61252 1
14210 66160 2
49358 29448 1
40821 64411 2
49578 59147 2
24239 8625 2
30040 18499 1
78957 23929 1
40692 74509 1
92558 85281 2
38017 76582 1
69719 77467 1
88645 45299 1
15599 12731 1
71019 98330 2
45347 730 1
79327 5127 1
67619 36470 2
19606 49960 1
44163 57744 2
34051 89905 1
96027 9356 1
75139 48505 2
51080 46612 2
83922 76667 1
20265 25814 1
98516 74711 1
12290 63169 1
88621 68494 1
26908 97260 2
59593 95273 1
56003 3792 1
20981 54258 2
81383 2473 1
40291 11577 2
37148 35416 1
62635 8112 2
30490 42532 1
2404 28528 2
28893 28820 2
35279 74226 2
9606 96278 2
57549 26423 2
82616 82812 1
70436 39905 1
8124 43162 1
4094 58519 2
65789 63977 1
61321 6981 1
22349 94439 1
57112 33785 1
48734 62229 1
89152 31048 2
554 26903 1
43804 63207 2
28588 65528 1
49226 40466 2
82469 7939 2
9836 93800 2
5016 69131 2
21864 58220 1
14989 3364 1
28584 48838 2
81362 26535 1
70651 94272 2
92917 53106 1
37842 52202 2
80715 9958 2
61668 98167 2
61229 86247 2
45482 87070 1
29366 32032 2
22371 93401 2
39046 43420 2
79826 34985 2
63490 26350 1
33947 62320 2
45425 34858 1
43817 2485 1
30240 12138 1
91115 94820 1
36095 22730 1
1523 37963 1
40450 7915 1
86742 98399 1
33410 53844 2
19502 56693 2
60473 31628 1
58235 26249 2
39049 54754 2
70301 42234 1
2422 68581 1
42524 81772 1
41415 44909 1
26913 84548 1
51753 9680 1
23866 63152 2
54284 9677 1
23290 53469 1
59812 40421 1
98102 46847 1
26057 23932 1
16233 37740 2
59735 24221 2
37265 50657 1
62927 9491 1
6255 78844 2
62100 83761 2
18763 71104 2
59151 55467 2
56974 11092 1
53388 12411 1
23399 38948 1
39387 80669 1
81991 91871 2
3248 98003 1
64324 50775 2
72098 22625 1
6426 38244 1
19856 5682 1
95461 31425 2
80087 41937 2
46152 28621 1
71389 68337 2
31177 42252 2
24106 86502 2
10930 91236 1
72746 96618 2
27922 20256 1
1292 7513 1
92922 1360 1
26918 39637 2
93121 37607 2
3246 53602 1
75425 88956 1
39842 77035 2
76759 94826 2
61089 41499 2
24614 41647 1
42512 92069 1
81077 51473 1
36631 81949 1
36652 10836 1
19233 4733 1
60219 82725 2
98687 44225 1
32276 17587 1
84550 96587 2
91660 20048 2
66508 91808 1
45438 33204 1
95983 47304 2
7943 60250 1
5678 30322 1
62027 35586 2
76878 94830 2
39535 9965 1
32246 71217 1
39261 14916 1
38931 2580 1
32963 51794 2
64789 10454 2
40084 29221 2
80272 68373 2
7813 74673 2
73244 7865 2
36177 27021 1
12662 87882 2
91766 14963 2
10461 30356 2
96758 41380 2
72789 80778 1
48311 6242 2
87303 83873 1
12963 30197 2
65663 92816 1
329 67559 1
79053 5558 1
89978 87048 1
30501 90996 2
39725 78602 2
8735 42223 1
60571 3397 2
91639 23952 1
95971 70965 1
94414 64323 2
4519 22999 1
87143 47003 2
41454 2256 1
90155 39980 1
43104 22310 2
71206 54288 2
14445 66340 2
93607 91715 1
20742 37467 2
43716 87431 2
87938 64923 2
64148 14529 1
63579 62078 1
87123 17850 1
1103 16414 1
31649 83774 2
82047 56858 1
34147 74240 2
57267 16757 2
26337 33909 2
74419 67735 1
35750 10804 2
89231 84938 1
33028 96029 1
1817 10142 1
52013 23087 1
42342 36197 2
74939 79727 2
29329 46039 1
27016 47176 2
98904 59728 2
17111 39718 1
38813 98925 2
21417 98682 2
46182 67443 2
27657 93529 2
57213 96360 1
85889 59613 2
176 42680 1
73954 34370 2
53266 70897 2
65824 68522 2
81113 37767 1
10740 71002 2
34590 10001 2
96024 95803 2
54784 57290 1
89966 99961 1
27105 59889 2
73754 87655 2
84551 87497 2
55811 52602 1
92284 51834 1
75958 10378 2
15407 92494 2
54243 58164 1
90161 62549 1
22014 85786 2
94617 82689 2
50175 24193 2
92864 10219 2
83459 93522 2
39942 34380 1
17192 15321 2
56683 60837 2
44725 43497 2
67863 27383 2
5456 46391 1
62610 6380 2
43910 8859 1
1452 54796 2
45894 21266 2
24503 29353 1
8262 66078 2
25640 65396 1
74045 30276 1
46713 61029 2
94791 9421 2
72010 22807 2
97573 80549 1
56924 937 2
23738 26208 2
67156 39710 1
5071 56688 1
25470 55678 1
43951 97712 2
66440 5363 2
2252 43292 2
44674 18445 1
82712 75190 1
53893 90718 2
83885 99971 2
84905 41343 1
50598 46060 2
79405 11625 2
81859 77374 1
18034 53309 1
36361 15626 1
57312 40285 2
42656 30053 2
86369 16016 2
27091 28745 2
40097 54306 1
77747 60499 2
78356 46913 2
15061 94083 2
43888 70209 1
31951 89663 1
46542 85305 1
63999 47120 2
47565 25124 2
33028 99011 2
79760 13313 1
5763 36457 2
31387 28436 2
74627 68471 1
83673 85763 1
95441 73127 2
5529 75225 2
15453 79573 2
18156 28454 1
18811 88996 2
55049 1372 2
30404 6359 1
23018 57908 2
51026 20407 2
58796 45640 1
73543 98259 2
79283 51798 1
5671 12412 2
14083 53827 1
59161 36549 1
66632 75541 2
95690 27337 2
96463 67480 1
45929 65476 1
50795 32411 1
39884 13561 1
84785 19696 2
5002 48811 1
45596 32879 2
31776 39364 2
99658 55923 2
16236 41009 2
41756 14523 1
32853 13443 1
30618 12107 2
12449 77391 1
84429 57321 2
44956 207 1
27460 98272 2
49176 95712 2
47119 71424 1
8263 43458 1
93255 26492 2
4611 59291 1
49444 29994 1
41095 68436 1
92613 24455 1
49460 33050 2
77996 77777 2
85517 44574 1
1759 69483 1
20763 6486 1
52777 5628 2
92425 76794 1
43798 98480 1
15176 6471 1
32186 41077 1
78285 70879 2
21931 92480 1
83503 17351 1
74947 24102 2
40777 53704 1
49439 68291 2
31006 68240 1
40898 98550 2
1679 21966 2
98419 91715 1
42183 9528 2
13018 16303 2
95952 99112 2
9991 488 1
30363 94267 1
68972 18587 2
48061 44945 2
11678 284 2
41196 87888 1
77751 68321 2
14630 50625 1
34711 32231 2
5898 64433 1
15487 4268 2
62780 29522 2
52852 35347 1
9126 34103 1
92738 58979 1
77554 41435 1
66774 98952 2
80401 10939 2
82595 98033 1
5367 20535 1
1758 48080 2
60476 35637 1
10530 15837 1
84380 77694 1
97773 78068 1
88088 82272 2
545 64242 2
6835 40970 1
69124 35963 2
15414 75923 1
91264 48471 1
47917 1907 2
24420 44113 2
59016 52519 2
83265 43575 1
62427 58514 1
11117 35133 1
39902 96951 2
33668 6138 2
84813 26144 1
76578 68168 2
1961 5082 2
52650 85160 2
79957 49910 1
90722 57340 1
56313 18026 1
29397 89772 2
57091 39534 1
78831 12482 2
34 25632 1
3429 6253 1
7241 54240 2
56778 90658 2
49714 74516 2
80315 91062 2
26232 14085 2
25397 5861 2
34491 29761 1
79609 59759 2
17280 97111 1
51374 37461 2
8911 53982 2
89055 30848 2
33651 97486 2
79801 12923 1
81950 29028 1
59023 9428 2
42786 46211 1
5174 91583 2
37240 61614 1
49577 83539 2
10749 44111 1
614 64490 1
62640 28243 1
68910 5893 1
21046 28044 2
19337 24359 1
57878 38350 2
70880 86357 1
53982 59474 1
15969 89180 2
73820 49621 2
48159 12939 2
10437 55066 1
62256 31604 1
36145 56772 2
79213 4112 2
4669 37501 1
66613 21656 1
77608 39251 1
6762 45548 1
58070 91733 2
88562 30704 1
47568 99162 1
3703 84298 2
42050 9210 1
76232 30598 1
5180 60723 1
39094 62930 1
5298 93093 2
51224 48482 1
44572 97014 2
13063 47725 1
19862 30288 1
10562 4814 2
63777 2814 1
68076 5060 1
78560 39986 2
76009 31762 1
73500 98722 2
75044 49376 2
22529 11302 2
54636 19736 1
40767 55036 1
31795 77993 1
64169 43173 1
55278 28712 1
52441 32709 1
92888 6378 2
29578 74118 2
10798 24652 1
5469 74230 1
44116 81355 1
57333 55236 2
75470 62604 2
27355 9511 1
776 24597 1
82266 73079 2
9583 77202 2
27268 92146 1
71126 90801 2
13643 7545 1
18674 78246 1
21161 21584 1
55582 64904 1
92057 36737 2
55864 26834 2
4731 70969 2
35778 46435 1
94420 74282 2
98850 82334 1
23691 81288 2
38690 65515 1
14830 68268 1
78096 56628 1
30699 71860 2
27807 97289 2
9623 1409 2
61413 49149 1
15978 78743 2
20219 1958 2
79649 96704 2
91616 87872 1
36955 85610 2
57526 27723 1
95293 10532 1
80740 32617 1
90254 37733 2
83058 77025 1
55419 40901 2
83728 86751 1
13876 36066 1
60847 35793 1
67917 17437 2
78886 78475 1
57790 16314 1
31822 53796 2
13316 47972 1
1415 66391 1
74814 29030 1
93713 17891 1
75728 4307 2
14100 80460 1
97603 65919 2
47064 30775 2
15075 91491 1
48621 79538 1
20608 27581 1
60197 31434 2
89102 97005 2
69333 36210 1
99621 6234 2
60632 35363 2
58017 99019 2
78284 94902 2
25827 69903 1
3922 60428 1
70318 21749 1
74066 80455 1
72747 23828 2
10965 52174 1
10245 70213 1
25129 72749 2
79886 18404 2
23297 60594 1
84312 29778 2
55859 85585 2
84029 62518 1
35000 64673 1
58776 42359 1
83279 91517 1
22730 93892 1
39514 5317 2
47030 93868 1
73727 24410 2
67460 9894 2
43208 15173 1
73826 8939 2
11044 20176 1
77694 35383 2
2148 79147 2
30989 90411 1
76382 40937 1
89800 77102 1
74382 38816 2
5194 80071 2
40976 82605 2
11635 63077 2
33351 54414 2
70088 23479 1
51353 14310 2
88080 19764 1
39761 9724 1
39800 73141 1
64252 9532 2
15184 25046 1
84492 61876 2
85356 14425 2
16536 4696 2
70757 63106 2
36346 98688 1
76885 78812 2
59375 87557 2
51934 69554 1
66939 77735 1
25412 12823 2
20995 45673 2
89038 6463 1
71632 36659 1
20009 21027 2
33587 96112 1
22725 97697 1
53115 78062 2
83638 16858 1
12928 84128 2
59028 10771 2
47740 12639 2
23355 92820 1
65741 40421 2
43852 81548 1
57397 46608 1
65611 53962 2
14618 58693 2
70814 49926 2
61318 67499 1
87924 37942 1
71111 49292 2
3260 77593 1
30768 9623 2
43658 80912 1
73271 2305 2
32149 68063 2
53525 38687 1
58140 67793 2
66697 96493 2
76668 54770 1
81013 98666 2
55195 66322 2
71167 71386 2
3809 59240 2
22130 26947 2
63450 50829 2
10875 90992 2
12949 18589 2
43564 49329 2
75592 77626 2
93756 13657 2
65193 98441 2
11524 17695 1
29142 47890 2
83587 54429 2
15918 3748 2
5692 90932 1
16598 60143 1
84851 93222 1
81782 41864 2
49844 10235 2
68249 35688 1
32748 11133 1
98608 13421 1
97197 63611 2
82544 27960 2
82095 60746 2
76591 38830 2
10921 81215 1
30987 86935 1
84284 96950 1
20323 31074 2
29161 80975 2
86268 16095 2
21141 64043 1
29565 46051 1
95756 76339 1
2515 40616 2
5308 88754 1
75598 58922 1
14325 68950 1
8258 24843 1
45104 69715 2
39 80559 1
13829 69567 2
26330 97825 1
99955 13431 1
1658 87469 1
13788 65721 1
49803 92868 2
76102 3688 1
85494 40955 1
72443 53100 2
77127 17771 1
11625 783 1
24526 38579 1
88964 91776 2
71423 83826 1
40991 39284 2
91634 60525 2
42647 45984 1
98563 32431 1
14632 81344 1
4563 57444 1
77973 89172 2
78117 26717 1
86084 21917 2
5666 65743 2
46752 98213 2
38166 90163 2
51958 79156 2
65264 50248 2
95416 22235 1
7622 80333 2
73629 64813 2
69391 86631 2
86015 6657 2
80775 8641 1
35163 72306 2
81614 99271 2
55477 83583 2
9929 19114 2
89969 33131 1
8064 32479 1
69275 6558 1
30366 81632 2
46752 54658 1
40501 47177 1
79635 31302 1
26423 6076 1
78569 87743 2
27070 93502 2
35421 40738 1
69988 59927 2
46669 72364 1
68492 77782 2
85946 92378 1
93687 57579 2
26092 1201 1
34736 45291 1
97292 67639 2
21313 41008 1
30761 6008 2
31835 45238 1
29844 27458 1
9746 82975 2
14403 40137 1
95135 73520 1
72721 74116 1
63772 19346 1
16060 45806 2
71659 16146 2
63366 4646 1
6064 40833 1
22390 12111 1
8530 64404 2
55764 71889 1
68990 83525 2
40048 84310 2
15428 61584 1
90523 19277 1
41848 63159 1
80460 62443 1
30706 58143 1
4380 16101 1
75343 88497 1
36618 61752 2
69293 32762 2
18393 1761 2
75443 84971 1
92845 42501 1
2919 22553 1
49554 7754 2
29430 4894 1
19253 40156 2
69519 98710 1
9864 5833 1
41960 24035 2
85538 42693 1
61016 87402 2
25821 33543 1
92955 91188 1
73751 34090 1
43890 62478 2
50801 70061 1
13024 16233 1
28659 71956 1
10158 95546 2
50982 78628 2
27175 53595 1
5848 9931 1
47165 63176 2
79356 34870 2
27298 85796 2
9191 34328 1
51696 26673 1
16660 79626 1
36290 72731 1
4769 9765 1
87992 51630 2
72976 83082 2
35991 90651 1
22599 42715 1
32935 55256 1
74928 8927 1
35827 19901 2
1786 39458 1
94636 50535 1
69430 42610 2
87943 25880 2
45242 44643 1
78522 85045 1
6082 73964 2
71715 99079 2
64170 83656 1
32545 71611 2
20533 85782 2
26681 78626 2
68201 59194 1
87442 8337 1
27697 73625 1
72217 3362 2
20794 63201 1
33694 76978 2
95990 71199 2
20053 95041 2
81660 93926 1
96727 40117 1
43013 14863 2
91454 77943 1
84433 28947 1
18348 26452 1
90048 49683 1
36037 84093 2
76634 65041 1
56336 93351 2
67304 52404 2
48122 32556 1
73336 78664 2
29234 61897 1
36124 36795 2
8238 71230 2
22252 72610 1
58213 59281 2
38175 99762 2
90388 53675 2
90006 23431 2
5177 33049 1
57330 60000 2
52475 83244 1
26489 28544 1
6464 29018 2
49973 26959 2
25972 46458 2
73172 81464 1
68649 10124 1
83369 20617 2
70194 88815 2
48489 23957 1
64710 10665 1
22992 12821 1
5027 20355 2
89402 16291 2
70185 22602 2
9002 75037 1
35131 70095 1
88294 94632 2
96194 88008 2
63480 98027 2
21321 88557 1
86703 16560 2
53346 53755 2
73340 94790 1
68863 37141 1
27894 63489 2
32506 25694 2
39382 27320 1
21613 52128 2
23163 75431 2
27355 38888 1
27592 24747 1
14950 15687 2
42625 45064 2
64854 69875 1
60882 98854 2
96856 57348 2
4456 34608 1
38556 46359 1
25685 48468 2
10263 83055 1
77424 14693 1
42687 19567 2
12947 892 1
33362 91233 1
67227 531 2
3279 80434 2
7916 82345 1
71514 91827 1
67499 55233 1
49053 88154 1
89442 56898 1
11426 95807 1
24159 63672 1
48730 73919 2
15189 55922 2
38553 35741 1
27737 94722 2
84439 90236 1
78374 66496 2
55024 67462 2
31802 9767 2
73157 73736 1
82903 36855 2
71641 16979 2
15747 90769 1
83925 14845 1
23496 35198 1
7365 57470 1
62420 50217 2
5913 32884 2
42714 57568 1
5797 50015 1
62704 97623 2
32001 52197 1
92815 75012 1
56265 48687 1
24374 27812 2
71102 9130 2
8295 17365 1
71267 50216 2
15881 15642 1
49249 76892 2
18596 89659 2
