100000 5000 38119
88055 20981 2
6193 81091 2
159 86077 2
15679 38041 2
79979 81067 2
34158 3962 1
66362 94870 2
68889 94729 1
53185 7596 2
13228 15804 2
11719 69069 2
2762 62206 2
22248 62541 2
76072 98445 1
95667 37974 2
43151 72637 1
5228 8260 1
20893 82131 2
63498 21703 2
60516 85386 1
40410 31460 2
99306 43922 1
25722 25877 1
93704 27404 2
33183 62340 2
82668 59471 1
80144 41620 1
54454 94534 1
44104 48728 1
79870 30352 1
86552 8026 1
80973 31071 2
41890 10934 1
34047 96057 2
57983 13020 2
59400 89690 2
18586 92721 1
22891 94224 1
57107 21422 1
56740 39710 2
31550 5888 1
95264 47225 2
61313 49670 2
2144 30766 2
4889 84247 2
33146 21818 2
20661 26649 1
84440 45712 2
12986 70123 2
9686 57655 2
62493 77116 2
35912 59626 1
9484 25905 2
65970 37494 1
18022 2083 1
91214 18943 1
88670 67135 1
42570 17371 1
42812 58532 2
37927 99669 2
26140 10056 1
85787 31212 1
7980 69620 2
32240 14353 2
50578 579 1
13443 40973 1
12421 73895 2
88485 35576 2
8239 97220 2
96190 88899 1
62225 67251 1
76005 38415 2
4895 44257 2
44233 91476 1
68896 877 1
3179 30139 2
49519 55277 1
15777 38564 1
88925 55049 1
26837 82177 1
81772 45983 1
63108 11321 1
16085 42974 2
10912 34118 1
11331 80459 2
79599 54487 1
81078 64991 2
59337 18671 2
14498 17094 2
75901 39812 1
18189 23841 2
5485 14241 1
87380 96549 2
69581 56516 2
50438 19514 1
30472 33825 1
31463 86398 2
7579 95101 2
36975 96927 2
41624 50995 2
39209 26020 1
55973 98099 1
69012 48741 2
42906 11486 2
9253 44238 2
20775 53099 1
72323 28257 2
81739 27941 2
31946 11024 1
10878 99307 2
90473 18055 1
31528 29743 2
82212 60544 1
20039 6744 1
40114 2316 1
44014 45952 2
10144 12209 1
95936 85046 1
17516 58439 2
80505 55868 1
59595 60762 2
68677 15594 1
54787 44747 1
38247 84233 2
4305 44879 1
43284 26 2
80101 18190 1
27509 41837 1
74082 8165 2
46569 46026 2
90847 94213 1
68864 66571 2
10600 34578 1
31617 20576 2
31901 9060 1
6277 85385 1
1393 28905 2
54681 60288 1
17996 20161 2
44160 91213 2
64618 28385 1
58223 83311 2
35482 33489 2
41200 7866 2
36224 91438 1
22111 71827 2
74644 44456 2
38544 79926 1
32129 68101 1
27239 70385 2
11814 75452 2
87166 87878 1
45688 7739 1
44067 38125 2
82622 35522 1
27607 66351 2
50228 3142 1
18416 32396 2
68713 76047 2
85047 83638 1
10273 74298 2
45067 22228 1
8659 78551 2
99901 59072 1
38987 22956 2
39570 71977 1
88106 48240 2
25316 22706 2
12833 32305 1
36833 87473 2
77850 50767 1
62826 93713 2
65391 17214 1
25910 21072 1
74833 38376 1
93484 48706 1
20386 55657 1
79564 4012 2
91483 51953 2
1351 16106 1
41831 88646 1
67074 27273 2
85286 76031 2
46936 89997 1
67435 98090 1
20821 76781 2
3327 26790 2
12315 56114 1
39867 52426 2
9985 39836 2
29650 77949 2
71695 56989 1
81989 76795 2
39587 83771 1
27852 52310 1
30735 34130 1
54612 78355 1
40856 71344 1
19388 45833 1
76249 89592 2
11607 20070 2
20350 59392 1
75565 51913 1
97417 530 2
39929 57417 2
90385 55118 1
88172 21068 1
91934 60519 1
17673 94769 1
89262 31394 1
93223 423 1
70420 2682 1
12242 67475 1
96435 17502 2
90923 78446 2
39559 85073 1
24707 95525 2
13724 23690 1
13764 78967 2
44725 10450 2
45000 67291 1
80423 41416 2
74783 75319 1
36539 30816 2
38990 40938 1
13295 74751 1
73131 43331 2
22934 4225 2
58786 65863 1
38675 74100 2
93619 94223 1
22114 37114 1
5457 88679 1
98576 1099 1
60452 78321 1
97406 1616 1
83720 84576 2
74881 90729 1
6348 19165 1
79589 49704 1
18772 67974 2
75557 43668 2
83096 90506 2
20053 90311 2
71811 23182 2
69049 58577 2
75540 8779 2
99115 71762 1
60928 90061 2
46328 92516 2
15214 21942 1
41667 43246 2
28633 45849 2
80065 99762 1
42034 97855 2
11484 54560 1
99484 31557 1
53905 51553 1
35630 2684 2
23377 90861 1
40501 10696 2
29123 27733 1
50735 89922 1
68065 55066 1
2640 70006 2
95830 92307 2
45409 10245 1
23847 48012 2
97180 5444 2
47175 16321 1
88530 6876 1
20513 78375 1
22757 6504 2
16817 19044 2
57230 66746 2
65643 8754 1
83064 30326 1
82515 84128 2
77859 48564 1
97284 35217 2
5762 74978 2
27914 1178 1
76317 46785 2
21383 94280 2
38352 14851 1
82577 92408 1
3850 11572 1
1842 21022 1
8495 97454 1
4231 41375 1
80055 97474 1
73922 35254 1
61260 73814 2
12201 44658 2
97424 41506 1
66292 17239 2
82037 38290 2
95826 36313 1
71907 58407 2
87813 33604 1
48341 33142 1
40833 47542 2
62204 34311 1
21585 47619 2
69211 13303 1
13170 49521 1
3433 54678 1
45207 27673 1
96786 47786 1
51875 63660 2
7670 82443 1
4786 40204 1
66729 19205 1
816 50382 2
83857 43929 2
97344 71263 1
37259 44091 2
75158 77500 1
24231 6325 2
83549 77848 2
77703 53635 1
68083 58586 2
70340 22006 1
73864 84828 1
89257 84049 2
89411 35053 1
81718 1967 1
16477 97392 1
22590 91835 1
30211 94875 2
57385 32598 2
59896 5433 2
14995 16436 2
54321 49705 1
55851 61183 2
10807 52636 2
31189 69043 2
51560 80090 1
45609 7136 1
49847 80734 2
65233 63404 1
26120 64854 2
23663 87566 1
47061 21540 1
8213 21588 1
3051 51327 1
48970 7710 1
24397 87955 2
37996 6880 1
1136 80284 2
99913 90340 1
91710 32303 2
22852 55046 2
3123 99346 1
52055 90806 1
17027 35263 2
51115 63289 2
55698 47557 2
33633 16521 1
44474 7367 1
51660 52816 1
10537 7963 2
66869 47569 2
81600 31659 2
87094 40512 1
33077 9144 1
72831 60164 2
50034 11154 1
70741 80732 2
19988 91457 1
68078 32983 2
70540 23167 1
54006 81114 1
88257 24540 1
53804 7327 1
10701 70425 2
49701 304 2
90108 69101 1
46985 14832 2
86768 49315 1
98129 8786 2
29215 54074 1
72240 68672 2
60115 95844 2
45350 90709 2
81065 16743 1
89006 84547 2
15443 85631 2
28466 17935 1
38422 3066 2
93265 79152 2
40748 82234 1
29472 66707 1
48004 36599 2
39014 67834 1
10397 53467 1
90526 68376 1
64686 83236 1
13817 52470 1
82465 92869 2
71577 44082 2
58612 53829 2
27448 74075 1
13463 44350 2
23647 74262 1
69136 991 1
29903 85212 2
35226 36779 1
72923 21433 2
45953 24856 2
84684 93359 2
1095 44625 1
4060 74609 1
32163 75252 1
17275 65320 2
40061 53749 2
86862 31762 2
87699 19193 1
75114 51198 2
1304 13148 1
69981 96401 1
23887 3116 2
25894 90276 2
83668 81931 1
31512 53539 1
93939 75984 2
51643 74383 2
9359 16711 1
76683 17437 2
73405 42445 2
54455 51894 1
52550 95701 2
49059 54133 2
82665 77477 2
62982 75756 2
63958 85113 2
89357 57439 1
63028 72319 1
51254 24358 1
98556 43162 2
85334 9328 2
8059 97984 1
50164 11579 1
6868 18844 1
42059 95069 1
91196 2348 1
3628 98846 1
27580 5123 1
29658 96283 1
34867 51657 2
32492 98661 1
48753 9942 2
8366 88928 1
47933 50042 1
46304 3429 1
90608 69785 1
15958 21120 1
30232 12135 1
92246 8946 1
98838 18544 2
3517 47568 1
27072 67219 1
3738 30402 1
9824 54977 2
50322 66277 1
23155 85443 1
79162 96522 2
42922 29522 1
17728 37364 1
77004 92317 1
95011 58430 1
88530 2630 2
88886 36819 2
81802 55717 2
5793 49844 1
51350 95203 2
35840 19062 1
49930 64417 1
43234 53665 1
48593 20079 2
65003 11122 1
84519 84181 1
14802 97977 1
72992 62381 1
89796 39292 1
49889 24006 2
46175 39827 2
82082 71043 1
34040 61449 2
39122 21210 2
63382 30145 1
88658 85398 2
97684 13327 2
7993 75702 2
19651 56731 2
89486 31435 2
16261 89314 1
48274 70718 1
52819 9332 1
50516 62439 1
69817 38935 1
48954 61111 1
17653 85090 1
41342 6575 1
59739 99491 1
10479 10311 1
53971 14170 2
78668 82504 2
38009 3196 2
93069 18226 1
59581 45809 1
9786 81623 2
62849 81845 1
86769 95006 2
19678 49883 1
70596 56641 2
53087 6085 1
59929 43023 1
68131 93293 1
57032 20043 2
27743 92704 2
17825 56971 2
14810 34270 2
25603 98009 2
7632 76219 2
14182 14166 1
62256 20545 1
75026 53106 1
92062 56876 2
67622 91797 1
10417 64780 1
94578 38618 1
56278 59335 2
72765 55470 1
88203 79444 2
18879 34613 2
37285 2656 1
83080 90406 2
86603 23597 2
85816 92970 2
11128 12943 2
2021 34753 1
60253 39213 2
35544 13532 2
5468 42278 2
46672 27748 2
60718 40969 2
85917 3570 1
91838 33211 2
79110 13909 1
88684 34805 1
28036 51983 1
98156 5924 2
24132 10776 1
59684 6152 2
47529 46010 2
67633 69365 1
11176 55251 1
32194 50452 2
18123 46966 1
30012 74147 2
50383 15530 1
17620 32273 1
2021 62409 1
68152 47043 2
96884 95843 2
84039 95346 1
117 88377 2
62644 66283 2
56886 25634 1
99239 42317 1
81880 49161 2
29179 76110 1
42481 13644 1
66369 57431 2
99755 98047 2
75676 54307 1
35235 95463 1
70852 7556 1
6795 28576 1
74819 19838 2
81864 66616 1
47130 29322 1
85652 89425 2
64093 59157 2
53213 64450 2
56563 64926 1
49605 44983 1
66551 55547 2
54784 74605 1
55930 60469 2
54777 73271 2
76382 27111 2
53581 62940 2
32924 23331 1
44974 22806 2
21823 89357 2
51393 50420 1
82727 39134 2
23872 30713 2
72968 40098 2
55769 57307 2
22024 10138 2
62958 17348 2
41604 97243 2
54099 45141 1
15947 8974 2
86931 63870 2
50177 20942 2
77964 71879 1
74878 95085 2
61774 16363 2
9997 9647 2
88863 68855 2
80269 95884 1
79162 42576 2
34387 57810 2
13867 24202 1
77222 40194 2
88693 47953 2
23618 99599 2
67884 47396 1
95318 70082 2
30491 67989 2
36262 80888 1
544 59242 2
52233 70754 2
31755 15871 1
27948 37732 1
611 99330 2
29069 63606 1
4928 90710 2
63584 32166 1
77266 52880 2
22894 1236 1
63417 78493 1
59089 9045 2
88330 28314 2
18874 42129 1
98481 42395 2
43755 99365 1
33705 23429 1
84317 9698 1
86501 7027 1
83836 21612 1
56811 50420 2
6693 18619 1
9844 23755 2
91087 6077 1
9262 77262 2
71647 67506 1
1370 51336 2
21266 98479 2
91150 26680 1
3543 95004 1
30195 37424 2
53266 57782 2
76456 48310 2
43419 19213 1
71389 64486 2
37757 41639 2
1945 48717 2
15991 9212 1
74357 38288 1
3646 87896 2
64095 7747 1
30009 74491 1
36888 37427 1
22724 1660 1
51766 69469 2
3374 54626 1
79235 36084 1
90715 52906 1
65628 7647 2
50498 88036 2
27954 21336 2
87503 73302 1
10508 79278 1
94211 67511 2
35364 21604 1
60815 78773 2
97510 13520 2
45693 94800 1
84116 5789 2
13607 18908 2
97828 31401 1
94814 81187 2
62048 62279 1
14244 13857 2
70725 21887 1
18482 52646 1
36229 94441 1
67379 51768 2
57541 67510 1
82791 52078 2
16991 10567 1
21921 39574 2
81121 49139 1
99017 25456 2
26989 53958 2
48731 35184 1
62359 90940 2
2343 31424 2
7498 44042 2
34063 55035 1
6275 92374 2
47499 67732 2
40308 89530 1
21576 73677 2
69123 70917 1
7653 38880 2
60744 89465 1
69588 86554 1
10226 73646 2
47423 58010 2
92259 92142 2
67777 58967 1
14991 7351 2
67593 92727 2
31969 23868 1
91163 19673 1
55127 48228 2
37294 34732 1
54273 29450 1
30510 91861 2
67846 68635 2
53083 11406 1
92286 95131 1
27721 86721 1
3897 90080 1
40607 26993 1
55478 26133 2
25048 145 2
79501 62585 1
61828 40202 2
15494 18494 1
50216 21882 2
47616 19946 1
51322 44112 2
45515 18361 1
20198 7217 2
15278 48761 2
95212 27766 2
65858 85548 2
75647 13164 2
32180 65450 2
6567 77106 1
66663 80476 1
39712 42462 1
90096 30690 2
48761 48569 1
58808 61454 1
33366 40798 2
43582 21735 2
20975 58975 2
84242 8999 1
24207 54592 2
37883 47293 2
88277 68730 2
4498 66252 2
48854 95897 1
69381 45194 2
92505 44063 1
50677 94146 1
35097 51359 1
56472 35314 1
73863 354 1
36311 69006 1
49926 77445 1
54321 21819 1
38125 87833 1
81335 19349 1
36073 69282 1
99438 56745 1
19768 52729 2
57232 45628 2
65646 59690 2
14571 27682 1
67028 55351 1
64032 47975 1
58596 7955 2
38149 60394 2
40494 53671 1
19396 27773 2
23639 27056 1
39098 46599 1
94965 82175 2
95609 74850 2
24276 10040 2
91878 60829 2
6228 32595 2
60571 73274 2
3624 46463 1
39110 50065 2
39064 57882 2
96840 87276 2
56416 62362 1
39704 28937 1
56975 73735 2
89214 71131 1
13385 32062 1
10712 64649 2
89318 62416 2
17304 3790 2
63536 95232 2
27107 59607 2
2921 5929 1
54163 17928 1
1667 22230 1
46167 54903 2
21765 68712 2
11022 6640 1
61421 11796 1
35856 76367 1
66313 17186 1
44805 30697 1
82524 41263 1
45163 76803 1
68736 8940 2
41620 97401 2
50110 89276 1
60069 58329 2
69303 8506 1
77209 31045 2
45951 38897 1
66940 57973 1
43388 3010 1
48401 72243 2
81035 28834 2
67725 27325 1
61980 83000 2
29017 72518 2
53329 35715 2
63507 27477 2
72771 9715 1
26029 67908 1
63421 99564 1
57389 46946 1
89567 69574 1
93644 11794 2
25916 85327 2
78487 92106 2
8828 48103 1
82385 5461 2
22043 22818 1
15279 98801 1
75400 27690 1
3226 18226 1
15175 96475 2
75249 99005 2
52400 50853 2
72580 87726 1
25485 20654 1
90106 72402 2
82624 26701 2
58220 83565 1
70075 11632 2
55432 49398 1
14757 77175 1
91631 16214 2
86140 53846 2
16759 10285 2
95598 78711 2
87753 32365 2
79454 72182 1
37412 71997 1
33733 16483 2
27672 63671 1
25039 85732 1
20204 93642 1
26522 27472 2
6617 65112 2
33274 74101 1
7725 70521 2
18648 42706 1
54121 84215 2
13166 50366 1
76739 592 1
63372 58655 1
21925 97688 1
19991 59572 1
39628 82932 2
31141 37068 2
77674 59071 1
4066 42477 2
21956 2440 1
11053 94542 1
60372 13331 2
49051 47100 1
93896 90388 1
60212 37689 2
3329 86551 2
58225 30488 2
20629 50235 1
25860 88323 2
60526 77265 1
8016 8565 2
12457 34882 1
13869 65953 2
28376 83559 1
63878 55817 1
92000 86223 2
74938 30247 1
31260 91644 1
88446 97959 1
30360 25894 2
69273 43435 2
19222 24022 2
84166 94534 1
13997 18188 2
12278 18402 1
39845 44698 1
41707 58650 2
18780 11527 1
28702 47776 2
1476 65934 1
83323 54808 2
47138 97180 2
91616 13339 1
75473 82837 2
13377 9750 2
39357 12591 1
31175 83304 1
33449 91349 1
67148 34119 1
12969 74341 1
35040 7484 2
87048 29299 2
36648 34434 1
81348 46980 1
82585 56011 1
58701 54452 1
89409 12219 1
19594 59632 1
90815 41099 2
94131 82653 2
91334 31495 2
37368 77391 1
82846 82736 2
81880 18162 1
95267 98939 2
40779 67397 2
55428 88817 1
59673 64346 2
13125 67533 2
26017 70296 1
68189 14017 2
46451 79193 2
73145 66737 1
45814 67980 1
69015 35062 2
53507 92148 1
11788 29404 2
97704 12039 2
35167 67652 2
46757 15663 1
33387 44867 1
31058 46445 1
4641 66753 2
59256 817 2
95172 61627 2
93555 2243 1
65931 55906 2
30007 32414 1
35490 48026 1
57096 55759 1
20393 18588 1
82624 31770 2
97971 41332 1
51309 37365 1
98825 47651 2
59984 86156 2
84805 74174 1
50015 78267 1
34807 55053 1
93987 16791 2
32388 6701 2
8475 50022 2
35009 36015 2
39192 77890 1
80828 73878 1
18975 24889 1
68724 61597 2
10 44592 2
88380 56463 2
61159 52668 2
1884 85421 1
13431 10055 1
29520 17196 2
5456 10449 1
54695 13684 1
99996 41836 1
79205 38658 2
83352 93151 2
84545 60518 2
87222 89573 1
76392 34918 1
93947 55467 1
27160 89818 1
24225 62869 2
49414 58350 1
42454 62841 2
46521 63939 1
20156 69698 1
29484 90605 2
92679 52270 1
24848 41654 1
70818 90353 2
31751 36314 1
5002 34608 1
6858 36330 2
64273 90727 2
32804 40617 1
42012 90884 2
23989 13362 1
87302 33257 2
12209 80079 2
94939 63373 2
75454 55395 2
4766 6396 1
71673 72930 1
47619 21267 1
76594 97108 2
36053 59013 1
25163 54453 1
28081 16120 1
3517 38552 1
39946 12521 1
52082 44735 1
2787 81732 1
52492 39845 1
29112 88972 2
61309 30612 1
31125 92697 2
15757 40495 1
77405 30133 1
16920 51946 1
10788 61086 1
32397 15372 2
34806 8968 2
86608 55092 1
84430 8536 1
58424 7281 2
49023 25673 2
38674 78569 2
85167 2379 2
32700 47475 1
60215 58847 2
64811 2045 2
81508 15996 2
90917 98662 1
6073 42350 1
85064 43781 1
44811 99313 2
12097 21408 2
97251 59418 1
98870 82070 2
74304 35311 1
30845 44086 2
55090 20170 1
82370 63077 1
77888 9369 1
96325 35133 1
94531 28225 1
98490 51560 1
54633 50775 1
41319 1321 2
64211 39653 2
64137 91443 2
88823 71083 2
58863 39824 1
65054 49500 1
56285 14299 1
5511 81725 2
39211 12486 1
64899 105 1
77540 29365 1
60471 7791 2
45608 85537 1
37245 91986 1
4394 13751 1
41827 43016 2
68530 94070 1
86314 82460 2
22875 77781 2
75688 64685 1
91446 10234 2
1767 76364 1
96486 7971 1
94179 66274 1
84482 321 1
16496 65768 1
65143 45465 1
53170 99372 2
19011 80258 2
3364 81875 2
95195 7241 2
22738 93617 2
99526 73423 2
62878 85939 2
91999 97065 1
33214 78197 2
36279 89088 1
15612 62829 2
22384 65007 2
6805 76990 2
97155 17480 1
29595 45829 2
51099 56751 1
67731 91857 2
24696 24413 2
14616 32290 2
99853 30046 1
82838 96241 1
90083 74963 2
40303 1416 1
57332 71249 2
51162 58949 2
78320 57537 2
6847 4828 1
74491 15614 2
70396 77746 2
97421 73306 2
7971 11267 2
6609 44569 2
16986 28668 2
84550 6771 1
30777 34561 2
18721 76535 2
64975 18697 1
81897 58275 2
35454 21597 2
44250 9581 2
54971 21853 2
27267 20893 2
24815 15898 1
40136 40720 2
92696 84925 1
74016 57783 2
52872 96127 2
83607 48438 2
96485 86863 1
62062 96549 2
15272 81071 1
49814 30418 1
53310 57879 1
56729 52478 1
70794 87569 1
54129 53467 2
23905 36219 1
53743 78996 2
16972 70376 2
71413 37030 1
38762 28255 1
17820 33759 2
36971 27995 2
47 46118 1
83638 9705 1
46382 29906 1
80772 42701 1
45741 55153 1
994 96477 2
73202 4035 1
24563 46500 2
83706 16541 1
2284 77281 2
74900 67911 2
59542 95237 1
40260 70590 2
73008 27001 1
56578 23571 1
54731 27093 2
13497 44137 2
18860 6986 2
5576 14395 2
67565 27993 1
87876 84180 2
10395 97722 2
37876 35765 1
37306 14295 2
51604 80274 2
7709 83053 2
50803 88597 2
32142 31346 1
92820 33018 2
71244 40873 2
48305 49329 1
21416 89775 2
74739 64384 1
40327 24947 1
14651 34046 1
52579 22869 1
6333 25977 2
9642 40814 2
4704 93073 1
26589 26024 1
23039 52091 1
86258 98370 2
42538 54206 1
91475 76429 2
44070 47705 1
42397 27633 1
78505 91099 2
95170 18761 1
75775 54986 2
39911 76546 2
38600 97245 2
59207 28897 1
2999 46658 1
59790 40730 2
58868 59385 2
49950 88665 1
43291 92662 1
64845 46013 2
8123 36803 2
33733 26008 2
86553 19196 2
39524 97840 2
99594 18993 2
61210 1185 2
29020 99271 1
38285 72537 1
9837 87831 2
36375 53595 1
27762 15374 2
47527 10205 2
50354 30828 2
40892 99849 1
1257 13413 2
57166 2816 2
28934 64067 2
32677 24402 2
31437 16769 1
73087 24167 2
18581 55761 1
71950 44825 2
15786 56984 2
41720 19896 1
93196 69005 2
3830 94341 1
62319 36157 1
29301 37847 2
45562 82410 2
39608 54969 1
17608 31719 2
67187 28714 1
43913 35518 1
2514 91387 1
60418 16330 2
8272 57301 1
2377 78941 1
51136 32432 1
63114 76955 2
61864 9309 2
53829 33405 1
71169 45214 2
77005 56368 1
77049 36424 2
78922 29939 1
18640 33864 1
58936 34844 1
45310 48603 1
8230 18740 2
92940 75188 1
36440 9846 1
15062 84890 2
58918 84468 1
34832 61031 1
48122 92850 2
13694 48298 1
38358 32073 1
13850 32998 1
60460 71589 1
93489 66833 2
53764 67592 1
34342 88374 1
26777 53573 2
63950 76979 2
78236 12741 1
40051 2300 2
88784 81510 2
87922 8214 1
24844 1046 1
74684 40060 1
25596 49148 2
28184 86046 1
12993 39344 2
32959 75709 2
97356 34942 2
98591 76049 1
67367 56552 2
25977 96803 1
48748 37025 2
11204 80403 2
98571 48658 1
79431 14867 1
68297 21432 1
8258 76457 1
92636 17348 2
26278 48721 2
80240 57498 1
46008 25241 2
40260 78899 2
96723 32868 2
25166 59611 2
31555 72264 1
17587 96147 1
99562 74799 1
88688 35824 2
97022 18298 1
12180 5370 1
71049 96793 1
48643 98894 1
75368 6964 1
3092 74557 1
48141 17733 2
33780 11819 1
87581 68188 1
53698 96688 2
22483 36922 2
49232 3098 1
11259 78422 2
4584 68905 1
32568 53371 2
4229 84946 1
31422 56168 2
81142 25405 1
24568 80782 2
61598 3143 2
59523 64182 2
83191 89313 2
59761 51449 1
17706 12974 2
65192 27782 2
30872 5033 1
84480 70623 2
27445 1437 2
88457 54876 1
11047 60555 1
24034 85126 1
89707 32360 1
17891 76445 1
34993 60348 1
46228 18579 2
26747 32644 1
95796 83471 1
25954 52400 1
83219 41291 2
56657 73798 1
14200 17591 2
46632 73597 2
6875 66611 1
57018 89059 1
36556 67032 2
89103 17688 2
67595 71536 2
91907 81136 1
18125 37178 1
79333 56405 1
62974 66567 1
8601 6083 1
74265 66368 2
1207 38379 1
5074 7965 1
23113 7344 1
21325 53455 1
63633 41644 1
12259 94327 2
36384 54284 2
15236 48749 1
93184 51920 1
61392 96282 1
57772 50317 1
74045 87294 1
82451 39210 1
94548 23947 1
77976 48870 1
62292 44167 1
14164 95440 2
79534 89678 1
45843 90638 2
91303 77134 2
33107 8151 1
48249 60074 1
21096 98041 2
36018 69112 2
64187 1651 2
12243 26755 1
99942 59260 2
44082 22761 1
55481 8379 1
59736 26205 1
76761 27148 1
41924 59334 1
65435 82785 2
68519 895 1
25901 94207 1
390 32853 1
73006 10333 1
62555 86284 2
9425 18344 2
61492 26170 2
78718 59394 2
12371 33291 1
70481 84094 2
19436 55995 2
12633 9382 2
22698 37439 2
58010 15062 2
11050 19708 1
29004 54878 2
13150 76590 2
97561 63875 2
27403 29795 1
69251 74910 2
96011 16382 2
12540 24347 2
10700 98900 2
10251 2012 1
82576 76018 2
73774 20404 2
36651 55861 1
20851 61997 2
7784 79440 2
65213 32482 2
36804 3626 1
96229 8357 1
10769 3901 1
89783 71034 2
42837 19512 2
66641 80634 1
49992 68446 1
41511 44146 2
98138 84677 1
44642 23489 1
99562 48600 2
24252 37309 1
65584 16054 2
71461 17359 2
51636 22832 2
4385 41106 1
31668 69999 1
89288 4600 2
6370 16171 2
78309 59909 1
55908 95541 2
43544 80946 1
85587 46222 1
22964 81451 2
86108 4270 1
48769 49170 1
57154 73822 2
66779 59930 2
45530 97630 1
70193 54572 1
58189 93152 1
8519 17413 1
73689 7019 1
36468 21430 2
41009 76697 1
74885 32899 1
37400 80185 1
41816 94565 2
15690 25005 2
27778 3464 2
37844 86669 2
92362 31565 1
73687 90211 2
90795 24105 1
6377 77837 2
68470 69604 2
41779 43935 1
2030 90844 2
33172 22846 2
33514 98847 1
21564 61509 2
37270 62772 2
45426 38788 1
64498 27667 2
56815 68412 2
54097 72488 1
75201 77956 1
8988 34260 1
99241 10823 1
64973 49708 2
88733 41508 1
57684 46840 1
20615 9613 2
67733 73173 1
52323 31272 2
92360 89876 2
48421 63441 1
95960 60921 2
753 22550 1
65157 27516 2
98401 87546 2
49346 75883 1
9411 87666 1
9847 26694 2
77560 94251 1
93440 35714 1
56887 36034 1
6252 99111 1
54119 11370 1
32959 16082 1
48616 68970 2
38896 81076 1
12427 58204 2
11020 94352 1
58197 15024 1
31313 42945 1
37537 75974 2
6004 58706 2
77499 71096 1
35227 58692 1
74021 34542 2
62404 43051 1
39413 58503 1
50013 69041 2
14581 36215 2
78761 33042 1
50850 75395 2
61377 39135 1
86318 583 2
46704 93179 1
89439 7952 1
87894 39681 1
2797 2467 2
71399 40892 2
5255 52116 2
92009 20172 1
58031 74448 2
6713 88648 1
87065 56147 2
55847 99415 2
70129 67730 2
42197 90454 2
68402 72691 1
60668 58485 1
55247 27856 2
39174 41625 1
53933 88664 1
28725 30492 1
14567 84814 2
73275 55497 2
4265 35656 2
8992 42080 1
76470 63665 1
57888 86040 2
88867 26791 1
11210 8120 2
6009 40637 1
36802 57980 1
35318 10523 1
14815 96470 2
46509 23769 1
94446 35307 1
15457 70440 1
47725 51666 1
70990 84937 2
73169 3385 1
46305 83155 2
89056 76191 2
83451 37009 1
58200 14907 2
49777 87074 1
14150 48436 2
92367 11896 1
880 50438 2
58288 58585 1
18412 64547 1
68808 35265 1
95334 40400 1
40923 2526 2
59678 92132 1
35235 28723 1
72583 47340 1
71789 48373 2
5610 10154 1
97756 24593 2
37953 60273 2
66053 39172 2
67644 40395 2
82514 34497 1
80639 29267 2
5663 11407 1
54658 16475 1
7168 92329 1
9744 73704 1
97529 70716 1
89192 17841 1
91652 39980 1
7104 7107 2
89231 74511 1
92829 69504 1
65627 10768 2
9211 65723 1
31902 68014 1
25643 92221 1
40194 54330 1
17168 82884 2
81188 60380 1
96033 52447 2
20662 94383 2
35275 26739 1
98941 86081 2
86668 99481 1
52435 70612 2
66841 61533 1
97798 54688 2
53369 67936 1
96919 70862 1
12359 82296 2
71677 16990 2
73939 82443 2
54015 90114 2
44386 92919 2
47934 3201 1
16938 52749 2
91688 8853 2
1751 10737 2
58310 84525 2
48137 58684 1
89103 22892 2
56819 66778 1
55250 86984 2
98398 45741 2
28913 65036 2
15428 55272 1
27520 58614 2
43189 67060 2
86698 30201 2
30549 34670 1
97772 29373 2
26204 86535 2
86360 16826 1
5749 70819 1
81972 55329 2
72927 36475 2
24121 86579 1
73839 33403 1
56756 46183 1
74316 25252 2
54823 95496 2
40306 55019 2
93929 9077 1
656 63480 1
39938 40000 2
68010 14344 1
57425 75920 1
20087 57868 2
51142 79775 1
20771 6312 1
37127 64955 2
58831 34676 2
87823 10601 1
48428 57343 2
44523 82942 2
68100 39367 1
62011 43940 2
13233 354 2
57655 23580 2
15716 71160 2
54567 42230 1
81151 81318 1
32714 56058 2
16027 72796 1
176 70562 2
35235 28512 1
91392 82686 1
94839 19978 1
81203 46318 1
81355 79494 1
58711 73708 1
37893 1653 1
82317 67616 1
8098 13483 1
14602 12297 1
65073 37874 1
61146 94011 2
39862 1958 2
91449 53371 2
66409 28984 2
30136 53477 2
95669 56331 1
30846 58407 1
84761 35002 2
71684 9123 2
88490 23792 2
18072 11857 1
77999 58190 2
29787 23994 2
53348 98856 1
8867 62270 2
45080 88808 2
85722 40559 2
43758 60842 1
60156 92564 2
86720 96095 2
37181 17063 1
88279 86986 2
76801 4823 1
20564 84870 2
57314 71655 2
96043 51037 2
70542 60909 1
93603 53266 1
18791 91508 2
77111 473 1
98337 43450 1
79703 73594 1
51335 77619 2
65992 70353 1
68278 11012 2
47328 92113 2
95391 2057 2
13035 9532 2
40810 74063 2
68489 1708 1
54126 74106 1
52237 6510 2
86490 89249 1
98943 73730 2
95600 23053 1
27419 44700 1
86244 54142 1
22128 58278 2
28129 87110 1
514 40860 1
26852 32683 2
18345 56078 1
1791 59433 2
59088 5889 2
54199 16334 2
81238 25614 2
28327 21693 1
33968 71042 2
30747 63691 1
12357 41245 2
83446 88005 2
35377 74835 1
72108 2536 1
48867 25006 2
49128 18952 1
78782 34985 1
42216 8938 2
65660 98006 2
98748 40681 1
48518 72026 1
94634 30516 2
9309 90988 1
47405 63278 2
12469 18393 1
3761 21550 1
20340 14403 1
87161 66237 1
19224 64125 1
3066 14266 2
21550 71633 2
35293 23001 1
1020 97050 2
73568 55103 1
84376 32234 2
68246 19048 2
38158 13221 2
30467 66242 1
1757 95524 1
89952 87823 2
21115 85876 2
38141 34023 1
3469 59156 2
51546 10291 2
91088 67258 2
19213 28979 2
23283 88079 2
64319 12441 1
24474 92526 1
45647 85932 2
89245 39145 1
34509 77446 1
19910 17508 1
50048 54711 1
7991 98520 1
73985 47135 1
1698 60178 1
16638 68567 2
78095 47217 2
92408 27593 2
70585 68075 2
67045 404 2
58737 38056 1
28878 44809 1
57178 86886 2
51762 82096 1
79243 40212 2
24546 82180 2
78448 23 1
1283 86099 2
34953 38727 2
90095 54687 1
86346 48851 2
2420 91295 2
59770 2777 1
19475 44191 1
99604 32079 1
40930 62043 2
10984 8317 2
35755 58984 1
9787 40928 1
7211 58828 2
55651 11017 1
66515 50689 2
6188 98428 1
15339 30454 1
25365 90258 1
93610 76526 1
93204 60535 2
49407 36990 2
78382 17452 1
23851 66867 1
11776 31206 1
61477 6506 2
51929 2189 2
84020 51575 2
27645 66462 1
51449 66943 2
57635 65674 2
68322 88541 2
30648 71253 2
31000 9344 2
86299 9047 1
77682 69099 1
24894 20030 1
2207 79509 2
59083 15050 2
13697 67783 2
89501 70896 1
51692 99904 1
42307 13112 2
42347 18388 2
52160 20607 2
40348 9929 2
17293 91126 1
82255 13208 1
14774 26881 1
8042 2098 2
99641 84504 1
67272 36441 2
69802 69801 1
76117 35682 2
54514 29012 1
81748 70842 1
42955 39918 1
70265 96254 1
66790 52287 1
31824 88353 1
26309 67620 2
23156 15978 2
77729 93421 2
38104 41811 2
8005 57504 2
82722 37387 2
35633 46964 1
79467 32373 2
24408 76055 1
63200 34695 2
83106 15625 2
26340 81804 1
71211 83455 1
16172 72354 1
22018 76577 2
69313 7613 2
60267 53419 1
49570 50818 2
31005 62992 1
65727 72653 2
74501 3186 1
44191 92780 1
83650 39436 2
25499 91297 2
82598 89512 2
73984 28131 2
6779 67881 2
32241 94046 1
6332 74211 1
67171 37390 2
55703 4510 2
3296 60136 1
60242 76790 1
88773 16850 2
16835 96414 1
1059 6694 1
55639 74936 2
27649 46515 2
37292 18750 1
93848 96668 1
85494 6013 1
12662 13335 1
81054 63765 1
29980 57518 1
69694 81242 2
24192 27458 2
70118 53942 1
62828 6339 2
74011 868 2
98205 40217 1
50994 56087 2
83460 57374 1
82073 177 2
89033 43490 2
97679 6028 2
2051 83334 1
66247 13973 1
6017 79073 2
71209 36523 1
70532 99710 1
24113 17893 1
55586 73084 1
3438 57193 1
14821 34029 2
79556 94550 2
1322 73399 2
91787 57723 1
92771 62710 1
15917 62525 2
56629 59256 2
27244 90197 1
54043 41631 2
40602 71536 1
55841 7619 2
32190 75597 1
69033 19278 1
50102 37026 1
12522 26942 2
30864 65144 1
18188 62918 2
19343 65258 1
66285 41005 1
88940 53354 1
63999 61549 2
38131 46781 2
93959 83093 1
72962 74202 1
3552 21544 2
47437 94926 2
21462 20732 1
21053 20058 2
50636 93692 2
50092 90547 2
38710 3302 2
98602 66466 2
75775 57102 1
60347 80418 2
421 76473 2
29591 13061 1
59992 52867 1
84937 38767 1
87230 87770 1
3601 98457 2
97170 7392 2
91970 99439 2
82081 72364 2
63940 65683 1
80747 65770 1
60851 97912 2
70600 89207 1
39646 30727 1
24288 52902 1
37865 41117 2
84242 44701 2
43595 93323 1
71470 21432 1
9777 25941 1
93723 82117 2
75033 96436 2
60370 84647 2
40280 29076 1
39232 83764 1
5109 21046 1
91656 62199 1
83563 52623 2
18655 52238 2
29035 4296 2
42479 70316 2
887 3900 2
87732 80568 1
53769 45308 1
83394 99469 1
35722 942 1
15389 20344 1
52827 93066 2
46879 44957 2
44463 70588 2
45013 48947 2
80207 63845 2
37826 55011 2
90645 4058 1
5051 72973 2
81745 50691 1
84650 17698 1
72455 88541 1
41868 22027 1
73167 73689 1
81842 51969 1
46804 48891 2
31620 28851 1
49654 69851 1
17049 44771 1
98856 9511 1
86880 44585 1
64498 75551 2
7706 62062 1
81040 78616 2
69469 5235 2
95025 21818 1
48659 83272 1
59577 16162 1
72409 23029 2
1343 64865 2
49632 83988 1
29168 23034 1
27376 4660 2
58218 81704 1
89600 11384 1
82690 52406 2
7999 22870 2
84766 43365 1
58862 57753 2
1148 22698 1
69988 3104 2
50697 28109 2
60009 52572 1
66059 64202 2
63771 88982 2
6808 57204 1
89740 43846 1
98268 60493 1
93185 15837 2
52247 49968 2
39925 65148 2
50429 38760 2
15220 6587 1
48148 49398 1
89824 53731 2
18553 96750 2
57040 33108 1
2811 55770 2
76972 41248 1
22367 98390 1
44114 6766 1
96890 64466 1
4916 62648 2
40634 94868 2
1176 93069 1
34078 90675 1
25271 68560 1
97209 86397 2
62302 20823 1
16371 88625 2
58672 70604 1
55880 52518 1
79905 55760 2
98535 34179 1
39452 50419 2
73396 73732 1
1311 44573 2
14310 55964 2
1178 99721 2
51402 20685 1
42580 7460 1
53150 25617 2
66502 56498 2
69495 94005 2
93661 61098 1
39003 60441 2
88060 45205 2
5256 24177 1
32920 35539 2
2379 48711 1
21626 7509 1
71370 67510 1
70785 34180 2
26971 44528 2
49373 39513 2
28714 55962 2
29781 63139 2
32855 10123 1
89282 90116 2
87893 78896 2
95218 76212 2
32493 91947 1
9414 63997 2
50201 75247 2
70804 17469 2
83753 31846 1
197 38151 1
40289 13291 2
99000 59746 1
7033 44848 2
35645 43560 2
45372 53466 2
10491 59689 1
95977 49728 1
36716 61477 1
62069 98927 1
71867 13206 1
29415 81065 2
48013 40004 2
57467 65057 2
52501 38126 1
95712 81376 2
35869 4264 1
41882 69540 1
62980 86103 1
12128 98780 2
36155 61655 2
17631 55629 2
19751 92950 2
79317 83984 1
75074 36566 2
30647 43441 1
57978 95406 2
46091 43538 1
76177 86410 1
72367 54918 2
5915 22695 2
45584 63158 1
97635 83992 2
31060 40863 2
21030 32516 2
3825 5394 2
32630 27941 1
5843 12115 1
6328 56298 1
83802 40475 2
72167 57014 1
29721 92150 2
11023 47999 1
31513 8678 1
84242 74095 2
71220 18718 2
98151 10087 2
69850 68327 2
32822 48087 1
6671 12894 2
17597 60455 1
50123 19188 2
14990 81458 1
99257 64525 1
99374 73125 2
88088 69378 1
52856 15333 1
93757 4511 2
35384 7750 1
32047 6565 2
12305 45588 1
59594 37673 1
56279 58990 2
36445 19763 1
13206 48038 2
71755 86464 1
79849 17730 2
89390 86273 1
91139 30558 2
50383 15098 2
22602 54152 1
36176 62020 2
48599 71459 2
22274 4363 1
35095 30692 2
77327 42672 2
78029 49272 2
91025 70568 1
11021 62652 1
77561 61531 1
46755 18851 2
67593 40774 2
330 33204 1
79418 90105 1
97238 20810 2
1879 36090 1
79786 48338 1
54720 96705 1
81794 17904 1
12584 37466 1
40171 57722 1
11768 25094 2
51718 60987 1
85194 94137 1
42569 86610 2
87694 42174 2
94333 18481 2
31208 27374 2
21313 6942 1
97232 34877 2
11749 37877 2
39505 67470 1
32528 88771 2
80042 82329 1
31483 33805 1
95600 52844 2
55476 53959 2
41066 51143 1
84444 58974 2
37268 53375 1
81641 42735 1
27452 90843 2
57733 31085 2
55016 21914 2
37229 9727 1
43215 25516 2
42547 81951 1
52187 66484 2
46908 92444 2
15789 55117 1
63170 54329 2
40505 99713 1
97939 68748 2
52997 8595 2
30480 98112 1
86671 32631 2
3215 90003 1
71396 91605 2
83226 45144 2
98314 3465 1
72334 33815 1
95447 99398 1
52221 22728 1
61655 21518 1
1036 67836 1
2026 17820 1
18229 99508 1
45251 14810 1
63463 36167 1
2602 75819 2
35233 63041 2
59995 57634 2
19546 21310 1
62597 94633 1
1116 18579 2
90508 124 1
65796 45094 1
51592 39915 1
87428 44209 2
52708 28603 2
65826 92707 1
71871 73414 1
92598 57118 2
26030 85366 2
29072 6042 1
7928 55022 1
25455 77857 2
75545 705 2
69483 77553 2
55680 49785 1
41676 63805 2
38896 97169 1
65360 3884 1
35075 89340 2
96169 20793 1
72514 40892 1
64797 31761 2
90958 3307 1
99460 66840 1
24155 80566 1
32590 83844 2
18671 58908 2
70619 55136 1
93736 9875 1
76576 78027 2
91859 72708 1
27336 84951 2
22358 79914 2
94385 3946 2
27430 74615 2
49483 47424 2
95954 2544 1
76509 86951 2
14390 98508 2
7360 73185 2
36585 91576 1
58241 550 1
33584 83317 1
41283 83807 1
91144 8761 1
31707 23628 1
66496 14986 2
44882 91359 2
73532 38950 1
77351 60095 2
43604 60574 1
4746 61702 1
242 951 2
79714 11267 1
84504 43591 1
26600 66233 1
92312 20382 2
72746 26942 2
10010 13434 1
48809 70365 1
96953 46545 1
54491 67444 2
7046 48140 2
86666 40407 2
56900 77926 1
82226 52811 2
1802 75249 2
10823 35180 2
39812 59889 2
11821 60071 2
10610 38335 2
23486 84769 1
88488 61671 1
71912 67182 1
14477 522 2
13100 93338 1
77724 67133 1
9088 41284 1
34469 28712 2
77166 43518 2
73741 95624 2
98067 33903 1
96425 3822 2
78849 99185 1
81543 78974 1
95837 55091 1
81414 10673 1
4513 78679 1
30554 67923 2
76155 91157 2
15529 46853 1
37933 74839 1
93776 89468 2
16363 25787 1
60574 23424 2
8064 63508 2
42967 79086 1
88809 74025 2
70290 19159 1
50424 68885 1
65916 64319 2
86226 22021 2
73747 4222 2
31474 2717 2
87596 91363 1
79844 72019 2
1678 16172 2
67274 21554 2
74581 20654 1
33115 6745 1
82191 86067 1
69055 38490 1
34530 6807 2
77012 45019 2
324 30667 2
67532 69592 1
99618 99123 2
9965 13247 1
22202 26695 2
71535 49106 2
57696 39669 1
81890 26185 1
38237 39901 1
6629 50989 2
77355 17844 1
68112 78942 1
3035 49090 2
28939 11055 2
42383 1828 1
77716 92100 2
96896 67626 2
42142 57915 1
10009 53050 1
46508 46464 2
20378 8971 2
20922 50135 1
64022 43531 1
56917 51894 2
73845 71578 1
7261 76424 2
37939 40749 1
2058 53067 2
12831 12716 1
34213 89139 1
32765 20116 1
77930 67493 1
22532 12693 2
72941 11645 1
54817 43444 1
81777 56232 2
34098 33739 2
63986 47882 1
13484 74853 2
76317 49114 1
85078 37346 1
35443 30401 1
36876 94937 1
94090 45439 1
60860 41873 1
25611 69446 1
41996 18310 1
10837 6717 1
97938 427 2
44889 28542 2
6938 962 2
64252 44984 1
30149 14341 1
4376 86317 1
61700 39521 1
92346 21301 2
14113 73686 1
48646 76634 2
85910 76856 2
12783 33786 2
54323 34833 2
60031 94217 1
63612 30845 2
10613 59468 2
31753 48044 2
14658 54270 1
5829 13859 2
89835 44494 2
5104 57147 1
34186 86240 1
25469 1217 2
78957 17128 1
68404 21876 2
87957 68562 2
27249 78283 1
60921 20253 2
31171 15884 2
24161 65914 1
88238 55574 1
68043 24210 1
61482 3192 1
22952 50302 1
53729 75959 2
31008 12364 2
1301 44652 2
43306 93793 1
86743 32484 1
66645 23506 1
13841 53118 2
12579 94985 2
88222 40721 1
42280 32806 1
14732 65123 1
73487 54331 1
72833 85971 1
71221 70479 1
74259 47600 1
42604 22717 1
26702 79807 2
53370 49522 1
80179 27641 2
97943 70066 1
55859 89290 1
13618 371 1
61495 41172 1
73805 94880 1
95740 2090 2
67261 66423 2
76623 40117 1
1419 90956 2
7509 20882 1
53141 38948 1
46918 4658 2
67949 55195 1
90253 89849 2
52825 61470 2
50634 97952 1
7890 14546 2
71088 22708 2
79493 85131 2
12071 15764 2
3509 12181 2
77931 22678 1
74742 46575 2
47787 4130 2
77268 81675 1
14187 1526 1
20970 88240 2
37762 78688 1
22348 69496 2
99645 84679 2
53693 86834 1
87834 39363 2
33497 3969 2
50990 10432 1
55725 86011 2
37856 84640 1
96154 37546 2
39755 64054 2
52373 75631 1
88896 427 2
6378 35258 1
16705 8316 2
48149 7923 2
66023 14458 2
66951 14325 1
97310 30857 1
19335 77037 2
83780 71905 1
76110 50847 2
61901 84464 1
93834 67265 2
81698 19190 2
57084 67391 2
5213 86184 2
26202 64501 1
35278 8142 1
6573 94104 1
33337 67142 1
91860 89038 1
73302 42750 1
65024 16432 2
84336 477 2
17078 9647 1
96071 19835 1
23888 48461 2
55470 64612 2
17788 12576 1
7277 59417 2
43643 37618 1
45760 48014 2
94275 2915 2
56118 24877 1
29822 39557 2
98994 22066 1
33033 70111 2
77806 82510 1
70390 82636 2
55379 23173 1
8522 83257 2
17859 30351 1
41375 51210 2
40784 48250 2
90532 60469 1
19201 29894 2
83288 10149 2
43796 27912 2
71602 80984 2
47862 22248 2
30652 73250 1
2413 88419 2
63475 34792 2
33583 60809 1
52905 35878 2
79528 11712 2
70340 90090 1
78296 52447 2
59292 78870 2
34451 75508 1
15648 19009 1
47167 70335 2
58674 37399 2
61817 69716 1
40998 14005 1
83088 48413 2
14375 88846 2
43273 5718 2
76467 32808 1
79961 79919 2
68858 70272 2
42862 69870 2
11522 47842 2
71207 47178 1
63238 23505 2
2775 57489 2
72050 60869 1
85830 42979 2
57993 62664 1
1648 32020 1
256 59768 1
56388 11918 2
99744 81833 2
11622 47021 1
3303 45760 1
83117 2209 1
94472 71960 1
87077 67055 2
26566 40449 1
18575 47920 2
32733 77276 1
92284 25297 1
86650 39840 1
2134 43762 2
88125 63161 2
85816 21063 2
51454 66531 2
40336 85242 1
68198 15507 2
56420 12198 1
1521 10447 2
8458 5406 1
28147 89361 1
53070 43652 1
66159 64743 2
95504 8562 2
21889 58902 1
1475 59285 2
68726 48147 2
29872 93708 2
36239 76040 1
92817 85485 1
51426 60149 1
1590 68321 2
51193 63949 1
62051 55332 1
10832 59605 2
42640 6726 1
94971 32200 2
75432 4076 1
72862 61685 1
97418 74767 1
20275 70463 2
29771 38395 2
67784 88284 2
53138 27570 2
72062 74199 2
19899 61031 2
97771 65327 2
19893 60804 2
23417 96597 1
52484 4932 1
14789 32850 1
85887 17273 1
71328 39007 2
45971 17479 1
69842 84298 2
38462 66695 2
42962 43096 1
70933 93285 2
24079 81085 1
86782 52195 1
54570 29638 2
93111 82804 1
89241 54447 2
55309 86561 2
1542 94125 2
62022 31688 2
49358 74790 1
29496 39223 1
55139 82676 2
14351 37365 2
10667 88711 2
66219 4250 2
55934 92927 1
78335 13427 1
72491 54645 2
91540 51871 2
80660 84083 1
52068 63700 2
97101 47959 2
96639 76986 2
98593 21589 2
44681 79950 2
34253 22258 1
85498 52289 1
29475 22761 1
79516 88023 1
95689 49450 2
29617 55273 2
74167 87254 1
98571 47043 1
26621 21509 1
13746 69158 2
57722 87680 2
194 81991 2
79494 23399 2
90186 50030 2
16553 80459 1
73933 72601 2
48321 37077 2
5061 70166 1
27041 76126 2
411 55692 1
28780 39061 1
36432 43699 1
77118 55804 1
17176 49111 2
5443 77675 2
79194 6681 2
44670 19020 2
71441 20910 1
31524 29085 2
61774 94366 1
80798 14801 2
54835 15430 2
81771 79439 1
65369 57495 2
51163 44017 1
53675 56564 1
95413 68615 1
61385 80248 1
77394 64946 2
50310 97838 1
44895 47401 1
73579 80855 1
23647 9015 2
48850 41032 2
84967 10107 1
66795 97289 1
66817 60550 2
5338 91511 1
7689 8993 2
7959 6082 2
22227 5892 1
57132 44496 2
68259 21696 1
52507 57272 1
27667 19574 1
66614 79624 2
6097 46750 1
88453 77664 2
36798 48161 2
52548 78165 1
15952 89375 2
80385 74735 1
90128 47978 2
64162 62442 1
35293 89097 2
61213 47065 2
42792 4406 1
93919 17854 2
39638 40545 1
19846 68020 1
9281 65770 1
79751 35334 2
59831 12778 1
97416 77140 2
74521 39819 1
21351 30389 1
73438 18284 1
85937 95088 1
41037 25598 1
38380 58306 2
52454 11881 1
93358 77083 2
58682 26472 1
59139 26368 2
9230 31048 2
11883 9675 2
88957 51790 2
23609 88038 2
11859 62286 2
1589 40276 2
97042 71444 2
36379 8201 1
26929 46335 1
23578 97772 1
97720 58145 1
95286 44380 1
81861 288 1
19751 3464 2
36874 92344 1
59320 76950 2
35916 76375 2
69736 86461 2
38694 38912 1
20972 77866 2
8292 11081 1
3051 18847 2
53545 76860 1
6369 69295 2
61385 87002 1
26044 42116 2
98095 79315 1
93282 9146 1
41592 6575 2
81482 83169 1
91127 66632 2
19838 81278 2
69999 24078 1
87807 59498 1
52124 20194 1
98913 97234 1
22442 19003 1
57802 28213 1
64348 90948 1
44312 3785 2
14599 61756 1
65752 17911 2
660 19924 2
64367 72283 2
14433 55093 1
87733 93733 1
57889 55575 1
80501 98746 1
27831 97611 1
84687 5939 1
90975 67731 1
78102 49564 1
99206 45604 1
81427 16247 2
10253 21835 1
79488 73399 1
14985 60165 1
41805 42181 2
90886 78469 1
92382 99231 1
90015 25586 1
12426 86324 1
23912 1734 2
62 96649 2
21669 35280 2
58617 27127 2
49328 73939 1
21230 19434 1
11414 28901 1
95908 3907 2
89499 24977 2
46713 56183 1
66641 55637 2
78363 56431 2
60805 31077 2
20558 30470 2
9075 81318 2
93001 38638 2
56524 67571 1
37304 92267 1
45719 35324 2
18427 23734 1
27982 81954 1
26950 90555 2
96188 81789 1
86047 47227 2
40838 69750 2
41156 38507 1
28255 81517 2
49954 10643 1
95698 11988 1
71998 95601 1
1723 69457 2
41168 93299 1
37550 95616 1
18435 55680 2
73615 86831 2
43415 59952 2
10137 75777 1
35839 17487 2
40280 38572 1
45796 23198 1
96238 49946 1
51167 51570 2
62001 79052 2
18691 23571 1
14443 10354 2
83793 43103 2
75289 83732 2
11905 34084 1
59853 70220 1
79328 83689 1
40365 69354 1
11372 27750 1
66097 89551 2
83994 21639 1
79464 18194 1
38385 4141 1
54548 24350 2
53293 90509 2
48233 5330 2
60604 96527 1
96562 79167 2
59716 97200 2
91596 91918 2
8059 47872 2
22410 14680 1
1230 54725 2
92847 91308 1
54203 2870 1
72535 39628 1
47830 25633 2
61518 90160 2
4360 95270 2
80375 96897 2
34763 42874 2
12934 80223 2
43055 2661 2
41382 32924 1
70617 34276 1
36597 92735 1
29407 75271 2
55299 28322 1
1709 43892 1
25207 78325 2
64674 40931 1
2922 64344 2
25588 99103 2
97289 52580 1
61896 92523 1
74679 76643 2
38715 96699 1
63689 46964 1
36956 61367 2
61128 19592 1
66383 11996 2
41395 58952 1
23275 46170 2
88218 82220 1
80445 73239 1
82692 25349 2
13027 74698 1
95658 5332 2
69906 17569 1
37945 87057 2
36817 1532 2
53876 48933 2
47835 815 2
5872 59824 2
25857 6276 2
90679 84164 2
89254 66999 1
53285 82055 2
30689 408 1
98254 97013 1
50366 69036 2
16662 66012 1
87069 79309 1
4311 33439 1
71698 23045 2
40703 61396 1
73635 51863 2
57935 41126 1
22478 92854 1
7453 69363 1
61760 93772 2
66387 81902 2
43934 67189 2
5486 62718 2
20448 10017 1
35199 22622 2
16625 90613 1
87181 87771 2
86001 39210 2
57554 87161 2
67507 38797 1
19514 3086 2
63199 39326 1
40199 39622 2
34513 29233 2
72559 26653 1
9816 70928 1
18908 20072 1
45976 27478 2
49483 24588 1
3976 73493 1
5902 44357 1
31989 24593 1
78218 83777 2
28670 21955 2
82841 64675 1
14005 43256 1
66826 33152 1
3140 73776 1
81788 82149 2
54694 70911 2
14310 12655 2
29193 47598 1
62482 74897 1
46035 45915 1
65342 2930 2
37178 97141 2
20858 64620 1
98442 9633 2
7180 90798 2
59779 62648 2
48463 23035 2
79193 62950 2
41071 86185 2
51538 99597 2
96078 55011 2
70507 11008 2
54947 10216 2
63796 42536 1
80918 60937 2
90063 84515 1
61989 78351 1
51445 54271 1
54435 12306 2
71441 55556 1
53587 60867 2
79971 79975 1
91473 547 1
38174 4184 2
96073 91018 1
99178 89525 1
72894 8929 2
68739 17940 1
92517 93096 2
87128 94333 2
36423 56881 1
98893 3278 2
59459 94691 2
27449 84757 1
17481 47672 1
94281 87641 1
54336 10623 1
87483 84210 1
18849 25882 1
42692 88204 2
98073 32993 2
17067 93577 2
68875 3262 1
28651 540 1
24716 48719 2
38869 5166 2
62821 93512 2
45131 8380 2
98165 51214 2
56102 63447 2
97612 56700 2
95666 96099 1
16625 5890 1
29677 69688 2
10909 63233 1
90731 68228 2
47742 65520 2
38229 86856 1
72949 52186 2
22597 25974 2
96984 56318 2
29547 84922 1
41457 86606 1
74987 33710 2
13661 88656 1
25117 79939 2
76493 71008 1
24940 66079 2
42216 41196 1
2456 3418 2
76456 46486 1
82740 39936 2
280 53206 1
26504 23282 1
27037 93974 2
35759 54533 1
27370 55156 1
27866 32449 1
78410 22915 1
15340 25475 2
46778 69994 1
83261 59643 2
51531 94051 2
33655 98319 2
69349 94014 2
34012 88406 1
17343 18779 1
8893 36126 1
40456 60788 2
50692 30215 1
21313 8881 2
12620 19238 2
66049 25041 1
53955 97571 2
98448 38696 1
29295 71483 2
27916 39547 1
32134 11710 1
62695 9606 1
61556 29618 1
22854 49910 1
80953 79534 1
95427 27280 2
20904 18368 2
47629 520 1
874 56584 2
15939 57931 1
27609 45434 1
8765 76373 1
43365 56192 1
21219 9403 2
4818 12470 1
10355 60163 1
77656 92332 2
35487 81415 2
42658 2728 1
96973 39126 2
40880 68545 1
50741 43347 2
97461 4837 2
91271 33876 2
20313 87444 1
75714 43044 1
11480 98562 2
71006 78017 1
29601 54425 1
46211 67998 2
82231 96437 1
46512 95491 2
45556 55046 1
57557 95400 1
99809 20561 1
30681 32894 2
46304 3792 1
66068 97510 2
64354 34861 1
65654 38871 1
60625 8107 1
62271 91836 2
679 79229 1
97189 91476 2
5205 60365 1
41329 80945 1
222 94231 2
79554 65209 1
64537 32459 1
13640 70184 2
57874 9934 1
46218 94668 2
10249 91769 1
44769 2536 1
18769 84537 2
44634 45329 2
77683 76621 2
23800 6324 2
841 49164 1
99376 14766 2
3267 69372 2
11692 74162 1
58949 66652 1
89321 98855 1
71847 35419 1
48856 45160 2
72020 85150 2
40576 60290 1
31595 40030 1
15706 96057 1
58401 78088 1
87732 6627 1
19933 43771 1
41775 34955 1
76187 63085 2
3809 22895 1
75210 51591 2
56372 3651 2
36110 69156 1
27525 16108 1
46238 65078 2
61958 80294 1
85415 71553 1
6684 2143 1
52103 42718 1
98305 79641 2
4723 32474 1
67171 4460 2
49937 35476 2
80740 32193 1
78111 52738 2
5784 2200 2
71274 94188 1
20810 16675 1
44856 81616 1
11575 77865 2
15903 69821 1
77617 30340 2
52171 33496 2
11421 66531 2
34652 79354 1
49557 35401 2
12709 10447 1
44968 39180 2
30318 68152 1
47541 12503 1
89107 87050 1
6643 46696 2
36356 68813 2
81836 58802 2
17219 62111 2
48350 39965 2
36905 87278 2
77177 78753 2
81472 95137 1
94979 94799 1
97098 848 1
57527 74056 2
84185 26695 2
833 88547 1
81301 43880 2
91172 28523 2
73978 72709 2
91988 45599 2
82838 45386 2
83932 38385 1
59119 57457 2
13370 69192 1
57532 14411 2
2622 90622 2
47207 64542 1
98831 29825 1
5713 89826 2
82373 79990 2
87470 72611 2
82864 2322 2
52805 96482 2
54512 30655 1
59377 46164 1
16410 414 2
58147 84609 2
49082 49759 2
53181 43142 1
78827 55722 2
65848 48660 1
83072 43289 2
44319 69134 2
46495 46683 1
17490 96047 2
87041 51 2
26212 88162 2
89428 77720 2
52350 7592 2
52889 39091 1
31034 17782 2
75174 4963 2
61000 16308 2
19012 89820 2
6796 45663 1
55794 3107 1
67902 32967 1
32608 51764 1
71080 76658 1
84277 1757 1
57964 90039 2
13514 96256 2
89756 26052 1
55309 94037 1
35040 71321 1
30879 59813 1
18899 96619 1
95094 80912 2
70662 67010 2
59452 95080 2
80796 67963 2
93806 18900 1
76972 27110 1
29405 9678 1
13347 31881 2
92368 63877 1
14271 99931 2
93569 59644 2
70837 19338 1
75836 6857 2
75979 73206 1
20675 45207 1
88767 84627 2
21260 51652 1
64222 57099 2
42177 12068 1
71790 72218 1
16927 84700 2
8324 60368 2
30104 34791 1
74191 49107 2
28497 52565 1
17227 83130 1
50084 51559 2
37391 78771 2
83647 98677 2
79264 79549 1
28132 680 1
82747 5839 2
23687 93984 1
6287 1071 2
61075 67727 2
86304 94940 1
15685 87675 1
43238 24677 1
51311 26880 2
26476 53296 2
48023 23148 2
49041 47956 2
14101 32322 1
46218 99263 1
78808 78711 1
15326 57264 2
26754 4376 1
65961 91582 2
31943 38402 1
47033 52047 1
64947 82441 1
96020 28354 2
73761 25522 2
76560 29670 1
60804 83864 1
74170 80064 1
50338 7914 2
91280 18217 2
62931 20939 1
31111 24046 1
2823 83474 2
96741 75822 1
65021 80776 2
83175 82560 2
47789 26124 1
64541 84906 2
1471 25618 2
58473 98539 1
27698 76831 2
62692 8594 1
2998 9487 1
42425 88356 2
26066 6832 1
77640 34906 2
58655 32772 2
29284 49728 1
78282 61763 1
89974 52312 2
18678 70998 2
5816 21717 1
21656 38781 1
70170 52256 2
98457 71114 1
46688 39159 2
42680 84932 1
51553 80041 2
54693 23301 1
63018 84155 1
10567 79997 2
74554 16134 1
37367 62412 2
75491 24566 1
14947 1259 1
4495 40620 1
71116 76068 1
67865 40158 2
7912 51030 2
86672 77874 1
92064 50290 1
77367 71974 2
68691 30464 1
67112 53803 1
48178 48411 1
74892 29861 1
47682 15025 1
93764 94285 2
65725 66020 1
64228 12783 2
78001 15083 1
38098 57900 1
47071 83250 1
89164 37241 2
74909 70325 2
7551 96671 2
33653 51017 2
79920 2553 2
75012 46900 1
38391 76985 2
56764 34224 1
28991 28194 1
58434 38892 1
67176 40879 2
31056 46027 1
82149 46827 1
40948 93442 2
6367 80056 1
58480 38142 1
82863 91176 1
71288 63932 1
86440 29159 2
10519 26768 2
8107 51215 1
9130 49695 1
8336 68305 2
79587 4004 2
91172 42451 2
32679 57582 1
35717 33677 1
84753 91776 2
73032 39595 2
61901 42289 2
42516 89870 2
45277 56362 2
3781 31467 2
66200 27530 1
2761 9034 1
52678 85125 2
83846 65064 1
78597 73089 2
95314 21045 2
15719 37271 2
51834 77495 2
21138 85272 2
33724 1318 2
67838 42406 2
684 6350 2
49946 75702 1
77459 4336 1
74280 71381 2
36075 24448 2
80701 73376 1
15492 20296 2
44994 50474 2
25571 36548 1
88821 83098 2
97566 18501 1
94441 32970 1
32545 91182 2
2369 64585 1
77323 99962 2
19289 99034 2
3825 64180 1
62013 69363 1
89051 40829 2
75344 55327 1
33955 94985 2
93703 18460 2
16057 20962 1
94731 69054 1
32225 62308 1
51323 7626 1
79378 99807 1
95367 98556 2
2361 1753 2
32022 52193 1
70100 2057 1
45345 35166 1
56632 40605 2
46614 82727 2
62220 149 2
18806 60137 2
23467 61253 2
57367 89600 1
22278 89175 2
63618 20897 1
50464 62919 1
61718 26834 1
28176 10085 2
13795 50125 2
36546 60406 1
76784 94017 2
99126 61556 1
95830 95953 2
992 73897 2
31331 43219 2
28678 18744 2
9560 83825 1
99782 65588 2
52299 42891 2
47981 89159 1
38150 70516 1
32256 27309 1
12934 66289 1
50615 14166 1
31965 90077 2
92701 59719 1
83024 59272 1
43378 36250 1
60185 45555 1
53321 93945 2
77286 37685 1
12394 91943 1
18488 14553 1
45521 74039 2
65446 59422 2
94573 89427 2
29431 38486 1
18082 84214 1
40811 26983 2
2727 31922 2
16243 99757 2
71689 98028 2
16885 42070 2
93094 66459 2
76009 98244 2
95283 38028 2
350 64911 1
70327 35009 1
86453 71680 1
97166 10125 1
29285 2456 2
57062 13369 1
44502 57735 1
29989 38147 1
93734 59637 2
2017 42618 1
61287 40284 2
34662 11715 2
84062 9739 2
81364 12823 2
89478 8389 1
26463 44994 1
63115 74816 1
90381 11878 1
61488 3015 2
56283 25558 1
14377 21912 1
23673 26331 1
30146 20615 1
54089 56851 1
92502 50201 1
29700 93677 2
67832 76874 2
11349 75054 2
39182 9224 2
73147 43567 2
68144 53653 2
96780 32732 1
77518 28072 1
39789 61942 1
34472 93101 2
35610 15794 1
65651 17537 1
65861 39801 1
59035 8087 2
80814 742 1
89083 43413 2
83152 89835 2
98278 61783 2
55381 16748 2
44962 16267 1
12060 78049 1
96968 14100 2
32762 14969 1
30534 31592 2
7189 12082 2
70716 65266 1
35211 63010 2
6370 42896 1
59210 32433 1
70625 82805 2
98837 51484 1
95989 34440 2
52933 37524 2
83730 58148 1
80230 14717 1
2716 40406 1
64726 24624 2
7277 81954 1
49865 53689 2
29427 50239 2
32807 75705 1
96239 58070 1
94700 24005 1
61655 83367 2
84328 25957 2
49652 69059 2
27293 83670 2
73637 37907 2
40164 97448 1
50331 62576 2
52296 8385 2
69435 80841 1
60232 91161 1
99583 27936 1
86938 66940 2
96565 31437 1
63619 94571 1
30366 95129 2
47583 2171 1
99408 12229 1
71455 58292 2
97525 61857 1
67462 42259 1
59242 15157 2
58220 44584 2
80289 66651 2
38811 93785 1
68511 28514 2
6261 21341 2
78462 96205 2
55499 59426 2
14348 66130 1
30727 81800 1
38443 69756 2
3811 324 2
49039 71402 1
24528 22878 1
11139 13549 2
1969 39315 2
52612 97262 2
68701 25171 2
16388 66597 1
10304 91876 2
35112 72739 1
71738 25661 1
35019 26729 1
22910 58764 2
69273 3471 2
64181 87025 1
52853 73886 1
97977 94497 1
26771 28566 2
30330 52835 1
5566 81385 1
6908 46102 2
42835 25598 1
71543 73514 1
93221 25263 1
33590 26146 1
91831 94283 1
69945 64536 1
63717 78677 1
2547 29913 1
5691 9411 2
24652 2437 2
21628 26847 1
67615 81168 1
35932 68778 1
55997 35076 2
10759 21620 1
65865 32061 2
27640 61541 2
97019 65515 2
47682 10776 2
69021 72340 2
49547 30714 2
40529 30607 2
62892 71215 1
53512 15305 1
74834 54830 1
35980 33540 1
13312 49760 2
74839 63827 2
94635 42597 2
95130 18176 1
26076 62670 1
62648 11431 2
46226 53988 2
88360 14360 2
21533 26144 1
72470 21400 2
57060 67665 1
13634 46496 1
72864 93593 1
83039 48797 1
18367 86896 2
18421 79183 1
642 33696 1
800 93098 1
18399 28871 1
31568 40759 1
11391 89304 1
2791 3508 2
40865 34554 1
65150 23024 1
66134 54215 1
7232 70096 2
33635 52879 2
95372 35693 1
12066 91570 1
73847 15572 2
77057 92138 2
97480 6180 1
38849 9279 2
76699 96339 1
46584 42352 2
88415 74826 1
36656 95857 2
89752 85412 2
67909 9607 2
22109 54739 2
49099 67342 2
92027 79003 1
27622 10804 1
2960 27957 1
7505 92539 2
43760 42542 1
59672 55034 2
1540 55749 1
51709 91133 1
81158 89488 2
60470 49281 2
56359 6776 1
57005 23609 1
17962 70392 2
65535 67276 1
52294 68162 2
9950 68084 2
18663 99290 1
67599 38592 1
32141 5529 1
45165 25139 1
70315 92363 1
26596 87363 1
48073 94001 1
2358 95930 1
54691 73856 1
26234 91161 1
43017 22977 2
20248 528 1
40029 32143 1
53870 49159 1
3639 96668 1
48718 75545 2
73316 80908 1
64958 68051 1
92003 90487 1
62006 44057 2
37991 67947 2
83781 18466 1
14168 85769 2
35053 35543 1
73745 40900 2
69059 85912 2
85635 48549 1
76880 29559 2
68785 23849 2
13618 23770 2
56147 34273 1
6651 13597 2
67123 48624 2
113 11054 2
67442 60241 1
76589 3472 2
28708 76687 1
63452 5368 2
51184 58251 2
57569 97747 2
47281 27322 2
21713 38494 2
21879 26788 2
98997 31116 1
95239 65158 1
55852 14500 2
48631 92305 1
48678 53089 1
65491 71913 1
36522 75312 1
49883 46694 1
72881 89493 1
30754 75318 1
712 94054 1
2640 35993 1
63026 93742 1
41409 63812 1
17252 56876 1
75429 64095 2
1736 15218 1
12830 67207 1
38138 27590 1
92868 20236 2
19054 52708 1
15780 44692 1
24936 40281 2
22909 16119 1
52706 81386 1
22434 10816 2
21193 99627 2
19899 14066 2
28289 55561 1
42403 73889 1
84797 30657 1
63723 22165 1
48871 74342 1
99382 93195 1
57502 4383 2
7835 95539 2
35091 28134 1
70631 42451 1
85579 25578 1
27096 22466 1
36256 22318 1
70819 88974 2
98272 80520 2
86190 23383 2
97484 85955 1
8278 46353 2
95034 27261 2
651 38406 2
88916 42633 2
11567 42674 2
30935 98927 1
29755 49861 2
92213 60679 2
33914 73541 1
95859 81378 2
68428 72969 1
14860 36449 2
62213 93087 2
26060 69243 2
67371 25158 2
58581 23964 2
70267 84181 2
28894 28480 1
13284 99539 2
79310 52348 2
426 33788 2
84262 65846 2
50981 62595 2
63285 27752 2
70911 8394 2
40705 26657 2
6298 18411 1
93733 83683 1
75688 70963 1
87501 91270 1
21137 39265 1
40219 26644 2
49328 11244 2
61894 99403 1
71126 60986 2
86902 10558 2
6310 26026 2
85129 3284 1
66455 84139 1
56305 72872 2
77974 6562 2
71988 24935 1
42529 19208 1
99819 41141 2
4716 44074 2
61475 28424 2
20032 18760 1
90111 49291 1
58487 24118 2
10195 86813 1
18050 85565 1
26251 73648 1
11907 50363 2
2082 85834 2
51603 89823 1
4747 41895 1
56541 9518 2
61228 73492 1
11745 59393 1
86494 55542 1
20626 92356 1
58671 51458 1
60985 70745 1
88959 9122 2
25103 8979 2
16614 62902 2
98631 12124 1
66957 78928 2
10626 60463 1
73968 80535 2
86008 77406 1
18563 78245 2
65462 35853 2
11882 30025 1
90330 94645 1
8223 23814 1
76729 29090 1
81327 29074 2
23386 54070 1
79613 64632 2
1241 31076 1
10142 31158 2
54469 48213 2
62428 66112 2
73729 35174 2
15028 2427 1
59207 97832 2
84599 35811 1
71680 51871 2
8908 12741 2
63469 94340 2
7372 61477 1
47682 97123 2
66597 2042 2
25189 86878 1
65784 52717 2
21011 26951 2
28924 9086 2
63996 75690 2
7256 52511 1
66242 93857 2
54508 85623 1
90110 30110 2
50633 16416 1
92635 77253 2
39636 31657 1
62169 30158 2
20552 6964 2
43915 24359 2
15153 57689 2
12121 40593 1
60177 82146 1
63 49247 2
77246 83341 2
78988 11706 2
29730 83885 1
94692 56255 1
5594 44457 2
44223 3326 1
58008 81692 2
49704 52189 2
98657 15251 2
42110 59028 1
12784 95762 2
70550 58287 2
29745 82351 1
95895 70639 1
19623 11573 1
42172 75625 2
69958 20899 2
75638 84357 1
48185 51339 2
68328 71936 1
41181 78291 1
63945 5803 2
54276 48471 1
90821 25161 2
82132 40901 2
57629 93301 2
13798 31551 1
31746 20602 1
76839 13885 2
80766 50233 2
16537 61448 1
25035 28902 2
72915 72896 1
30073 49163 2
3709 44536 2
35597 5764 1
35702 95700 2
87196 32162 1
43726 84498 1
84660 45672 1
25068 12670 1
87540 24273 1
65896 41756 2
48463 35976 1
41074 32962 1
97102 68462 1
16682 68315 2
61770 62263 2
45413 26693 1
11126 16013 2
65903 11380 1
80979 42284 1
8675 71757 1
78201 9988 1
38869 66316 1
69653 81275 1
83657 2622 1
86341 88264 1
5176 2823 1
51006 18521 2
74930 70270 1
71911 35086 1
70007 7596 1
46523 35259 2
77341 60849 1
45355 90538 1
39022 77343 1
81242 30455 2
28230 66237 1
22399 13874 2
11449 46693 1
66374 20385 2
60171 79366 2
84815 12763 1
5302 99074 2
45486 32238 2
95272 17585 1
98025 20857 1
34434 37565 1
91709 9107 2
79514 71588 2
27322 36290 1
6041 81593 1
18434 94021 1
76318 64196 1
2286 6571 1
50618 96189 2
27433 41946 2
51346 10900 2
11059 15273 1
18368 77772 2
28735 76997 2
18898 80444 2
74293 53328 2
98378 60429 1
58001 28285 2
26428 90815 2
23618 22262 1
70419 35715 1
39052 44726 2
56108 11266 1
99430 74479 2
66585 2581 1
7613 94374 2
59007 92298 1
81551 20626 2
9144 53606 1
86449 85568 1
66738 62270 1
4554 43314 2
95151 34076 2
92597 21979 1
91267 89792 1
63587 58501 1
27257 62044 2
1943 171 1
80526 20119 1
38088 16159 2
62356 92331 1
80194 23685 1
19857 94024 2
38725 32566 1
12093 78255 2
36165 71135 1
23912 85751 2
98184 92671 2
97041 31339 2
40075 19404 1
57776 90633 2
33438 85327 1
41325 96133 2
24867 73699 1
32518 83940 1
7539 65050 2
99629 25762 2
97561 90744 1
1992 19948 2
49684 23862 1
11632 44551 1
81658 52768 1
98450 12039 1
64112 68119 1
73681 15576 1
80882 82928 1
69922 153 1
78385 61972 2
74798 14588 2
45552 72478 1
26643 32680 1
91047 49536 1
42084 64695 2
8544 31614 2
86789 35736 2
34237 11057 2
65423 56526 1
96816 96805 1
44946 62607 2
67392 9499 1
16078 8677 2
28715 2120 2
55737 83057 2
81950 29396 1
17916 66947 2
83871 93532 2
97942 33219 1
87332 95729 1
28375 492 2
65849 37463 1
61158 12203 1
33822 61127 1
42012 86052 1
6055 38061 1
68199 38349 2
74522 89322 2
84104 14802 2
59636 39635 2
89205 75471 1
52101 7376 1
86232 46137 2
6351 17566 2
31533 70838 2
65931 40174 1
56552 98687 1
98468 88195 1
16525 94437 2
86361 67800 1
61206 83786 1
40127 44376 2
61681 65732 1
86142 94084 2
76383 91293 2
67375 36145 1
61463 48597 1
92516 21287 1
76480 42174 1
78272 36675 2
29818 41183 1
81179 62965 2
17814 50739 1
56063 13123 2
30617 97255 2
53102 5029 1
830 84511 2
28121 32231 1
51761 20689 2
6058 55370 2
10580 1416 1
91259 52514 1
52765 20258 2
15133 32377 2
40662 74739 1
15411 76619 2
96604 58848 2
74932 52552 2
49249 62085 1
36716 19254 1
98667 27504 2
17179 31756 2
36786 10595 2
3316 74328 1
62885 87381 2
21472 42426 1
44966 62738 2
62137 32487 2
57674 10135 1
33775 58407 1
90618 3671 1
1062 15158 2
67188 14264 2
62102 5671 2
73578 67095 1
34762 3644 2
14722 68096 2
61058 86128 2
40116 80086 1
89585 25677 2
56048 32849 2
53407 76886 1
31605 58491 1
36615 27775 1
99099 30034 1
83802 25743 2
85418 34602 1
58683 82885 2
8800 33832 1
94530 22640 1
68592 62599 1
20633 97846 2
92925 86999 2
38145 13582 1
76483 91737 2
37582 4230 2
6191 26116 1
50247 55517 2
33666 98564 2
65991 58922 1
44113 79701 2
9599 28307 1
88584 7628 1
22481 65015 1
65186 82031 2
23350 93285 1
32915 3288 2
3354 36130 1
94847 46869 2
70171 9768 2
52480 32235 2
34317 15393 2
90627 7503 1
99320 93392 1
12331 71051 2
27736 49384 2
81037 25823 2
46301 36627 2
83379 71646 2
96201 44460 2
65242 63085 2
17237 52581 1
62131 46279 1
80587 35554 1
9861 28315 2
2637 63836 2
41513 12204 2
69293 22336 1
98125 80 1
84819 71853 1
15666 85522 2
90715 78746 1
60302 31569 1
1940 70509 2
85099 69726 1
92034 33796 1
68070 96130 1
1212 84624 2
3121 4277 2
6734 47478 2
38513 43784 2
22137 26028 2
26560 45149 1
20750 70978 2
96844 82441 2
2295 30390 1
5718 36217 1
46990 5918 1
72021 60105 2
52644 48835 2
56688 31886 1
13115 79648 2
12200 44366 1
43052 77255 2
54859 85891 1
30211 73244 2
26466 46556 1
46334 41432 2
292 10012 1
37009 31847 2
55392 72665 1
88132 56842 1
84888 51870 1
76179 2038 1
5440 7433 2
36046 82548 2
60035 9870 1
3319 81727 2
51422 31922 1
48518 38793 2
93347 77232 1
71080 99158 2
79960 36600 1
22428 55070 2
81270 44779 1
69685 22704 2
88938 88161 1
3707 4874 2
49590 89955 2
76777 95490 1
87505 96144 1
62640 42112 2
10435 27132 2
25491 4865 1
83915 11853 1
13641 5302 2
34521 5405 2
38399 85603 2
84307 79099 1
22739 87360 1
9972 16521 1
21306 4379 2
15721 6463 2
44922 46676 1
5202 32359 1
81265 36864 2
68871 77759 1
25740 63271 1
62800 18426 1
67121 65830 2
38828 2943 1
95286 86318 2
93291 12616 2
57095 54499 1
41012 68069 1
78244 24925 2
38272 57783 2
26432 95370 2
27997 24757 1
72387 73898 1
65740 24554 1
84521 94354 1
20386 44917 1
66818 29546 1
55403 14855 2
33392 42031 2
84131 77641 2
84875 1362 2
93819 18643 2
5248 15542 2
17562 33462 1
43022 44918 1
31225 92499 2
46248 36925 2
89126 43138 2
90614 96364 2
5762 62444 1
42771 42423 1
44163 93137 1
93648 66728 2
43443 20419 2
7216 6651 1
86638 57961 1
55466 4928 1
23912 71229 2
65643 73053 1
78949 99183 2
72561 89673 2
11071 64351 1
71344 97170 2
89860 90726 2
9873 68056 2
50518 47534 2
6414 99279 1
55401 68470 2
44632 51937 2
90152 72399 1
38033 48234 2
26960 20129 2
68018 28602 1
27634 72135 2
53510 91991 1
3734 39054 2
27757 79768 1
23955 77339 1
6939 50859 2
23768 72354 2
33590 62128 1
92391 28303 1
923 85371 2
87156 9313 1
62809 57366 2
54346 60138 2
19508 82236 2
79846 65424 1
47716 1792 1
75866 23279 1
74771 34212 1
87115 56501 1
91523 98050 1
59668 23653 2
78022 65991 2
22465 98389 1
19172 51411 1
58261 38831 1
94584 20346 2
51044 99828 2
74995 73990 1
51737 2932 2
52152 94194 2
78546 30807 1
90142 29456 1
14943 61623 2
54258 4549 1
73158 75588 2
72306 86536 2
44514 47583 2
24498 39046 1
81407 61919 2
5595 12417 2
27776 44815 2
66791 8268 2
25306 85581 1
52871 38768 1
29718 73997 1
64605 83499 1
7379 83093 1
258 49260 2
26177 49598 2
83873 81464 1
26567 75385 2
2266 63784 1
92349 66536 1
48032 86249 1
73299 64160 1
39323 26586 1
97001 24046 1
68135 30321 1
87061 65423 1
91252 80183 2
51296 76950 2
36068 70151 2
18729 23434 2
82031 17875 2
26592 6117 2
35362 96703 2
54988 86998 1
41659 62372 1
31014 7200 2
20495 65646 1
52988 23481 2
23173 14623 2
71631 8012 1
53081 25610 1
60181 23287 2
63034 60088 2
53879 53230 2
30347 14822 2
3380 65334 2
61253 87525 1
2589 88426 2
64340 13305 1
84503 69626 1
62902 42171 2
71964 86215 2
8992 28023 1
28794 31145 2
84856 16463 1
89746 12169 2
35963 55574 1
15162 61191 1
217 12565 1
81116 18773 1
32404 79593 2
38261 72313 2
57125 24131 2
17622 27919 2
97303 35207 2
18471 19557 2
16906 14893 1
50815 27742 2
25041 3364 1
53549 12816 1
43348 37034 1
4146 26021 2
95055 7957 1
14789 26398 1
21905 91117 1
57133 92171 1
81118 37135 1
87115 80436 1
80014 97004 1
52013 12851 1
33996 17479 2
18780 48600 2
55191 57851 2
18799 79364 1
50628 87539 1
19637 11022 1
80346 46960 1
4240 53153 2
70804 65479 1
61364 74204 1
47555 52448 1
48876 208 2
34698 4888 1
30742 71206 2
84448 21664 1
96514 61271 2
33393 16123 2
55958 9074 2
7101 25892 1
99469 27673 2
66904 72582 2
20243 4420 2
63049 59202 2
78443 73020 2
22539 269 2
84458 12193 1
46254 84271 2
9049 42437 1
80662 72293 2
42070 13327 1
94523 92319 2
87315 97433 2
42088 9731 2
57942 80275 1
93725 86664 1
28056 47357 2
54221 44412 2
36358 68816 1
46752 1311 1
18019 21174 2
67442 50725 1
21860 63502 1
90322 43064 1
59186 53129 1
7940 57748 1
36716 42288 1
34528 43914 1
54146 66971 2
24785 83005 1
98491 1275 1
21814 91975 1
41200 14417 2
45508 39669 2
10639 98964 2
9218 66471 2
38744 79504 1
78955 11153 1
94563 91138 1
73296 8445 2
14713 92413 2
31924 85479 1
65719 68551 2
45358 34015 2
43854 69724 1
57770 76715 1
10341 65258 2
35208 98402 1
67605 66132 2
82172 6866 2
32204 20176 1
93836 44058 2
8459 26665 1
53237 977 2
50216 41853 1
86151 45182 1
26317 76383 1
11236 33117 1
58455 74646 2
19397 50880 1
45335 82397 2
45557 59948 1
61397 52801 1
65972 93016 1
1224 98278 1
91189 70865 2
76927 94114 1
79616 26553 1
22715 16897 2
63057 71075 2
13426 20671 2
29847 79641 2
58446 7249 2
51894 41751 1
71628 86780 1
34437 17965 2
45342 80124 1
26161 92832 1
28489 3039 1
86296 37321 2
28712 98376 2
271 37620 2
58343 81004 1
253 96131 2
17672 51736 2
62557 62921 1
9442 84553 1
79968 40688 2
94269 50258 1
63337 66259 1
79319 19450 1
37007 56516 1
14018 39195 2
14462 53703 1
76483 89572 1
77270 24661 2
17973 93272 2
6923 68571 1
82756 74413 1
41443 40952 2
81363 42830 2
60667 66210 2
54646 3610 2
91235 58338 2
16536 91330 2
83069 98291 2
40407 67791 2
45410 43271 2
39427 29209 1
26717 76386 1
6818 73201 1
21933 33693 2
44047 16504 2
32839 1540 2
64695 3270 2
31667 46553 2
44602 74116 2
5002 3055 1
14352 31602 1
6814 88911 2
25313 69474 1
47346 40150 1
85708 36571 2
45822 40277 2
12609 94935 1
75596 81456 1
70343 66405 2
42366 52608 1
80567 41063 2
9125 53585 2
81374 76021 2
53611 27748 1
24639 74009 1
13035 44878 2
16079 16401 1
3027 91063 1
23640 83665 2
95881 38813 1
24246 28446 1
45123 22638 2
39901 29075 1
93453 66705 2
30513 52896 1
97383 50110 2
62604 97670 1
45509 61665 1
69723 3676 1
37869 95355 2
865 69709 1
69308 68161 1
23891 24472 1
9538 74107 2
71675 83183 1
31649 98118 2
21014 43800 2
40050 58291 2
37749 67439 2
55648 81990 1
15072 90946 1
78890 95383 1
94670 3123 1
85061 29780 2
87150 55642 2
45912 23709 2
47969 53633 2
34783 91271 2
68381 24934 1
34665 24794 2
20268 83868 2
55002 8915 2
93707 54346 2
84138 28515 2
75532 94730 1
3331 10157 2
62708 34923 2
98310 87372 1
59197 88112 1
71047 39147 2
33461 23663 1
76557 14475 1
60126 60883 1
5747 53376 1
86732 99227 1
38218 74068 1
10570 62713 2
67989 55811 2
74325 18323 2
65451 17630 2
91263 56421 1
11864 67112 1
32493 40028 1
20284 40636 1
47546 64413 2
57674 56484 2
69554 15004 2
11979 10179 2
92023 29541 2
11193 97293 2
83584 12407 1
10788 70826 2
41333 18244 1
30288 71287 2
47764 21715 2
6709 35076 1
37551 91102 2
42974 24822 2
69132 3604 2
92682 69159 2
31684 8568 2
7279 60897 2
75908 73760 2
11410 34311 1
15439 56855 1
60847 46989 2
26585 47483 2
37047 84122 2
45197 24383 1
45101 91693 2
72905 38923 1
64297 8277 1
53341 60791 2
28789 58904 2
65840 49556 1
8754 55501 2
11739 35395 2
84372 37346 2
79691 89243 2
26818 86806 1
77763 82311 2
61143 27776 1
94328 10822 1
81348 53766 2
30931 83178 1
58507 7815 1
34675 4857 2
57381 44114 1
39272 35375 1
36766 69101 1
46681 95418 2
24916 94415 1
22751 23741 2
5467 95493 1
81032 43309 2
26395 13137 1
52821 69271 1
75472 17414 2
64956 51288 2
96874 17742 2
3846 33187 2
84907 76580 1
93042 74207 1
46987 91994 2
95280 67047 1
88375 56820 2
71688 1000 2
33230 38828 1
60401 45862 2
25635 2572 2
20473 97463 1
98014 60406 1
43524 68262 2
13595 87040 1
39845 78961 1
77129 16624 2
87942 14604 1
74539 27109 1
5126 6300 2
88283 15662 2
54678 12253 2
78978 22448 2
55611 65405 2
73442 61348 2
80655 18398 2
4332 32022 1
32192 93208 1
18186 44071 1
82896 99092 1
62102 19628 2
24563 45426 2
55713 51502 1
56020 70372 2
77229 1416 2
9424 46577 1
1619 33484 1
89529 30643 2
13599 40350 1
88244 99385 1
44462 59511 2
7068 37894 2
29463 10627 1
53693 5040 1
69631 34372 1
42073 35810 2
52003 49517 1
78311 94170 1
85138 63175 2
6191 46539 2
65937 26735 1
45391 23837 1
38133 94678 2
77497 49256 1
59980 69120 2
48914 35133 1
87957 20198 1
7093 66845 2
83683 5044 1
98958 48447 2
3294 56235 2
24480 398 2
48449 77952 1
44927 9193 1
50493 49883 2
99639 32226 2
48405 43449 1
52483 75840 1
22336 94379 1
99190 98972 1
54411 39349 2
94582 8167 1
15828 89807 1
53532 94275 1
36624 47112 2
78869 99718 1
45829 75230 2
21348 25754 2
60945 78086 2
126 23168 2
24929 69675 2
6796 96776 1
25627 12487 2
11020 87290 2
63189 86827 2
7217 9840 2
88507 71901 2
15071 52313 1
10509 81717 2
78063 76312 2
17502 84383 1
81201 64932 1
56022 82812 1
86501 32838 2
13137 48832 1
64449 65181 2
50686 63733 2
63534 80637 2
61410 23319 2
57771 74539 1
37426 89559 1
5641 2595 1
3228 76568 1
82316 53299 2
29119 98133 1
97073 92125 2
92526 40089 1
9890 28377 1
94769 24357 1
66115 83312 1
77699 92909 2
87305 57474 1
34389 96411 1
76606 80257 1
98762 61163 1
58655 86772 2
6393 43950 2
95870 15829 1
77455 32039 1
20256 37427 2
68298 60880 1
97023 32241 2
96766 24278 2
40905 8229 2
85748 73145 2
73727 75546 2
1190 91182 2
26519 98638 1
38949 1564 1
97883 20533 2
10707 26242 1
59784 36180 2
7401 80176 1
62096 49446 1
23986 96777 1
78744 57563 2
590 88583 1
66426 70644 2
95568 33975 1
56709 56105 1
1153 90617 2
856 17731 1
35483 53441 1
98634 64770 1
21486 54425 2
72421 51127 1
63390 68765 2
76326 45003 1
45347 60093 2
30111 88119 2
78983 17982 2
25814 65098 2
84204 8057 2
11011 22759 1
72132 73051 2
87478 65379 1
2839 35268 1
62222 82987 2
86336 5672 2
69731 66108 2
30032 72465 2
87101 49098 2
73834 12602 1
20378 90522 1
12677 86325 2
36204 98887 2
55886 67527 1
6233 41408 1
80547 42919 1
40761 94760 2
33208 92034 1
58876 93909 1
37974 8410 1
36706 38515 2
70039 69826 2
61760 15806 2
7340 84356 2
1185 41387 1
25687 6651 2
68387 28383 1
83761 57529 2
85334 26006 2
82213 82210 1
46689 4094 2
91891 30575 1
11101 30297 2
79982 12781 1
52663 61087 1
43774 5691 1
41010 83193 1
65695 8303 1
87491 73959 1
93184 82130 1
16243 62523 2
37061 20223 1
63969 23324 2
3974 6312 2
254 81060 1
40558 30577 1
5358 95651 2
38172 3347 2
33645 72025 2
28421 36059 1
62504 43999 2
15664 52776 2
57312 16383 1
62873 94352 1
34859 15352 2
67566 81947 1
64083 20923 2
55637 52167 2
44596 31760 2
63332 51586 2
57858 66258 2
47784 79571 1
74177 7759 2
79039 14834 2
54347 68521 1
60925 91276 2
89646 4663 1
95851 70176 1
4555 54405 2
59363 78212 1
73624 5711 1
40246 87680 2
90367 91434 2
90246 54161 2
30141 47164 1
20652 58472 2
71876 87167 2
22419 50089 1
89561 79874 2
92475 6381 2
18230 19271 2
82935 84960 2
1641 28038 1
39119 9571 1
69012 31401 1
58239 56651 1
98027 23438 2
89142 69728 2
43193 45065 2
76984 22495 2
50043 21663 1
84669 32729 1
53091 62443 2
16496 39506 1
38934 44956 2
84080 56770 2
19631 4757 1
44786 42295 2
99578 31757 2
93373 93809 1
79289 99277 1
24716 17445 2
64579 59188 1
69808 34747 2
8640 49014 2
77068 20176 1
2062 74297 2
51511 93429 1
863 97174 1
17053 25134 2
16121 28382 1
70494 11571 2
32820 40979 2
88942 51346 1
58208 94058 1
9555 59371 2
98588 1616 2
70443 80691 2
65216 29954 1
6467 210 1
24948 51091 1
58304 22853 1
52343 66602 2
89690 1116 2
60985 84417 1
17788 91005 2
49952 72935 1
11302 33855 2
61767 39871 1
70827 72912 1
22171 44127 1
93587 8912 2
27996 35154 1
61114 95540 2
546 1814 2
47343 24739 1
81270 55871 2
61910 9244 1
38292 53266 2
18695 72559 1
94192 38891 1
49549 91935 1
38925 57111 1
90247 9831 1
88647 26331 1
1802 13201 1
45259 13355 2
1789 82400 2
99386 82963 1
67579 58344 2
53482 30738 1
1333 25840 2
87172 76090 1
75150 68055 1
88583 58962 1
18653 89516 2
39460 83316 1
37166 15925 1
77440 43279 1
49889 33673 2
33301 79238 2
74250 39286 2
3984 25998 1
17871 19196 1
97141 83956 1
82445 62415 1
55383 70901 2
71508 74233 2
70912 67909 2
62534 80917 2
94191 169 1
23196 41557 2
78805 98652 1
52737 75710 1
6071 21198 2
98837 12295 1
45167 44224 1
70827 42782 2
74891 46729 2
55851 9410 2
25836 13044 2
75441 66378 1
80585 2336 2
59948 60828 1
99690 43455 1
99616 11255 1
42669 73271 1
51332 56490 1
40931 30372 2
72517 26106 2
80436 36244 1
44577 50496 1
45239 33417 1
