100 100 72
43 53 2
29 91 2
44 62 2
6 65 2
24 49 2
43 74 2
35 81 2
76 69 2
77 4 2
81 54 1
81 36 2
30 17 1
78 12 2
57 92 1
97 11 1
48 74 2
24 28 2
8 80 2
53 69 1
67 87 2
25 9 2
74 84 2
45 6 2
59 3 1
73 79 2
61 49 2
64 54 1
99 14 2
89 51 1
42 71 2
65 52 1
8 13 1
26 91 2
81 60 1
66 23 2
85 65 1
94 56 2
47 49 2
100 26 2
16 64 1
82 77 1
66 74 1
64 28 2
66 37 1
37 54 2
47 13 1
51 16 1
53 67 1
6 21 2
30 35 1
41 29 1
36 10 1
66 93 1
37 61 2
69 9 1
98 12 1
8 59 1
93 87 2
18 94 1
4 59 2
23 82 1
71 66 2
59 87 1
33 39 2
43 45 2
22 70 2
86 93 1
79 42 1
43 25 1
72 22 2
4 89 2
11 32 1
72 12 1
55 41 1
86 52 1
94 10 1
36 82 2
52 70 1
41 15 2
18 82 2
79 98 1
55 7 1
46 7 2
14 40 1
59 73 1
47 69 2
26 1 1
9 25 2
40 61 2
46 61 2
10 34 1
63 14 2
80 51 2
92 51 2
6 80 2
94 93 1
19 63 2
100 86 1
97 6 2
21 22 2
