100000 5000 20658
82777 29430 2
22672 95327 2
48019 55670 2
32151 91803 1
67916 16124 1
92626 60550 2
79499 88606 2
55025 98128 1
49450 66504 1
91066 44800 2
6296 45145 1
69604 19150 2
31384 92678 1
15485 24618 2
86848 43383 2
28325 25268 2
70139 21605 2
4913 13953 1
41192 30659 1
87209 32733 1
92600 27666 2
81482 48131 2
1171 43242 1
51428 59239 2
75092 79544 1
64156 1325 2
26537 77242 2
57932 19215 2
7060 99461 2
93471 10554 2
95852 3104 2
33077 44881 2
88029 80166 2
46757 66697 2
41796 96968 2
58134 83340 1
65395 44169 2
56964 9398 1
82387 42048 1
3298 14843 1
83133 28601 2
76466 93951 1
88512 64628 2
19598 49372 1
45567 56037 1
62467 33792 2
60400 6706 2
35377 44556 2
66141 72088 1
45836 40246 1
4135 59047 1
85182 66024 2
79358 54337 1
36803 24798 2
90442 73631 2
18539 58220 1
81446 11404 2
20507 90646 2
59455 70984 2
25420 16919 1
34201 17286 1
65515 53370 2
87114 2414 1
31575 82884 1
73789 94268 1
40743 82856 1
6161 10175 2
73089 58993 1
53336 62331 2
53060 55900 1
92792 4647 2
24223 44315 2
50765 63728 2
32599 15475 1
75685 33972 2
59621 15518 2
514 74568 1
53270 66282 1
8732 16755 2
56937 16249 2
12029 64112 1
2869 97215 2
27619 38480 1
14400 28103 1
98817 44726 2
36905 16526 1
31358 83545 2
20127 77542 1
2420 46245 2
55815 23925 2
45394 89018 2
54394 56307 1
62971 97356 2
70852 50672 2
34021 46977 1
87911 8587 1
62523 34166 1
83638 39996 2
52860 43739 1
96250 67051 1
57785 76114 2
27792 24502 2
11802 54548 2
73865 11888 1
66170 44620 1
36201 12124 2
86791 35481 1
14441 32310 2
98467 97649 1
69526 36298 1
454 87385 2
33359 99611 2
68953 74669 1
43690 40734 1
94460 78847 1
90351 97532 1
41121 175 1
52252 8243 1
45614 77400 2
12319 49046 2
71648 31683 1
57279 65225 2
76355 42226 1
59732 85541 1
7802 94775 1
10250 66170 1
68253 75897 2
15395 71144 1
64054 45782 1
84914 61189 1
7459 3580 1
31488 20314 2
36664 6574 1
79082 3590 1
59162 57893 1
22369 87769 2
27204 51372 2
73609 83546 1
29222 55492 1
59034 14626 2
20001 15262 2
48802 13823 1
37612 82467 2
54466 50418 1
96882 86447 1
30924 83729 2
96434 20466 1
7980 81670 1
44702 14798 2
65756 37613 1
2748 1500 2
67149 32090 2
36040 38279 1
30789 98897 1
29392 97518 2
21916 82636 2
62198 13670 2
18846 34233 1
79538 29495 2
57836 61593 1
10606 18458 2
4570 13475 1
75592 58337 1
20626 75742 2
43955 303 1
12752 93770 1
1366 51228 2
7109 4504 2
70635 11122 1
33941 87405 1
24769 92307 1
99096 7044 1
30779 66320 1
72124 33577 1
37071 92211 1
35009 13054 1
34312 87798 1
52380 27833 2
98629 22858 1
27317 17124 1
12247 1682 1
70153 75229 1
90151 57957 1
46056 55763 2
47181 12623 1
39256 28847 1
34202 73232 1
52240 47400 1
26991 70683 1
27422 81294 1
25796 83481 2
54370 2912 2
32738 50660 2
47280 7894 2
98089 79212 2
42706 29368 1
86891 66037 2
97188 17924 1
16975 36343 2
66870 28652 2
92143 53181 1
41070 662 2
29210 3207 2
65571 97498 2
3187 78120 2
3107 13576 2
84304 11944 2
72878 79743 1
62620 38114 1
61912 19383 1
74325 8775 2
4107 21016 1
92462 73402 2
33763 28833 2
45518 96147 2
26960 2850 2
96592 19068 2
89431 15842 2
2721 83159 1
5329 14329 1
25766 9269 2
63723 80343 2
18291 97312 2
83717 83708 2
10452 27474 1
94899 4669 1
83176 94556 1
92991 38502 1
54209 58400 1
36676 82322 2
94437 85528 2
85941 75413 1
35408 82925 1
80468 25139 1
34096 81728 1
91611 76134 2
93927 13348 1
89111 39899 2
95693 37345 2
56871 76405 2
64588 92147 2
6818 33385 1
60130 30122 1
92846 11841 1
43874 35528 1
40426 40538 1
14419 33094 2
19365 84197 1
81423 15662 2
57412 95145 2
69286 61250 2
62464 26015 2
53913 57524 2
53605 18677 1
80703 52140 1
51701 16108 2
31171 60230 1
99107 45562 2
95651 71313 2
49529 81513 2
62771 59665 1
21330 2774 1
90232 60061 1
43808 61395 2
16430 96097 1
85767 66373 2
77827 61022 1
84576 89798 1
61721 83301 1
50647 71620 2
41672 67264 1
84078 78240 2
56441 58217 2
20088 34097 2
29388 27665 2
71742 18015 1
66323 14011 1
19326 27688 2
57749 58718 2
58886 5661 2
92844 32774 2
64254 63718 2
16839 71603 1
14619 44154 2
3113 8280 2
46925 67688 2
21288 60797 1
58354 70802 2
59759 94814 1
56640 83628 1
47324 6091 1
95263 93409 2
54626 39302 1
17452 64782 1
12520 8839 1
62808 73702 2
97737 12443 2
92487 37836 2
11347 72609 2
49330 87644 1
83272 53132 1
97829 75298 1
20767 88708 1
44961 85185 1
44483 76036 1
97755 62381 1
52435 97501 1
5083 32945 1
84225 18834 1
84927 95051 1
77555 13114 2
21653 37195 1
64709 32386 2
42532 94999 1
28997 87624 2
12708 77962 2
21750 13025 2
24929 30737 2
39534 59796 2
69212 53836 1
43927 75868 1
86250 60179 1
18097 11497 1
67571 80078 2
31727 97760 1
9108 47804 2
64534 30519 2
81854 95661 2
8129 33114 1
45012 59496 2
20735 20425 2
57393 33862 2
72467 85079 2
7712 36917 1
84627 91948 2
52482 39926 1
46731 28580 2
69004 96830 2
12727 15631 2
67654 37209 2
50092 19791 1
90829 98531 1
47183 59644 1
52241 50477 1
35868 67811 2
40888 98142 1
64641 74979 1
75193 93679 2
34656 17007 2
74370 5230 2
18577 8367 2
73907 67900 2
38717 18782 2
40801 27919 1
50980 90029 2
60916 86577 2
92856 88191 1
74537 50815 2
86080 10923 1
11088 41866 2
80790 38750 1
52750 97337 1
78153 73622 2
28637 48550 1
92956 81544 1
84008 58556 1
55333 8474 2
10704 42144 2
86031 42057 1
85417 23397 1
60472 30501 2
86685 78358 2
79956 8624 1
7848 5744 1
47496 64899 2
41978 24484 2
62735 94217 2
48024 42650 1
1305 8738 2
77660 42601 1
93127 55426 2
24912 21984 2
60784 1263 2
37207 28289 1
41376 33862 1
11429 72352 1
2644 28918 2
47457 89064 1
88766 37379 1
63818 32246 1
26791 60997 2
95375 86204 2
67368 87718 2
24534 29055 1
76176 92776 2
31094 40858 1
49922 74269 2
8348 1145 1
98099 56109 2
46762 10175 2
92240 51443 2
4723 31264 2
76982 79072 2
31681 30535 1
6616 26583 2
51632 14034 2
72445 58159 1
73360 17169 2
76480 16981 2
21446 70314 1
43982 61063 2
14091 78136 1
75595 75705 1
41612 45831 2
94509 28628 2
88264 29466 1
45151 34962 1
97878 64390 2
37088 29572 2
60796 74996 2
2050 64780 2
41241 73379 1
83851 88003 2
92604 94051 2
76631 43508 2
45194 10619 2
49044 34591 2
20092 8099 1
33476 41879 2
46878 1931 1
85631 83045 2
12562 71059 1
80206 52066 2
78699 90993 1
44145 72193 2
4370 87918 1
35482 21283 1
80197 20809 2
38256 6624 2
93779 31858 1
19789 91653 1
57249 57296 2
52032 70352 2
86280 23164 2
91308 10198 2
7316 83076 1
69639 56894 1
32326 15081 2
17276 4868 2
32499 59457 2
65098 14167 1
28324 42613 1
70274 75322 2
89844 97476 1
77132 15367 1
55125 35167 1
76099 83367 1
59691 15083 2
757 74715 2
85903 81730 2
48260 90935 1
44237 210 1
96903 46049 2
11078 53020 2
329 8246 1
19343 69302 1
64969 85126 1
67280 43946 2
89689 41011 2
72775 11541 1
47776 15542 2
8162 62697 1
60792 43962 1
2376 17003 1
6064 27199 2
39185 43445 2
66826 39512 1
48009 13845 2
25182 36077 2
61905 98988 1
58038 24730 2
61950 80913 1
64144 23886 2
55128 11404 1
40575 90349 1
35421 33179 1
75018 64271 2
43611 34416 1
32588 5439 1
7513 50608 1
58482 43260 1
92879 79573 1
41696 36603 1
37161 37230 2
42989 6819 2
98600 10106 2
26402 84079 2
37057 55600 2
21310 84144 2
37884 5019 1
53653 21609 1
31126 2518 2
62636 62769 2
14335 74836 2
24703 60308 2
50109 84058 2
58652 70963 1
69640 67683 1
68997 73727 2
75179 52827 1
54962 47586 2
58473 677 1
80109 51350 1
81750 2134 1
38644 63883 1
20250 40663 1
54010 27174 1
54290 6598 1
67270 58364 1
50255 22485 2
96434 45371 2
64660 4170 1
71885 30594 1
5340 77342 1
59290 6404 1
14417 63006 1
92079 14378 1
7638 25069 2
82519 55853 2
66943 38784 1
13872 98143 2
45300 55936 1
61454 11971 2
58386 62252 1
76662 5521 1
37961 89748 2
88836 66548 2
84863 14207 1
69061 46795 2
1195 63782 1
53630 747 2
11867 375 1
97891 33659 2
26319 30739 1
49248 8630 2
49179 69647 2
26068 80557 1
65705 78327 2
43249 28131 1
11093 67847 2
58526 49967 2
57615 12688 2
11221 81949 2
71420 16857 2
26661 93933 2
32790 9627 2
70833 7091 1
55559 81220 1
65838 79509 1
82834 13205 1
94441 11472 2
18890 61348 1
76287 24276 2
88345 90779 1
17380 65123 2
85915 30839 1
46813 83574 2
54912 18922 2
3685 69176 1
12269 32345 1
12588 6953 1
71867 17534 2
79411 68700 1
96503 79047 2
79473 52345 2
76289 62389 2
34161 4732 2
38093 69150 2
93298 30868 2
23717 58572 2
60998 27845 1
90756 35132 2
46451 76390 2
48988 5344 1
80821 45348 1
95153 77309 1
53722 13821 2
54461 75630 1
26244 52198 1
67050 54143 1
31723 79622 2
18587 94418 2
92312 6136 1
21827 84286 1
99435 67405 2
83179 1035 2
48919 21160 2
23377 33399 1
18208 73056 2
21092 10804 1
24580 53953 1
53865 36743 2
95983 35115 2
47353 40235 2
23877 32562 1
93280 90156 1
40060 98428 1
80992 26797 1
25855 13126 1
50636 83778 1
27052 28256 1
84781 21334 2
49303 59820 1
39521 52103 1
52677 6947 1
9558 58757 2
54546 81008 1
14420 61079 2
55723 96530 2
9520 64341 2
72885 98494 2
3994 57935 2
25412 24508 2
66992 81380 1
79589 91077 1
19368 4716 2
19988 62379 1
9610 20271 1
61510 83185 1
14356 71852 1
79265 25583 1
99125 563 1
9919 44271 1
25938 2891 1
58127 18931 1
41091 36589 1
27348 93837 1
19383 21222 2
48772 13412 2
40972 281 2
79530 19062 1
61496 97947 1
34020 65456 1
56643 21814 1
86341 55224 1
5962 39110 2
68628 87524 2
74046 13055 1
89452 11776 2
97987 16901 1
20826 42284 2
12561 67282 1
99330 93948 1
11159 35955 1
90971 64598 1
18579 72011 2
12910 5175 2
21627 53488 1
77978 87791 1
12247 22121 1
73811 8224 2
79812 39862 2
67263 65155 2
45874 42856 2
78904 42339 2
47463 31364 2
65197 57951 1
76251 9316 2
82112 86508 1
21562 81174 1
71241 85489 2
62213 5307 2
32433 84938 1
46641 25769 2
10488 60966 2
73190 64170 1
55889 67849 2
545 31643 1
27840 54347 2
59218 23342 1
33603 51286 2
50591 68232 2
63014 41995 2
97471 72483 2
54189 67294 2
86144 86765 2
67342 65238 2
42946 36680 2
23348 56014 1
4634 80488 1
71550 79735 2
56656 41304 2
40285 78420 1
77089 25013 1
77529 96636 1
65373 75377 2
33965 96603 1
37866 43153 1
59175 97009 2
69311 90576 1
99209 23889 2
20938 87546 1
90539 27364 1
3787 65937 1
70902 53828 1
13942 74220 2
35306 79425 2
27349 90067 2
76921 2751 1
40420 77924 2
13258 62870 2
68435 76369 1
79863 50801 1
35432 61920 2
18831 55088 1
96826 44522 1
59221 83558 2
27191 86076 2
59710 59931 1
59103 95961 1
9367 29866 1
35142 38229 1
23582 99236 2
15542 99196 2
3652 52236 2
86475 40777 1
69009 91546 1
16981 19311 1
40800 10232 1
34009 73492 2
84222 22407 1
52177 72273 2
73583 1595 2
26055 48019 1
30314 29339 2
8478 76669 1
84696 25090 1
71625 5604 2
15864 74849 1
86034 21041 1
71198 4730 1
77621 66947 2
82256 41958 1
58210 53002 1
93608 24881 1
65886 84493 1
49717 76217 1
18466 15109 2
66361 6994 1
70811 47872 2
6540 62596 1
24872 42975 2
99832 41931 2
60576 89304 1
31707 98967 1
38537 90100 2
82728 55914 2
96290 91410 2
91974 45469 1
76986 2627 1
78223 1370 2
24054 12716 1
54258 70403 1
87119 55431 1
86642 63306 2
11890 3170 1
47909 83479 1
17726 85310 1
99990 65062 2
7273 35313 2
73892 66406 2
41180 71236 2
5313 2107 2
45746 534 1
85299 32636 2
58973 63960 1
80854 63253 1
19649 30447 2
88631 59591 2
71383 75030 2
19643 17443 2
37548 87033 2
63382 17427 1
46175 62362 1
60757 15505 2
58022 88463 2
27381 68366 2
79593 96418 1
57577 26700 1
66598 13616 1
26679 67236 1
79468 12683 1
11580 6498 1
29696 49816 1
65540 86116 1
56187 33074 2
77234 80094 1
39913 19749 2
79646 78456 1
53867 2483 1
36402 92686 1
52502 34163 1
68749 65967 2
69682 89613 2
23520 70208 1
22909 12319 2
94195 40374 2
86085 77691 1
89889 53631 2
10417 44294 1
38839 86234 1
47417 90811 2
96281 49466 2
80169 68550 1
52734 12103 2
58307 66250 2
3311 5756 1
89049 49020 1
21164 93898 1
98135 54661 1
18183 9044 1
16343 98499 2
678 68881 1
31402 84936 2
45989 73774 1
85174 14650 2
67474 28233 1
93171 72850 2
52336 39447 2
67917 72765 1
51508 83998 2
85349 66686 1
45803 62620 1
50064 34122 1
61458 48766 1
64022 17834 2
94524 98634 2
69364 476 2
19952 95190 1
99931 14739 1
58441 84526 1
69743 7539 1
33140 32754 2
42024 20853 2
62773 78293 2
32660 68809 1
33666 25343 1
627 15279 2
19494 34828 1
32218 58973 2
23808 236 1
82513 6556 2
31873 80641 2
76501 12811 2
13298 66723 1
18934 72571 1
91084 3839 1
55450 6513 1
38877 95060 1
33144 55303 2
68266 28757 2
6718 53642 2
55783 67882 1
39788 39453 1
51777 49518 1
39479 72949 1
28789 73778 2
81799 1116 2
65814 63417 1
59481 79407 1
92106 72186 2
55453 12256 2
62350 43874 1
85209 3412 1
63310 66191 1
37860 9253 2
91790 87637 1
39500 50497 2
3844 98365 2
28657 24713 2
38362 46273 1
99367 55923 2
34257 34706 2
34296 25193 2
73081 83378 2
27488 68744 1
19290 56186 1
24367 37090 2
79823 19125 2
39403 38076 1
38758 12355 2
41739 74481 1
88417 76119 2
65757 80525 1
80119 59962 2
60672 27314 1
83155 6406 2
33995 7894 1
30836 15051 1
9061 89379 2
91372 36045 1
35210 2070 2
41986 86244 2
84396 81345 2
86384 53210 1
85520 69258 2
81893 85201 2
51085 2473 1
89507 82907 1
75729 8046 1
18882 93792 1
73627 94744 1
62412 31259 2
21794 46975 1
18015 17533 1
66028 56267 1
3214 40329 1
93688 97338 1
50880 12886 2
18261 92414 2
46863 50033 1
62472 72093 1
76907 19512 1
5354 65392 1
60693 9087 1
77256 11716 1
32548 32847 2
73921 16284 2
36323 46274 1
59724 22348 1
41169 32361 1
16463 37536 2
43711 27494 1
8585 65171 2
91094 94034 1
20649 36024 1
85199 66296 2
83412 85461 1
46520 30584 2
41027 4803 2
6678 34437 2
3266 58223 1
35581 62919 1
35123 57596 2
2298 50842 2
35721 88927 1
90026 25741 1
60781 59362 1
46752 47365 2
90557 9217 1
87779 4887 1
51272 8720 2
8045 10321 2
81203 58706 1
4013 54001 2
79351 34883 2
37254 14924 1
9120 3408 2
77710 46857 1
68239 82458 1
58480 89348 1
71130 50647 2
56970 57004 1
76103 96625 2
37552 63204 1
87220 10693 1
84103 81701 2
60338 64356 1
18219 82331 2
87365 12149 2
45353 72964 2
46086 15825 1
83525 42869 1
70561 63430 2
33718 55700 2
15479 80245 2
27397 15134 2
94013 25205 1
96274 7459 2
96156 51085 2
37871 76357 2
18351 49629 2
45026 3229 2
30184 1526 1
79591 82102 1
8586 37949 2
19276 4464 1
82576 27084 2
93716 95582 2
81925 84209 1
32405 58664 2
36683 65838 2
61562 46730 1
36116 59447 2
6497 40147 2
1196 31447 2
19005 21991 1
60333 98379 1
68725 54430 2
29736 32677 2
58436 89187 2
85187 4202 2
51255 52629 1
86774 13845 1
17714 60073 1
53229 68626 1
79147 19366 2
27177 16643 2
22989 50567 1
32735 81183 2
10455 27837 2
12727 79054 2
4251 8011 2
17358 31054 2
82335 36360 1
47572 72017 1
51359 46464 1
82671 31677 1
73769 40531 2
1527 73578 1
82943 38901 2
88984 51400 2
93305 52076 2
89171 7958 1
29696 97526 2
91228 8044 2
66772 30656 1
39677 29906 2
56007 91407 1
4626 98599 2
61408 62107 1
73324 65787 1
93082 37839 1
45710 72148 2
43042 96139 1
57971 77293 1
41948 16162 1
23046 98547 2
76798 8412 1
55208 85063 1
45939 11925 1
70957 38142 1
7065 74844 2
30495 65028 2
34116 86837 1
9850 3540 2
29913 59992 2
66894 50754 1
2259 9296 1
4193 13745 2
26274 95004 2
93770 15357 2
97511 33169 1
51159 72723 2
18330 94902 2
5960 71636 1
16100 78022 2
44305 22358 2
7141 90194 2
79132 47266 2
80207 36669 2
91269 94455 2
78824 32542 2
98044 82534 2
42445 45185 1
92134 10420 2
26026 1702 2
14941 23547 2
40322 57985 2
10731 84777 1
77581 32952 2
30259 52319 1
33493 78920 2
27209 84947 2
30488 27489 2
69492 87406 2
33801 325 2
59091 88239 1
85903 55981 1
24181 95655 2
61221 30564 1
56255 56955 1
10872 29610 2
88875 13669 1
6316 24690 2
45603 58611 1
73816 39076 2
38634 36455 1
34853 68956 1
37811 98197 1
56690 79561 2
91752 94696 2
97267 73039 1
70980 13821 1
21134 6981 2
6777 96261 1
59196 80920 1
13580 22696 1
8654 5510 2
45172 11421 2
34278 91652 1
71166 98899 1
20281 75865 2
81644 49644 2
43284 12672 1
19121 95388 1
69588 70122 1
71350 74638 2
98732 69050 2
95225 79903 1
21411 40167 2
79081 33441 2
28275 91741 1
9419 73914 1
87340 52156 2
89944 75202 2
68654 96792 2
17308 79657 1
39923 99831 1
3065 16622 2
14691 31990 1
24450 18889 1
22109 94757 1
5088 17570 1
73749 39878 2
12209 24823 1
72272 28338 2
91524 55130 2
30025 90612 1
47870 86257 1
56304 21579 2
99000 55797 1
80198 20652 2
57118 1875 1
52259 22079 1
80209 46510 1
90256 7837 2
4614 1051 1
89357 72952 1
88710 36099 1
5036 49491 1
19820 6116 2
74548 56518 2
71402 66129 1
50655 86715 2
548 33005 1
77532 36916 2
98578 33620 2
76270 81858 1
6499 79891 2
47018 15791 1
87029 98603 2
90781 7382 1
9534 9778 2
94596 72229 2
71590 15377 1
37555 55618 2
62026 97351 1
79 81027 1
91451 52164 2
26195 55156 2
2557 25007 1
1967 21461 2
56169 42401 2
10756 23514 2
9995 89480 2
69993 27497 1
77476 3781 1
38281 5983 2
72105 14766 2
84163 80268 2
72738 90893 1
75785 44562 1
45004 30174 1
77761 53066 1
18648 4341 2
47271 70303 2
73449 59542 1
98761 63120 2
32250 95547 2
18890 23314 1
97622 53202 2
69727 97484 1
12190 1692 2
77429 11674 2
59463 68143 2
55817 5867 2
31385 83925 1
72782 16387 2
63505 46219 2
17419 26489 1
28255 32323 1
8954 18170 2
17449 610 1
87755 86788 2
30918 50563 1
48991 96492 1
95748 62098 2
69101 22201 2
3011 2129 2
48288 58118 2
25176 11990 2
6550 17188 1
10219 49547 2
22499 36277 1
20697 84237 2
41484 11347 2
29458 44110 2
9389 54823 1
49212 68916 2
39891 43314 2
19790 70487 2
89795 35879 1
12534 52838 2
64657 11631 1
28244 1315 2
51338 35780 1
62461 26210 1
38315 95510 1
58584 14446 1
99751 78025 2
49316 48389 1
49604 20885 1
26769 36599 2
50782 7877 1
18722 98602 2
38147 49656 2
29489 14873 1
86838 7203 2
83723 68816 1
72589 57454 1
28304 95762 2
27859 91026 1
95636 40852 2
2918 94753 2
18241 37695 2
26362 15198 1
45779 34385 1
68212 82465 2
49914 3805 1
61199 56180 1
81020 66086 1
91099 31032 1
69840 78440 1
10681 81505 1
87075 7920 1
82976 79382 2
28247 7710 2
62299 67794 2
84480 64042 1
84585 3270 1
87973 52829 1
47708 70772 2
4101 48531 2
93466 61397 1
33295 67072 1
15103 89237 1
11720 73192 2
23801 69906 1
5481 49828 2
76203 72288 2
57823 94084 2
75595 53127 2
26154 55400 2
18691 9827 2
1566 74374 2
54227 82084 2
81444 7880 2
99725 9324 2
33850 37962 1
7640 4083 1
31599 37024 2
54671 27078 2
10312 78894 1
45887 39300 2
84990 82094 1
86956 20960 1
81278 22158 1
98668 62498 2
6279 11535 2
33482 2982 2
76431 36071 2
75333 93915 2
16863 57504 1
46606 48196 1
99826 855 1
39950 75963 2
32442 80190 2
37277 63529 1
49403 73082 2
84524 98608 2
334 73125 1
90076 51873 1
88896 38445 2
18789 48486 1
10352 94035 2
18224 16313 2
81332 44014 1
24509 15403 1
65461 5541 2
9502 10302 2
93038 6584 1
93978 86763 1
14225 85208 2
72427 80638 2
32002 39979 1
84352 52500 2
46330 37161 2
80444 41380 1
91077 38753 1
12053 89011 1
38340 11733 2
13718 66046 2
68876 82489 1
74205 11604 2
93798 74360 2
77118 39706 2
29645 96559 1
42078 62565 1
44499 1552 2
72152 60355 2
50684 32769 1
5372 74803 1
49760 1370 1
86731 94536 2
3181 42635 1
79452 44714 1
96580 96275 1
26267 62580 1
17432 31754 1
10884 49239 2
40530 41112 1
62860 15958 2
5391 53627 1
67993 57192 1
55872 17958 2
60037 63098 1
52520 91164 1
97663 6090 2
20802 72953 2
49545 49229 2
81625 80713 2
14139 74153 1
12814 58287 2
84575 23548 2
35190 65792 2
80243 32179 1
25145 49477 2
45770 41236 2
30004 44989 2
2955 1653 1
58488 21624 2
61264 88290 1
66025 60541 2
20713 28859 2
48959 47301 1
80535 73363 2
60776 15197 2
3665 11826 2
19780 70024 2
52450 81972 2
52936 16091 1
87496 22344 2
87772 79488 1
66135 74067 1
17245 37779 1
50260 5994 2
48315 44424 2
83739 38107 2
34236 94307 2
26170 55205 2
43064 30814 2
48019 30939 2
46426 39559 1
67838 83844 1
54085 84031 1
21156 7518 1
30861 25820 2
50469 59191 1
5562 32168 1
14163 98579 1
62889 16223 2
48469 19625 2
11978 83093 2
69445 77158 2
29443 89742 1
78034 20424 1
67563 53476 2
49407 13507 2
46928 42789 2
35362 11168 1
30034 48019 2
52454 18361 1
60485 17474 2
33225 41599 1
62675 26460 1
92031 36788 2
75512 17696 2
60365 3377 2
49156 51743 1
32623 91969 1
20797 61759 1
87666 67780 1
59738 16728 1
90682 72909 2
50665 40217 2
1630 91557 1
25578 6979 1
26983 31270 2
82737 69261 2
50293 43104 2
8904 50687 2
89242 60087 1
13738 471 2
30012 2595 2
82378 66983 1
95671 86126 2
27882 10580 1
95513 1914 1
56068 43001 2
55909 18233 2
85093 82818 2
23793 76243 2
41868 81106 2
98023 19107 2
68592 66205 2
58055 15226 2
11767 40494 1
1092 73083 1
81952 83651 2
24355 31965 2
17562 49132 1
67135 43629 1
70986 96527 1
10376 91657 1
67209 43527 1
39902 36325 1
29668 93248 1
20251 35338 1
25787 17149 2
82663 40978 1
57090 54163 1
5953 57070 1
93154 50251 1
77085 79072 2
71801 97955 2
36128 5025 1
43094 20270 2
56166 75708 2
31454 27471 2
64189 30929 1
26186 72130 1
47527 6483 1
72679 96980 1
73916 92266 2
16724 79110 2
52518 19506 2
91303 98158 1
84291 71290 2
73929 46581 2
24582 99494 2
1493 75706 2
38389 62574 1
61917 66989 2
74381 65597 2
86117 58837 1
86746 39186 1
27910 54187 1
14944 52962 2
43564 31773 2
29173 45204 2
46329 77932 2
42788 25668 1
6304 5518 1
40363 13920 1
87402 15788 1
74301 23246 1
55476 57093 1
83170 68612 2
25519 16618 2
67666 51919 2
78911 36384 2
63390 7661 1
99037 75873 1
29383 59186 2
89525 15771 1
67652 80071 2
7529 61551 1
52673 28966 1
63564 55763 2
16187 21728 2
76423 93009 1
70276 42295 2
34071 89286 1
87141 77988 1
63821 74915 1
32855 49330 2
52397 97776 1
42921 9345 2
25679 15652 1
24798 96388 1
16034 73134 1
58924 68803 1
92164 33327 2
36221 88410 1
38443 85437 1
36337 95768 1
88415 88066 2
79483 41185 1
67133 34523 1
61696 55117 1
64630 44922 1
16347 58310 1
96365 16229 2
73852 87310 1
64541 72212 1
95876 76823 2
84721 94486 2
43210 96617 2
21322 22157 2
71065 96543 1
5885 62925 1
34800 41514 1
87666 92801 1
5344 59757 2
55654 23207 2
19346 59679 2
21962 75535 2
27871 65484 1
95745 76479 2
57941 3540 1
64486 93746 1
35929 7467 2
49636 10452 1
93503 83831 2
24508 3656 2
45972 59542 2
79458 79970 1
46901 98421 1
20032 28750 1
70421 69881 1
34130 27463 2
59835 18362 2
50569 25984 2
36353 26051 1
28072 71615 2
37590 53972 2
298 52701 1
84477 95872 2
7770 33127 1
14828 10383 2
79897 45376 1
38542 35101 1
84827 63453 1
12610 47833 2
22314 71975 2
41337 31879 2
7106 64445 2
86459 69823 2
74611 44975 1
21027 69163 1
98627 83140 2
88223 76813 2
8105 41877 2
51985 89207 1
42803 55215 2
32528 97457 1
77121 55733 2
19880 92054 1
10055 88188 1
59478 12599 2
14063 3662 2
84364 52822 2
89173 67528 2
87379 11373 1
27913 52827 2
33732 53797 1
9457 73166 2
45486 70495 2
15844 74394 2
55060 30703 1
76656 68333 1
7116 11899 1
87700 94696 2
33152 72512 1
82951 20545 2
53137 38030 2
95535 60546 2
25967 68711 2
90763 78728 1
32546 22500 1
55402 18404 2
14405 39216 2
30130 5757 2
14725 40074 1
86554 90125 1
41670 91208 1
12751 31264 2
24382 55503 1
97491 13336 1
69016 84668 1
53593 99947 1
84275 70238 1
37131 6243 1
14529 89305 2
85252 2813 1
79688 95012 2
36694 48587 1
45892 24140 1
93158 8242 1
78243 85615 2
74219 17741 1
71815 72994 1
82770 34664 1
76680 18828 2
69629 96997 1
66256 60680 1
3359 82811 2
8637 27559 1
57410 48113 2
34882 43340 1
48737 76936 2
60358 67982 1
40014 815 1
1123 47545 2
46317 588 2
37960 94061 2
60759 67994 2
92536 93949 1
78649 45765 2
68233 64178 2
68786 5072 2
82150 91558 1
63064 88751 1
8238 74089 2
16404 30413 2
57266 27776 1
79777 15368 2
75834 54977 1
53425 51280 1
45281 66295 2
60040 90443 2
86261 5956 2
2335 96084 1
25688 4154 2
85058 65431 2
43234 94625 1
56498 64759 1
2108 84181 1
74628 57673 1
32550 46181 1
23009 45398 1
52882 70901 2
71396 52029 2
95142 49213 1
8959 62958 1
23870 44903 1
49238 80688 2
75049 41429 2
13858 51900 2
33959 33112 2
10383 4543 1
12977 90586 2
14398 61596 1
93329 28406 2
29956 89672 2
70981 74842 1
40521 30348 2
69249 5292 1
18858 55431 1
61834 51650 1
17944 23850 2
25883 32840 2
29559 91417 2
90468 22238 1
29952 39089 1
43718 20984 2
75231 21276 1
39992 86876 2
26229 37470 2
52485 75367 1
99959 60204 1
41420 66057 1
12077 91440 2
72863 53700 1
93236 74919 2
92484 80017 2
95773 2242 1
20727 88826 1
17931 88936 1
16742 59457 1
88441 76563 2
51219 42648 2
56178 43343 1
60758 51911 2
50871 82014 2
44185 12234 1
37981 79766 2
61850 71248 2
62476 96897 1
33548 83965 2
10337 96892 1
62582 72232 1
1868 35704 1
77810 64286 1
19155 58877 1
76783 77885 2
16526 354 1
40400 80634 2
92713 64534 2
76139 26876 1
85925 18010 1
52363 9214 1
84950 36965 1
7055 90769 2
65318 13791 1
66632 84023 2
42577 48422 1
57119 8201 2
8583 50732 2
21516 30931 1
9742 73494 1
69472 47859 2
28926 71935 2
58204 28285 2
12546 9747 2
33208 15385 2
84317 68916 1
32605 96132 1
30723 54489 2
77483 58475 1
35676 32874 2
56148 34867 2
18628 93669 2
5887 69652 2
15566 46140 1
6662 21209 2
70140 3797 1
23032 5249 2
42505 3400 2
96760 39521 2
17279 28069 1
35612 67584 1
50497 66635 1
62511 10458 1
1731 52114 1
89519 27870 1
73676 93954 1
21679 6832 2
23643 39066 2
38326 52007 1
21407 13578 1
84735 60528 2
35390 70681 1
84951 15113 2
61103 5024 1
80675 28711 2
1408 45420 1
64407 62321 2
43888 12352 1
11519 32194 2
41718 95985 1
92250 72683 1
82232 8520 2
39194 90318 1
8821 97348 2
57509 97668 1
29180 66005 2
11351 32760 1
86450 90626 2
62590 16906 1
22385 26596 2
77116 43982 2
11587 75849 2
16713 56170 1
2987 69650 2
41231 18587 2
51484 16533 2
23628 80496 2
37728 41371 2
74163 76078 2
80050 93763 2
70091 89834 2
6116 70013 1
99566 59602 2
81082 49616 1
25868 24933 1
42477 38166 2
8166 73398 1
40426 96794 2
24179 5261 2
67792 90272 1
61758 43270 2
23190 75422 2
677 90991 1
64962 74939 1
98300 96814 2
96370 80855 2
2376 53562 2
29879 2755 1
10629 37853 1
18614 58916 2
31713 9176 1
66533 41972 1
27870 36319 1
26100 5441 1
22932 71417 2
26689 11501 2
1708 98753 1
82082 93388 2
79910 48680 1
62368 14249 1
35284 89424 1
57974 31745 2
59101 80466 1
81974 50150 2
43067 45497 1
99268 24573 1
20221 44613 1
33305 160 2
43046 86506 2
12961 73118 1
9548 35790 2
30685 38326 1
55706 44142 1
99362 48863 1
32878 21209 1
26361 2371 2
88923 85843 2
37853 18112 2
48648 45396 1
46656 6438 2
19024 7431 1
20614 87995 2
40353 70604 1
52647 64602 1
47133 65334 1
58642 20079 1
45115 10605 1
45637 92381 1
4966 9996 2
19254 20088 2
6109 70692 1
57965 50443 1
26002 72536 1
45287 29876 1
40811 35775 1
41141 25027 2
98020 31718 2
32635 69599 1
55787 22315 1
28017 36992 1
86627 55491 2
10981 19318 1
95458 66260 1
30488 44065 1
51506 47868 2
55324 11222 1
41587 53416 1
19388 96865 1
84344 35870 2
18484 11101 2
91526 98772 2
88117 20414 2
87000 81078 2
5891 85511 2
27837 44100 1
44854 51156 2
43640 67377 2
19612 46130 2
55679 30149 1
85077 40034 1
71102 52252 2
20854 68858 1
1777 92197 1
69095 65603 2
1677 58404 1
23141 13244 1
96375 77585 2
37921 90581 2
56459 25847 2
25278 86965 2
96631 97589 2
90167 6197 1
15645 27456 1
96503 24163 1
6933 3839 2
7263 61344 1
41192 9262 1
23203 54146 1
18934 63324 1
34541 62899 2
39857 13677 1
47993 6000 2
38112 37880 1
14327 59658 2
22045 2537 1
19341 12617 1
52759 7457 1
97874 53060 2
29873 18097 1
91924 20458 1
55233 85603 2
96435 71420 1
24178 43633 2
9380 68688 1
4930 19500 2
77582 60240 2
83397 78646 1
6288 71289 1
84672 1160 2
24121 59581 1
99534 44973 2
93039 14625 2
29727 4581 1
70217 13407 1
53236 63171 1
92341 46405 1
45988 62384 1
25459 11157 2
27163 45030 2
23991 32419 2
10101 20917 1
68075 42202 2
13479 7041 1
27882 24983 1
12983 20065 2
65383 35788 2
99359 18338 1
18052 65503 1
40142 74019 1
18843 71944 1
95462 64567 2
52569 35862 2
21247 34854 1
38046 7499 2
54915 9995 2
90686 508 2
66640 439 1
69219 95186 1
72217 32429 1
5224 91499 1
35429 80452 1
29951 5721 1
16879 81448 1
16301 59522 2
58628 75546 1
49801 85758 1
26504 19083 1
30304 91965 1
57169 14021 2
31956 39134 1
82762 15618 2
35192 55897 1
22930 76627 1
49622 75030 1
73787 24858 2
14057 96532 1
54539 18384 1
20163 66723 2
96734 64 2
41256 69770 1
79842 35210 1
41041 12258 1
89753 19329 2
45003 42072 1
53339 5549 1
93493 99215 2
22481 31946 2
59493 98716 2
1051 5607 1
4100 81640 2
37387 29544 2
35693 39442 1
42888 44037 1
97874 85034 2
13740 61257 1
60055 50583 1
3750 37427 1
31669 8978 1
16537 27032 2
10584 52361 2
84891 82655 1
76290 25437 1
51063 97763 2
51718 47396 2
20236 66197 2
11757 33704 2
32907 74264 2
87477 74949 2
43804 24963 2
48556 71855 2
19034 52995 2
51353 87498 2
6418 79574 2
85332 46320 2
69129 50768 2
26793 49583 2
70163 56698 1
45338 12008 2
36252 73198 1
43226 61649 1
96611 34941 2
370 94452 2
13402 59177 2
90687 92622 2
60808 57515 1
56338 97009 2
40903 23182 1
24943 53122 1
40486 35634 2
57487 97019 2
25991 30154 2
61854 7210 1
39362 14078 2
56797 80081 1
41761 67594 1
9889 62596 2
99682 59421 1
88306 23214 1
10168 24827 2
141 27564 1
61066 18268 1
49251 97232 2
50483 24586 1
12920 41087 1
96032 20327 1
61316 66388 1
78229 11205 2
68885 27803 2
23497 20396 2
42219 23830 1
48933 15831 2
40219 92284 1
69320 98775 1
68461 89749 2
27718 38255 1
78078 21855 1
54916 68630 1
5407 26796 1
89534 46360 2
48947 81570 2
8546 46453 2
95189 82649 2
26258 53697 2
35792 85729 1
38246 48514 1
1125 83257 2
50536 24245 1
36969 28473 2
36630 18122 2
92804 33833 2
10787 11747 1
79795 1127 1
43446 99161 1
90758 81958 2
87273 73239 2
38307 43017 1
44043 62621 2
5121 26860 2
26047 48766 2
63918 99836 2
55803 43170 1
66378 44249 2
43594 27013 1
29929 11131 1
11946 36886 1
51893 99146 1
55087 54681 2
90570 78629 2
94142 46566 1
95609 58108 2
24723 86727 1
4773 97078 1
98459 78366 2
94344 68172 1
8027 22013 1
75151 47884 2
91655 74251 2
39802 22807 1
59179 38214 2
74622 76995 1
52262 34492 1
9794 85209 2
29226 8016 2
87973 79160 1
76670 34140 1
83254 67696 2
796 32329 2
44507 24424 1
19731 51512 2
62987 64346 1
10949 10748 1
53620 36849 2
5258 61214 2
67093 5841 2
90316 96952 1
48549 336 2
51049 87259 2
81771 49429 2
68917 1353 1
57123 69856 1
82645 40859 2
53439 65538 2
70084 14588 1
99652 89216 1
36178 30955 2
48937 59124 1
34528 22590 1
34363 32812 1
7717 46138 2
74844 3177 1
36428 84187 2
90623 65026 1
18996 49587 1
30190 66686 2
78958 28163 2
12645 90109 2
83075 91235 2
55540 7632 2
83884 44384 1
49024 89053 1
6872 32600 1
18658 89436 2
79049 60608 1
37926 19196 2
46295 68351 2
38766 56671 1
12811 30512 1
79373 50617 1
69573 63748 1
82029 46197 1
57784 24669 2
93993 38224 2
6056 48117 2
61555 2876 1
18451 90389 1
77999 33695 1
87141 78814 2
95286 88913 1
56162 65763 2
80309 89537 2
6496 65133 2
60107 79281 1
63786 73718 1
80014 31669 2
7262 43438 2
73223 3705 1
77616 24602 1
64241 80216 1
18885 69615 1
2846 69509 1
68665 64827 1
33202 69798 2
41433 88093 2
23846 81235 1
68298 6056 2
32230 82012 2
98400 82756 2
77460 64673 1
1960 46637 2
37315 31447 1
21310 47154 2
32060 32874 1
98135 41527 2
9660 66261 1
73913 57140 1
74420 82187 1
25534 44435 2
29736 15666 2
4949 46357 1
32113 78595 1
96833 16590 1
61307 21612 2
51640 12645 1
63111 60558 2
25797 94517 2
73418 22110 1
53478 67343 2
60332 25544 2
12526 16918 2
8171 2375 2
2084 44001 1
96885 20783 2
27235 92380 1
89873 87396 2
42136 12199 2
56439 80640 1
85767 72566 2
38675 9041 2
93703 77903 1
84102 92408 2
70145 25359 2
31845 1899 2
31188 6149 2
18296 44243 1
21332 17142 2
12764 82223 1
50759 24855 1
13634 30768 1
82631 88214 1
494 61531 2
22978 98514 2
10104 85706 2
13181 4286 2
95982 27435 2
33485 90210 1
99056 77535 2
29404 9242 1
44979 70492 1
13450 11125 1
45631 16588 1
70474 88215 2
96785 86156 2
88512 97495 1
23258 86126 2
90474 83362 2
95741 76151 1
45876 30550 1
4085 91329 1
86338 15624 2
18541 76730 2
16970 37919 1
53350 58340 1
47607 74678 2
96116 1395 1
30151 29950 1
26849 57586 1
58126 63129 1
35945 19710 1
59665 5056 1
55997 14825 2
11788 66687 1
83328 65465 1
16845 52980 1
63725 64038 2
53494 7059 1
3886 5983 1
41919 26244 2
24806 51462 1
81777 32611 2
34313 80495 2
54540 6496 2
10047 70437 1
79586 5885 2
89605 39750 2
24154 31955 1
63531 45026 2
40206 92877 1
44694 53023 2
11245 8842 1
54144 4952 2
12154 58687 1
53523 8345 2
83754 78131 2
92306 34053 2
38826 97826 1
41233 3505 1
95160 95195 1
41432 75686 2
41637 61282 1
71363 60034 2
52249 17870 1
63588 28183 2
37007 78508 1
29472 25003 2
70484 9658 1
86990 38007 2
9612 52237 1
44636 87112 2
59502 74124 1
43977 69217 1
18179 91666 1
82412 77559 1
84874 74064 1
31820 40467 1
80311 44040 1
63525 70420 1
95312 42035 1
10345 6698 1
61103 84796 2
70461 39580 1
29219 96867 1
68216 84547 2
55470 3324 1
71239 43597 1
94024 96653 1
23180 22779 1
61434 63923 1
95930 72643 2
28677 26589 1
92347 34062 1
57913 58800 1
99658 23995 1
32606 54305 2
44249 75707 2
67118 71038 2
37197 20691 2
17656 82950 2
75837 4189 2
72767 94892 1
60822 37831 1
53625 76216 1
11482 17010 1
78449 36293 1
98204 3252 2
21318 32772 2
82373 87479 2
56906 504 2
58579 29560 1
5091 37465 1
29237 83112 1
70445 9585 1
61008 35023 1
86005 22401 2
27101 61764 2
53280 6717 1
97992 33014 2
8418 17612 1
66066 79078 1
73672 49321 2
81649 24490 1
66511 25957 2
34155 77612 2
43370 61250 1
16958 22761 2
14879 87321 2
10587 17395 1
53355 437 2
16486 60719 2
25210 5494 1
65368 12312 2
14799 1328 1
90525 2074 1
80194 37929 1
84407 23927 2
36765 58110 2
54585 53542 2
10719 57310 1
89644 21743 2
80825 83149 2
79085 46768 1
14899 72483 2
23309 3771 1
11624 71563 2
72144 84310 2
24965 32004 1
50863 53369 2
81902 92355 1
44950 7188 2
59322 49359 2
46726 44262 2
80754 89188 2
17076 89319 1
67158 3409 1
31144 52703 1
72247 42554 1
26015 3852 2
88958 60470 1
75050 82624 1
92868 52594 2
78989 15425 2
86584 2220 2
736 3272 1
98844 51896 2
31730 7362 2
15112 82527 1
70753 42674 2
80966 76411 2
50242 365 2
15860 67677 2
39392 26300 2
21413 47847 1
10645 69790 1
72704 95538 1
36434 8035 1
33632 14698 2
70429 18642 1
49170 22348 1
15278 75652 1
76602 42287 1
67537 454 1
19406 74744 2
90727 43611 2
953 61956 2
16612 97144 2
52346 71810 1
72274 13831 2
68226 62518 2
55885 16996 1
5626 56088 1
4198 23299 2
5370 44595 2
69440 6536 2
87667 53830 2
44534 88237 2
31783 27334 2
84147 15136 1
28491 23834 1
24376 25826 2
82028 22846 2
31385 6633 1
90599 1345 1
64448 21470 1
29167 44391 2
50601 31296 2
6154 6311 1
45893 76544 2
31605 73005 2
28663 99011 1
93724 46810 2
72441 21603 2
84963 56575 1
87544 70414 1
20416 27686 1
54452 66565 1
66429 63753 2
14626 66431 2
38139 33497 1
41674 43939 1
72970 6296 2
65672 98097 2
55890 11519 2
42703 86330 2
48558 98617 1
39937 82083 2
38124 28134 2
61464 7079 1
22766 46713 1
69441 52946 2
47499 53914 2
86556 62758 1
79214 8453 1
69085 7386 1
9078 9834 2
61166 7062 2
75733 13771 1
52459 78808 1
66514 55680 1
51236 96114 1
53191 90774 2
34206 553 1
47395 65324 1
20722 45304 2
38824 71637 2
42669 267 2
74670 54520 2
22639 22564 1
14463 66227 2
21356 37786 2
82105 98228 1
93710 75413 1
88559 99871 2
5264 71571 2
90728 69899 2
76132 23686 2
77566 97444 2
85295 78868 1
30625 22730 2
27464 44342 1
46066 89713 2
10620 99385 1
51368 69120 2
11341 46208 1
59406 42546 2
63438 97535 2
85475 91543 1
51241 1186 2
67992 39380 1
8121 39204 2
95702 81791 1
65584 60729 2
20726 27972 1
18258 5604 2
9254 10307 2
78488 51553 1
72363 17263 1
87823 41565 2
40345 88848 1
70198 61112 2
34621 51650 1
76643 28074 1
26708 89524 2
75103 60668 1
15217 44394 2
27589 87434 2
26107 39708 2
72519 92840 2
14060 23925 1
99593 60090 2
97875 58356 2
31556 76890 2
23795 77678 1
77413 69781 2
38978 86698 2
25099 59310 1
62667 20931 2
55660 40826 2
55212 79434 2
83024 15331 2
88057 5762 2
93653 35238 1
9943 8130 1
42474 51188 1
15298 39255 2
75380 77492 2
88007 91359 1
939 32416 1
20650 16590 2
42622 7491 1
76226 64333 2
811 51810 1
79448 71286 1
63912 31248 1
82028 36538 2
15677 54615 1
76176 26555 1
4903 56342 2
28522 33426 1
15671 90462 2
3254 15786 2
15473 86324 2
14786 52931 2
52814 8787 1
33745 97392 2
5370 63303 2
12121 9369 1
55638 41618 2
7109 92250 1
81015 93130 1
51059 70466 2
94693 21945 1
61398 67381 1
46781 53436 2
11957 12843 2
56592 27589 2
13515 60462 1
53058 83450 1
15525 88224 1
33035 45907 1
76679 79059 2
10265 10495 1
1159 45103 1
36876 31296 2
78544 8879 2
67833 12330 1
75361 59428 1
41960 30408 2
33644 56528 2
20086 5975 1
52727 16685 2
63924 51529 2
59742 55908 2
67302 70180 1
90255 52342 1
6116 39745 1
98732 60375 2
10428 53389 2
56717 79757 2
85134 50763 2
71611 45237 2
40495 87759 2
17750 7999 1
46375 79780 2
47536 43469 1
21715 45096 2
46640 14520 1
96035 66251 1
70769 71947 1
59869 49108 1
39008 75494 2
27672 23067 2
45697 48764 2
90594 65968 2
65034 181 1
77019 13299 1
58150 68877 2
74136 41114 2
22995 84083 2
84960 39598 1
57732 28235 1
50386 14349 1
21601 22573 1
57758 32746 1
64002 45667 1
42215 95657 2
90136 21903 2
24936 19076 2
22020 84739 2
16139 54152 2
95262 68614 1
82099 90328 1
56783 96022 1
15924 52137 2
59959 66785 1
49269 13925 2
21000 17994 2
93141 56040 1
20264 49866 2
69283 31398 2
93939 90189 2
16517 3939 2
48856 68529 2
76850 28281 1
93335 26730 2
15832 57302 2
40393 15361 1
56183 78683 2
99832 9104 2
60355 76926 2
53730 87623 1
96998 53417 1
37690 50123 1
97883 81336 1
61031 77298 2
98965 91231 2
78212 98440 1
83702 59010 2
76862 77292 1
8440 62364 1
33945 5875 2
24168 26648 2
2252 8997 1
25381 29915 2
61056 56731 2
86790 23384 2
88116 74695 1
94385 25306 1
15516 13708 1
75493 72766 2
92254 53026 2
81617 29110 2
90067 62644 2
19162 32135 2
80684 88993 1
55545 12843 1
49675 10366 2
70811 70929 1
65989 6962 2
69471 54136 2
35879 31832 1
86587 89079 1
39982 26913 1
17080 19704 1
61229 76495 1
73777 62360 2
79787 17179 2
24216 45257 1
22882 66993 1
69522 71089 1
4994 21007 1
21845 17321 2
20171 26537 2
16785 37566 2
67031 48392 2
67492 74770 2
38253 30886 2
67876 49852 1
41007 947 1
10586 20612 2
38637 35220 1
75329 98696 2
22352 67294 2
71563 92795 1
97840 75679 2
1244 11424 2
3870 28726 1
9069 659 1
87227 7606 2
77098 79744 2
71487 92487 2
26581 34922 2
11763 64837 1
59361 50310 1
78999 35679 1
64727 797 1
20093 17497 1
94260 31022 1
90220 99178 1
90697 97929 2
42558 98623 1
60442 11445 2
50818 91670 1
57312 80458 2
85499 80484 2
30759 71160 2
45694 89520 2
18192 42591 2
99384 56085 1
32336 85 2
80774 92164 2
19408 97603 1
13628 86144 1
66955 30984 1
77535 11200 1
78802 51316 1
42890 83216 1
84523 77582 2
23181 29072 2
73838 33455 1
17833 1907 1
30247 42757 1
4949 26690 1
58071 51825 1
72636 66647 2
11443 99785 1
36797 11810 2
32931 52759 1
76138 33960 2
95620 78584 2
38249 61150 1
41319 8317 2
93654 35122 2
90448 50125 2
12639 11043 2
95767 39297 2
9543 61380 2
81194 76199 1
82179 81789 1
75657 71137 1
81952 30058 1
23785 79491 2
17787 20730 1
99730 89207 1
167 60561 1
23041 49212 2
22283 68870 1
14663 19203 2
95361 33190 1
23335 69873 1
5529 30575 1
15964 15265 2
1620 88854 2
30417 79455 1
82281 8706 2
60327 47405 2
3331 74894 2
62323 68290 1
46560 62859 1
30908 61381 2
85812 71963 1
56193 83223 1
77732 73431 1
93586 57863 1
40556 91947 1
99250 22587 1
26745 18581 2
67004 74701 1
78224 42217 1
62299 10060 2
48421 47503 1
65072 57207 1
47013 10243 2
68015 44582 2
55533 63957 2
7042 609 1
12048 34087 2
5381 26790 1
99956 53266 2
77064 13159 2
59797 9281 2
75089 1386 1
71361 52691 1
39575 57479 1
45627 53277 2
85416 57006 1
5497 43654 2
75363 7806 1
92710 19690 1
70591 44079 2
91744 39672 2
82979 25193 2
86651 88500 1
42123 4395 1
10460 55989 2
84394 80677 1
79550 98056 1
87106 38814 2
52401 75755 2
65965 41070 1
51510 55987 1
19768 34053 2
34084 13990 2
60739 3427 1
93638 64034 2
82114 81662 2
35899 81364 1
97855 14815 1
64501 33026 2
28213 7204 2
95098 32642 2
43158 56448 1
41222 224 2
32231 81623 1
5735 80924 2
415 45795 2
63040 17770 2
63627 43025 2
62599 96272 2
92525 76036 1
85574 78987 1
42808 70641 2
92733 21386 2
66742 37954 1
40670 5105 1
28130 12756 1
19536 59480 1
36206 55640 2
16814 41994 2
38271 63733 1
59845 51431 1
95660 53540 1
34073 11330 2
89762 23315 1
69696 26019 1
4803 14659 2
39749 29029 1
78210 66058 2
53639 37497 1
65992 53938 1
94743 73826 1
66547 91384 2
37502 4983 2
56850 70830 1
96660 52357 2
87466 76441 1
22122 86410 2
54836 17811 1
81825 6171 2
50172 43850 1
24881 80479 1
20324 35007 1
57251 4241 2
89119 54153 2
76151 53218 1
27638 7600 1
95327 7284 2
6 23698 2
84962 51584 1
69152 81153 2
15578 72241 2
3240 14594 2
99766 24679 1
16855 24527 1
26009 47510 2
3609 74038 1
42457 71460 1
77200 32505 1
71169 68014 1
47055 25292 2
23407 65411 1
83615 2874 2
45239 21831 2
43133 50433 1
24798 56914 1
60762 13489 2
98367 87695 2
91802 89424 1
61194 67101 2
7990 45657 1
24768 69617 2
53882 69592 2
72888 43826 2
90983 3632 2
76062 85948 2
30226 48949 2
94222 59838 1
70083 21714 1
11229 20988 1
25111 62021 1
20241 7917 1
3679 46814 2
94532 50461 2
22751 82212 1
7365 22733 2
88400 30511 1
2550 61966 1
26782 16751 1
8431 67466 1
69386 45347 2
7322 41499 1
23241 91139 1
72085 45842 1
69283 11256 1
23155 87473 2
56245 92030 1
7451 8113 1
25519 64392 2
11431 67037 1
14647 35452 1
55175 25045 1
69989 58739 1
66492 84781 1
40613 55387 2
88605 10571 1
79160 73525 2
77909 60620 2
55442 67031 1
75170 87103 2
48381 7690 2
81880 68936 1
41237 5869 1
73212 95135 2
3467 99824 1
29994 41071 1
82051 13050 1
62768 33399 2
82869 95620 2
15856 77580 2
3855 32444 2
36322 67221 1
9681 12995 1
94895 57582 2
22448 50895 1
61207 66118 2
15187 6730 1
77420 69504 1
99353 23057 2
83925 23350 2
62642 71733 2
83500 36817 1
32513 63997 2
39872 28530 2
95585 30947 1
1044 79373 2
29820 1874 2
68958 21129 2
28789 11727 2
97385 39841 1
82240 38637 1
71891 19205 1
17605 88343 2
720 91546 1
99520 27210 2
6885 18742 1
29700 63000 2
46190 28229 2
10707 54662 1
69016 92199 2
37448 62606 2
28391 40911 2
6957 3294 1
26834 75589 2
50789 57272 2
13250 90821 2
1379 4720 2
10103 62687 2
74673 9201 2
5219 27541 2
15947 16376 1
95692 9055 1
24513 7927 1
52782 9770 2
18584 19700 2
91991 17333 1
32618 96775 1
75434 42674 2
33697 34815 2
44093 9739 2
96000 80222 2
97914 1723 2
4282 51768 1
55073 90385 1
16377 17336 2
80869 48401 1
44792 7804 2
65515 15090 1
8170 78324 1
22158 6112 2
4177 84262 2
51005 55451 1
70759 59789 2
85787 96087 1
69368 70550 1
97119 60987 1
7046 88545 1
52402 33986 1
52452 92710 1
26835 828 2
46364 66413 1
74422 54062 1
78377 18069 2
27904 1166 2
96477 32622 2
69933 63560 2
16285 24991 2
62923 66204 1
36704 24896 1
29084 39293 1
75347 19329 1
20344 21619 1
58775 87202 2
64873 43994 1
22210 25049 1
86988 38721 2
29658 98703 2
407 52812 1
18781 87235 1
83949 15827 1
14908 1477 1
9612 79680 2
16987 71740 1
21024 18773 2
78899 77313 2
54957 57348 1
37361 44034 1
43785 69141 2
28532 63616 2
91166 66819 2
37106 74545 2
50253 48703 2
95732 18462 2
23494 71148 2
56469 41638 2
18354 94401 2
29351 1818 1
40649 88586 1
38702 40671 2
33628 54184 1
28194 53199 1
10348 12524 2
81586 81848 1
7024 50912 1
71388 82235 1
40468 65598 2
16662 89422 1
84213 17846 2
19912 57019 2
28197 13165 1
40303 61471 1
52781 40441 2
63548 45228 2
48742 73862 1
47827 86727 1
94719 89620 2
49037 95722 2
34779 2006 2
82294 92195 2
32624 26452 2
46447 88051 1
9032 82090 1
68589 34257 2
95267 21767 1
3288 26213 2
54036 56143 2
18669 73901 2
11104 23482 1
53021 70587 1
84194 88114 1
14732 70292 1
71274 77817 2
90642 30994 1
95161 72033 2
61789 37988 2
22758 38769 2
74990 65929 1
19292 2215 1
31223 23577 1
17498 72881 1
3523 41244 1
529 84498 2
70638 2768 1
78346 7044 1
6633 8167 2
49598 90416 2
24 38118 1
443 59287 2
27315 86792 1
15174 72301 2
96648 69177 1
42003 69432 2
43991 87868 1
80527 66261 2
32181 44198 2
4759 88180 2
43050 77024 2
44478 57303 1
15795 8 1
43 71063 2
66656 71536 2
32184 14719 1
53911 81950 1
76404 60175 1
8047 50827 2
67458 33690 2
26230 45700 2
67960 57800 2
94604 23468 1
60353 38677 1
18022 4824 2
3004 86896 2
52652 48401 1
93818 72029 1
9402 5270 1
995 93716 1
4067 71607 1
26962 10751 1
87433 77755 2
29109 81280 2
48135 95227 2
15758 69864 2
38440 98245 2
70324 32385 2
39948 46458 2
52499 46342 1
68778 75088 1
32839 65382 2
73673 27504 2
35077 81476 2
98245 9177 1
62259 30425 1
20145 88059 2
18475 71377 2
87823 55229 1
34844 88426 1
9113 49464 2
32713 22936 1
55068 26138 1
20232 95012 1
51224 27108 1
41027 72456 2
73633 91020 2
2587 27380 2
30433 25532 2
98816 4877 2
6259 58417 2
96314 98056 2
86442 25469 1
23332 44819 2
13448 41285 1
86795 49389 2
50983 12067 2
33971 62697 1
2900 13989 1
76018 28463 2
71086 69100 1
79155 53531 2
81868 55246 1
36469 35356 2
89652 20981 2
9290 40566 1
3141 11358 1
2776 56673 2
64430 1435 2
7419 98023 1
1684 49489 1
70145 50282 1
68560 34427 1
1580 35036 2
84783 39109 2
89652 21924 2
9456 74993 1
42051 96608 2
64426 72790 2
97047 32574 1
30659 24732 2
21443 24449 1
17081 33761 1
33646 34082 2
85661 26423 1
93522 41101 2
3508 62403 1
63518 79840 2
67413 99328 1
52373 33679 2
23789 7930 1
77837 20323 2
81405 51252 1
39761 79542 2
33019 33218 2
45088 13400 1
15693 23087 1
42283 12333 1
43569 87961 1
82970 41165 1
1752 45328 2
31976 95491 1
79142 11483 2
26307 9391 2
68948 2002 1
94925 19364 2
82991 69733 2
17566 5642 1
4374 2163 1
82399 71933 1
48671 71124 1
61680 4268 1
97458 33872 1
56835 58331 2
14157 61766 2
18142 70017 1
58398 11718 2
29149 98475 2
99084 5047 2
10031 96535 1
12335 79250 1
44756 50682 2
73203 29348 2
58917 45787 2
48986 3184 2
28524 18869 2
470 18475 2
53575 34841 1
4243 24255 2
34473 70634 1
42603 90408 1
96506 90687 2
58672 75418 2
52786 78980 1
57093 27961 2
41026 71257 1
30757 63935 2
27467 95217 1
14459 121 2
6340 23413 2
45096 78155 2
13912 88959 1
49729 15688 2
74278 78623 1
70094 4762 1
19648 83769 2
37229 47936 1
61580 67749 1
4812 53291 2
54182 97550 2
7378 96704 2
99964 88468 1
60983 79193 2
81008 41002 2
77863 70756 2
63290 68088 1
9987 85570 1
50148 38522 1
78399 16617 1
11340 4351 1
97317 95555 1
61541 8235 2
96465 45453 2
21782 23637 1
36308 39193 2
65081 48714 1
31570 5868 2
23133 1736 1
20867 7040 1
52677 20420 1
28629 39683 2
57479 73700 1
18792 67735 2
17774 7942 2
54513 59440 1
32281 63960 1
42520 55897 1
16217 95101 2
48154 27311 2
51831 79566 2
9191 9828 2
81963 50358 1
12869 10333 1
16486 86997 2
88203 97237 1
62537 37823 1
46503 85368 1
6956 23674 1
33721 72105 2
40376 85539 1
21333 51164 1
66509 51466 2
19301 5372 1
21597 5585 1
50309 23878 2
70063 72049 2
86757 63148 1
75709 15604 1
81739 83188 2
89526 39452 2
1934 4215 2
80477 65371 1
92124 83970 1
61896 77497 1
38869 13368 2
30754 58290 1
79501 62221 2
6729 90613 1
33710 15597 1
83216 81414 1
78708 23859 2
53150 84060 1
55279 9394 1
89582 12388 1
97540 25648 2
59597 83004 1
34860 10598 2
32415 5881 1
97108 88641 1
16155 77889 2
1660 28196 1
99530 8882 2
47192 41316 1
63916 77049 2
41458 66346 1
4115 27548 1
90309 14453 1
29413 60753 2
69796 12021 1
4382 68516 1
52145 29937 2
36364 88597 1
33702 49474 1
63889 1271 1
60592 48758 1
36293 88467 1
37614 99182 1
73042 68003 1
24214 34688 1
96054 42263 2
64785 12213 1
15524 74515 1
21723 49420 2
18755 91535 2
66916 25142 1
15149 87670 1
42033 36568 1
92914 59944 2
64699 75276 2
2291 14008 1
40494 58720 2
46567 94926 2
89676 70197 2
92793 47653 1
29544 62113 1
20647 90702 2
38796 3662 2
14949 12428 1
57267 55352 1
56312 50454 2
88783 68979 2
12316 15609 2
48740 87139 2
14783 15283 2
96459 57603 1
76867 1433 2
22960 39839 2
13440 26002 1
66965 19417 2
82207 25817 2
31149 30407 1
24864 7134 1
60161 40371 2
30421 48902 1
31855 92410 1
60293 48711 1
67973 92526 2
56202 68781 2
20330 2100 1
58131 84536 1
68726 54471 1
16035 41723 2
59478 76755 2
61296 71199 2
69193 71130 1
41829 48094 1
70373 17075 1
31616 8040 2
99730 67782 1
71348 93441 1
39245 23089 2
3528 30689 2
27751 29446 2
21047 13619 1
66116 18890 2
92238 10070 1
16925 92024 2
25138 65599 1
2750 39676 2
54199 47381 2
85064 25593 2
17097 32948 1
38160 98468 2
82215 71339 1
24670 22246 1
83395 54590 2
41072 67197 1
71779 25444 2
88788 45691 1
85667 77481 1
84689 35430 2
19761 52270 2
25311 38103 1
46800 48548 2
30666 97083 2
62358 24373 1
91475 36149 1
78733 89243 2
22607 3098 1
4821 44999 2
42918 25203 1
40065 30459 1
309 29886 2
72406 61168 2
11501 53710 2
47695 17873 1
36657 15239 2
81723 20254 1
77532 60675 1
37821 50731 1
40313 1391 1
43243 56254 1
20393 31054 2
94768 47508 2
92449 10005 2
9451 51708 2
24297 79085 1
61966 22202 1
6302 92245 2
77311 34726 2
7184 34302 1
83354 35915 1
19653 35181 1
92045 57512 2
16468 92028 2
95802 2898 2
99851 59576 2
77337 73072 1
64042 15268 2
15347 62654 2
43974 33750 1
59752 5515 2
89095 71029 1
51978 40378 1
97353 3713 2
23168 11461 1
98239 36715 1
6756 7637 2
37355 51576 2
78533 80651 1
29864 11714 1
31782 43547 1
4385 69047 1
6205 37356 1
59830 43960 2
80213 98425 2
30526 66363 1
11980 84818 2
59520 93834 2
52566 50812 1
29497 78818 1
82424 86701 1
26937 42741 2
27725 21585 1
73477 60872 2
19781 88360 2
12535 93238 2
25313 4357 2
81657 53195 2
75192 368 2
33998 65993 2
35190 20197 1
4778 25926 1
38071 63123 1
96980 50540 1
41552 11295 1
50059 39001 1
8839 28030 1
11550 55388 1
62390 59358 1
65043 39198 1
5548 35069 2
70433 49654 2
84331 62000 2
9077 81108 1
86315 85406 2
29009 96407 2
36918 33795 1
76520 81975 2
68874 67374 2
35652 76028 1
7322 40610 1
38145 9668 1
76813 70681 2
93263 31137 2
97534 1532 2
92531 9177 1
28730 82156 2
40230 41253 2
71237 46365 2
29493 78066 2
50869 24437 2
82975 54307 2
10613 36210 2
30426 68300 1
14308 72289 2
51983 25433 1
47668 10728 1
42585 70213 1
67819 99997 1
35082 24643 2
1285 16236 1
78759 88473 2
8240 92084 1
41287 91360 1
42030 53899 2
32055 39109 1
51319 38326 2
79673 37707 1
94452 5170 1
67136 68327 1
25189 48622 2
17653 76195 1
43804 87758 2
26678 68955 1
41248 30122 2
54098 8227 2
619 39468 2
41518 28703 2
26444 61014 2
8003 36265 2
10694 87674 2
23069 57422 1
58831 50304 1
17085 29585 1
46738 2339 1
95960 61479 2
48302 72308 1
83735 49274 2
65524 70326 2
64053 48103 2
64588 91424 1
24100 63775 1
60369 63198 1
17128 30249 1
48336 84497 2
4282 12030 1
97326 84042 1
69350 78796 1
75231 86675 1
72077 4564 2
81295 22694 1
46180 24557 2
23453 18579 2
34675 17886 1
12987 30847 2
96568 96199 2
87568 37472 2
73313 32345 1
11478 9538 2
78549 22873 2
52284 32324 2
65964 73121 2
46628 53020 2
62930 11967 1
96166 45615 1
76584 87605 1
57548 84410 2
37763 43191 2
95348 18092 1
32107 53776 2
24625 18281 1
68637 89085 1
79434 53736 1
46122 64208 1
39386 88502 1
73046 25198 1
50606 44562 1
3866 19570 2
28554 79886 2
69218 78280 2
26341 64308 2
53839 88978 1
77448 30879 1
62486 91399 2
2066 25022 1
83103 82767 1
1047 26676 1
8295 58504 1
43836 82779 2
34142 55140 1
70205 6300 2
49834 32809 1
55400 55640 2
55586 23247 2
22271 18754 2
64596 76550 2
80186 81987 1
62720 55469 2
33475 65109 1
88763 64700 1
79448 42313 2
14317 37883 1
47852 38497 2
52531 58665 1
43334 97718 2
4765 25078 1
16864 54387 1
46993 4297 1
74057 30200 2
25671 90330 2
11588 61784 2
26826 35641 2
54087 14715 2
29885 39078 1
57661 5341 2
72564 98678 2
92196 30509 1
34487 13333 1
97328 53775 2
64931 43838 1
38950 90458 1
14024 76069 2
43458 84571 1
85548 91981 2
7313 21841 2
38278 21458 1
71704 39054 1
32292 67905 1
30187 380 2
15237 30971 1
70998 1398 1
80288 694 2
64280 17002 1
64060 39451 1
58755 14206 1
41462 32553 2
62430 14440 2
8350 90321 1
47011 35029 1
53465 52632 1
45089 21187 1
74976 21560 2
87002 27974 1
45536 67231 2
80454 75847 2
7257 35534 1
81327 93600 1
26623 45499 1
49427 86273 1
18172 56623 2
25446 82895 2
56556 29321 1
47917 15871 2
55327 79322 1
12291 97375 2
33850 42727 2
53816 37966 1
50198 25738 2
685 47391 2
86176 58225 2
5561 35258 1
92728 55070 2
90503 53403 2
54962 49349 2
50102 43665 1
43223 46097 2
34967 91616 1
36837 35647 1
56691 7936 2
91467 4513 2
11619 28411 2
27406 16636 1
43830 67507 2
60839 73226 2
26574 7514 1
29699 74873 2
54147 42263 2
56161 3499 2
44926 15592 2
19608 83508 1
4159 4763 1
98030 29119 2
90456 37267 1
58178 2633 1
64720 81929 1
67619 69028 1
22722 49033 2
45014 5494 2
13915 59505 1
84500 14295 1
89215 99605 1
30409 42903 2
28932 61214 2
51095 87349 1
55477 87782 2
64785 49385 2
27536 54749 1
92768 87675 1
66313 7303 1
61666 1257 1
78565 18972 2
57893 84005 2
94816 44551 2
92273 91669 1
6471 25416 1
26715 31570 1
86271 46770 2
11347 37001 2
764 36749 1
51223 62237 2
2571 37557 1
56253 11427 2
6504 52601 2
27501 42884 2
68744 11645 2
15205 64894 2
4337 72856 1
53939 6180 2
22493 40279 2
5278 11193 2
36859 44024 1
76958 15641 2
81422 77264 2
27423 76113 2
39404 4678 2
95523 56738 2
67520 7157 2
2941 11490 2
77864 22126 1
65238 40122 1
23191 98739 2
91019 73449 1
31380 80574 1
43917 85759 2
79962 37624 2
49824 18851 2
94582 78370 1
22300 86862 2
12620 21135 2
31631 95310 1
2515 85672 2
27962 1124 1
84404 35687 1
81871 76838 2
35470 83260 2
26330 27902 2
13429 63755 2
38133 67048 2
20207 40524 2
49009 59896 1
37174 17962 2
36276 49874 1
61208 80453 2
2390 89008 1
99642 63600 2
41635 66144 1
79601 11347 1
77852 69123 2
91367 6986 2
43638 12528 1
66684 81412 2
3769 6030 1
78371 95365 2
226 53181 2
46784 78116 2
58817 98734 2
93041 30830 2
6972 25766 2
98786 52129 1
73866 84512 1
88919 71634 1
78873 19272 2
52166 20871 1
81897 86720 1
64986 4606 1
52143 94750 2
47633 78404 1
87379 5900 2
75999 32799 2
67218 37095 1
36105 65509 1
83484 73281 1
8267 50978 2
77655 6464 1
73907 83542 2
13242 68060 1
82915 74293 2
15219 24612 1
28659 92645 2
44226 11578 1
61644 99331 1
23643 97490 2
73518 41790 2
58376 82391 2
26027 1371 1
43333 28071 2
11114 21487 1
72930 59218 1
61733 22440 2
21541 75838 2
77419 71781 1
24901 24326 2
91486 30041 2
88912 14294 2
72246 74092 1
6342 70929 2
7773 29914 2
24411 58604 2
68914 82450 1
11993 73520 2
17958 27672 1
58492 92827 2
73633 4099 1
42964 45504 2
99326 28352 2
84614 54050 1
29482 45997 1
20652 16893 2
71753 16223 1
79664 84638 1
85329 13404 2
72885 79046 2
19790 8098 2
84014 82922 1
18172 27902 1
34149 87286 1
76912 71798 2
69942 4197 1
10672 12896 2
87441 73419 2
88118 27528 1
55579 65004 1
68561 75342 1
20237 17698 1
1283 36965 2
15060 49594 2
3428 94934 1
40047 29271 1
19709 64123 1
82645 82318 2
61999 4036 1
40620 93161 2
20554 14645 1
67507 42276 1
71638 10566 1
61177 34131 1
38637 12866 1
23779 8922 2
5726 24264 1
81642 68851 1
86124 28813 1
49914 70476 1
21933 33592 2
26933 39238 1
81484 11717 1
63534 70615 1
45352 86435 2
95791 14377 2
89843 6678 1
97043 31289 1
52819 15093 2
59884 10105 2
78436 91885 1
97470 83374 1
62899 67548 1
578 23346 2
17445 2903 1
13572 54067 2
80622 30564 2
40934 70546 2
97211 76353 1
84123 85766 2
95977 40187 2
68140 98294 1
65611 312 2
68055 97154 1
99111 22958 1
34923 47611 1
11706 71849 1
4365 54823 1
60880 33385 1
19509 75358 2
92876 4417 1
32690 82831 2
30982 78586 2
39970 79580 2
85320 60302 2
2459 68057 2
18320 54893 1
36069 45649 2
73874 94811 2
24510 32641 1
86675 82704 2
62196 6171 2
3887 34551 1
57422 16229 2
20083 3599 1
43140 3159 2
6339 52013 2
5634 55105 2
69750 80696 2
40905 86050 2
10613 69484 2
20334 23186 2
81056 41848 1
18714 41913 1
46760 71040 2
91304 21525 1
27190 68891 1
45641 16409 1
18115 85813 1
18275 85544 2
3102 24655 2
60910 3678 2
23753 47066 1
43318 39176 2
69116 21952 2
15900 49414 1
48481 70875 2
77717 94160 1
34710 20348 2
63337 84718 1
55886 2789 2
92597 21631 2
12848 98287 2
73354 55891 1
40407 62117 1
15659 25009 1
90768 19143 2
64691 10898 2
32671 39112 1
35405 24196 1
83706 78641 1
81050 69095 1
52844 97692 2
51375 66611 2
15348 65465 1
51092 78833 2
43491 42668 1
38854 22557 2
32034 11469 1
90581 25195 2
9961 43143 2
4199 26335 1
28585 87257 2
32435 82355 2
13348 24216 2
49607 73397 1
22639 88971 2
60899 45862 1
5015 14670 2
95708 24700 1
26969 60784 1
73370 13217 2
32488 52820 2
97434 53937 1
89802 77588 1
68780 62976 1
3772 42233 2
1270 66418 1
81354 57284 2
27983 53313 1
96247 40745 1
15781 46555 1
70203 92782 1
39576 91810 1
52000 64145 1
26172 53354 2
88933 57439 1
95483 55518 2
90779 50622 1
9969 19995 2
25770 84004 1
35022 80754 1
80077 54013 1
12056 58539 1
72114 94569 2
23398 63837 1
66843 54427 1
99622 54615 2
56351 54715 2
40119 3322 2
54345 98565 1
5744 79677 1
50584 96680 1
791 98408 2
6782 3784 2
83275 21913 1
29954 57213 2
31515 31170 1
53438 95602 1
65549 40712 1
54273 16934 1
37784 70342 1
28877 13934 2
90218 41032 1
57594 6289 2
95938 33553 1
85426 35147 2
55671 88341 2
13459 67883 1
98351 20351 2
77872 49492 2
53161 2317 2
48272 50112 1
54004 24719 1
9357 24280 2
2645 19243 2
96951 92381 2
97925 13564 2
48399 69507 2
8657 66574 1
96492 35504 1
90744 26372 1
39257 45762 2
83793 11859 2
48437 11558 2
40642 17828 1
14737 23234 2
82026 96245 2
51030 67179 1
43512 24025 1
54685 26224 1
11121 18771 2
79892 97933 2
81902 44607 1
91424 6713 2
58235 33290 1
94485 57753 2
77530 35029 1
32000 65962 1
23582 88214 1
60414 40187 1
30192 40886 2
68834 47600 2
34094 75956 2
16211 38433 2
36167 91456 1
45547 46936 1
71648 98337 2
98745 88087 1
52626 14352 2
5472 47184 1
12169 49147 1
46870 779 1
71526 67 1
55238 16707 2
18494 9278 1
92302 7337 1
20762 48533 2
47618 70496 1
23061 34119 1
33799 65087 1
79617 6565 2
12153 89362 1
55266 82420 2
24901 71161 2
63153 71054 1
25551 62824 1
74682 51361 2
40014 84966 2
15998 44270 1
1355 33326 1
86610 4619 2
11526 71280 1
69823 69122 1
30961 22257 2
59584 31152 1
60786 85318 1
28711 60678 2
77189 43454 2
96887 49516 1
49080 35509 2
80299 59673 2
29934 97442 2
50286 32188 2
90877 30122 1
3809 51606 1
31312 43114 2
70713 11742 1
73125 54193 1
85375 46587 1
99311 54883 2
8302 36557 2
48277 53655 2
59159 51557 1
57841 73402 1
34464 50953 2
68275 42570 1
28641 90641 2
37148 94268 1
52774 35308 2
27651 27735 1
73936 13308 2
71187 31799 1
88436 86837 1
26347 65259 1
76058 55362 1
4093 61494 1
22015 81473 2
14767 81681 1
36659 33858 2
60637 18760 1
65948 58571 2
76693 12185 2
94898 55191 2
16441 79128 1
94273 96658 1
62465 57678 2
83242 92159 2
99894 59445 1
43873 27122 2
32120 31742 2
24368 48599 2
54169 1611 1
25811 94409 2
17536 71797 2
21019 635 2
65415 59303 1
14059 99699 2
46558 75457 2
53342 75274 2
67526 33046 2
65407 82669 1
81558 55822 2
53742 49983 1
14424 6981 1
48738 6805 2
15117 91594 1
15106 62040 1
55909 27553 2
50219 6823 1
12617 32865 1
72397 16146 1
29553 74999 2
13038 47616 2
74926 19329 1
76325 31114 2
11649 2356 1
4960 68445 1
44930 24439 2
96063 94044 1
8986 74758 2
28374 55836 2
20233 8367 2
87695 39079 2
8641 71800 2
49062 94074 2
94344 27287 1
94123 16902 2
72954 23257 1
26051 61970 2
46981 99100 1
91528 87959 2
31148 72340 2
3204 4451 2
14981 96106 2
58522 93655 2
77755 17112 1
12573 11881 1
13356 28366 1
49431 94435 2
94507 25648 1
33476 28898 1
66751 55766 2
32788 41559 1
95043 40971 1
41484 27306 2
95236 95759 1
92005 74386 2
41926 46997 1
17036 19358 1
36608 22277 1
18913 39183 2
43259 64475 1
2744 13339 1
39254 48198 2
13147 41420 2
43589 26890 2
28229 82015 2
33870 17695 1
77640 78374 2
86858 55887 2
99721 4358 1
4906 84540 2
16063 24090 2
77136 99351 1
15543 18958 1
27153 55242 1
59187 57956 2
68122 22640 2
32774 68403 1
88776 24407 2
32281 7875 1
86254 33413 1
58762 55282 1
68211 36656 2
45320 19922 2
79185 2917 1
50584 60392 1
38584 86498 1
41299 32527 2
82824 635 2
29253 95155 2
56826 10136 2
23920 10071 2
69336 54518 1
31559 36655 1
15457 50562 2
27123 89030 2
47270 74721 1
1362 79930 1
59376 26571 1
6355 24507 1
85527 79627 2
64123 13551 2
332 47937 2
7107 52689 1
37232 57280 1
90903 92653 1
43451 85200 1
17912 1926 1
8022 36621 1
38395 5777 1
4129 92102 1
50217 36727 1
35118 47359 1
19069 15991 2
12484 93871 1
76041 63937 2
35581 47747 1
36753 77308 2
14888 63705 1
46637 13281 2
97191 61926 2
64908 87613 1
94034 25361 2
42828 55635 2
11891 92117 1
81891 46584 2
33544 55235 2
39161 90229 2
41701 98813 2
59595 69129 1
90479 99388 2
94922 33797 1
85441 24268 1
56570 73134 1
23979 16107 1
15987 77150 1
30030 55469 2
78980 14530 1
88097 63771 1
93227 45181 2
55087 43055 1
84254 12356 2
36407 10905 1
1957 94273 1
74443 46909 1
69565 61073 2
74257 44531 2
77590 38021 1
89509 93830 1
72534 8516 1
29525 52342 1
21749 45192 2
40740 78550 2
22879 43485 1
11751 35982 1
75861 96165 2
36907 54298 1
40524 69910 1
35981 49033 1
19052 53050 2
32672 80798 2
15602 23278 2
89771 86611 1
50926 9251 1
41448 30161 2
68774 5793 1
1767 40122 1
10961 6751 2
33673 19488 1
81437 76684 2
67429 84682 1
37386 35273 1
19558 36886 1
34669 63309 1
92810 42833 2
91182 99008 2
86693 16129 1
17002 6208 2
64444 35484 1
19441 35103 1
5899 37454 1
48969 28066 1
81727 19735 2
31433 71972 2
57597 14475 1
87295 10097 1
90073 72848 2
10059 92395 1
50464 8131 1
47426 49993 2
54095 531 1
73803 65267 1
39897 7557 2
1509 75751 2
27172 60846 2
66176 57079 1
12460 26588 2
82207 13641 1
72799 60846 2
94044 4149 2
48160 37751 2
54948 99115 2
64901 89887 2
7927 38667 2
16569 49506 1
44745 88906 1
98586 53007 2
68900 72083 2
91292 59530 2
75876 14628 2
36292 99210 2
18905 70445 1
15309 41051 1
4873 70261 2
23655 48126 2
43147 39317 2
45843 87524 1
27340 72826 1
21224 59607 1
66766 24199 2
57265 48690 2
68132 61809 2
93069 33955 2
18136 60801 1
41742 77264 2
87238 69398 1
78714 58031 2
38270 32128 1
10509 58220 1
613 22310 1
32757 62567 1
7444 37985 1
94293 33523 1
40088 4479 2
86370 97497 1
91824 79169 2
54153 85363 1
26003 13501 2
27719 1105 1
67303 48476 1
67759 71223 1
2827 70301 1
81736 87069 2
60814 8336 2
24461 43182 1
27445 11196 1
4171 63561 2
7353 31835 2
28486 5827 2
48295 12440 1
11188 6467 1
32414 32952 1
44448 74821 1
79220 8750 1
92521 91320 1
68466 88004 2
24448 17632 2
14355 75513 1
24942 17428 1
94601 5790 2
28459 77121 2
25624 29784 1
56872 63909 2
38105 86721 1
36102 11925 2
62329 96935 1
43357 1367 2
35415 28524 2
73782 50857 1
26313 33668 1
5521 72152 1
1624 82938 2
19360 1802 2
73215 71595 1
35466 80597 2
80304 87113 2
73961 91205 1
88719 80153 1
81036 63994 2
1781 30934 1
94006 38471 2
37678 23116 1
40669 47349 1
49659 89117 2
53740 68478 2
55825 12288 2
68385 35794 2
92601 67005 1
52400 469 2
38990 73074 1
23614 77663 2
32834 20497 2
76390 44218 1
28056 88479 1
69016 71464 2
69131 53815 1
93589 16251 2
97414 98533 1
72244 78235 1
11659 59020 2
72417 42020 1
47693 31104 1
77144 59621 2
29525 47373 1
26094 34113 1
25920 10126 2
89001 14898 1
25599 73270 1
55619 62209 2
21973 75723 1
83211 73711 2
5309 79333 2
60163 30768 1
99266 18708 2
91459 82411 1
97349 76376 1
56213 65211 1
34971 94278 2
94295 20465 2
12780 69898 2
31516 54095 1
27861 5535 1
48523 25230 1
69095 59353 1
18750 34553 2
92870 76763 1
18181 5456 1
32714 80065 1
20545 95398 1
43041 29944 2
74281 46084 2
33035 70017 2
12232 26116 1
30429 1042 1
97468 92278 2
50367 55860 1
94169 97182 2
47086 28102 2
80964 49684 2
59706 86648 2
26361 64482 1
94121 47889 2
28710 49130 2
64371 19882 1
6829 98942 1
7747 497 1
17254 43590 1
56124 5703 1
90938 5918 1
92530 37858 1
63881 33300 2
29133 26860 2
20901 33998 2
87018 98050 2
80565 16771 1
64825 7413 1
68979 765 1
99360 80493 1
46062 79293 1
19798 27585 1
99721 60727 1
77065 99008 2
17914 50321 2
84217 57739 1
30924 58249 2
42490 80664 2
34621 10668 1
22742 16881 2
10337 17792 1
2473 48627 2
47101 96827 2
11459 87088 1
99213 11401 1
84170 33069 1
14878 35114 1
49813 15076 1
73588 47825 1
23826 44387 2
28806 27270 2
67968 88940 2
95549 21285 2
81014 77875 1
94841 5789 2
7195 49443 1
11212 60786 2
47307 99129 1
15740 68636 1
344 19431 1
5861 92134 2
13959 13075 2
61269 61327 1
59087 82133 2
48783 91308 1
50142 61468 1
57833 63908 2
26451 64490 1
83597 90387 1
35685 89588 1
96347 68584 1
54522 29571 2
85286 91142 1
17969 86709 2
81235 25063 2
81785 29084 2
90717 49524 2
38423 96318 2
97331 3086 1
26692 68851 1
49464 49481 2
84813 3403 1
76643 80619 2
16562 60197 2
6109 50674 2
16551 52153 2
20709 53739 1
20821 87919 1
30223 57595 1
36762 90150 2
59616 67418 2
57797 35022 2
80436 80627 1
32603 24814 1
12569 74822 1
92661 9119 1
88689 66215 2
76479 74126 2
18228 48956 1
50491 55070 1
10347 57154 2
86684 82308 1
9878 44776 1
34188 99305 1
15944 25426 2
49926 3756 1
45957 6999 2
57468 81149 2
42731 88836 2
17746 56515 1
48070 99224 1
62753 47991 1
24826 614 2
20277 55015 2
75933 56565 2
55056 42100 1
40633 18051 1
85701 6676 2
2895 24670 1
61469 96337 1
70543 55882 2
9333 19047 1
11138 83166 1
88510 53194 1
76960 96582 2
66908 5406 1
44186 97922 2
14568 92413 2
19537 70150 1
90542 81493 2
14044 16024 1
67887 62759 2
28039 29462 1
34272 42185 1
44526 48365 1
93450 13157 2
84422 13027 1
74024 89112 2
26421 75597 1
16876 1268 1
98901 22329 2
93978 83582 2
98325 66886 1
27530 86352 2
71416 58087 2
28458 70936 1
87859 11877 1
77371 82872 2
81555 74682 1
8400 88612 2
31509 53750 1
50290 89703 2
31661 30941 2
49278 73342 1
14368 59494 1
10116 29403 1
59529 15262 1
8682 28035 2
54712 51491 2
57000 34961 2
24878 63722 2
17002 1265 2
54338 21274 1
10257 165 2
70303 86511 1
89554 90948 1
62084 77591 1
3829 45622 2
13154 52248 1
47255 36857 2
89410 31144 2
66408 68159 1
83613 8404 1
73390 88910 2
61697 44698 1
51105 54654 2
50995 25806 2
48653 72959 2
63015 14457 2
29907 36528 1
25578 96245 2
39655 6889 1
11865 64306 2
83891 19602 1
52775 26613 2
34643 41 1
46651 30740 1
39864 1281 1
64399 70395 1
33285 96317 2
9842 35561 1
15477 72057 1
57415 91924 2
39187 31778 2
15684 64129 2
64640 11992 1
93108 30093 1
14416 58323 2
22390 22631 1
30925 90811 1
50043 9459 2
36499 84783 2
45643 20584 1
22194 99839 1
40641 55315 1
98000 82866 1
91179 95986 2
36612 83617 1
59275 21434 1
79388 89498 1
71000 80594 1
7960 23838 1
56542 19862 2
47852 62659 1
67993 26196 2
66850 53682 1
25534 13106 2
69622 28938 1
69395 31782 2
56600 78683 2
77426 78172 1
66030 24876 1
42506 56341 1
83023 7735 2
62942 98434 2
79976 85863 1
57604 39980 1
68571 94400 2
63142 59984 1
78236 79256 2
20101 90299 1
17202 78198 1
70641 66098 2
85244 19962 2
14130 59789 1
58281 7573 2
4514 19255 2
91710 8876 2
88497 80784 2
41525 84025 1
74048 58955 2
86904 45098 1
69894 11728 1
89194 36864 2
82190 75963 1
82014 60146 2
65783 47259 1
67870 43943 2
94163 70484 2
28965 47519 1
86760 43326 2
62053 16715 2
17330 44547 1
59843 20881 2
82623 38629 1
11286 81865 2
79665 42229 2
12971 22498 1
64448 67581 2
5572 6942 2
95926 84312 2
59028 69361 1
31313 82836 2
49893 25606 2
60868 81623 2
53106 64218 1
30806 74743 1
81709 79455 1
40129 49472 1
76762 38747 1
64532 83922 2
2610 9190 2
61138 16481 2
66433 72367 1
65329 90483 1
24937 39256 1
86076 39334 1
44989 64534 2
14994 83303 1
22982 88018 2
54404 58779 2
31170 87626 1
60122 91706 1
22016 91024 1
34479 5871 1
28581 31530 1
54001 29178 2
98762 63280 2
11874 89038 1
58907 21714 2
18265 65523 1
61849 84368 1
87458 23077 2
13401 95903 2
10618 20563 2
4068 34699 1
2548 94177 1
37013 37135 2
32342 95046 1
92606 10718 1
88028 36079 2
44611 90686 2
65684 60954 2
9661 26632 1
64289 44348 2
40120 28106 2
38201 39580 2
84437 14277 2
32967 10325 1
38249 1070 1
21321 69432 2
64124 28113 2
3538 37031 2
61131 63082 2
87402 10651 2
5319 69098 1
2665 38080 2
79700 31256 2
11104 80980 2
39627 58093 1
48336 32267 1
77912 47767 2
61104 1390 1
25564 31543 1
90315 83767 2
92044 97859 2
17312 24438 1
17712 23012 1
98849 49327 2
13157 63673 2
21300 8346 2
90460 81875 1
92661 93154 2
9656 55831 1
38066 26375 1
81108 29471 1
98669 82108 1
68731 57817 1
54014 93833 2
38606 54854 2
42255 63209 2
5762 59292 1
2206 50829 2
41247 63909 2
22142 44344 1
68866 32158 2
32822 64098 2
17851 31897 1
69120 90709 1
22416 28795 2
56363 84211 1
87225 17150 2
69050 2989 2
69314 59984 1
45571 51213 2
48812 89299 2
98641 2862 1
21419 36635 2
28131 64414 1
10441 1875 2
25226 38179 1
69922 57592 1
72079 57619 1
4902 68380 2
14410 61946 2
23387 44389 1
8876 86296 2
45720 45387 2
68342 69601 1
12939 24125 1
85312 60955 2
61716 83485 1
92819 9667 1
39080 95519 2
94287 7080 2
25519 84366 2
82886 32559 2
67973 53576 2
3391 23309 2
5597 69341 2
27764 87024 1
29145 8595 2
68436 81879 2
69396 81637 1
68386 94101 1
72792 54975 2
69556 70930 2
17416 93668 2
72245 18218 1
36824 43401 1
33603 2124 1
91439 77783 2
97009 88827 2
75532 12044 1
84710 61009 1
15230 6874 2
93949 3831 1
90667 75527 1
14115 2095 2
13642 91276 2
99644 64906 1
1929 14390 2
62239 72594 2
71879 66472 1
73589 21057 1
5915 4375 2
10430 94696 1
40747 39245 2
12844 62602 1
78006 54790 1
45957 37694 2
88651 26134 2
60709 39664 1
45327 49632 2
35194 78304 2
21947 16768 1
15494 22465 2
54012 83299 2
66273 21084 2
43730 10122 2
4949 66763 2
29489 88875 2
25088 50174 1
53987 21647 1
60629 29849 2
90563 52181 2
66235 41812 1
57923 30382 2
85612 57338 2
93735 90815 2
20216 52394 2
32008 96386 2
51872 70937 2
74419 81573 2
88507 72718 2
91143 74249 2
79092 46117 2
61850 93700 2
28265 75213 2
53717 78080 1
32302 51338 1
73619 89338 1
39784 10579 1
13990 53987 1
40435 96565 1
27058 6147 1
69533 2766 2
81840 33041 1
77288 47411 1
14829 91132 2
99660 33706 1
69672 55781 1
82898 28657 2
1399 17026 1
10746 79701 2
66211 16669 2
8630 2172 1
45991 83987 1
27597 8988 1
64693 7126 1
5529 19041 1
11889 61291 1
11881 90091 1
70964 2925 1
77696 78125 2
14410 2920 2
8820 53519 2
8660 41407 2
11087 58765 2
32583 32038 2
88978 27063 1
83084 93736 1
80429 17647 1
41662 53506 1
6824 37166 1
20687 76678 1
40478 41630 1
56035 68762 2
6428 89057 1
36178 30486 2
10215 52329 1
19595 26538 1
47091 74462 1
19660 20405 1
11148 98364 2
32395 23215 1
79185 88722 2
80912 75968 1
87924 11363 2
51928 78246 1
10011 76201 1
43924 10323 1
67042 74509 2
49256 6029 1
94423 59344 1
9836 25677 2
13597 19398 1
334 24608 1
21610 17558 2
92398 1097 1
12104 23483 2
99553 26781 2
12727 550 1
59695 21509 2
22730 61977 2
63029 42176 1
64582 50989 2
84324 19806 1
48006 56173 1
38976 89126 2
34425 761 2
99873 19921 1
52034 83972 1
75093 80172 1
67511 30711 2
97980 54010 1
65731 7852 1
34443 13968 1
91781 7795 2
21578 17880 1
57519 78672 1
51478 70990 2
21191 67067 2
3584 8614 2
35849 30974 2
19883 85956 2
45507 25019 1
1266 68290 1
50679 8676 1
58368 26254 1
66876 36129 1
42070 40713 2
17182 26797 1
91080 73545 2
26906 5529 2
26016 21207 2
19171 86888 1
10426 97810 2
73280 97969 2
35174 51115 2
89643 48513 1
72682 70503 2
85523 35382 2
16253 13536 1
44251 86629 2
32653 1028 2
78873 2196 2
18458 97716 2
55960 55649 2
13464 8935 2
18902 95801 2
36657 78308 2
99046 89538 2
69889 97195 2
79280 19858 1
16984 3149 1
90956 27861 2
92540 42287 2
21259 96458 1
81956 3308 1
750 45031 1
25758 84880 2
45932 34097 1
85002 2653 1
61489 14533 2
12604 96490 1
76825 17202 2
14974 81375 2
78777 34844 1
22251 26970 1
55607 15419 1
28694 71629 2
