1000 1000 395
731 499 2
661 475 1
976 405 1
760 998 2
365 695 1
512 636 2
44 287 1
936 845 2
499 551 1
831 955 1
809 5 1
545 537 1
861 363 1
555 913 1
647 871 2
778 941 1
293 964 2
981 703 1
152 176 2
327 600 1
188 404 1
54 653 2
875 239 2
87 941 2
843 523 2
407 149 2
563 478 2
979 148 1
50 19 2
113 79 1
961 839 2
629 910 2
403 748 1
373 93 1
340 761 2
509 708 1
895 639 1
572 840 1
615 958 2
797 7 1
759 166 2
311 408 1
186 542 2
574 313 1
764 657 1
336 671 2
510 60 2
608 346 1
558 146 1
950 845 1
453 520 1
116 858 1
335 713 2
579 869 2
462 2 1
716 28 1
992 407 1
848 813 2
340 381 1
489 248 1
177 934 2
110 817 2
704 984 2
235 991 2
813 654 2
366 792 2
849 37 1
452 683 2
19 296 1
426 268 2
634 325 1
436 747 2
565 774 1
521 405 1
627 769 1
60 354 1
243 329 2
477 437 1
918 274 1
534 392 1
336 264 1
927 781 1
994 761 1
131 966 2
979 806 2
513 13 1
994 903 2
843 397 1
454 356 1
66 63 1
463 332 2
688 822 2
242 874 2
132 596 1
88 291 2
290 570 1
87 753 1
752 580 2
968 859 2
539 826 1
567 779 1
432 137 2
279 302 2
979 600 2
467 192 1
963 36 2
334 341 2
284 468 1
476 881 2
883 5 2
782 97 1
70 935 1
347 144 1
826 982 1
1 907 1
571 770 1
584 701 1
127 711 1
783 460 1
659 86 2
317 170 1
805 850 1
178 885 2
1000 580 1
299 391 1
739 464 2
105 262 2
466 862 2
962 597 1
587 305 1
591 530 2
811 395 1
525 46 2
871 439 2
324 224 1
315 846 2
491 82 1
742 811 2
826 506 2
924 135 2
518 843 2
515 829 2
512 873 2
70 511 1
62 528 2
733 487 2
25 646 2
691 311 2
142 637 2
671 74 2
893 354 2
124 568 1
165 577 1
528 438 1
238 974 2
657 52 1
189 829 1
251 557 2
707 531 2
563 298 1
887 586 1
600 183 2
943 729 2
660 877 2
651 762 1
911 271 1
899 723 2
196 541 1
659 541 1
715 299 1
174 120 1
269 771 2
840 853 1
843 447 2
379 42 2
528 840 1
827 514 2
378 146 2
978 514 2
101 69 1
549 974 2
504 78 2
404 993 1
77 771 1
806 424 2
13 275 1
691 264 1
786 196 1
472 476 1
812 227 1
751 968 1
389 904 1
364 40 1
413 183 2
121 314 1
478 312 1
74 639 2
384 87 1
354 126 2
719 221 1
517 778 1
680 477 2
300 463 1
456 64 1
796 784 1
989 769 2
583 932 1
218 386 2
409 213 1
151 142 2
652 664 1
791 636 1
164 487 1
705 242 2
284 554 2
368 952 1
624 905 1
3 857 1
625 684 2
237 285 1
612 332 2
134 186 1
843 959 1
840 702 2
610 343 1
459 191 2
203 820 1
465 83 2
251 261 2
258 824 2
371 891 2
602 829 2
927 263 2
46 503 1
474 183 2
443 646 1
33 525 2
455 45 2
875 119 1
686 829 2
768 80 1
158 466 1
223 406 2
139 428 2
213 362 2
996 336 1
781 171 1
788 77 2
35 243 1
874 976 1
888 24 1
81 368 1
569 301 2
969 266 1
712 22 2
60 230 1
377 239 1
986 672 1
798 166 2
357 808 2
76 157 1
414 18 2
284 537 2
974 927 1
851 749 1
374 203 2
626 352 1
711 205 1
718 946 1
155 905 1
529 475 1
2 361 2
727 61 1
534 648 1
522 109 2
664 334 1
831 702 1
552 87 1
71 493 2
185 667 1
935 454 2
218 16 2
288 390 2
278 651 2
231 215 2
261 851 2
454 575 1
913 70 2
378 57 2
538 506 1
731 114 2
138 334 2
695 869 1
890 734 1
486 288 2
923 978 2
303 645 1
502 79 1
162 722 2
109 356 2
421 961 2
607 943 1
8 120 2
280 390 2
248 74 2
718 190 2
103 837 1
797 800 2
154 18 1
84 951 2
522 849 1
670 675 1
700 98 2
714 368 1
953 44 1
972 512 1
135 193 2
58 525 2
869 280 1
559 632 1
75 995 1
91 933 1
88 719 2
104 140 2
514 910 2
783 226 2
490 568 2
762 222 2
917 165 1
487 644 2
916 717 2
131 389 2
428 576 1
980 293 1
95 534 1
382 348 2
906 497 1
56 454 2
469 886 1
772 339 1
566 120 2
346 335 1
630 677 2
373 131 2
370 559 2
212 914 1
227 179 2
203 701 1
487 885 1
232 440 2
950 787 1
526 299 2
77 526 2
461 393 1
342 772 1
720 132 2
774 840 1
629 31 1
998 768 2
937 923 2
643 726 1
553 915 2
551 184 1
594 295 1
941 393 2
995 325 2
184 397 2
542 331 1
77 473 1
546 463 1
540 736 2
179 983 2
419 511 2
89 289 2
387 170 2
37 348 1
433 908 2
751 349 1
286 36 1
939 620 2
376 994 1
822 540 1
735 774 1
382 726 1
648 266 1
256 894 1
230 51 1
480 853 1
612 884 1
28 13 2
964 802 1
865 720 2
507 889 1
813 946 2
466 341 2
403 626 2
431 914 1
890 693 1
994 502 1
102 107 1
848 801 1
30 584 2
228 724 2
844 44 1
9 727 1
664 580 2
657 328 2
237 199 1
737 747 2
811 633 1
674 589 1
235 651 1
514 176 1
22 505 1
809 723 1
807 139 2
357 407 2
948 44 2
46 578 2
137 38 2
602 976 2
172 309 2
2 813 1
610 951 1
779 284 2
417 90 2
663 867 2
828 966 2
929 757 1
75 975 2
733 423 2
312 684 2
181 563 1
634 243 1
581 920 2
998 955 1
800 151 2
937 432 1
352 504 2
839 602 1
746 779 2
336 238 2
831 16 2
165 604 2
445 239 1
831 839 1
948 704 1
161 976 1
466 781 1
265 396 2
711 211 1
395 273 1
714 861 2
870 421 1
618 961 1
972 935 2
621 784 1
214 28 1
716 442 1
383 611 2
269 696 1
420 1 2
288 369 2
498 502 1
803 61 2
176 207 1
502 877 2
856 810 1
632 297 2
755 764 1
704 872 2
458 670 1
660 316 1
301 204 1
702 939 1
856 365 1
465 7 1
249 950 2
816 95 1
860 399 1
296 596 1
431 596 1
202 485 2
750 29 1
978 331 2
752 582 1
298 966 1
344 368 2
231 142 1
525 134 2
547 714 2
562 497 2
994 837 1
415 725 2
69 324 1
310 273 2
538 385 1
326 211 1
769 155 2
660 530 2
97 644 1
589 962 2
753 929 1
862 828 2
975 966 2
292 451 2
61 327 2
892 359 2
350 472 1
244 54 1
702 783 1
152 974 1
607 884 2
262 341 1
701 775 2
930 617 2
43 714 1
611 8 1
980 515 1
300 634 2
19 900 1
940 386 2
586 587 1
662 888 1
991 738 2
754 745 1
491 80 1
226 230 2
217 334 2
766 601 2
557 122 1
1 875 2
690 463 1
345 697 2
67 188 2
610 210 1
979 825 1
428 779 1
125 621 2
361 563 2
389 442 1
504 103 2
220 543 1
573 503 2
944 349 1
326 727 2
185 987 1
855 135 1
294 499 2
727 724 1
326 570 2
129 204 2
687 131 1
276 286 2
851 53 1
732 256 2
318 465 2
14 495 1
137 21 2
904 467 1
626 571 1
271 775 2
746 10 2
558 621 1
253 524 1
702 177 2
574 871 1
48 41 1
88 397 2
733 987 1
990 299 1
567 87 1
572 765 1
429 217 2
179 129 1
643 985 2
57 223 2
431 458 1
863 376 1
45 790 2
953 644 1
980 112 1
690 266 1
175 1000 1
93 676 2
526 899 2
533 760 2
834 401 2
598 840 2
892 637 2
81 315 2
342 481 1
900 538 2
672 655 1
376 771 1
365 305 1
489 562 1
219 25 2
586 843 2
455 138 2
134 289 2
487 717 2
72 867 2
14 789 2
148 913 1
603 860 1
947 291 2
922 443 1
995 98 2
857 142 1
997 133 1
260 6 1
134 614 1
931 493 2
894 83 1
911 837 1
788 373 2
472 826 2
935 124 2
505 315 2
478 385 1
114 749 2
754 2 2
102 336 1
975 241 1
67 624 1
543 518 2
292 453 2
302 281 1
474 275 1
223 248 2
463 739 2
245 263 1
185 384 1
171 723 1
397 963 1
837 894 2
162 360 2
524 183 2
762 487 2
191 559 2
596 923 1
916 300 2
285 390 1
435 25 2
754 739 1
411 676 1
335 379 1
675 48 1
315 817 1
483 609 1
394 46 2
24 482 2
282 957 2
651 554 1
6 904 1
355 882 1
310 65 2
822 457 2
333 658 1
460 264 1
50 790 1
509 47 2
959 229 1
205 398 2
277 68 2
135 868 1
670 867 2
831 212 2
154 861 1
319 899 2
235 747 1
795 788 1
648 609 2
941 724 2
894 144 1
793 878 1
322 427 2
298 839 2
8 858 2
292 907 1
287 953 1
967 343 1
259 498 2
843 493 2
770 975 2
790 963 1
272 97 2
503 284 1
891 804 2
399 573 2
63 272 1
723 177 2
98 986 1
851 614 1
329 841 1
630 446 2
986 841 2
692 327 2
104 419 2
130 931 2
635 291 1
898 665 2
45 233 2
688 242 2
645 633 2
734 484 2
928 979 2
841 427 2
147 491 2
321 835 1
138 378 2
525 639 1
805 371 2
245 797 1
53 711 1
926 736 1
172 761 2
834 157 1
570 819 2
429 86 1
400 64 2
385 730 2
889 631 2
35 147 1
748 46 1
91 814 2
860 21 1
640 815 2
320 391 2
322 10 1
459 133 2
502 491 1
205 778 1
110 319 2
936 871 2
30 641 1
819 17 1
576 6 1
995 582 2
129 921 2
101 668 2
690 72 1
790 898 2
184 909 1
411 709 2
852 605 1
849 717 1
339 508 2
686 965 1
551 160 1
462 430 1
204 650 1
703 836 1
452 768 1
53 432 1
380 245 1
15 20 1
668 320 1
192 466 2
131 529 2
295 790 2
49 335 1
863 127 2
108 676 1
224 922 2
395 335 1
956 671 2
542 17 2
122 674 2
812 825 2
783 27 1
658 536 2
736 758 2
323 390 2
474 820 2
867 763 1
818 769 1
243 38 1
45 644 1
888 658 2
689 969 2
212 676 2
2 394 1
988 790 2
318 578 2
720 495 2
609 409 1
478 825 2
818 459 2
654 786 2
308 400 1
655 355 2
206 254 2
793 908 2
508 826 2
642 54 1
755 731 1
602 903 1
425 31 2
262 34 1
883 996 2
464 876 2
260 585 2
933 232 1
421 522 2
670 708 1
711 215 2
720 202 1
299 341 1
252 216 1
883 123 2
495 992 2
190 839 2
27 249 1
416 287 2
364 516 1
343 880 1
21 672 1
351 691 2
712 894 1
159 403 1
721 573 1
554 648 1
668 247 2
663 54 1
538 531 2
362 783 2
361 33 1
144 973 1
937 617 2
903 249 1
431 268 1
212 199 2
973 537 2
362 695 1
216 18 2
714 694 2
321 636 1
325 787 2
237 915 1
820 378 2
917 883 1
881 188 2
855 176 1
331 373 1
323 7 1
558 93 1
238 355 1
16 656 2
906 841 2
350 918 2
460 812 1
141 995 1
325 121 1
217 96 1
834 804 1
593 96 2
228 282 2
800 684 2
953 77 1
870 496 2
449 627 1
870 492 1
577 7 1
382 227 1
396 591 1
761 167 2
981 844 1
568 987 1
334 869 2
877 704 1
284 644 2
582 937 1
488 647 2
648 222 2
919 536 1
42 149 2
131 150 1
93 308 1
393 562 1
803 313 2
57 499 1
949 418 2
313 690 1
995 573 1
290 951 2
457 313 1
369 922 1
388 355 1
512 730 1
744 91 1
850 10 2
173 940 1
970 111 2
214 303 2
557 547 2
33 968 1
243 933 2
513 304 1
690 143 1
151 857 2
947 599 2
589 445 2
739 510 2
410 888 1
323 324 1
825 625 2
169 938 1
601 149 2
365 590 1
822 36 2
381 3 1
823 554 2
897 102 2
710 335 1
887 90 1
27 344 1
328 989 1
209 708 2
425 337 1
320 815 2
940 748 1
353 410 1
140 992 2
461 97 1
564 651 2
143 828 2
233 112 1
621 126 1
291 645 1
835 569 2
616 443 2
279 25 2
922 169 2
254 68 2
284 562 2
6 304 2
392 970 1
554 485 1
300 84 1
625 151 2
560 263 1
151 965 2
361 436 1
75 909 1
562 570 1
919 910 1
158 611 2
4 580 1
295 612 1
859 583 2
354 625 1
844 124 1
321 550 1
267 627 2
703 431 1
230 431 2
888 537 2
337 65 2
382 823 1
682 134 1
197 838 2
197 988 1
920 865 1
520 369 1
49 53 2
488 244 1
61 526 2
635 306 1
798 777 2
292 50 2
535 240 2
155 225 2
676 889 2
562 703 1
495 543 2
161 569 1
780 359 2
530 341 2
174 13 1
893 392 1
879 597 1
102 987 2
228 242 1
538 746 1
303 66 1
14 164 2
916 79 2
8 894 2
372 656 2
60 696 1
237 310 1
224 238 1
775 207 2
696 464 2
808 751 1
35 426 1
961 730 1
299 85 1
