100000 5000 98661
37349 50091 1
75002 72251 1
37542 47708 2
7763 78719 1
36031 18363 1
83055 45152 2
40739 30315 2
18955 29082 2
32410 6531 2
29976 83169 1
22076 47727 2
35802 42841 1
34522 21295 1
27050 78396 1
92053 67735 2
13684 72920 2
75749 74798 2
66010 85262 2
79219 72847 2
26255 1588 1
87391 53738 2
17532 46644 2
827 24708 2
14206 52651 1
94445 96435 1
19174 43339 1
78705 90787 1
4184 86777 2
22037 9043 2
24844 57711 1
76316 56761 1
94193 95131 1
66844 3226 1
71205 91839 1
6719 83795 1
3294 13199 2
45222 48275 2
49444 30070 1
39137 62334 2
41428 28785 2
46680 74027 2
56383 90834 2
70597 75367 2
37128 57886 2
89464 36337 2
61258 62800 1
41970 22779 2
63728 40500 1
10538 77263 2
37755 99788 2
16107 70248 2
23520 41167 2
79316 60853 1
6759 53541 2
30486 84409 1
45037 97516 1
84250 50861 2
76611 51030 1
64537 23005 2
25644 6217 1
87297 47815 1
35203 16093 1
87063 29471 2
39795 63874 1
74832 8910 1
75645 81079 1
71414 71342 2
44182 57140 2
25609 96880 1
40006 43105 1
35515 24566 1
457 76957 2
21459 98745 1
33490 97720 1
36011 49764 1
57860 40152 1
84722 76375 1
75639 42392 2
31051 18661 2
53305 5765 1
908 71926 2
55210 56608 1
79200 64742 2
73726 35454 2
89862 64196 1
77759 10955 2
99919 36116 2
11177 21986 1
67587 86573 1
58636 73783 2
59805 60092 1
97422 93389 1
90891 12735 2
46566 55744 1
33295 49739 2
14082 30109 1
99776 20903 1
97346 40709 2
36618 27215 1
49690 19598 2
59530 69297 2
67604 40065 1
23443 851 2
73100 86941 1
22635 48779 2
80818 63155 1
72686 3814 1
88844 80488 1
67402 83906 2
29265 27414 2
51138 99379 2
66735 47050 1
99436 70690 2
6117 90472 2
77139 88809 1
4138 79459 2
42517 26264 2
58980 69221 2
17413 50163 2
73970 79661 2
5770 47378 1
78627 39788 2
15935 78176 2
93277 67943 2
89937 19037 2
77335 55672 2
38852 2940 1
36222 75373 2
49710 67557 2
49044 42600 2
65818 95636 2
73228 78653 1
95207 92952 1
86928 18007 2
71367 20821 1
15483 40179 1
91008 84387 2
16736 90370 1
71630 59628 1
43265 81196 2
98623 33650 2
71192 50152 1
29045 69222 2
48113 43845 1
40424 98962 1
79214 25221 2
38082 85329 2
17570 20892 2
73025 94961 2
45943 74197 2
39992 99640 1
72520 27533 1
4622 63004 1
20391 4182 1
925 39434 2
27064 21014 2
87188 56480 1
11412 61605 2
41142 43314 1
13160 68467 2
97241 22473 2
73491 51167 2
60328 22079 2
75531 14561 2
15842 40004 1
35673 95425 1
88856 7868 1
77752 43549 1
30259 44159 2
39194 73831 2
57003 46072 1
65923 48677 2
61361 51207 2
12460 28752 1
20390 11807 2
26113 62645 1
98978 10760 1
4291 25687 2
22286 63902 1
44200 47370 1
64810 99792 2
15382 41242 2
94120 72258 2
37291 92930 2
94350 23691 1
30008 86134 1
98297 69592 1
83201 98649 1
27541 52839 2
54911 47271 2
57381 14893 2
35646 29805 2
23489 71377 1
79743 58956 2
72019 17454 2
58679 43450 2
74873 65141 2
40270 59584 1
85511 53576 2
26177 37533 1
14818 38145 2
9473 99681 1
71109 5513 1
33586 12627 1
8576 36257 1
18573 87820 1
12948 98556 1
65950 15642 1
51416 35331 2
33510 71422 2
39959 94192 2
31930 64558 2
64784 88467 1
67074 81331 1
43669 3024 2
99771 27468 2
54412 63935 2
34006 69290 2
5329 43883 1
17431 85778 2
47090 20916 2
6102 56990 2
34609 26733 1
17377 94588 2
55654 15870 2
71896 95597 1
85883 45635 2
38320 2631 1
99662 86795 2
57617 29140 2
23026 46618 1
26744 29361 2
75406 52935 1
55222 76208 2
57660 86623 1
24238 23958 2
32683 16608 1
93787 23742 2
55070 62751 2
61096 244 2
21099 41026 1
53494 31450 1
23421 42151 2
27289 59334 1
17843 88507 1
68795 35170 2
39934 79108 1
38776 44139 1
78823 44248 1
57697 96147 2
59975 16483 1
15961 72064 2
95724 28645 2
91163 8970 1
9146 86290 2
28849 37440 1
7720 47472 1
39838 66788 2
76415 64796 1
63894 87690 1
64191 79941 2
37697 15805 2
74106 15984 2
57403 54683 1
30135 85842 1
49463 68884 1
60176 80985 2
65431 22382 2
93812 28292 1
43894 96196 1
69606 90982 1
35518 59650 2
91964 93671 1
15954 7979 1
83489 90243 2
95494 43348 2
26323 72617 1
91521 21606 2
70853 88573 1
2018 14367 2
89118 29622 2
43896 30674 1
95609 98177 2
25001 13570 2
35907 18140 1
98188 36715 1
54721 79932 1
93935 49210 1
35591 78407 1
67569 76079 1
74497 82939 1
38313 35746 2
34350 8933 2
64765 81692 2
40320 65547 1
51788 65721 1
72893 24611 2
66757 60141 1
96577 84697 1
13133 87292 2
21434 10029 2
93598 62815 1
99179 10834 1
50914 73446 2
95401 89393 2
31836 11697 2
64065 32836 2
56351 26582 2
8528 86779 2
6005 8223 1
19369 47546 1
45625 95240 2
56947 71289 2
14365 14149 2
35080 97155 1
85157 43226 1
32568 49303 2
1034 42977 2
40196 53994 1
4281 98088 1
44547 60643 1
78961 61424 1
63104 60702 2
31945 18095 1
73497 87594 2
68903 71119 1
93602 8235 1
2410 25645 2
89312 33208 2
75840 6714 1
82319 19294 1
75185 42526 1
77213 39131 1
21715 81520 2
54860 32228 1
75859 34399 2
34900 56319 1
34482 86572 2
21214 92810 2
18117 11181 2
20362 63474 2
12853 4364 2
98474 86397 1
26557 10886 2
47461 80065 1
97039 87117 1
28981 92106 2
36527 3559 2
82697 96984 1
89558 70892 1
72804 59902 2
86416 25483 1
20732 96261 2
42847 15078 2
91228 53095 2
64470 61457 2
25570 86516 1
99742 87415 1
88833 22896 2
48180 65909 2
13793 75987 1
91209 97533 1
69850 29831 2
21121 58165 2
61917 45806 2
16149 95029 1
21579 94266 1
79793 82157 2
91291 81907 2
3798 14076 2
46552 71797 2
12857 16090 2
93057 40719 2
42338 95631 1
74568 92964 2
64270 91449 1
97299 7950 1
61390 12139 2
78078 78134 1
96614 31080 1
35095 69053 1
55630 32940 1
84801 32791 1
56564 79171 1
48466 50827 2
18617 93104 1
93076 78260 1
7919 96808 2
96455 8291 2
55201 4308 1
74526 70106 2
15276 13331 1
76830 57522 2
70334 23349 2
39042 77846 1
62910 53569 1
78265 2342 1
9475 80496 1
75974 35509 2
53243 7087 1
80096 26924 2
71974 7009 1
14960 77733 2
69209 38715 1
49525 20816 1
36636 64327 2
47907 10641 1
15948 13409 1
47967 47712 2
3098 38685 1
32261 87687 2
59177 24959 1
16195 83688 1
11316 68289 2
40763 30005 2
50726 86705 1
33381 86614 2
14976 30160 2
56202 69223 2
25814 91732 2
85482 81014 2
63730 86790 2
60407 29417 2
46032 69733 2
70552 60183 2
18912 39906 2
59495 91594 1
62888 29026 1
42963 17795 1
99327 90911 1
71007 69750 2
59251 66791 1
5697 83977 2
59940 72667 2
26084 57530 2
19783 53650 2
21670 61430 2
11267 86291 1
57051 9027 2
24695 14206 1
18312 151 1
56562 89956 2
89320 542 2
65146 28715 1
72107 91640 2
54246 31499 2
35986 70392 1
26372 73587 2
21461 12294 1
66356 72644 1
42045 82366 1
95274 95861 1
58282 11375 2
71824 33870 1
21485 13821 2
20354 59821 1
61455 16512 2
89968 21892 2
60009 65635 2
863 25144 2
77130 77989 1
21960 82980 1
7317 6939 1
94808 95764 1
23263 78828 1
52047 56395 1
15029 12340 2
68257 75517 1
44052 67042 1
16920 89013 2
75919 33785 1
58127 93392 2
72333 50035 2
55384 6977 2
65385 30521 2
32280 86059 2
1456 45004 1
47814 16202 1
52710 16864 1
18607 202 2
68673 22395 2
64085 33198 2
93389 85115 2
73579 55115 1
26118 21101 2
9083 5098 1
25761 69174 1
94048 24617 1
74851 90446 2
68140 43131 2
13192 97280 1
23107 30851 1
96030 71020 1
17086 78397 2
59047 97766 1
83498 21366 2
98203 372 2
34086 1359 1
6147 56307 2
90536 60125 2
40383 16498 2
7513 45228 1
67041 84309 2
6676 632 2
74640 91603 1
16107 32018 2
28838 45497 2
36866 96897 1
11219 30438 2
48562 22462 1
9591 71629 2
55271 12535 1
99883 12950 1
62275 19277 2
81529 91196 1
61497 37430 1
89824 51824 2
58322 90203 1
43025 46741 2
78636 53659 2
57876 85794 1
68949 96486 2
39524 64035 1
25140 95748 1
25039 49400 1
86305 78476 2
41975 47413 2
76808 54573 1
81875 77376 2
45835 97384 1
92910 54519 1
20381 72211 2
72199 68263 1
24871 77528 2
60080 67350 2
93030 42516 2
18544 3161 2
17067 23384 1
50337 62622 2
16922 4524 2
35922 75364 2
40044 28839 1
42117 8478 1
29005 46552 2
53746 54037 2
26014 85216 1
97507 55747 1
49588 98069 1
53718 65048 1
77527 18753 2
12990 91032 1
18852 4513 1
62051 80410 1
71308 66887 2
40349 4491 1
97491 48665 1
93308 9225 2
61329 87439 2
44451 96617 1
36212 99320 1
99017 35890 2
48156 31670 2
6999 7456 2
73406 62237 2
8172 6337 2
87042 55192 2
10364 79035 2
32453 62053 1
67564 68804 2
70232 85172 1
35800 1417 2
47807 58251 2
1838 88200 1
20338 51621 1
31825 2229 2
55071 2958 1
74870 84089 1
20230 92009 2
49546 28526 2
22588 84938 2
20778 85380 1
97769 33021 2
45417 8800 1
76394 81469 1
14798 57528 1
8271 42717 1
10451 26968 1
32126 46499 2
23495 703 2
67534 76936 1
50541 4227 2
39757 80537 2
93435 66121 1
92795 12633 1
37884 17710 1
90797 17117 2
91854 18625 2
69738 5966 2
72133 64166 1
66257 29419 1
87078 89332 1
24402 56516 2
51277 99576 1
37712 16288 2
94567 57552 2
92805 66232 1
51961 13009 1
86686 48345 1
95191 39330 2
95707 6406 1
14957 14591 2
83025 98772 2
1818 52118 2
25863 18445 2
13392 74061 2
91740 82477 2
19574 79642 2
9567 69928 2
16038 78281 2
71990 24930 1
6511 75963 1
42456 47157 2
19348 81761 1
26323 29999 1
67754 67397 2
56934 64529 2
3806 23361 1
24136 73105 2
22893 37573 2
48160 45593 1
51947 29429 1
44586 61702 1
60125 34953 1
74872 58537 1
19454 41708 1
5167 13481 2
33790 85822 2
27910 70240 1
19006 43282 2
84971 1850 2
34101 66192 2
29725 17049 1
54222 21684 1
73714 50067 2
96872 44909 1
70259 50962 2
69685 43583 1
97212 55539 1
85627 95266 2
92733 32072 2
44758 52768 1
91899 92790 1
15604 20379 2
72879 44856 1
87735 64068 1
710 45562 1
72215 77221 1
86911 51838 2
67581 50905 2
20336 54618 1
4201 33678 1
85058 51608 1
93678 12714 2
58384 16886 1
32688 6467 1
45676 41668 1
58317 58117 2
47642 6920 1
2321 93520 1
7251 10045 2
24704 29304 2
34436 84527 1
90384 96547 2
74092 87073 2
52876 16719 1
36769 27783 1
74514 16585 1
41644 6124 2
1878 8630 1
6376 42414 1
12989 4846 2
9031 21981 2
25443 95100 2
88749 4543 1
29173 19456 1
70451 91919 1
62904 43501 1
6277 45273 2
92096 30027 2
41285 66880 2
17978 51478 2
7814 87129 1
54146 77085 2
36625 96269 1
60429 60388 2
97443 53083 1
50081 39426 2
1293 28403 2
33048 39908 2
87155 40828 1
76801 28296 1
33614 39951 1
59999 43939 2
84810 81817 2
95848 85820 1
47400 77405 1
44103 39534 2
46653 71952 1
83098 10538 1
30609 72379 2
32820 96434 2
75490 72445 2
92380 92895 2
75806 78695 1
92301 43517 2
36876 8317 1
86228 2442 1
54084 18907 2
42677 3130 2
67058 83886 1
83719 48630 1
29815 14167 1
99859 80408 2
16552 9900 2
91545 89712 1
35277 11831 2
68330 3074 2
1987 3445 1
33423 72102 2
63483 13367 2
41185 1127 1
59833 84996 2
56367 16677 2
34165 8182 1
17595 35155 2
94653 19160 2
16157 57945 1
67537 73295 1
6174 37459 2
19302 63182 2
83742 10192 1
86116 99904 1
36816 77331 1
44360 65442 1
68441 11094 1
8611 33061 1
81428 14658 2
47448 96465 2
24880 46649 1
75138 12157 2
9968 19564 1
268 86168 2
54538 98821 1
30455 54115 1
57033 15711 1
79415 13077 1
22316 80936 1
62838 6294 2
3428 74694 2
1648 46340 2
69529 1807 2
150 40497 1
57350 92527 2
22187 73762 1
37785 85798 1
88650 58674 1
23220 11816 2
9118 55117 2
80047 66971 1
86087 90581 1
13811 2876 2
31548 13793 2
31552 34234 1
23652 85913 1
12104 52442 1
91324 89019 1
94482 50289 2
77748 11961 2
4056 9773 1
71666 54553 1
99817 66061 2
35917 18387 2
90504 16580 1
14227 87607 2
73611 84602 1
62531 8772 2
15516 79019 2
10996 90290 2
6908 6726 1
41837 19785 1
7803 31502 2
80298 9192 2
21601 30013 1
2846 38239 2
85705 29116 1
36747 6837 2
24256 95277 1
14059 47747 2
54666 26625 1
81259 81174 2
5534 12866 1
17867 13969 2
97797 92651 1
55775 59753 2
5374 24298 2
71697 41063 2
31261 65541 2
46140 38794 1
67912 49522 2
21490 98082 2
53465 9949 2
24216 57078 2
27423 67814 1
94437 2207 2
77148 96448 2
83974 36907 1
44680 22228 2
40061 69819 1
69069 61244 1
80957 84100 2
57353 11944 1
95056 9490 1
73071 77596 1
39761 47169 2
29894 79344 1
1330 30402 1
70632 5263 2
23480 37628 2
41380 13944 1
37818 20904 1
44509 61920 2
44677 78932 1
49130 94990 2
94939 24257 2
13908 30942 2
22447 6118 2
35898 94815 1
79338 10858 1
64176 93173 1
25898 58285 2
76859 887 2
11134 66464 2
72951 24082 1
9163 87368 1
90001 84868 2
50218 91551 2
49262 16674 2
23111 76019 1
6082 14098 1
31843 11462 1
35450 51858 1
12340 44044 1
49843 43151 2
50464 51024 2
94336 30447 1
50853 43631 2
77031 57224 2
18772 44315 1
38245 46982 2
26513 69337 1
96070 89161 2
981 35587 1
60941 57764 2
87788 81384 2
59090 52896 2
86136 29447 1
16159 45814 1
86124 62775 1
90419 15961 2
17745 73250 1
60927 18154 2
84548 43142 1
67755 20034 2
54198 4403 2
47218 28715 2
99755 32911 1
89025 36263 2
38268 87733 1
52412 73480 1
64149 73841 1
67898 54006 2
3287 99398 1
73156 52813 2
92727 2728 2
95546 65212 1
24957 3906 2
85998 79654 1
30342 73298 2
92454 8005 1
69123 21672 2
59230 962 2
37432 71243 2
28612 40158 2
69790 5811 1
65339 85293 2
82561 29296 1
17464 56438 2
10658 85346 1
73736 46516 2
97846 25822 2
69736 9848 1
69253 95984 2
24875 98724 2
40140 47027 1
54680 61969 2
15995 79739 1
66954 83146 1
67704 55531 1
85678 41423 2
22267 94815 1
88424 68691 1
25616 45732 1
92782 20095 1
54744 73435 2
79435 69453 2
29063 4954 2
32382 68429 1
18887 35786 2
78808 66115 1
54548 41066 1
83522 5383 1
60319 98730 2
38581 62659 1
12811 89553 1
75359 185 2
64403 83160 1
59045 35483 2
13090 90189 2
2395 74545 1
58297 33841 2
63534 44246 1
95884 16538 1
50043 19835 2
6533 56658 1
62837 22179 2
72352 22166 2
43683 44677 1
3758 98199 1
85631 55630 1
37842 71037 1
2648 124 1
55463 48575 1
29681 83620 1
7543 77196 1
64096 49292 1
32517 49285 2
25551 81714 2
55973 25184 1
85983 94211 1
46687 25735 2
71616 18085 2
82799 77335 2
13498 18318 1
28136 57026 2
16040 32618 1
38348 39885 2
35928 29465 1
89525 56434 1
73644 42382 1
27184 4863 1
76507 50993 1
74909 81206 2
35472 5406 2
87984 47787 1
76202 17124 1
41587 25993 1
21691 12967 1
35938 77005 1
86186 87615 2
73069 54665 2
73681 88759 1
35929 50595 2
28031 95054 1
11840 8435 1
3350 91481 2
78028 12040 2
13614 38239 1
35456 26724 1
96945 79644 2
52047 84219 2
95517 36926 2
48035 86585 1
6277 13323 2
10359 25209 2
12240 22905 2
20317 60846 1
70009 80501 1
75546 85406 1
48333 28413 2
82053 42081 2
12464 54150 2
54539 92583 2
6264 86966 2
46702 87183 2
8048 53450 1
38881 74737 1
17431 10738 2
79054 60469 1
64638 74416 1
18768 35674 1
52782 17917 2
48089 69712 2
58656 83364 2
93037 72574 2
34690 65701 2
30373 46173 2
34361 43187 2
4814 69050 1
71929 50967 2
71495 57336 1
98095 53515 1
84807 82348 2
47608 59167 1
50228 27007 2
57767 85687 2
24972 63792 2
37155 86826 1
28704 33103 2
42022 17253 2
26548 13795 1
40351 42887 1
66273 8997 2
82065 81571 1
99540 80035 2
50194 50080 1
82316 3422 2
1165 37660 1
52543 64492 1
79872 29125 2
77653 50999 2
31999 9119 1
15724 49147 1
18639 5345 1
48787 49228 2
90380 83895 2
61039 79310 2
3235 83745 2
120 84731 2
83928 72595 2
36029 61889 2
8226 21715 1
68828 42273 2
52010 5695 1
45899 52497 1
94608 228 2
20018 30747 1
83814 61735 2
78862 67420 2
16050 45120 2
37264 58598 1
59344 41946 2
69884 68894 1
21838 26325 1
40459 15454 1
35791 14500 1
82121 98548 2
93929 23696 2
503 39874 1
67783 24594 2
56298 91964 1
75527 26749 2
80810 27309 2
96508 91474 2
8884 37298 1
44077 8521 1
93593 16381 2
57845 93135 1
4861 9875 1
90945 94786 2
8952 7887 1
22005 36343 2
79192 46045 1
71207 43157 1
55454 84319 1
15490 38328 2
45788 82988 2
53925 69614 1
29917 51404 1
31394 8541 2
25821 56381 1
12415 3547 1
57453 5041 2
27128 6773 2
51217 63598 1
79739 44457 2
77057 20492 1
61994 55243 2
50987 43323 1
64125 40132 1
5039 378 1
39197 78766 2
1602 42209 1
12682 71929 2
7404 48536 1
26166 82954 1
62218 84765 2
12520 7447 1
92044 20963 2
97467 72172 2
88504 12013 1
84220 54408 2
71589 58647 2
28367 8161 2
14273 32110 2
3594 19484 1
61132 14962 2
83352 84662 1
88827 25147 1
44791 94846 1
72054 77873 2
67675 9624 2
69401 55347 1
28009 71419 2
19511 41457 1
35324 67284 2
62354 75570 1
99172 11905 1
97925 13839 1
68802 44055 2
53946 50230 1
22126 76861 1
24564 136 2
83569 6254 1
53831 11419 1
92811 77467 1
86171 34872 2
1550 87463 2
1932 86398 2
29057 78089 2
92973 26205 2
2430 70381 1
15520 76636 2
55764 98835 2
21055 70261 1
29925 99791 2
34711 62195 2
83593 82055 1
5992 22426 1
21258 74041 2
62662 46463 1
1798 92114 1
68923 20620 2
26800 54519 2
91650 67198 1
28271 99392 1
61326 807 2
62750 6712 2
58081 58252 2
86026 5951 2
8181 16903 1
8983 29800 2
52855 94918 2
58972 34331 2
66694 46442 1
3362 9140 1
98329 23050 1
29768 58210 1
64982 85741 2
90402 21609 2
71132 62035 1
64214 74784 2
97562 16941 2
76478 60404 2
82485 66945 1
88904 56803 1
11174 57607 1
55481 57730 1
83162 48750 2
13861 75736 1
5872 16567 2
50873 61729 1
44670 46169 1
10162 19915 1
6861 16444 2
5443 45916 2
60888 33342 1
68147 86218 2
43377 11793 2
61692 30113 1
26109 38459 1
40206 12449 1
80339 76596 1
29961 11294 1
43840 74891 1
15143 89054 1
10821 90754 1
92528 51582 2
86552 96109 2
34403 3054 2
31455 51320 2
23892 58320 2
36408 38046 1
36680 99005 1
15508 27474 1
51227 68672 1
54071 23994 2
24922 84121 2
88954 59950 2
73417 17659 1
23497 40958 1
13663 10094 1
3494 17578 2
80965 37006 1
82308 87591 2
14683 42538 2
65164 32321 1
42131 73158 1
81787 99571 1
26964 32377 1
9218 12144 2
61976 71664 2
33221 41022 1
22670 55817 1
19133 71062 2
67481 80377 1
84534 45894 2
63278 28167 1
86961 53871 2
17722 47342 1
56291 40486 2
32955 5727 1
88181 5559 2
47010 95068 2
7906 60605 2
16023 44478 1
32124 72044 2
94004 55377 1
10694 31208 2
61289 18803 2
16155 86379 1
8087 91320 1
39910 65059 2
90229 76936 2
28392 47921 2
89167 90592 1
73846 98603 1
32161 50989 1
10232 61658 1
42272 98964 1
6539 67325 2
69393 43277 1
82464 47173 2
52336 60035 1
97275 17367 1
1259 69142 1
63060 5933 1
51013 59865 2
29433 21557 1
53459 6452 1
11659 11248 2
99682 37218 1
57020 32244 2
88943 83828 1
9271 47179 1
70477 70061 2
68056 18450 2
17155 12293 1
47472 57563 2
16267 61478 1
55491 79435 1
28309 8466 1
53417 62908 2
42914 22842 2
14576 76956 2
681 20968 2
16600 16301 1
15093 76631 1
74582 76387 2
22372 10805 2
10514 20969 1
41802 64296 1
29384 52380 1
40460 98182 2
53195 238 2
4742 64859 2
29949 18916 2
98822 90919 1
87193 24793 2
57710 61917 1
31594 94809 2
74165 69958 1
63057 22919 1
62279 61980 1
94306 12343 2
9281 99759 2
37895 9172 2
14678 20067 2
16380 34012 1
27244 33712 2
91313 72319 1
81279 93153 2
26828 15619 2
37246 1942 2
71972 49379 2
66633 56162 1
73415 85515 2
61209 30861 2
34645 50814 2
69688 97139 1
98210 89392 1
67940 36643 1
96984 38957 2
80049 83040 2
53330 91664 1
55428 43396 1
28611 81292 2
83736 72664 2
75501 935 1
61181 11518 2
95658 30970 2
73204 60583 1
55687 88434 1
31604 78813 2
35716 10290 1
2952 66682 1
82581 72335 2
84271 43119 1
39588 7634 2
78587 5119 2
1068 41018 1
7347 76385 1
51839 69943 1
11184 12705 1
93378 83280 1
55459 15999 1
14924 82782 1
17230 93774 2
64938 27471 2
54535 27319 2
44766 67236 1
90360 79284 2
61403 31827 1
15841 10613 1
6475 81317 2
64469 66334 1
20617 26137 2
10872 62695 2
60648 46944 1
94568 88187 1
55562 77023 1
58929 9241 1
19721 47312 1
14199 57174 2
68753 11233 1
88528 57081 2
33252 243 2
2439 13470 1
39829 28892 1
72219 25556 1
42733 75462 2
10749 70111 1
74186 97934 2
4982 65654 1
27099 81605 1
18494 9766 1
46373 11602 1
76838 71949 2
46945 95663 2
92463 99552 2
2779 67880 2
73297 88901 1
78101 11231 1
90197 55098 2
74018 5738 2
91867 58764 1
8107 52115 2
87413 39553 1
14029 59063 2
34858 24015 2
50137 14536 1
25620 3682 1
90707 13099 1
96610 22874 1
35956 69755 2
96055 16330 1
77992 50340 1
22601 9754 2
53969 37480 2
81411 42790 2
95362 45598 2
15395 14942 2
9060 20238 2
32637 41540 1
20404 52310 1
37398 87536 1
17635 65544 2
72169 17903 2
2645 2090 1
7334 86720 1
17987 70228 2
81134 26838 1
51705 87861 2
90872 62233 1
1784 55567 2
43920 38597 1
92949 5783 2
76722 70920 1
24312 36406 2
20339 61352 2
65214 77034 1
88953 46492 1
14296 91269 2
77630 48782 2
24458 2157 1
20177 15167 1
33357 4795 2
47252 86947 2
75021 99260 2
41023 28001 1
52683 32403 1
44412 72404 2
55036 16373 2
30313 35884 1
31560 62507 2
38553 87758 2
56268 15860 1
88467 28400 2
97944 94112 2
14545 92830 1
79858 89846 2
94179 26328 1
87698 90959 1
19146 8017 2
97572 19256 1
94909 29042 1
94185 76916 1
85319 74293 2
5334 43064 2
61318 3082 1
39699 64878 2
10158 949 2
60572 9586 2
15556 10830 1
62916 51800 2
79492 93695 2
87950 90948 1
87804 40266 1
48690 16976 2
42382 55265 1
52318 46954 2
34322 78892 1
32978 30899 1
7569 57254 1
16195 12961 1
73419 98624 1
36985 19901 1
2930 79069 2
35280 97990 1
82893 62804 2
32347 97485 1
72950 27122 2
87644 53079 2
63996 76533 1
98190 33310 1
90754 24626 1
7260 42224 1
42462 35983 1
66854 49678 1
62555 14474 1
51043 86798 1
18519 71888 1
20730 42138 1
93862 71334 1
25927 879 2
53165 45636 1
53949 29375 2
35592 14742 2
3134 77583 2
45988 62585 1
42117 97978 2
16069 93220 2
85852 78444 1
90274 25628 1
33222 42215 2
60900 92670 1
48566 97666 2
68811 78201 1
28918 7429 1
30889 84625 2
12578 59918 2
40548 55358 2
22090 19663 1
99320 42219 2
8115 50029 1
8499 96087 2
81975 69827 2
12760 68151 1
38496 32733 1
28125 66258 1
24625 69277 2
88556 64164 1
4541 99898 2
61285 35515 1
1742 85276 2
90139 64797 2
84191 77441 1
9779 73344 1
93891 92091 1
84712 77297 1
47836 55248 2
47402 80590 1
55236 94233 1
10298 15308 2
5192 75651 1
4751 83217 1
74215 55633 1
52116 52858 1
49879 68951 1
21351 81879 2
95553 54305 1
10140 49546 1
29056 50250 2
4185 10572 2
6662 16069 2
22103 48136 1
15928 83480 2
85575 49790 2
37037 44668 1
25194 2017 1
67090 81919 2
83768 53754 1
42025 27073 1
46587 57059 1
28197 55098 1
50513 48812 1
37871 35667 1
3053 58713 2
11909 81864 1
31829 64385 2
19061 90381 1
5062 56177 1
10183 69926 2
73868 58120 1
64016 58605 1
55627 23320 1
85984 2863 1
90905 38699 1
70901 239 1
41217 97116 2
20677 42018 1
24929 66138 1
9497 61138 2
92748 70856 1
90380 95036 1
89450 89856 1
41296 86705 1
17619 74795 1
31209 25944 1
15384 49290 1
69744 50795 2
59994 12945 1
43089 18037 2
34768 10758 2
82701 79995 1
49318 34150 1
52633 41232 1
64505 89345 1
71613 22526 2
96635 35385 1
81783 63396 1
51349 67431 1
60277 28531 2
34560 38998 2
60830 41808 1
75979 96934 1
87114 22454 1
38777 64938 1
80741 17585 1
82688 16683 2
85136 82819 2
22282 30466 1
29792 76290 1
65175 41922 1
85821 64984 2
48538 88940 2
74756 40514 2
24088 35832 2
61638 44594 1
10348 9971 2
89895 44302 2
55910 38075 1
73856 63278 1
60999 66309 2
4381 10689 1
56646 46296 2
84351 13705 2
51246 46287 2
15866 60282 1
88318 77787 1
54937 18367 1
78151 44735 1
70998 90677 2
35986 39378 1
38882 25966 2
25432 36705 1
71299 36976 2
52967 89258 2
17840 77172 2
47908 54273 1
47415 63015 1
47587 19183 1
4696 18700 2
66705 15534 1
25256 80727 1
96907 40174 1
67695 20883 2
41572 37396 2
70730 13694 2
62819 58518 2
62761 76744 1
52802 85088 1
45042 61464 1
14192 77105 1
34524 53926 2
12752 90590 1
89749 7362 2
82904 47727 2
22589 36428 2
45363 58717 1
20009 55961 1
13088 78043 1
98817 49045 1
50000 2378 2
45346 76539 2
2123 22082 2
80348 98623 1
84908 52176 2
34036 933 2
54881 65330 1
48164 37191 1
40204 96029 1
38807 68498 2
19460 54520 2
80525 61673 2
71861 64158 1
29629 19009 1
6972 23552 2
32814 92452 1
58027 65313 2
52252 66606 2
43563 83288 2
17338 51923 2
6357 82353 2
57578 75351 2
34168 52108 2
23366 79988 2
47415 65053 1
76507 14008 2
91144 94122 1
49545 22500 1
5429 85424 1
12964 7534 2
96447 76255 1
69270 7456 2
56886 91097 2
82299 39510 2
61122 58551 1
40963 20772 1
63070 49540 2
72787 69614 1
50167 37440 1
71364 23567 1
76753 14942 2
39811 38770 1
19778 99462 2
12751 30524 1
52885 79924 2
9151 31328 1
4137 91831 2
96441 52713 2
34288 87507 1
45788 61460 2
20432 33823 1
3031 24883 1
99365 51912 1
80431 53643 2
59677 45580 2
20029 50550 1
43546 97568 1
71406 26850 1
65748 18251 2
35425 50001 1
13461 51656 1
64589 61623 1
92283 75816 2
31608 60735 2
16921 17710 2
65921 12934 1
73494 76849 1
21431 18302 1
31372 43357 2
43199 92685 2
12170 31250 2
9266 73323 2
86739 68996 1
51548 81832 1
9917 82169 2
63743 21923 2
80787 70574 2
31246 9460 1
33012 33491 2
88530 81475 1
58737 92618 2
22568 26798 2
91442 35468 1
64321 28296 1
35410 39236 2
4289 63316 1
11743 73233 1
13505 30766 2
14107 50121 2
15022 57026 1
55230 74001 2
65895 14835 2
62129 55525 2
63682 5622 2
18164 93943 1
98247 92884 2
68793 99399 1
44692 80555 1
49350 64528 2
28311 6190 1
71992 64379 1
79127 60449 1
81435 73482 2
1644 31549 1
57330 25903 2
6306 60210 1
39285 16369 1
64539 51136 1
88398 32462 1
80010 829 1
23259 87860 2
54872 53874 1
88112 98630 1
36226 83870 1
94066 46013 1
97593 39697 1
2652 99044 1
48897 11346 2
99966 83740 2
10290 89338 1
57401 47446 2
57530 71447 1
25860 72443 2
30938 83498 1
37642 11239 2
4388 83977 2
69962 35178 2
47268 34270 1
39350 85990 1
95060 76965 2
55156 56308 1
70437 32210 2
28768 45503 2
16637 24873 1
14920 54054 2
99828 75076 1
56654 48734 1
11958 29393 2
84138 61615 2
55876 25041 1
56486 32946 2
96690 9275 1
39456 18617 2
85834 60278 1
40619 32039 1
56808 4674 2
72814 81908 1
66621 78160 1
10595 79594 1
65709 709 1
29273 93131 2
13008 2364 1
79123 49576 2
87284 79457 1
1831 76523 1
83993 7702 1
80704 90286 1
33460 79569 1
85501 47458 2
85901 2748 2
73199 63306 2
87777 55893 1
85631 53117 2
896 13867 2
52101 42535 1
27312 83399 2
49650 53640 1
13928 24832 1
98151 66739 2
20406 23142 1
1212 68241 2
8410 96248 2
87002 96732 2
57352 80590 1
2337 71588 1
73066 34864 1
11907 77549 1
73820 52124 1
56679 69295 1
20750 95268 2
43335 17525 2
20518 75822 1
43858 79807 1
27227 40914 1
96971 55200 2
64827 63296 1
41352 88896 1
4198 11191 1
55828 97370 2
74256 53231 2
78093 2079 1
59651 5744 1
5574 66930 1
41595 89305 2
18502 18283 2
86024 17082 2
6248 73652 1
21999 28314 2
27193 95247 2
54281 74257 2
5566 39213 2
77123 30287 1
74507 70328 2
65085 76372 1
17004 21514 2
68203 87605 2
25568 6644 1
19159 9566 1
49657 85368 2
60892 5226 1
63741 93072 2
48365 75725 2
27688 15141 1
19916 34091 1
42600 58424 2
7219 83550 2
18079 27164 2
20655 97459 1
40709 45273 2
3359 92621 1
1508 70379 2
5594 28513 1
74650 82466 1
70214 91385 2
53946 50976 2
85666 56114 1
55051 91838 1
66845 41117 2
11367 95718 2
16828 16001 2
99614 42458 1
59224 78551 2
45681 49964 1
53277 83437 1
35031 2852 2
63245 17572 2
32731 67166 2
17723 20626 1
81275 63465 2
42193 42657 2
16043 86313 1
18858 87118 1
73488 13333 1
68984 69003 1
68070 75513 1
13375 62301 2
3931 79862 1
51992 74046 1
30801 40989 2
79375 89564 2
61984 89816 2
59814 50200 2
15217 49153 1
27920 58089 2
38276 52393 2
35830 95415 2
98059 54003 1
8118 73824 2
20397 3734 1
70622 7669 2
31364 20350 2
40182 40350 1
19359 23595 1
34227 72146 2
82913 88752 1
14565 20096 1
95136 44757 2
8362 97866 2
63271 26774 1
4696 47204 2
69684 18563 1
13527 74585 1
36250 81374 2
4324 63206 2
1408 51711 2
77680 43998 2
58529 6803 1
83615 48548 1
67211 5273 1
70506 36180 1
10656 9028 1
8157 72282 1
83607 59964 1
95545 56601 1
17755 27228 2
74067 47045 2
2187 56501 2
85011 51273 2
93849 12234 1
36023 94403 2
13515 6674 1
67181 32003 1
97021 8346 2
64668 16719 2
94397 43584 2
11452 6178 2
72974 14393 1
73753 49065 1
30278 79212 1
64788 1316 1
77455 60820 2
36290 46795 2
21129 76193 1
10571 85862 2
67943 78328 1
82604 28788 1
56174 46895 1
12182 80965 1
601 60594 2
88972 1216 2
58551 70113 1
50121 98366 2
35755 74767 1
7064 85421 2
97259 67108 2
38010 51438 1
51491 13820 1
89060 57110 2
82703 16103 2
91358 86737 2
66564 16583 2
95717 81083 1
82375 66068 1
94633 3525 1
21812 34139 2
51536 59702 2
49721 75419 1
56561 9223 2
61816 79463 2
38714 50886 2
51881 66151 1
10571 56852 2
80757 90134 1
86489 14023 1
56636 51461 1
26604 18473 2
82640 84151 2
30753 71255 1
600 16227 1
3752 75746 1
91694 52438 2
72262 2129 2
81633 99246 2
42229 77630 1
33972 96320 1
87136 38388 2
97757 17362 2
37928 43608 2
51879 71937 1
12897 54141 1
9936 30077 2
63349 30606 2
72268 47208 1
32640 82728 2
13280 50715 1
73938 98140 1
26375 8609 1
86416 61810 1
16689 15290 2
93684 55585 1
26975 16090 1
22248 25880 1
53960 43751 2
69423 92377 2
15736 6814 1
94973 31320 2
50604 71630 1
96121 80096 2
19510 24443 2
95778 64878 2
89759 26365 1
80391 25236 2
82272 10046 2
61550 41591 2
17448 77600 1
11790 90450 2
50522 88565 2
59636 32145 1
38731 58181 1
31650 37975 1
31912 28203 2
77931 51672 2
39822 56504 1
50393 21247 2
99472 28495 2
93960 68074 2
90485 40327 2
43304 62217 2
21784 39181 2
20350 70274 2
31814 51199 1
81027 73296 1
83683 84305 1
20932 65119 1
53285 95692 2
24320 18194 2
34583 95562 1
43278 1118 2
29368 12732 1
61940 65516 1
35770 58692 1
40785 79355 1
78435 90011 1
88404 2139 2
86543 18028 2
26690 91411 1
91884 41783 1
78356 65659 1
39740 94351 1
22230 26947 2
2103 45085 2
57610 93099 2
51750 90554 1
57059 57065 1
92393 65177 2
94250 75846 2
60914 4987 1
29 58881 2
27144 55928 1
98667 14922 1
83589 49021 1
35961 60072 2
13400 77256 2
76096 23380 1
46628 42702 2
38732 63324 1
7071 25206 2
3518 33665 2
17140 48380 1
20811 8473 1
26722 83471 1
37980 94093 2
50234 64562 2
54252 12572 2
452 96703 2
20173 64631 1
38139 9343 2
9571 47651 1
21549 15987 2
15335 12730 1
5084 32847 2
51077 67530 2
37695 57849 2
9086 20340 1
20737 30638 1
45415 28686 2
93665 35454 1
64776 3682 2
76657 72171 1
87679 96333 1
41944 77390 1
43770 14625 2
18608 24690 1
70496 76131 1
44264 24087 1
82793 27309 1
16994 25712 2
52065 89037 1
99638 15173 2
63753 1188 2
88046 43346 2
78326 10153 2
35976 34246 1
47056 25348 1
48727 62213 1
17685 71187 2
55714 81575 2
67891 18824 1
33508 54871 1
62289 23912 1
8234 44820 2
58471 51533 2
23608 78163 2
90241 50854 1
71077 63611 2
75232 37970 2
84058 76775 2
7225 78952 2
32822 39048 2
76372 99571 2
19533 33345 1
48430 85134 2
84932 14089 2
13239 82188 2
9111 54796 2
33077 58514 2
27412 86763 2
160 21115 2
93149 42231 1
7331 48595 1
51050 61498 1
78145 20157 2
31365 34190 1
11502 93486 2
41452 75651 2
97842 50095 2
29362 57374 2
14730 40254 1
65502 82772 1
20679 9901 2
78698 40691 1
52492 38690 2
63941 99898 1
37652 37686 1
91250 78940 1
82313 51286 2
27495 18722 1
92654 49861 1
31375 53797 2
19511 69496 2
98984 55287 2
81164 96856 1
58374 15419 2
24106 85444 2
57262 4489 1
8705 70604 1
12316 99948 2
37751 18679 2
45117 26275 1
45283 4222 1
3638 20195 2
64211 39279 1
21339 46451 2
39399 8491 1
28696 52142 2
57523 60711 2
72268 9797 1
79553 23599 2
37417 22011 2
50061 25599 1
22870 1159 2
68423 99720 2
8941 47797 2
33076 16209 1
92093 26853 1
33774 78515 1
23113 30347 2
65791 11196 2
8518 46573 2
56426 45933 2
59841 64104 2
32194 65820 1
82839 37036 1
59217 4115 1
58460 13339 2
27315 41455 2
28501 83950 2
85944 39906 2
86045 38032 2
13157 56145 1
19332 16001 2
34195 35158 2
38667 71956 1
47663 22335 1
76041 25009 2
81369 69037 1
12969 85268 2
54469 53238 1
73322 33676 2
81469 1156 2
76030 27389 2
72828 18164 2
74027 86654 1
50132 52824 2
8013 24092 2
97641 81909 2
93106 80853 1
41909 61638 1
636 72158 2
18530 49911 1
56227 50814 1
71667 10314 1
91248 44144 2
84923 91254 1
89763 18789 2
16995 50979 2
63119 21024 2
75049 45743 1
2712 37272 2
99676 2764 1
34172 68761 1
63969 7327 1
14407 62627 2
15729 37827 2
88381 92522 2
12184 23428 1
30132 23476 2
57912 83397 1
72119 98686 1
79108 45850 2
24868 81848 1
75877 30030 1
75663 90308 2
84985 93119 2
6717 83195 1
56430 34845 2
97962 20456 1
45868 35695 2
28579 73610 1
65448 91885 2
62829 6454 1
1074 23495 2
11740 19252 1
51304 52604 2
41661 9373 1
73632 93348 2
53356 66915 1
31234 21447 1
85118 92009 1
66604 69732 2
22137 97863 1
50669 50059 1
19191 14343 1
84490 5315 2
7367 29771 2
59035 75877 1
93260 96005 1
80399 61598 2
54940 80284 2
92580 40497 2
3266 66062 2
11568 35571 2
27292 64776 2
17179 62350 1
63037 76688 2
40546 59230 2
98892 17916 2
63958 98519 2
43172 72344 1
91835 97693 2
31986 71460 1
83209 51082 1
86682 88532 2
65519 58443 1
17939 9646 2
72395 78051 2
99238 45871 2
62259 10280 2
53682 10439 1
70895 25953 2
31531 95928 1
38780 622 2
65975 52059 2
42986 76480 1
19248 32699 1
19935 88828 2
54693 69463 2
27315 7740 1
84280 99524 2
6386 75406 1
75041 90953 1
88285 54451 1
97481 70914 2
7721 43841 1
87440 54782 1
62270 76898 2
1833 11713 1
7577 59315 2
34520 82755 2
43306 6278 1
47419 86926 2
1111 67328 1
43550 43331 2
27895 65403 1
9221 44054 1
16792 7141 2
34886 27374 1
36058 21248 1
19404 85574 2
8082 85632 2
96214 87663 1
29832 58160 1
21045 39276 2
18425 36717 1
83377 79348 2
91221 83945 2
38981 20819 2
2338 53481 1
14207 75081 2
33975 38312 1
10625 13321 2
85890 89714 2
29219 75516 2
44131 77609 1
24238 58364 1
67086 50372 1
77858 48025 2
54509 36459 2
26865 76407 1
25692 14332 2
19554 64686 2
72459 69225 1
9007 26185 1
40448 19736 2
36615 83400 1
13330 55138 2
26829 21182 1
41551 87220 1
83606 61651 2
60119 58481 2
47823 3170 1
35454 82477 1
758 94364 1
82798 60564 2
12220 27716 2
12067 33409 1
40617 48178 2
72621 68263 1
21944 37584 1
8593 71308 2
83894 83359 1
42441 39401 2
60775 74931 2
29663 83595 1
81154 12691 2
10230 71925 2
85904 56058 1
10497 73180 2
7984 14361 2
38826 69897 1
15606 9266 2
80333 12091 1
6408 65310 1
96346 96514 2
59424 22409 1
20694 57285 1
29677 23121 1
86042 78237 1
72689 88266 2
5939 9592 2
82468 99132 1
83648 98711 2
86096 12675 2
64536 67504 2
55251 95823 1
90145 67500 2
79584 60226 1
29146 394 2
19486 9845 2
30930 87035 2
7943 73874 1
91086 100 1
43786 75867 2
46503 36383 2
9834 38754 2
47434 73594 2
28221 91471 2
16438 6326 1
24494 87390 2
8673 34985 2
93244 28670 2
22996 55580 2
50489 13235 1
7306 8238 1
30571 24468 1
69749 23216 1
58510 86445 2
19705 14503 2
21807 99839 1
53295 3502 2
62227 25307 1
39716 29169 1
45966 58635 2
27063 66610 1
31757 18633 2
26238 76711 2
96589 12998 1
15041 84378 2
67425 14084 2
37054 97384 1
40271 32124 2
80132 7523 1
10868 64986 2
11544 84560 2
38684 5052 1
947 2186 2
88298 2102 1
4769 63261 2
27862 99344 2
92419 22955 2
15338 27014 1
48942 36235 1
27749 99751 1
82730 82501 2
96888 22584 1
76373 54135 1
41867 11854 1
44829 16595 2
48089 46039 2
80809 48510 1
61583 82994 2
80209 96275 2
97009 70962 1
1089 99358 2
41910 73151 2
96507 11106 2
92903 47604 1
91345 89524 2
75364 48194 2
55055 20445 2
14271 32556 1
51663 55515 1
27454 5065 2
67234 32640 1
77757 31814 2
3022 8370 1
96010 45441 2
14187 30698 2
67368 40879 2
64901 59125 2
96364 54582 2
95037 342 1
26147 36916 2
95176 75010 1
60938 10166 1
55822 23842 1
79220 61826 2
79308 10292 1
25928 11310 2
32403 94123 2
76609 53926 2
25863 67051 1
97644 89226 1
52000 87693 2
23437 83597 1
12460 95361 1
36698 80343 2
83659 84487 2
68862 89188 2
754 80469 2
14936 90308 1
45737 57460 2
34649 14457 2
70061 71171 2
3370 62715 2
18414 95475 2
72068 30711 2
17010 88553 1
22709 32140 2
7824 70079 1
2178 30893 2
32182 76962 1
83071 56482 1
91940 23029 2
68921 45574 2
78543 94509 2
99213 50410 1
26111 70132 1
28110 16209 1
46193 81415 2
17730 24178 1
51637 48664 2
70342 53754 2
80593 31372 2
61798 25607 1
55420 53373 1
30022 749 1
17124 61113 1
732 66741 1
54761 833 2
44402 32249 1
8223 4875 1
83593 99274 2
4496 91521 1
75729 50218 1
35000 89952 2
71314 78514 2
47495 21754 1
34087 81037 2
37411 83092 2
12702 6747 1
80899 42505 2
9945 83375 1
85557 82117 2
98639 47506 1
99352 78794 2
79819 15230 2
43811 83502 1
36076 58755 1
9277 38747 2
70276 71173 1
59010 93198 2
14714 45244 1
7012 39865 2
2472 82898 1
31304 29250 1
29597 46505 2
41381 79809 2
19867 78259 1
28265 46758 1
21146 2296 1
48371 38352 2
70564 66771 2
41978 90967 1
5943 54261 1
16612 41059 2
6246 10113 2
21296 81042 1
86520 78510 2
80749 65430 1
86887 39433 2
19296 22197 2
34723 40176 2
25250 69512 1
89005 22807 2
5792 48732 2
4924 91911 1
50521 852 2
67835 97018 2
72804 89604 2
17833 24609 2
31687 99096 1
25431 27998 1
2529 73867 2
68014 36618 2
79617 4752 1
91879 26640 2
63468 19085 2
79792 32752 1
38715 92411 1
34030 7581 2
8506 67879 2
1941 45631 1
38699 55508 1
89522 59250 2
26657 27063 2
66274 20709 1
12357 54074 2
82200 73149 2
24309 21177 1
66843 84591 1
74272 36712 2
94853 13353 1
83435 60106 1
52069 34121 2
95055 80955 2
79934 67972 2
83800 11016 2
92806 29921 2
48647 13842 2
37224 34172 1
49618 45967 1
71298 21188 1
72767 64553 1
81032 65948 2
31564 95037 2
29631 59069 1
22634 71420 1
29507 81107 1
34109 54541 2
92193 76092 1
36254 8489 2
61277 31277 2
77145 33534 2
88462 43628 2
14607 40397 2
83261 37526 2
63669 5133 2
12778 10971 2
85172 63013 2
34695 8125 1
6631 85237 1
84922 85525 1
66368 6830 1
31807 86958 2
65826 9589 1
79780 93064 2
38792 45316 2
98380 76534 1
55997 39497 2
91693 90944 1
57635 54694 2
90226 10530 1
16780 91983 1
66649 96587 1
99556 41839 2
99029 90079 1
68197 9987 2
27181 82006 2
85344 11645 1
4188 22587 2
78235 60002 1
95375 75757 2
84142 60173 2
20394 87745 2
101 37770 2
93763 66526 1
54689 2683 2
52901 87135 1
79383 6263 2
69583 54421 2
39855 14310 2
79827 35779 2
93574 49926 2
14423 87776 1
44 49705 2
58455 52056 1
77255 67125 1
67745 99243 1
93391 74082 1
94135 60685 2
4112 12704 2
38289 41924 1
10411 98350 1
18296 79822 2
50868 83876 2
93516 63896 1
20821 48490 1
27263 90151 1
27818 6975 1
77272 43731 1
644 64723 2
32786 95591 1
94310 13452 1
32378 29699 1
51883 57413 2
18708 14426 1
54590 86571 1
54294 74260 1
92480 60799 2
86827 99501 2
65605 19062 2
83921 46356 2
17527 92060 2
64764 89037 1
80146 83020 2
51665 30192 2
49478 18906 1
44011 32264 2
34297 27689 1
52762 60084 2
18626 48277 2
34399 45513 2
80527 45579 1
87442 63278 2
21984 94156 1
61180 90942 1
80841 70574 1
69789 59402 2
26356 47098 2
70119 24917 1
87037 79663 2
24864 12086 1
99828 89534 2
93189 51929 1
55966 46124 1
5442 17374 2
7349 81811 2
45754 32793 1
70147 67233 2
60997 84272 1
14379 68631 2
70829 73568 1
13601 77707 1
88592 30009 1
64460 32262 1
32641 86909 1
74923 7879 2
72807 50341 1
92621 53599 2
65949 32860 1
99959 4115 1
27856 42754 2
61795 3773 1
76484 3562 1
67835 88587 2
47408 38460 1
4930 47935 2
7581 14388 2
15275 63725 1
56074 97729 1
12704 80352 1
50987 98055 1
28092 1237 1
29062 68349 2
32977 23773 2
34996 20240 1
8036 20640 2
97638 39198 2
29676 75317 1
28958 2780 2
74390 48267 1
58097 10961 2
22436 31492 2
33932 71160 2
55497 90740 2
71276 62466 2
91790 44614 2
46340 33106 1
82673 10903 2
7899 12607 2
61857 70809 1
80011 94261 2
27939 83634 2
84324 10772 1
66032 33786 1
43910 39280 2
77140 28161 2
27979 74351 2
42577 86502 1
50459 93614 2
12314 67777 1
55989 6397 2
97720 14746 2
28237 87070 1
59465 47151 2
36136 78442 2
32124 76594 2
50337 58700 2
69590 35401 1
38568 75299 1
81808 41229 2
90270 2500 2
75798 16875 2
7451 27671 2
10505 67942 1
39624 25077 2
63166 26547 1
2405 4240 1
26782 94203 2
53380 62123 2
1892 42684 1
26572 83966 1
52706 45289 2
6167 79859 1
65820 55749 1
8244 69932 1
54058 79308 1
44262 49274 2
78299 77835 1
58338 54887 2
92205 69059 1
8117 41614 2
8790 82698 1
35356 80797 1
39294 201 2
42219 67994 1
2850 27327 2
71527 32219 1
66067 67260 1
28203 9036 2
19573 4615 2
33959 78477 2
50817 5305 1
74972 83218 2
55811 3744 2
29889 30337 1
11356 20093 1
24513 56791 2
48033 13798 1
75163 61956 2
77658 40165 2
14977 51498 2
52036 39254 2
73881 17890 1
22704 8781 1
62143 38007 1
42433 18510 1
5345 23816 1
83378 13075 2
88386 92810 1
21870 6122 1
10039 89412 2
25910 22228 2
7469 14962 2
76543 11207 2
40065 27427 1
24753 10541 1
46534 42395 1
87849 60675 1
96643 14129 2
65719 46171 2
23538 90994 1
22145 71194 2
48931 34460 2
23678 67995 2
72215 21092 1
36092 94282 2
33637 89073 2
1755 38121 2
7128 84766 1
64112 83662 1
82126 78460 1
35299 24547 1
60379 66381 1
55761 88485 1
8804 43115 2
20522 83558 1
93029 255 2
8500 53420 2
4523 89066 2
90150 82735 1
11483 55999 2
43662 25214 1
79721 17383 2
57612 77147 2
22146 60284 2
28693 26 2
23779 43054 2
85264 63238 2
44639 40737 1
56348 15805 1
25212 28877 1
75145 49903 2
19382 74717 2
35002 33282 1
4891 91184 1
29641 5809 1
98286 66875 1
77635 34504 1
24837 86662 1
69032 69770 2
57387 39882 1
97036 57004 1
15006 94425 1
99929 11127 1
83378 42646 1
59147 61897 2
8460 35097 1
37554 57493 2
16551 59020 2
48724 95070 2
60179 2352 1
95624 98592 2
56369 953 1
26715 74952 2
74264 99982 2
20399 8278 1
52371 5706 2
2040 77762 1
3617 64414 2
70109 16789 1
86900 47084 1
3709 42827 1
85586 5165 1
49863 23800 1
48663 22093 1
19200 55648 2
12529 48522 2
27745 62876 1
50403 34136 2
9655 97276 2
19747 88287 2
17506 72288 2
24315 75803 2
86006 81470 1
81003 26172 1
11900 77344 2
53381 48324 1
48530 26050 1
35152 30315 2
43111 67320 1
54183 29342 1
36064 45926 1
48951 82140 1
42422 61478 1
44292 68344 1
38390 966 1
7684 97786 1
20959 54823 2
42434 76126 2
46311 63071 2
8829 96307 2
25143 2360 2
43302 89628 1
28138 77743 1
41446 67859 1
79922 69622 2
54069 24705 1
8947 63666 1
86276 21768 1
58246 64221 2
372 71417 1
1816 31685 2
33661 2558 2
23304 24779 1
4168 60433 2
95628 33830 1
32565 1571 1
42285 98269 2
8694 47798 1
82470 22192 1
4338 8835 1
6537 18704 2
12899 12758 2
13978 59747 2
55032 84204 2
62066 93217 2
58196 74940 1
80061 43385 2
44525 84139 1
26940 71437 2
81198 29654 2
32100 93073 2
39861 28204 1
87326 16272 1
26038 62002 2
87013 17191 1
10038 37949 2
8619 87592 1
30480 77723 1
37652 505 2
32308 5675 1
96888 57970 1
55011 18944 2
28901 68771 2
89172 98274 2
35516 60395 1
2195 32396 1
7216 11906 2
96444 87759 1
68650 176 1
39620 96494 1
29543 27923 2
22897 73312 1
84728 12766 2
61277 73234 1
92992 94196 2
2455 78754 2
99514 87345 2
22593 69125 1
39889 13633 2
83123 65921 1
39334 39623 2
49047 38292 1
21198 96376 1
78891 94891 2
78865 41405 2
73154 24364 1
37900 77845 1
77603 11725 1
30416 13488 1
50952 85306 1
69729 32053 1
57729 37939 2
27287 10685 1
8591 97003 1
15232 65621 1
34409 82090 1
37628 66944 2
16442 99660 2
41856 68819 1
88704 72032 2
84724 27864 1
73615 80331 2
26389 747 2
99820 85762 1
33683 31392 2
62483 28243 2
51316 91035 1
2962 23133 1
48368 82134 1
39787 34259 2
35730 53663 1
7510 40572 2
24445 99543 1
18012 89782 1
43717 61364 2
47165 21039 2
74322 41024 2
18987 62539 1
41601 18199 2
65613 88321 2
81698 24749 1
77245 68926 2
5307 10886 2
8842 7840 1
34915 82652 1
54871 94971 2
93256 11101 1
80922 9048 2
49226 25707 2
68702 54641 2
20733 78842 2
9345 60087 2
72235 35668 1
42327 50284 2
59952 28952 2
60133 32233 2
16444 17431 2
80231 47225 2
48437 21559 2
90186 11516 2
92050 66704 2
69906 64069 2
61057 9521 2
96598 94173 1
16546 64251 1
64351 45982 1
88841 31525 2
17421 47416 2
87584 87191 2
77810 13295 1
99394 52815 1
91028 57947 1
79906 39199 2
7151 93190 1
76642 44940 2
35345 66610 2
50172 50801 1
44829 21553 1
43485 99258 2
73385 61195 2
11076 10538 2
44671 16091 2
29960 3797 2
51487 81266 1
23023 46278 1
8508 48051 1
4728 34331 1
80315 75253 1
90994 20132 1
4599 61733 1
55746 90983 2
89280 80161 1
77377 42303 1
17238 49373 1
77436 7608 2
8947 56418 2
80243 277 1
58975 51882 2
32058 56555 1
45529 95718 1
16666 44355 1
1013 37272 1
21649 44795 1
32696 34009 1
67950 86950 1
53822 91892 1
88598 75431 1
33717 54985 2
57506 2906 2
41791 46123 2
43231 2508 1
35988 98370 1
73036 36702 2
73822 19466 2
21727 86886 2
15451 38258 2
16001 26605 2
64254 45886 2
269 64274 2
60621 42694 2
97237 34117 1
21509 84309 1
73373 85773 1
91506 38346 1
96414 83427 1
15000 12250 2
7332 36757 1
24653 13036 1
95569 49028 2
61916 17628 2
44984 17158 2
20515 75704 2
54882 37476 1
35637 9510 2
1388 99613 2
12410 70812 2
55079 71298 2
74026 41895 2
35639 7000 1
30486 51173 1
61173 57113 1
30783 53706 2
90061 93267 2
73660 29823 2
60769 98343 2
46713 35166 2
81412 34763 1
99027 39928 1
94271 2953 2
28060 53199 2
24527 54238 2
42781 99132 2
22213 3611 2
6383 81034 1
25669 19240 1
63041 59673 2
40327 62460 1
10870 42108 1
73242 78534 1
62660 32795 2
74812 13447 2
68149 53618 2
44899 15477 1
22121 25200 2
6327 97626 1
34099 32409 1
62101 38131 1
11032 87173 2
13070 47250 1
85459 45694 2
46085 349 2
6548 93510 2
30997 11308 1
13532 93327 2
28105 47950 1
64642 61057 1
37026 44901 1
43249 14295 2
99029 59749 2
95880 33986 2
73450 71481 2
84824 97765 1
79710 15647 2
98538 5399 1
54914 41959 2
51863 76388 2
15065 67127 2
4045 66668 1
1502 35530 2
71473 931 2
9244 98796 1
90103 52335 1
60436 26464 2
98828 2798 1
63194 25978 2
67597 47341 2
74744 2310 1
83405 41777 2
71178 56383 2
11731 51410 2
80609 65240 1
86489 5851 2
50560 46615 2
75310 21804 2
17314 14101 1
84565 32984 2
29874 58207 1
71716 40455 2
63633 66264 2
25798 47733 1
24275 97301 1
8122 3729 1
73634 22431 1
32625 2847 1
43482 27125 2
76275 48567 2
39051 70439 2
83771 8611 2
51771 76572 1
2455 73317 2
42529 4589 1
37257 31759 2
43403 32039 2
84616 82921 1
90297 36141 1
33312 61422 1
27775 87764 2
51694 48687 1
73191 71174 1
15844 96942 1
35949 50208 2
76619 89285 2
90689 49811 1
99004 36861 1
4265 66854 2
8902 71639 2
12796 2450 2
99340 59783 2
63784 97477 2
9796 74387 1
52364 5824 2
28120 13784 1
28127 14713 1
89705 326 1
65703 41530 1
28391 30975 2
42531 67008 1
94682 48156 2
63970 66300 1
35709 44968 2
62474 13589 1
55069 51522 1
74674 55429 2
92766 83008 2
43367 93752 1
45014 27431 2
95019 91152 2
81488 89204 2
10545 41123 1
29931 73782 2
67107 29179 1
58041 18321 2
63228 40437 1
27584 68988 1
25262 7235 2
73020 18244 2
25406 69546 2
86843 90567 1
17283 96837 1
13695 21114 2
7754 83456 2
89312 36228 2
92341 25213 1
18632 33856 1
72631 84947 2
24405 98175 2
25978 8137 1
10106 22692 2
66169 96608 2
61950 18662 2
64294 53607 2
97723 88881 1
32869 43652 2
18112 2181 1
14575 22994 1
48560 88981 1
40913 52093 1
34689 58186 2
97802 58248 1
53246 90750 2
28720 94471 1
24006 65409 2
4780 20677 1
44490 53176 2
9241 64832 2
78322 97337 2
47369 96648 1
79801 19247 2
33536 75619 1
80653 6332 1
73527 9420 1
74288 29906 2
86842 56783 1
13114 5273 2
26986 73711 2
17300 94573 2
31676 14241 2
95294 31133 2
47545 6254 2
61386 48845 2
29116 78389 1
17822 1845 2
33143 98694 2
19830 98431 1
91246 26472 2
48737 18253 2
76890 98196 1
82559 35792 2
21767 80343 2
99465 87602 1
10454 32308 2
41577 87182 2
81116 608 1
29245 5778 1
1089 86372 1
30681 78596 2
44450 13663 1
35970 9338 1
47280 79810 1
94579 39648 2
72463 88241 1
61692 68598 2
51320 75305 1
22110 98800 1
98199 64628 2
2832 9012 2
1677 15158 2
91613 82111 1
7279 62980 2
41924 19905 2
57477 56168 1
15159 60284 1
2668 26527 1
56028 8457 1
9493 23322 1
4335 36594 1
29251 10912 2
58814 6649 1
85457 15915 2
68459 30128 2
22570 11175 2
64494 57215 1
89551 11254 1
90321 18530 2
31349 33518 2
23410 90568 1
43940 83225 2
63908 29429 2
37689 68148 2
8558 21824 1
52324 55760 2
38986 44310 2
58443 27861 1
69703 66101 1
33126 46906 1
77640 14578 1
55873 94222 1
50787 59988 1
60317 32338 2
25091 70262 2
86286 69373 1
84647 75401 2
27998 25463 2
31648 44879 2
8681 47934 2
99031 59041 1
91775 4868 1
12580 34891 2
76966 2190 2
5208 31307 2
66486 42903 2
51668 24917 2
4058 30859 2
43056 24561 1
72725 94604 2
90901 10620 1
4251 95985 2
67 79171 2
47572 54082 2
81676 56651 2
55420 27517 1
12311 86540 2
45606 25716 1
17438 30609 2
67700 93869 2
32944 14329 1
61729 1568 1
46256 48153 1
28055 43997 1
18932 9976 1
953 3235 2
20423 4882 2
55323 10186 1
6535 17782 2
98596 8250 1
38375 56264 1
94803 81874 2
8718 62143 1
69847 66210 2
99991 33064 1
9334 92337 2
36559 99521 2
59719 29304 1
6491 64287 2
95480 81220 1
47247 57481 2
29160 55544 2
17367 28154 2
32174 25865 1
16722 1283 2
55216 57600 1
67378 75718 2
51149 69596 2
77213 97276 1
61492 30157 1
39567 86640 2
82026 68442 2
54294 5762 1
36649 59580 1
89204 37510 2
74331 47425 1
47489 3074 2
38147 66090 2
27719 8595 2
29524 70925 2
23652 33320 1
6648 64403 1
35723 52486 1
89674 6779 1
24515 29026 2
12508 16213 2
38886 18538 1
11378 23208 2
95460 23549 1
2565 77486 1
69662 43822 2
54530 45490 2
56107 18949 2
1160 17336 1
57878 28734 2
64270 99766 2
32125 60423 2
93914 93427 2
75316 30054 1
37258 21135 1
62816 15538 2
27183 83867 1
93469 82837 1
23342 1852 1
28953 9456 2
46269 65708 1
32790 46071 2
95596 11289 1
88492 41073 2
84825 30245 1
72612 10777 2
98682 54788 1
53726 94784 2
74776 81761 1
85324 14344 2
69102 81913 2
27733 70954 2
70542 7998 2
18931 12753 2
42876 7893 2
1557 26397 1
46929 61560 1
92094 93122 2
96089 374 2
96292 75174 1
39349 66062 2
5938 74342 1
99386 72567 2
99398 99153 2
3089 87515 2
18003 15371 2
26037 54872 1
82720 80908 1
94680 25310 2
71688 43967 1
51070 56563 2
31097 97092 2
51423 99250 2
34069 86862 1
91882 11559 2
21203 37093 2
63837 94165 2
94142 1988 2
66542 20304 2
60341 20348 1
84197 53891 1
77642 80112 2
76671 82956 2
18051 58743 2
24525 93851 2
95644 63966 2
33043 8855 2
31043 44643 2
77545 45240 2
30811 63867 1
33245 27598 2
91290 49228 1
78448 10393 1
27018 48884 2
11028 68814 2
9419 52864 1
53428 85945 2
240 41654 1
94348 37013 1
87838 81324 2
69517 37878 2
66608 60046 1
18683 95935 2
31573 99996 1
4654 72588 2
66000 95049 1
42932 71530 1
41047 1373 1
64653 58874 2
43926 79092 1
65582 22834 2
64169 95709 2
37087 55387 1
35493 17532 2
85181 64628 1
32335 11145 2
87705 68525 1
2979 49263 1
76406 68397 2
12207 76781 1
44495 64077 1
35285 77784 1
35343 23259 2
4813 22903 2
65847 11512 2
53184 56262 1
36763 89370 1
87726 71892 1
21957 92011 2
33033 7205 2
88721 86472 1
40984 17488 2
27599 35362 2
91157 87425 2
94085 21153 2
10095 84377 2
33418 85692 2
53673 94825 2
52780 83778 2
62585 7195 1
78731 55284 2
96458 233 2
82524 12488 1
77850 34500 2
88006 23560 1
40957 60430 2
37672 23697 2
10712 98048 1
89905 501 2
67398 36165 2
44519 64505 1
30839 67677 1
32993 58455 1
51660 16763 2
89421 53437 1
39036 50088 1
97515 87341 1
66739 35646 1
63695 84059 2
17645 90445 1
38339 1266 2
71327 39833 2
45410 91535 2
99599 76377 2
56223 59012 2
67735 88474 2
82908 59927 2
42118 46715 2
86771 4416 2
45662 13167 1
86833 24238 2
53591 57758 2
71734 92771 2
53179 5763 1
95958 69012 1
49384 81487 1
43867 35082 1
54033 82597 2
20608 79171 1
73213 71420 1
27447 36209 2
13287 89760 1
57797 44154 1
95932 1906 2
20257 25014 2
98688 92963 2
24 20981 1
99497 58621 1
25772 82326 2
65378 80890 1
74768 96145 1
62730 88587 2
27246 4398 2
34131 45362 2
89825 51532 1
73475 19464 2
48219 58267 1
79574 23192 1
4288 86402 1
95514 51170 1
51817 23514 2
69329 11161 2
52771 72272 1
29523 29253 1
81069 96903 2
56393 41858 1
42525 23732 1
24435 95679 1
15196 8480 2
75491 33856 1
78021 41930 1
19520 86077 2
91338 28610 1
80804 81345 1
35055 40367 1
2526 92939 2
14477 24106 1
35473 5680 2
57648 48929 2
65363 53655 1
66266 40853 1
15183 55259 2
87902 45372 1
84612 87085 2
30469 70656 2
30499 62448 1
53357 2557 1
50964 54715 1
15396 68359 1
81970 4187 2
36465 99458 2
39594 33486 1
56748 20744 1
22977 80200 2
24001 28679 2
54347 46802 2
79602 30048 1
38484 43622 2
36178 25417 1
31483 70549 1
84362 96620 2
45266 67617 2
61847 81126 1
93696 96035 1
98442 76009 1
29951 75942 2
18855 42810 2
47134 17706 2
24775 42419 1
39295 34850 1
63702 56930 1
92154 79798 2
46965 78377 2
79673 76802 1
12153 60156 2
38010 99157 1
44170 36550 2
92368 691 1
84933 60484 1
52386 92116 1
69051 58344 1
4459 51650 2
40944 4631 2
54616 79615 2
66876 19884 2
65197 78045 2
46093 68307 1
30273 96324 1
48835 68974 2
92189 41679 2
6771 30868 1
42240 27151 2
39813 49165 1
5310 32327 1
1078 90583 1
75420 13262 2
13047 3588 2
438 32592 1
19915 64730 2
986 59821 2
81965 35729 1
4554 88857 2
66792 71129 2
4862 57178 2
2845 41201 2
37664 74285 2
6305 90481 1
69678 95842 1
91100 89281 1
83899 26811 2
68011 12095 2
11790 53649 1
74622 88446 1
93665 79695 1
53083 13217 1
67459 58933 2
66873 72260 1
35159 51638 1
81190 88884 1
86291 7482 1
42402 4497 2
30210 2013 1
75681 92115 2
54914 28270 1
94413 99938 2
87431 88625 1
95746 61821 2
65142 3870 1
60305 59284 2
69963 79967 1
66653 88398 2
70451 24694 2
41056 54884 1
11699 88981 1
84295 65988 2
20927 55331 2
20146 89903 1
2467 49726 1
43542 73755 1
92446 74772 2
42330 47313 1
96482 10728 1
12669 53520 1
3318 56244 1
68526 488 1
50612 53217 2
5715 94496 1
37163 99632 2
15587 64914 2
83005 88308 1
71180 82697 2
45602 96374 1
82317 49097 1
64548 3248 1
98333 98632 2
70689 79347 1
7555 45069 2
69133 85121 2
71739 55576 1
22733 92019 1
15255 81914 1
2172 85300 1
71740 19224 1
94090 19235 2
11873 93836 1
28056 54230 2
275 46212 2
69597 95218 2
73620 50049 2
74340 85139 1
97079 84570 2
24044 11 1
96102 72726 2
14982 89979 1
38397 39445 2
8251 4731 2
57580 67432 1
91140 30584 1
37464 7925 1
29296 27216 1
23002 45236 2
29633 7224 2
54686 37428 1
27951 81175 1
70310 58167 1
72739 31496 1
18853 5361 1
36733 6844 2
44549 25069 2
22128 8245 1
44129 32264 1
8448 71245 2
21547 56788 2
29931 50957 2
12999 88631 1
53181 49558 1
96846 93321 1
30266 83355 1
15021 75321 1
78264 72837 2
24451 18473 2
7522 64814 1
36582 88429 2
9526 57030 2
3167 22481 1
24488 65522 2
11337 18320 1
62717 41543 2
54742 285 2
87409 21043 1
37002 36830 2
85265 5141 1
86142 92491 1
1250 45728 1
28350 19732 1
1368 35772 2
66668 39673 2
44480 96005 2
54363 89103 2
95254 55786 2
13076 57986 2
4111 39119 2
18324 28237 2
61457 53356 1
68396 11811 2
31958 36875 2
9984 37482 2
24333 61197 2
5417 95515 2
20249 24550 1
39187 53796 1
7504 13405 1
20063 1542 1
56061 47853 1
5282 32566 1
47646 71751 2
16484 90080 1
33446 21166 1
36931 26175 2
48924 10905 1
42445 3303 1
8443 56724 1
20169 71452 2
22608 50623 2
98735 60184 1
96735 79726 1
17323 42985 2
29503 65159 2
28030 44592 1
16505 82247 2
73277 11139 2
11212 2173 1
50000 94443 1
9324 41774 1
53396 22183 1
94847 52335 1
22714 86888 1
4991 77550 1
56870 49235 1
46362 59114 1
38704 8386 2
96565 3958 1
31430 95875 2
37957 46202 1
8 18199 2
96244 21266 1
50059 80756 1
46530 22413 2
71415 56836 2
60162 47343 1
40265 75716 1
38552 46351 2
24018 16998 1
59746 56282 2
53429 56655 1
16364 96622 2
4141 26617 2
31802 28928 1
31429 82450 1
85538 83095 1
73406 55612 2
14639 97038 1
21356 21451 2
90175 99446 2
5657 91626 1
44486 65969 2
84193 8694 1
61865 69176 2
44437 64065 2
12996 42295 2
85400 8369 1
2213 92524 1
95397 6846 2
88750 31307 2
25798 45847 1
49271 65756 2
76862 5534 1
64873 63995 2
85153 26983 1
84260 4952 1
20279 58269 2
64282 24053 1
36573 44638 1
55602 95051 2
77955 52378 2
87366 25253 1
69358 3095 2
91237 71170 2
29752 47664 2
69714 29399 2
8075 9937 2
35458 3723 2
22506 35965 2
84738 7834 2
25545 65001 1
95632 96979 2
12304 92350 1
79517 59610 2
61819 12346 1
12401 39846 2
42844 49775 1
66503 33860 2
71160 42051 1
55724 1362 2
9542 46831 1
1252 65445 2
6260 42784 1
14310 89668 1
75361 81945 1
20219 34602 1
15780 50511 2
27906 88520 1
57156 1579 1
58991 41248 1
34269 23340 2
47208 34795 2
52609 24098 1
97095 5524 1
82933 15476 1
69723 90171 1
25584 74779 2
99654 74356 1
47615 88165 1
33056 65189 1
20548 60275 2
41906 80683 2
37586 54747 2
63453 66677 1
37043 13382 2
7793 34120 1
55330 75059 2
51254 665 2
15537 75123 2
73158 48150 1
33541 62347 2
56496 7358 2
41301 6165 2
99927 58372 1
45038 34943 2
54289 24528 1
33554 73674 2
23241 47197 1
47796 62252 1
55326 6556 1
2013 30703 1
16962 52464 1
97739 70544 1
94491 63729 1
70573 58624 1
56645 32585 2
13640 24519 1
24557 45625 2
22869 63964 2
57432 885 2
99360 21486 1
70490 40164 2
11978 64350 2
23744 75073 2
84361 51682 2
43399 2013 2
84867 14116 2
38466 506 2
11286 87905 2
11799 7729 2
22323 78123 1
91523 40141 1
48638 60583 2
11410 55758 1
81488 83664 1
62055 83720 2
29301 78866 1
67034 15777 2
64239 22415 1
63957 81814 2
28721 49982 2
72311 90806 2
86884 20135 1
92785 5605 1
68101 61160 2
33483 27739 2
73637 25491 1
95936 16195 1
16104 47918 2
84125 24124 1
95495 36081 1
43718 81019 2
90318 34028 1
63282 99879 1
54078 88318 1
20490 6076 1
40268 36511 2
84270 1513 1
92800 13655 2
44591 14482 2
10455 57348 2
82742 27598 1
58786 30072 2
91484 25354 2
9349 28217 2
50704 44228 2
15288 99584 1
41076 86064 2
3690 85210 2
99296 26711 2
91257 20906 1
4830 16691 2
11066 22277 2
81676 65365 2
23768 41332 1
44221 37791 1
81389 58774 1
93400 79370 1
21514 45307 2
73176 61314 2
62325 5290 1
13834 95076 2
83462 33660 2
97874 19815 2
29737 62334 2
29414 92752 1
69343 54387 2
28433 92156 1
78652 79280 2
13234 66458 2
5514 73823 2
70970 58318 2
89221 45724 2
98002 56560 2
36798 21019 1
81170 38603 1
16120 42688 1
95019 28094 1
93710 55397 2
16607 43070 2
42539 36536 1
54595 18354 1
89584 80666 2
62148 4598 2
82961 20065 2
58399 26649 1
32024 21942 1
29095 4799 1
23361 19064 1
97474 91039 2
21117 45912 1
56237 12517 2
48111 8059 2
14900 91762 1
89297 36219 2
40219 65879 1
81328 98758 1
51064 43006 1
69868 92029 1
45845 2177 2
3386 54167 2
69363 66641 1
55682 22875 2
42402 74768 2
14016 72073 2
69706 70647 1
92679 96690 2
17094 47377 2
9465 67867 2
32036 72094 1
48912 74111 2
86214 48433 2
55929 91914 1
57027 88210 1
99316 52062 1
99526 79581 1
77813 77202 1
99630 47298 2
74118 93294 2
7469 28867 1
96067 94992 2
29834 64056 2
13916 97258 2
81183 26702 2
33558 865 1
14235 24548 2
56682 7056 2
53024 35533 2
3909 63299 2
70182 18096 2
47719 57884 2
23959 39307 2
7844 55602 2
82961 40108 2
69062 43629 1
82087 95255 2
55848 14635 2
13056 21667 1
91900 40574 1
59830 98684 2
43143 72076 2
96345 81154 1
85120 42478 1
40010 70249 1
63796 80369 2
17344 91576 2
47237 19480 1
18342 32202 2
4934 4439 1
11195 89935 2
68673 3130 2
34768 24908 2
79825 63868 1
98510 57687 2
91048 90257 2
34574 46972 1
89898 33500 2
25406 79675 1
87120 70201 2
7267 7111 2
68231 66453 2
67953 43272 2
74734 93104 2
42645 41530 2
39195 2498 1
12332 58924 2
49431 61236 1
97577 76642 2
42269 30754 1
85939 56788 2
42527 39776 1
38372 23917 2
56545 15442 2
84875 88620 1
7196 39410 2
31627 78406 2
69277 3757 1
31354 73986 1
23939 54470 1
55587 89787 1
16260 19346 2
49636 86338 1
79880 13371 1
16113 41690 1
49517 85246 2
32335 59642 1
32290 94124 2
37530 97487 1
91596 57708 1
5663 49879 2
35 26936 1
62370 59462 2
49622 58203 2
51706 88997 1
61923 21114 1
84080 8654 1
1984 58312 2
38948 59570 2
49621 86319 2
43624 69843 1
18271 73006 2
17186 83530 2
59887 57078 2
20942 51106 1
56937 90060 2
69466 60955 2
34246 14283 2
35785 98376 1
54578 27359 1
16689 62513 1
47534 95402 1
53725 23986 2
49103 52418 1
3435 14714 1
58525 65969 1
49710 73709 2
82901 85684 1
15277 88099 1
33448 84797 2
55075 73030 1
45082 63730 1
94205 94808 2
71907 40715 2
10143 33547 2
15505 75351 1
87487 45639 1
95908 77368 2
52488 80135 2
12401 86882 1
71353 17916 2
36192 88960 1
79364 68168 1
79342 88303 2
93071 19845 1
26668 32897 2
51766 11676 2
84126 5468 1
42151 42862 2
36860 74137 1
98308 83055 2
34452 30053 1
6469 98597 2
22662 56963 1
30323 96269 2
41255 59975 2
8974 8727 1
82463 78620 2
50792 71717 1
63819 8128 1
91048 51952 2
14139 85795 2
68841 18179 1
4245 93036 2
50840 13406 1
52560 89779 1
76953 22004 2
38458 13192 1
14946 60237 1
39539 82923 1
71038 453 1
53104 6546 1
91947 99883 2
47480 3846 2
49532 19363 1
94378 20773 2
67993 52645 1
68534 55458 2
94458 19611 2
15551 87585 2
14096 63879 2
53952 99804 1
71004 78843 2
12355 16256 1
4438 6814 1
32331 3728 2
75751 95502 1
38764 7585 2
18127 72761 1
49421 40637 2
85536 40802 1
8877 59392 2
30144 26050 2
79771 85694 1
55211 62021 2
38333 20411 2
81808 25129 2
22410 19761 1
1167 14274 2
92624 81358 2
88417 69017 2
59279 15571 1
28624 58952 2
60571 16662 2
59162 3711 1
13822 39009 2
73010 73795 1
12659 10320 1
83679 23978 2
65133 70295 2
66908 79936 1
142 38106 1
46550 3908 2
50800 12308 1
39921 71563 1
5792 93680 2
75396 94845 1
95421 7347 1
70232 99923 1
12766 39696 2
70956 17823 1
33545 8658 2
24468 86852 2
10525 28022 1
88918 94970 2
10249 27374 1
71659 43660 2
1106 45887 1
78436 51801 1
91185 23875 1
46275 49686 2
16659 20105 2
95197 85226 1
47159 66224 2
89055 87536 1
90483 33743 2
85446 12505 2
67760 44336 1
93221 82695 1
61225 33488 2
85699 50067 1
89936 54625 1
78042 49513 2
47178 47785 2
18426 5479 2
89549 49665 2
63459 28193 2
93961 29718 1
38319 74400 1
61372 61482 2
29925 91070 1
42268 3476 1
22087 58443 1
67794 62108 2
15173 70188 2
1561 28160 2
69032 95702 2
8323 78995 1
27720 96663 1
96852 78712 1
91350 56654 1
99781 12555 2
98739 98510 2
96354 58040 1
86071 57887 2
63309 61666 2
8523 55901 1
14937 35966 2
66863 5303 2
87919 60181 1
17749 20433 1
34284 90118 1
21156 84802 2
48673 91457 2
29462 91479 2
81650 87821 2
85914 71438 1
45496 38018 1
45235 87932 2
77855 86640 1
32438 96744 2
81864 72247 1
592 65485 2
47624 55885 1
99774 7356 1
41160 97563 2
88244 67160 2
44707 74688 1
67095 24632 1
10602 6220 1
98114 32008 2
80739 61990 1
91429 96872 1
7078 93639 2
7201 67211 1
26079 70013 2
7917 30170 1
83599 72713 1
36116 10991 1
81195 61313 1
33653 44218 2
12443 49935 1
98754 79360 2
18556 92592 2
5473 92278 1
15775 45301 2
35182 44554 1
20680 40869 1
11543 46555 2
1775 48025 2
80703 19068 2
14498 4863 1
90107 82677 2
41601 84729 2
48024 85122 2
77889 40475 1
68211 94002 1
12426 44879 1
19199 27561 2
9561 59796 2
36003 35390 1
35743 39419 2
66937 77534 1
60927 13001 1
90897 1415 1
4084 76601 1
25324 75726 2
30345 31223 2
25185 84346 2
44447 63045 1
91 20070 2
57291 13306 1
15928 19939 2
95860 87805 1
87724 45587 2
32409 74799 2
42940 88143 1
72970 29119 1
46116 90307 1
6186 73907 1
47441 60045 1
5908 16261 1
82184 31393 1
84627 30180 1
57885 78855 2
40392 76975 2
24925 95835 2
66183 47166 1
62405 75597 2
42522 25081 2
50120 18655 1
89437 5438 1
2252 56778 1
70080 51007 1
4845 24249 1
53769 5666 1
50233 38283 1
57263 63135 2
5459 80277 1
21056 5766 2
19793 22462 2
71003 36534 2
79614 39490 2
38615 11719 1
61368 95920 2
94011 55457 2
39923 64524 2
54595 25827 2
40788 8205 1
97186 8541 1
8982 20032 2
99258 21270 2
84393 87875 2
1381 61350 2
87502 49547 1
51664 22717 1
11964 35614 1
16763 23003 1
42974 72346 2
28410 78102 1
40083 18988 2
86775 33783 2
29101 36250 1
73197 10812 1
81906 12762 2
41198 36984 2
79198 57816 1
64319 92911 1
70335 72884 1
5495 95995 2
85144 84706 1
58243 11689 1
60991 40776 2
65221 57308 2
19646 59811 2
42288 40073 1
64981 77538 2
81422 35066 2
81590 73545 1
42970 85676 2
29320 50320 1
66598 35184 1
94182 7298 2
70679 95085 1
37949 71647 1
52196 79676 2
29617 37882 1
97082 6155 2
600 60059 2
85595 19323 1
79037 16477 2
6330 10818 2
60223 85649 2
46336 43530 1
40559 14522 2
6699 59984 1
17366 41359 1
79530 2246 2
88940 90685 1
92610 15217 2
63490 26786 1
60844 16875 1
63737 54771 1
63828 52258 2
20777 41623 2
75644 48311 2
32315 29417 2
39447 92961 1
93423 96538 2
53966 83112 2
72791 13868 1
47550 22218 2
80186 30712 1
74072 82073 1
29170 44009 2
69760 9530 2
9230 89247 1
29679 73959 1
273 75694 1
76561 13486 2
56305 25084 2
17128 71761 1
21145 98342 2
22215 31780 1
25895 15963 2
38679 84530 1
10095 24255 2
61781 45177 1
73718 60714 2
50706 16585 2
51639 83015 2
10770 50792 1
91490 27573 2
1198 13745 2
12568 86921 2
14098 26000 2
31632 64202 2
41823 25384 2
60566 56532 1
42442 56237 1
20038 33302 2
37179 10186 2
65781 84180 1
56815 1629 2
43689 13413 2
38871 84118 1
21052 76853 2
53079 95452 2
38877 21733 2
62184 9095 1
4334 57350 1
94262 66887 2
18279 58562 1
8258 81307 2
6450 56467 1
17985 28475 1
71309 79082 2
74011 22256 1
98699 31593 1
26477 38294 2
46739 20137 1
92807 91488 2
24031 94421 2
47151 68340 2
26591 8813 1
83869 47531 2
46292 82181 1
79005 99571 1
84757 36867 1
26832 46253 2
45741 88388 2
29002 90447 2
4570 75607 2
49589 56290 2
42480 6016 2
91693 30341 1
83508 80919 1
97411 95848 2
29282 32583 1
18491 73938 1
73128 91663 2
96909 33564 2
60072 4548 1
84519 70356 1
52154 88301 2
94633 90907 1
21671 59782 1
38952 4039 1
89519 35070 1
65643 15874 1
54116 91000 1
98353 20841 2
33709 2126 1
12938 15181 1
964 68265 2
90873 469 2
84504 3018 2
20665 32155 1
81964 15461 1
50740 89450 2
49814 24385 1
38829 40295 1
21249 62809 1
99736 73029 2
39947 21597 1
20893 44399 2
17448 16722 1
59032 82370 2
35389 85934 2
66588 55920 1
42310 77149 2
44107 37854 1
25744 95551 1
43776 70022 1
51071 60775 1
77061 11510 1
57450 59197 1
41565 53904 2
43098 2077 2
75227 95432 2
72591 94999 1
329 49513 2
13563 86445 1
55651 19504 2
24644 15319 2
20537 111 2
10406 24610 1
22448 4428 1
17903 57293 2
49730 47423 1
39330 16074 1
35033 9815 2
21173 84003 1
49784 2902 1
14738 37811 2
9298 40528 2
19865 44201 2
95153 59696 2
56125 7401 1
592 76276 2
76995 21866 1
36418 51628 1
27590 70296 1
15689 56062 2
15157 40147 1
20223 62629 1
38803 10191 1
67504 30414 1
80951 46995 1
22334 86105 2
49162 18042 2
14268 1694 1
49707 4052 1
82132 43653 2
17646 66118 2
7521 73901 2
8792 21894 2
65173 27046 2
41701 96832 2
14933 85783 1
41059 58996 1
89016 88248 1
89332 78261 2
89899 57305 2
26288 25163 2
26095 23514 2
41217 83858 2
1594 99985 1
29060 38553 1
61426 86119 2
97039 64100 1
8533 75995 1
29701 91755 1
31476 89085 1
52676 21080 2
93203 86868 1
42072 26509 2
8875 81433 1
21701 65852 2
52553 1114 2
18081 75437 1
32332 24 2
1814 8539 1
35242 3625 1
68933 87447 2
8044 28694 2
3646 49028 2
39629 8254 1
25994 4985 2
20671 93906 2
40577 48066 1
66438 93751 1
73076 11520 1
68090 37831 2
44548 87236 2
49482 31088 2
24904 47448 1
20852 97011 2
84812 64118 1
94062 65478 1
33197 89806 2
60032 20979 1
33949 61317 2
22791 65911 1
15621 82545 1
64212 26372 2
21982 37566 2
6859 98719 2
43255 93612 2
14629 31330 2
28275 77806 1
48878 64795 1
50472 69740 2
10087 43 1
17344 30562 1
88197 92585 1
7515 40543 2
12400 46749 1
18476 11335 2
8837 75493 1
96440 72050 1
32757 18099 1
50650 80394 1
73476 4620 2
64258 77521 2
65546 28618 2
45137 16889 1
97781 21404 1
91358 15017 1
89158 74433 2
4340 13087 1
80719 4113 2
32658 98793 1
90651 44756 1
51689 40618 2
36166 17096 1
56930 6044 2
75585 88319 2
92758 85736 2
67312 5950 2
38707 55759 1
80555 64000 1
97534 33605 1
23584 74417 2
1803 25360 1
54639 26132 2
5031 88301 1
82765 29342 1
15663 14636 1
86946 89272 1
90998 49839 1
49099 9312 2
82019 37263 2
70104 98344 1
74928 8727 2
30607 85302 1
13964 66599 1
98791 65763 1
47770 80018 2
33486 7324 1
22992 83616 2
37828 72484 1
12633 21037 2
76030 24720 1
92148 45512 2
70596 70313 1
23602 33461 1
21010 96430 1
92795 42380 1
98235 1551 1
4138 78519 2
18049 83411 1
66541 13112 1
96767 64179 2
47366 52608 2
7424 7069 1
45100 54617 1
21572 51986 2
32843 19486 1
58658 91944 2
79007 15582 2
11457 80328 1
23805 94396 1
56125 11537 1
49579 82321 1
60457 90771 1
28515 21065 1
7559 88117 1
53332 32034 1
26161 44976 1
56737 66288 2
26516 31122 2
4736 69884 2
36400 60348 1
4795 60064 2
9977 57892 2
88019 37484 1
99801 57300 2
96152 38469 2
15403 24873 2
52626 58656 1
61570 4533 1
87036 55499 1
76960 39485 1
14083 84357 1
75487 62939 1
98219 99745 2
27148 63453 2
54634 88391 2
6598 14404 2
53803 14259 2
97380 48742 1
67117 22292 1
87756 18957 2
42274 10734 2
93277 75254 1
8240 69657 2
81158 8179 1
66067 68063 1
79852 60841 2
21753 42786 1
97000 94899 1
22724 45588 1
10823 21949 1
27916 59836 2
79112 91881 1
58491 68536 1
2754 25774 2
58127 30678 2
20603 40948 2
91099 23289 1
92945 95097 1
80390 3642 2
27125 76943 2
3594 63973 1
93836 82491 1
51254 48056 1
47085 45304 1
45261 22119 2
37637 59442 1
61765 67355 2
42133 46988 1
1001 87342 1
86739 77914 2
76888 496 2
45989 91911 1
85795 27045 1
43145 46097 1
59410 39173 2
93392 81160 1
1792 92475 1
28062 92147 2
94747 85511 2
90796 8746 2
55013 88412 2
19591 25917 1
96758 77634 1
15534 50667 2
13815 33493 2
4279 46284 1
57672 85988 2
8650 21736 2
7675 36627 2
79749 20702 1
86678 15065 1
93494 63358 1
90741 10147 2
31268 30191 1
55047 45839 1
75015 71658 1
95148 27634 2
26827 65436 1
46557 45171 1
37778 34632 2
51780 19757 1
60686 46531 2
15807 63537 1
28907 96951 1
75905 46818 2
63555 63904 2
47186 20663 2
70920 96914 1
60554 82236 2
4925 31121 1
15450 62641 2
16445 31671 1
32547 97193 1
6003 82193 2
46492 56237 2
79136 94659 2
64528 71863 2
85113 91008 2
14878 17431 1
91622 75826 1
27992 19953 1
31397 6008 2
73572 29437 2
14660 65347 1
65982 80070 1
71082 84696 2
44404 53228 1
62799 2769 1
91048 42402 1
11743 72764 1
79282 59696 2
2427 50618 1
9660 63538 2
75735 65633 2
97508 33815 1
42749 45179 2
95613 53123 1
87529 38565 2
36494 53645 2
71916 42961 2
52081 25986 2
62186 92036 2
50293 47360 1
23963 55928 1
16125 50876 2
9805 31707 2
25823 25628 1
12800 73647 2
5766 54462 2
13417 23624 2
81009 70128 1
79312 20529 1
22609 42229 2
46546 72583 1
25871 47590 2
25343 64604 1
61891 41486 2
86173 40085 1
18334 24589 2
37059 74861 1
48321 29239 1
30751 55760 2
21252 84178 2
2321 8673 1
7312 28059 1
28333 22964 1
20549 5090 1
93149 60692 2
83061 7657 1
84573 37790 1
4711 10185 2
71485 1508 1
97173 74668 2
75939 44396 2
45806 42516 2
16038 51343 2
12597 42867 1
78868 93018 2
41504 3729 2
45773 82032 2
80282 57898 1
85573 6021 1
15521 90253 1
22214 96773 2
65000 13662 1
50508 94827 2
23670 28020 2
63111 70442 1
21670 81404 1
74364 35016 2
89445 77044 2
34244 20862 2
65751 8593 2
60780 4505 1
30227 41017 2
76532 24636 1
66178 52586 1
624 88156 2
50884 40561 2
98570 28866 2
59243 74100 2
12253 30253 2
4125 98249 2
74716 77325 2
81654 24476 2
65353 46633 1
81284 16525 2
65022 45338 2
49609 44527 2
24552 30446 2
22845 27339 1
79846 61542 2
22218 15611 2
75726 52952 1
43086 49903 1
62569 81453 2
41692 81899 2
65747 72996 2
32795 29575 2
26428 22126 2
66565 68078 2
4713 76016 2
71786 37472 1
90835 62884 2
70827 65136 1
6342 2584 2
1919 60518 1
90692 68685 1
1873 48957 1
30400 38457 2
2527 83238 2
74052 25318 2
51133 54980 1
3019 21584 1
72464 58446 2
19719 26315 1
96372 39281 2
33308 79803 2
96279 42827 1
58531 90843 2
54939 65969 2
51624 70903 2
70072 4266 2
93197 63473 2
43767 96241 1
7621 99231 2
76728 44630 1
56313 92203 1
36077 9854 2
35335 2834 1
48029 21983 1
3389 95142 1
96322 9925 1
91234 10508 2
12491 81808 1
5166 10783 2
28539 77203 2
28110 5771 2
39464 60215 2
54913 45362 1
32989 79254 2
83869 3627 1
69208 45664 2
15338 51102 1
50604 37337 2
66053 92393 1
52800 85753 2
60031 42718 2
45999 29643 1
5916 15330 2
55174 398 2
20213 82800 1
84746 90071 1
96214 95668 1
29231 99117 2
65088 86545 2
16385 59948 2
42120 16956 2
10943 48963 2
91414 56638 1
47067 22166 1
90056 19829 2
51803 72028 2
88556 25843 2
10107 60225 1
9193 86430 2
23273 10982 2
28343 44783 1
53960 58140 1
20578 89523 1
590 65101 2
10219 91341 2
66245 59315 2
53991 68978 1
42061 16511 2
70718 26379 2
54041 90259 2
72749 94934 2
