100 100 15
8 24 1
14 57 1
26 74 1
49 94 1
100 6 2
62 74 2
19 33 2
8 84 2
3 72 2
98 92 1
72 15 2
47 31 2
8 37 1
88 18 1
27 94 1
47 94 1
77 22 2
84 12 1
46 20 2
82 28 2
33 28 2
48 5 1
77 92 2
41 77 1
38 55 2
93 6 1
80 39 1
29 20 2
89 21 1
63 25 2
39 100 1
67 3 2
35 77 2
16 78 2
15 6 2
28 48 1
78 42 2
87 39 2
50 79 2
8 74 2
81 16 1
36 28 1
69 59 2
13 23 2
58 96 1
33 2 1
84 12 1
80 4 2
7 47 2
49 7 2
85 27 1
22 38 2
80 55 1
36 56 1
57 12 2
24 70 2
61 88 2
88 48 2
16 26 2
2 33 1
25 91 2
24 67 2
64 80 2
70 20 1
24 45 2
56 99 1
13 19 2
66 68 2
15 47 2
77 8 2
93 50 2
93 66 1
75 55 2
93 20 1
100 72 2
24 82 2
65 61 1
24 26 2
32 27 2
42 91 2
10 76 2
91 26 1
83 19 2
37 11 1
43 20 1
59 14 2
14 75 2
20 21 2
89 88 2
68 85 2
1 80 1
27 10 2
14 66 2
54 58 2
41 31 2
82 93 1
98 25 1
66 20 1
54 81 1
1 5 1
