100000 100 362
3926 91732 2
47850 46086 2
49634 42421 1
21518 84432 1
71116 13376 2
12302 44711 2
27788 38841 1
63119 55795 2
78303 89335 1
98828 13974 1
26071 89037 2
39817 39348 2
43358 44824 2
26815 59050 2
10119 61716 1
12939 60453 2
35109 71242 2
30663 14064 2
57263 43896 1
93883 89974 1
83022 1081 1
11061 58119 1
74921 12358 1
79750 10851 1
89634 23572 1
18517 22228 1
270 36607 1
80134 40199 1
57510 30995 1
75473 38743 1
23995 99277 1
47260 32745 2
80200 36226 2
29761 48657 2
21029 83087 2
28316 73471 2
62415 80517 2
26750 18739 1
21737 6927 1
56664 1440 2
77933 99255 2
99371 82009 2
21747 28240 1
54634 22888 1
1 362 1
61989 62121 2
2103 12284 2
67122 26383 2
97470 65493 1
22388 70245 1
25124 96683 1
39971 32545 1
76825 53194 1
82917 33908 2
38116 74925 1
11918 23830 2
29154 96857 1
10111 80044 2
10414 29788 2
45169 77520 1
45113 10584 1
14968 71162 2
59098 48504 2
38326 55092 1
51113 9695 2
44904 76738 1
25927 48289 1
57277 25801 2
26990 9180 2
20854 39298 1
77408 47066 2
79685 27372 1
72346 81324 2
89871 35218 1
60230 39353 2
61978 47132 2
86381 55846 1
48414 35294 2
34267 77997 1
12321 68832 1
8321 8229 1
53915 41112 2
88844 34191 1
39290 19911 2
87315 47900 1
84526 67534 2
84113 79276 1
98140 49375 2
49660 98876 1
15584 61017 1
87293 1913 1
89611 27717 1
37655 76338 2
79524 95912 1
46622 85462 1
74411 32694 2
81892 9352 1
76910 17972 2
26210 92517 1
90931 79137 1
