100 100 91
27 42 2
22 18 2
81 68 2
25 80 1
66 23 2
4 72 1
27 9 2
96 71 2
40 38 1
88 79 2
76 75 1
33 24 2
37 23 2
77 61 2
10 53 2
95 60 2
7 99 1
65 82 2
76 6 2
93 85 2
30 71 1
49 68 1
77 91 1
32 22 2
25 8 2
10 67 2
85 67 1
67 18 1
10 24 2
81 65 2
89 93 1
50 40 2
13 63 1
27 86 2
26 67 2
47 50 1
73 63 2
93 24 2
65 94 2
49 38 1
20 31 1
91 11 1
44 95 2
61 79 1
34 54 1
20 17 1
75 2 2
30 28 2
1 60 2
39 90 2
18 1 1
32 68 2
2 34 2
42 48 2
8 85 1
57 14 2
93 14 2
90 92 2
33 67 2
64 1 2
44 76 1
84 89 1
66 63 2
29 4 2
28 81 1
45 39 2
37 3 1
6 22 2
61 23 1
86 17 1
17 48 2
19 50 2
49 77 1
76 28 2
80 43 2
66 3 1
48 98 2
27 34 2
4 92 1
23 28 1
84 95 2
50 68 2
45 86 1
43 16 2
38 35 2
56 30 1
60 72 2
56 46 2
71 33 1
75 17 1
18 48 1
66 70 1
67 93 2
85 79 1
56 86 1
62 16 1
35 12 1
33 9 1
24 52 1
30 3 1
