100000 5000 70834
66022 2589 2
99101 11869 1
33323 34440 1
84491 80200 2
9480 71071 2
97245 80459 2
68891 18539 1
98159 52833 2
80483 76409 1
55012 94186 2
26021 95802 2
6978 92519 2
45704 3908 2
10868 2657 1
36921 47055 2
37766 52738 2
25000 50616 1
86221 25338 2
4361 10689 2
33821 68508 2
43156 28719 1
55984 6974 1
56550 23467 2
58694 4573 1
27038 61282 1
58335 29462 1
14432 82853 1
80867 78478 2
61302 64266 2
43482 1548 2
79625 38825 2
64629 77689 2
54572 927 2
17507 10663 1
63890 86158 1
1468 46343 2
46899 36667 2
70746 34961 2
20523 33135 1
73435 17696 2
30459 74519 1
59265 62515 2
8038 24772 1
73778 19822 2
36405 45516 1
62360 29591 1
4660 56871 1
67937 78585 2
86803 6482 2
73600 14180 2
19845 65135 1
50570 6507 2
3652 37828 2
7642 58564 1
50123 11095 2
28047 66668 1
76603 91865 1
96041 51649 1
78647 76248 2
63087 73862 2
41383 96266 1
22315 48066 1
66713 20201 2
57644 73793 1
76763 14418 2
68259 92625 1
9443 98245 1
64999 24071 1
90055 27080 2
22577 68792 1
165 32356 2
45056 32800 1
93373 16006 1
47351 49534 2
83057 81311 1
56570 88822 2
27660 34341 2
23541 47950 1
65816 57296 2
48469 5905 1
57254 63902 2
75180 69103 1
75082 78799 2
88017 16699 1
66557 95945 2
31038 91691 1
11193 50037 1
49776 89084 1
26113 24256 1
28459 24300 2
33974 6683 1
73332 46846 1
49154 33724 2
90388 73785 1
61617 91963 1
46748 21033 1
16435 33302 1
54107 71325 1
2524 10157 2
93706 98727 1
53029 74662 2
77953 31103 2
62792 37546 1
46335 49729 1
98183 39494 1
59589 27210 1
15205 71435 1
219 54143 2
80171 27439 2
53035 32197 1
18309 72778 2
20897 14122 2
48291 78778 2
37297 14523 1
36761 29983 2
38929 46124 2
47711 36671 1
53114 66644 2
34161 49091 2
18667 76269 1
79663 18745 2
66854 98936 1
82751 80816 2
11601 69175 2
14214 92127 1
84983 15282 2
76115 42782 1
41861 30611 2
50740 81770 1
30573 21641 1
80383 1478 1
83462 38761 2
46955 95061 2
21225 83688 1
69652 23553 1
64854 5442 2
26650 59031 1
52461 15959 1
2786 55977 1
11126 67752 1
6388 10730 2
60441 16382 1
71547 78453 2
11879 53444 2
88328 84039 2
83247 72296 2
41136 86336 1
49609 2750 1
28169 16583 2
22127 23453 1
61713 9379 2
8991 25344 2
26631 83586 2
38267 35302 2
84976 38805 2
744 39538 2
75123 17682 1
47474 56075 2
6685 80689 2
43783 7485 1
23903 97488 2
78136 22327 2
63467 40240 2
88891 24107 2
51898 4949 2
68619 47090 2
96488 64201 2
94790 74853 2
6262 48729 2
19982 4357 2
7688 30647 1
50377 24531 1
62629 7990 1
5953 8184 1
43674 31826 1
79845 18239 1
5175 62533 1
30086 39990 2
6960 40883 1
77915 24273 2
43901 77727 1
2141 74343 1
58042 63187 1
5484 58259 2
59880 85565 2
31464 6100 1
62186 4364 2
54712 32909 2
73417 41303 1
95527 17030 2
70289 70454 1
6530 23753 2
55666 3943 1
24699 7078 1
24703 19338 2
11785 73455 1
53266 51046 2
81638 43004 1
24710 42626 2
1551 47433 2
2908 39468 1
45480 60883 1
6295 53398 2
86326 20351 1
44448 19156 1
94850 87027 2
38018 29055 1
43549 58395 2
60079 90069 1
76502 61253 2
36121 93430 1
3270 16741 2
5882 54568 2
64677 42354 1
21228 49173 1
30545 39239 1
20850 29288 1
65902 47523 1
32302 59700 2
30497 18761 2
29512 66252 1
52180 69601 2
25261 12140 1
48694 38357 1
26958 95791 2
79256 92917 2
92029 96182 1
88432 212 2
66803 84744 2
40602 84840 1
20685 39308 1
90578 90734 1
69354 70832 2
60155 74211 1
45135 80838 2
13819 32076 2
90659 68482 1
94684 41359 2
60755 97309 2
14925 21720 1
33871 25333 2
54047 22997 2
88203 99274 1
16425 64026 1
62207 65411 1
84549 40542 2
73480 99591 2
54256 90844 1
83173 81541 2
46350 38451 1
5370 77996 2
30979 43111 2
71312 25747 2
7483 30014 1
85747 73202 2
49987 65891 2
68083 32967 2
19917 67750 2
98756 77491 2
56528 11961 2
50973 26 1
10374 25397 2
8797 68487 2
95213 78611 1
18305 96325 2
85799 68180 2
55152 58151 2
8825 15674 2
75311 84225 2
61935 52044 2
13037 73740 1
45207 43158 1
53849 68614 2
71906 86054 2
26118 16976 2
22470 55248 1
78478 73006 1
20574 32907 1
51756 22507 2
47656 11411 2
51424 24882 2
52646 82181 1
32207 90646 1
18494 67685 1
34849 65483 2
35834 98043 1
33 25450 1
12873 80625 1
7745 10353 1
21340 58071 1
8403 48545 1
8458 16384 1
62993 88798 1
81036 76738 1
51829 47283 2
90113 78938 1
36834 16395 2
79019 80454 2
43833 10521 2
43729 91337 1
35909 41521 2
10011 9226 1
91632 10700 1
78201 2325 2
64939 51720 2
38813 80856 2
88778 14502 2
62748 49096 2
7078 7179 2
53712 80346 1
6137 97151 2
71961 55434 1
91077 71761 1
37431 86583 2
55150 22320 1
45650 6820 2
69659 30163 2
24531 80665 2
35513 74291 1
26248 45441 2
63128 64716 1
95332 58282 1
25740 42848 2
22268 63975 1
36781 46483 1
64427 87345 1
78487 66704 2
28847 12642 1
16331 22018 1
22889 87513 2
93964 95228 1
26817 13625 1
27555 71922 2
58208 21801 2
27388 9310 2
79221 45429 2
90471 75900 1
61329 20523 1
54295 89421 2
28810 94080 1
65510 33944 2
34523 72809 2
62863 63685 2
82115 19394 2
70355 69568 2
31042 98538 2
6805 49532 1
79295 70021 2
20894 30733 2
92836 3257 2
10137 1773 1
92640 98833 2
94200 728 1
75716 72701 1
67949 96911 2
33319 59248 1
6290 70073 2
6050 82241 1
79298 39806 1
10805 51818 1
78845 86922 2
88192 5996 2
85064 94800 2
24203 49961 2
78443 57508 2
97118 33897 2
38993 37760 2
5545 89686 1
7275 84576 2
63870 63999 1
57102 39910 1
96082 48409 2
67856 76246 1
62528 49017 2
53903 31803 1
17349 7963 1
52362 87329 1
72485 55967 1
43398 38553 2
27557 26822 2
19018 96472 2
51887 10553 2
48451 24343 1
86609 47363 2
21377 16980 1
39870 49234 1
17048 90064 1
50123 60186 2
8992 82640 1
8499 92465 2
46582 79485 2
74356 96340 2
98361 27779 2
57776 64193 2
7821 39253 1
94189 78203 2
47547 52167 1
31669 74602 2
39279 70163 1
96023 94968 2
59577 82357 2
88868 3444 2
27117 87535 2
58771 36339 1
30531 60774 1
39325 51466 1
40439 82946 1
49729 13045 2
36938 48338 2
3937 78772 1
23103 6406 2
32996 33673 2
65311 73427 2
87282 56091 2
20213 68051 1
57755 46037 1
96691 37122 2
27792 96231 2
28876 48546 2
5192 72036 2
37175 2456 2
62813 34371 1
82258 43789 2
46188 50623 1
34301 42925 1
27673 51223 2
60795 18859 1
33768 67182 2
59701 9500 2
90981 51596 1
50998 36215 2
13405 18651 2
70415 35355 1
23971 13035 2
9141 80809 1
44620 52206 1
85374 6150 1
71763 23452 1
37000 78747 2
71478 14193 1
31827 6293 2
6295 2890 1
56417 27429 1
46140 69484 1
8317 91648 2
7087 48957 2
59409 3616 1
30878 63177 1
20110 80865 2
79708 24670 2
35784 81541 1
41406 96880 2
31032 98321 2
45824 54774 2
94552 87470 1
23902 13067 1
78506 90536 2
12379 26894 1
6610 91090 1
53661 87906 1
71639 79361 2
7342 97103 2
83270 62732 2
34109 36831 1
55695 28019 2
20571 92066 2
7718 76213 1
4127 31114 2
74467 76216 1
19778 37840 1
40227 68516 1
56772 2637 2
19268 33480 2
25573 22305 2
65581 73460 1
82540 17360 1
70020 68894 2
91332 83264 1
37845 79453 2
34522 84605 2
59090 50129 1
6369 56117 1
94958 98521 1
41102 74461 1
77793 75867 1
3291 82825 1
92007 12191 1
93352 40375 2
57761 16372 1
57878 53862 2
18 97578 2
18346 68023 1
3459 16311 1
85552 34643 2
16543 3603 1
44597 21476 2
28440 73851 1
2092 48186 1
4224 41905 2
83275 99463 1
19953 70106 2
48331 20708 1
77190 35135 2
94602 31978 1
88799 79341 2
908 26490 2
12641 79189 1
10102 69494 1
37972 55564 1
14323 67717 2
56899 38636 2
96015 65267 2
14623 62226 2
20030 27310 2
3389 94046 1
6390 80938 2
74547 60694 1
75056 19614 1
87519 80642 2
72715 7301 1
87552 88465 2
12329 75742 1
23131 35668 2
26225 42893 1
44919 18462 2
20523 95511 2
71073 10090 1
14919 36106 2
23241 1716 1
21046 64147 2
86051 80350 2
21263 91429 1
29959 34477 1
83372 60825 1
20370 25770 2
12042 26152 2
91395 258 1
48077 35795 2
79294 58150 1
97081 83196 1
33229 2316 1
18874 77386 1
56505 80044 1
28637 62185 1
80117 32611 2
83797 53128 1
34452 25395 1
47255 27161 2
59534 34401 2
53598 37076 1
88416 86998 2
27944 90804 1
65928 66079 1
50038 73848 2
52812 81998 2
66672 72068 2
34740 99286 2
59999 98781 1
30668 67410 2
72786 56049 2
64580 67903 1
59993 95373 1
83567 30141 1
18925 36676 2
55975 94642 1
41478 27855 2
61671 67911 1
60771 2920 1
97552 38697 2
74022 76717 2
9125 54281 1
13749 99043 1
57326 66781 2
34298 60977 2
76633 54365 2
19652 82849 1
11764 42118 1
82468 81058 1
20981 85466 1
5137 17544 1
74962 46814 2
35268 1643 2
67785 76859 1
77501 70468 1
25914 60318 1
86588 43955 2
16871 20793 1
66152 76731 1
49339 95263 1
52172 21828 2
90752 19243 1
77269 62233 2
46119 27290 2
48885 232 1
65636 59308 1
6179 72901 2
93104 96263 2
79193 2790 1
25894 24276 1
4405 37000 2
15750 66624 2
30360 39753 2
50964 39005 2
2538 47340 2
20505 98590 2
74836 54232 1
321 63070 1
76260 76953 2
12956 3226 1
60141 18078 1
40766 85138 1
9828 58745 1
26272 16844 2
23844 42338 2
39420 74065 2
25387 21332 2
96276 92846 2
90523 97103 1
35755 33397 2
17306 24820 1
19146 63769 2
79890 80332 1
27261 24405 2
80978 96034 1
50804 24614 2
88875 22308 1
81475 72268 1
37875 74758 1
31362 3246 2
35909 77246 2
98253 91667 1
95808 54089 1
75268 78825 2
57764 75301 2
99245 43873 2
62680 57429 2
6253 73521 1
89382 22337 1
28947 29041 2
63741 91411 2
67629 97439 1
34958 40506 2
34225 3867 2
94384 55179 1
81046 52299 2
36765 17531 2
1176 58872 2
79122 44166 2
21079 9999 2
10931 43372 1
44152 93474 1
2756 91150 1
46275 20037 1
91633 25845 2
49283 17617 1
91303 20364 2
42441 3459 1
1657 52993 2
2890 51518 1
18140 86024 2
72796 31461 1
61451 2808 1
54493 56034 2
78755 83595 1
32748 46338 1
13544 89506 2
10318 83191 1
21855 33119 1
28298 78676 1
7762 71274 1
58509 46613 1
4687 98573 2
23880 68980 1
97929 55096 2
87469 27605 2
91894 54429 1
27733 28443 2
51791 76021 2
49789 82064 1
58579 78553 2
27619 3521 1
75172 98505 1
74062 82464 1
10408 57833 2
56772 5729 2
45737 39967 2
97970 13053 1
8566 91543 2
27016 62930 2
38304 43615 1
98458 40384 1
18525 89035 2
60256 79341 1
75977 64242 1
96118 61859 1
42560 80623 1
31773 60045 1
12485 55457 2
9720 829 2
87967 33067 1
57872 26217 1
40342 78100 2
33393 2857 1
27386 66377 2
91211 73115 1
48093 19286 1
30097 736 1
75924 51025 1
42781 53340 1
54457 58383 2
30698 59609 1
98828 7085 1
35577 1988 2
90541 80936 1
27853 43183 2
84836 21285 2
77071 91310 1
88250 39082 2
88234 30362 1
66845 15267 1
85488 13681 1
56576 83166 1
36435 24595 1
59256 58351 2
34221 57671 1
78112 94637 1
64665 39252 2
98038 45459 1
77815 68424 2
92028 68032 1
30636 37461 1
47032 35095 1
83935 98127 2
53460 55648 1
90653 16847 2
61822 95621 1
2807 95379 2
75657 86614 1
79903 2363 1
62571 96709 1
98702 45486 2
91901 16683 2
48289 83539 2
91678 61985 2
49143 62617 2
86992 90824 1
49589 54447 2
44474 52770 1
58818 65420 2
67300 33398 1
2763 86088 2
19966 47792 2
52672 97953 1
82169 91518 1
43797 62872 2
1676 62356 2
41154 44529 1
29584 9065 2
78436 26038 1
95653 75032 1
97114 57077 1
57419 84192 2
45896 17245 2
85482 93093 2
96791 43461 1
61226 76332 1
73747 90246 1
18875 96739 2
81964 60188 1
93775 77238 1
49174 54216 1
16859 21243 2
5129 74001 2
99898 74216 1
39905 4318 1
53930 17399 2
67518 79710 2
78924 97225 1
30790 13600 1
60424 91232 2
14110 80347 2
54599 92355 2
69973 52775 2
58679 670 1
23962 83586 2
62539 40639 1
32256 51309 1
8696 70426 1
59137 91277 1
82266 5222 2
91768 19850 2
141 55358 2
51109 90418 2
92691 19041 1
69965 37207 2
39669 25523 1
14808 20845 2
95130 96986 1
94001 60749 1
17521 59777 2
76938 77493 1
13325 4440 2
3573 63270 2
10980 53618 1
34828 99781 1
50480 64677 1
40394 79930 2
49838 36686 2
86095 19732 2
39265 45515 1
24863 4130 2
12975 51262 2
91396 42907 1
68323 45425 1
45576 120 2
87594 8461 2
17180 67029 2
69750 73121 1
77300 95891 1
42526 76033 2
48777 22105 1
72668 96292 1
26645 83182 2
20397 12070 1
14778 96321 1
9205 51908 1
85116 67714 2
19672 38914 1
10050 73638 2
12866 65096 2
61913 50406 1
72704 2241 2
92785 58944 1
39941 29467 2
78462 71413 1
43142 56105 1
71000 34601 1
33566 37860 2
43035 37607 2
32107 1190 2
8840 96891 2
9103 43597 2
42466 32085 2
29744 4990 2
21650 4908 1
20152 45088 2
79172 65977 2
25333 37085 1
29032 63416 2
57146 68228 1
95442 21323 2
4157 89033 2
38713 98262 2
68599 73220 1
93980 52388 1
40999 46350 2
4696 36736 2
97039 60391 2
27475 40509 1
23253 90995 1
87701 55183 2
63364 61208 2
93065 48912 1
38056 11105 2
19425 62268 1
95286 58558 2
53455 41589 1
78785 73442 2
78829 52959 1
52422 23396 1
31382 67365 1
70817 63358 2
83146 54707 1
89334 55697 2
17550 46809 2
65833 79647 2
40778 16591 2
71398 76688 1
41769 75755 2
24570 12206 2
93564 44876 1
36663 85160 1
23096 22579 2
79476 33235 2
2867 80165 1
94315 37412 2
61707 86378 2
56026 3191 2
26175 34097 1
29731 33067 2
95092 17834 2
42091 67684 1
62929 50314 2
60862 57320 1
22403 95979 2
74313 66466 2
1082 96873 2
31647 56739 2
27370 89478 2
53206 89179 1
74379 53062 2
53127 24164 2
38138 73716 1
72113 38488 1
43958 5660 1
98518 15446 1
99491 65070 2
76572 53633 1
24842 2370 2
17485 88705 2
90487 7598 2
94487 40992 1
81882 29906 1
99405 6413 1
51271 34572 1
20517 99357 1
58390 86500 1
64888 87365 1
11619 47106 1
24070 1505 1
46319 77874 2
77839 22449 1
47773 42471 2
47770 92566 1
83254 52598 1
63730 9977 1
67045 58006 1
56644 96005 2
35420 32839 2
71586 42792 2
96174 67751 2
30883 2294 2
27666 22174 1
70688 74918 1
96071 43284 1
26745 30259 1
19146 15446 1
16302 21564 2
18977 56245 2
89159 50308 2
25300 31846 2
77165 69362 1
81486 73955 1
41614 16691 2
36416 87240 1
68381 4531 1
45279 92215 2
11823 21800 2
21153 90388 1
70687 89191 1
94212 5546 2
85034 55884 1
65352 99365 2
55444 9847 1
5135 96630 2
19362 59050 1
81924 51026 2
81246 96748 1
16369 8563 1
69943 22664 1
29191 66101 1
92413 99823 1
53626 37082 1
7561 64626 1
98691 50727 2
30707 96201 2
10684 25829 1
31450 54382 2
37319 92097 1
13312 70563 2
71784 22796 1
939 30824 1
64358 92699 1
88902 98245 2
59662 61224 2
47293 62695 2
75760 17103 2
92037 46842 2
12512 87634 2
34289 24436 1
95990 33878 2
62814 48106 2
66607 39908 2
49896 24441 2
53193 71625 1
2355 11454 2
1451 58998 2
75363 33054 1
82171 97088 1
68100 58399 1
75910 32641 2
33731 15341 1
26299 58805 2
97842 74006 2
52432 26750 1
83368 64654 2
88892 61569 2
33311 42188 1
7739 18887 2
68308 54539 2
74798 40221 2
8747 74026 1
53304 39124 2
8489 10061 2
90626 81569 2
96856 36313 2
49271 33470 2
17574 37116 2
92457 11431 2
14022 4770 2
8362 37406 2
6381 66561 1
28948 45064 2
87862 24910 1
60482 49582 2
63839 18118 1
96980 16413 1
52906 75911 1
87087 27526 2
69117 74771 2
77051 67423 2
17378 2932 2
76355 16031 2
80424 626 2
61944 47590 1
54240 34335 1
75183 63891 2
52992 38700 1
37470 41260 1
82244 94865 1
92131 42170 1
89224 489 2
11261 82442 1
45263 33075 2
37041 33773 2
81151 80818 2
90150 75608 2
79811 1550 2
47561 51269 1
11752 91986 2
30954 28657 2
62944 77483 1
14013 86812 1
90530 10991 2
64827 55436 2
64839 87060 1
70974 68874 1
47631 148 2
66728 26979 1
78842 14960 1
83196 31112 2
97904 22442 2
88868 49806 1
51290 79497 1
87978 32015 1
88198 42809 2
47742 27048 2
19558 94376 1
43894 68697 2
92593 13643 2
48489 33768 2
98817 35511 1
40020 49790 1
72052 56168 2
1461 57672 2
95916 85117 2
45779 35063 2
80271 29753 2
81779 30368 1
88935 54244 1
73636 34749 1
39298 54185 2
62549 13899 1
79571 59990 1
16825 55562 2
60047 49598 1
20234 95072 1
46962 54618 1
74179 67862 2
67928 16323 1
12965 52697 1
85540 79674 2
63443 31962 2
91356 24513 1
38454 24719 2
34954 25696 1
12761 98192 1
80765 88320 2
23821 4506 1
13798 44275 1
99687 16368 2
84572 21354 1
56541 39861 1
55576 97661 2
9869 2611 2
79385 9959 2
8023 12695 2
32962 63976 1
45597 30994 2
11767 71425 1
12682 52858 1
19812 91163 2
89512 5543 1
50422 96929 2
73192 84310 2
26847 37473 2
84735 47337 1
26870 38318 2
11811 61765 2
25045 68353 1
20786 91123 1
40281 80660 2
32395 55905 2
96262 55173 2
90034 67134 1
90113 95450 1
37296 3104 1
91859 1623 1
45170 95714 1
59533 42505 1
87589 29822 2
74014 20894 2
25888 82583 1
9215 49931 2
96411 78259 2
89864 86981 1
63504 41305 2
59832 82664 2
33441 73015 1
34096 14483 2
35569 61214 2
24568 35466 2
67337 51044 1
31130 43123 1
66549 53601 2
15426 19770 2
75621 73458 1
68 15405 2
39469 97946 2
42518 19295 1
13605 15676 2
13489 13385 1
5897 40226 1
93204 33093 2
22041 76281 2
39713 80498 2
73691 46578 2
83582 86259 2
7092 81699 2
20502 80271 2
50483 83012 1
70838 67026 2
38279 59379 1
41648 74027 2
58915 25872 2
64731 15564 1
71169 18113 1
19504 80718 2
25372 56656 1
71663 95594 2
53268 31048 2
22104 35040 1
65966 15451 1
55219 69268 1
72114 67583 2
42953 31340 2
89483 2540 2
81224 211 1
93226 95712 1
85282 89690 2
53412 58235 1
42862 92370 1
12719 81699 2
94502 85394 1
57225 26081 2
12008 56119 2
4465 94147 1
76054 46015 1
22124 50232 2
64949 35181 1
54305 2295 2
7793 46985 1
42750 43160 1
83096 50013 1
10833 857 1
22971 21401 1
45807 65626 1
29424 4719 2
2384 17473 1
818 99031 2
26449 41816 1
72735 92877 2
84209 89002 2
81881 21678 2
2804 64265 2
64934 51231 2
29411 53515 1
37841 42150 1
68810 47400 2
90022 46126 2
54617 13470 1
29593 63144 2
93732 59821 1
79104 88453 1
84419 14652 1
94068 97245 1
82770 80370 2
27061 70698 1
41266 43389 2
42307 61677 2
20262 91855 1
91077 34281 2
45271 56251 2
24102 31619 2
21745 39997 1
42131 70920 1
21540 79119 2
40318 69735 1
58659 18677 1
4190 47347 2
98216 19666 2
9325 54882 1
89038 50864 2
64552 7120 1
10134 90717 1
72115 51677 2
5251 68424 2
41811 60747 1
38302 66856 1
7345 30241 2
14002 94837 2
15422 86314 2
7505 1005 1
13353 20759 1
6957 65297 1
22123 13977 2
99232 82725 2
36572 64104 2
98341 58707 1
92602 23583 2
37884 81769 2
82537 9981 2
87242 26134 1
89294 44197 2
78710 63217 2
26099 48671 1
96078 96466 2
37543 56725 2
66240 79255 2
66459 93943 1
95105 50689 2
17637 20279 1
21193 60564 1
96801 42382 1
17173 37114 1
93931 49013 2
93284 84961 2
69894 7373 2
75579 20056 1
3672 39288 1
63265 5622 1
34219 71229 2
71971 78740 2
96238 38983 1
9329 53453 2
39378 20103 1
9599 7877 1
35214 18606 2
11845 46463 1
98076 21972 1
37248 78950 1
8665 24052 1
11151 7077 2
49769 33133 2
18806 31439 1
93104 81698 2
90302 56728 2
89242 33755 2
67987 1945 2
47476 46402 2
40421 46896 2
51632 36039 2
44520 35422 2
67238 95869 1
24948 68743 1
12653 67610 2
23173 44533 2
63014 72027 2
52603 55222 1
84114 50877 1
20892 22169 1
1078 59045 1
12686 25333 2
51358 45434 1
19197 89475 2
36664 61093 1
98043 52543 2
22709 49560 1
57594 394 1
58027 86564 2
26612 31659 2
97429 92385 2
76484 5449 1
91921 62826 2
13962 49907 1
24257 87358 2
77387 27320 2
55979 18593 2
25199 22511 2
57657 78072 2
6562 80433 2
43898 4561 2
29459 38426 1
94399 39193 2
21207 47499 1
65279 69411 1
70375 82603 2
75315 4424 1
19230 95777 2
96346 17986 2
93148 95996 1
8759 65135 1
94022 51148 1
77774 2932 2
6627 74886 2
20074 62872 1
18720 72867 1
68058 59556 1
79501 26657 1
34832 42922 1
79486 31841 2
14849 44219 1
88716 44967 2
59943 85263 1
20337 72222 1
73410 81665 2
6607 48433 1
98386 69937 1
58314 21331 1
52639 24288 1
59625 26392 1
33362 73399 1
56889 55481 2
76313 11840 1
13834 90100 2
18567 13931 1
15312 39082 1
28625 13067 2
67651 70144 1
31442 63095 1
97791 9694 2
73192 52841 1
4037 84595 1
10772 9890 1
21208 3023 2
14750 52132 2
6945 76615 1
13231 80279 2
90508 43380 1
72214 35300 1
36073 58484 2
96676 3037 2
51532 84872 1
64495 71283 2
89004 46261 2
80531 40926 2
80072 99907 2
56940 15930 2
10909 8481 2
2909 40804 1
28113 43551 1
52972 9856 1
39340 97202 2
72643 46934 2
40698 80787 2
23377 46801 2
51402 80000 2
88487 1663 2
51697 1434 2
4028 3284 2
38728 93766 1
78538 13414 1
95562 61772 1
1614 74802 2
44215 16763 2
17227 91670 2
25428 42339 1
75560 71381 1
43465 55545 2
24877 47862 1
47489 12406 1
28554 34725 2
38221 3705 2
30001 13009 1
59970 20448 1
46423 36748 1
32470 11123 2
29143 30095 2
69447 99482 1
29262 28083 1
60596 28193 1
16576 6488 2
40994 77723 1
51122 48290 2
54200 81948 1
92846 52407 1
94819 49182 2
41058 1058 1
51955 19837 1
19617 83987 1
71676 17403 2
52608 68093 2
31926 57629 2
97658 65239 1
77118 72331 1
54189 43900 2
50803 788 1
70651 65131 2
51225 26120 1
25802 46247 1
14617 90940 2
84036 49175 2
49855 66058 2
44024 20807 1
66907 56878 1
83095 14854 1
161 31434 1
13592 33894 1
91849 56866 2
98228 26720 1
37903 86369 1
49290 48909 2
52212 8211 1
64412 19405 2
87163 18633 2
39185 30308 2
32173 92408 1
6193 29496 1
16438 47962 2
94956 95765 1
8517 43 2
3283 90665 2
89040 41901 1
71773 62376 1
17134 87172 1
65892 62665 2
68251 70363 1
17893 57959 1
35799 21886 1
47556 21568 1
40615 80158 2
7749 51386 1
84691 53264 2
47476 24057 2
4198 92366 1
93118 46858 2
4210 53268 1
90678 36380 1
18441 44260 1
45329 64610 2
31108 49475 1
6282 60946 2
24864 99289 2
87583 64136 1
14397 90133 2
43410 52740 2
99293 99303 2
31401 41511 2
55115 16229 1
66286 20475 2
88305 41798 2
65199 72008 2
51648 67242 1
27807 23263 1
71244 28848 1
48499 58259 2
12686 71613 2
711 15643 2
66464 38460 2
14679 77426 1
97284 85785 2
30630 69463 2
42782 14469 2
48474 84430 2
74069 31541 2
25245 59196 2
17270 23523 2
29406 93966 1
2769 44971 2
75406 2547 2
67770 69679 2
39140 24510 2
34857 19220 2
59481 1157 2
46587 76547 2
50157 71173 2
73934 45897 2
89056 36379 1
23145 34743 1
92857 39148 2
12914 14594 2
2467 5598 2
73718 57380 1
29035 92157 2
62372 55545 2
57156 45559 1
41938 42467 2
50435 84448 2
42199 42663 2
13506 22287 1
33647 42606 1
24737 83231 2
12731 23237 2
68641 71759 2
38910 78781 2
50567 35746 2
82177 42187 1
37343 58656 1
87951 6345 1
52438 4499 2
17626 23156 1
6431 26251 1
76052 88364 1
94480 14299 2
62647 43959 2
22146 96377 1
72062 14589 2
47444 60610 2
67337 85261 1
10087 50547 1
94557 1303 2
75587 46289 2
35490 4017 2
33234 52834 1
3363 47411 1
22624 94322 2
56593 17690 1
37889 39888 1
73089 87464 1
87691 61614 2
49545 72418 2
99895 45476 1
15079 92241 1
21412 62445 1
57370 89154 2
81716 89928 2
14695 55686 2
51086 83000 2
3637 98291 1
56442 92517 2
92369 12608 1
33608 53593 2
37131 30829 1
78057 40100 1
51127 30969 2
53908 92729 2
84046 5418 2
90659 13710 2
82986 47689 1
62547 26464 2
48909 59139 2
73928 84205 2
61850 52297 1
9670 21816 1
4635 26960 2
39769 21512 1
45146 14578 2
97550 34377 2
34663 46316 2
86328 87529 1
73176 12350 2
36652 16988 2
47332 56270 2
33669 10425 1
55752 37349 2
84449 19483 2
44002 53872 2
22753 29762 2
40729 7616 1
5485 32783 1
16626 30187 2
19950 12011 1
48444 51817 1
60211 43872 1
79398 79639 1
75468 53150 1
61379 53879 2
3090 3480 2
86061 40334 2
25949 69957 1
15071 8389 2
23596 61471 1
94362 78825 2
49953 42855 2
88897 28332 1
49506 42463 2
96957 24193 2
19770 69326 2
21849 31491 1
8693 13376 2
41606 49167 1
26855 40356 2
65689 49093 2
3654 34092 2
93736 61611 2
34252 21168 2
11409 92586 2
63286 49643 2
80532 23887 2
75527 11516 1
48403 71339 2
20102 72775 2
44185 58516 1
51931 64658 1
66256 93282 2
4950 23272 2
21321 38610 1
53385 16729 2
54905 82631 1
15017 22616 1
65110 20932 2
10000 79452 2
86654 65427 2
60638 32735 1
65776 31617 2
53715 83554 2
58448 73311 1
23543 67527 2
23303 95939 2
21107 11542 2
56386 13989 2
36149 60953 2
37486 36322 2
73808 23359 1
22306 86013 1
95289 98141 2
33974 93177 1
29835 3112 2
74724 11520 2
63428 5692 1
96686 47615 2
61638 24216 2
76087 44807 1
43255 95648 2
54312 90222 1
35297 80730 1
48685 75116 1
88531 82769 1
49878 73247 1
58142 77781 1
37847 6727 1
18968 9497 1
29544 36330 1
61149 48244 2
59461 10257 2
4873 96321 1
54542 84521 1
15903 16799 2
38729 74244 2
23653 10897 2
67771 58005 1
43493 77342 1
24435 73623 1
65934 93394 2
87104 50791 1
62610 82652 1
23829 83398 1
18021 45614 2
17004 43640 1
59044 66016 2
83104 47239 1
18091 17742 2
94385 18400 1
60382 85397 1
43140 78420 2
23649 30426 1
47361 22809 2
27104 59619 1
92051 49159 1
38600 26203 2
55211 84380 2
34860 81330 1
83550 31576 2
32833 35707 1
84226 98146 2
65058 95853 1
77237 2145 2
30028 13347 1
44822 1603 1
95587 53276 1
49482 61017 2
72044 64155 1
29560 58489 2
39985 17640 2
13486 57467 1
90144 81901 2
20762 55197 2
27084 34489 1
90129 78559 2
47147 27393 2
50635 43272 1
24054 3450 2
39589 64575 2
55820 1216 2
93374 20146 1
50287 67987 1
87034 37522 1
18661 53141 1
45730 40885 1
4664 37389 2
83362 51987 2
75735 50982 1
45450 23242 2
38579 93968 2
84814 1275 2
86915 23838 1
14534 33258 2
27456 31879 1
35022 12929 1
16041 60774 2
54599 21773 2
54464 55482 1
56788 98368 2
76428 39142 2
56318 66606 1
25269 45906 2
57905 28976 1
16587 69064 1
26941 23204 2
76384 33528 1
18613 72522 1
55721 19796 1
13107 5416 1
57664 69397 1
3634 49096 2
37381 89012 2
45107 13301 1
27641 59890 1
60761 38274 2
73537 22928 2
4909 48802 2
1801 3800 1
24762 34161 1
85086 62514 2
19378 26377 2
49939 11824 2
70215 31086 1
3293 1795 2
19155 92803 1
88087 77762 2
7761 29011 1
15583 88170 2
41057 74249 1
4311 79737 2
17896 66743 1
36261 89715 2
94509 41011 1
9875 97757 2
56766 70358 1
99759 97637 2
47113 46459 1
428 6871 2
71235 93862 1
91648 19081 2
63588 96954 1
66020 69200 2
67017 80802 1
90679 23785 2
63249 5481 1
57883 9937 2
70753 55298 2
19287 27277 1
98976 52065 1
37779 39204 1
91291 20831 2
32223 11647 1
162 88154 2
7660 37328 2
97577 66706 2
50449 45512 1
83304 35470 2
6535 16511 2
52284 84213 1
71630 96752 2
68356 4949 2
92006 37818 1
18756 30080 1
11703 7264 1
19909 58506 2
5065 42154 2
38387 26956 1
31948 50818 1
35166 86692 1
15858 39192 1
66074 5811 2
95248 87071 2
67007 19709 2
12705 79437 1
66761 17581 1
65379 50239 1
79320 60846 1
84279 20178 2
51986 23347 2
67013 12843 1
12189 42128 2
30326 64112 2
43589 82750 1
19096 19661 2
39004 7579 2
83966 4593 2
83924 99720 1
48157 74478 1
43271 28777 2
1329 75932 1
2832 23944 1
85494 87222 1
51536 50515 1
84431 97755 2
83561 6266 2
90530 13710 1
77030 78418 2
13945 67223 1
10706 54612 1
56642 53985 1
85628 79422 2
17585 42874 2
45657 32113 1
80921 48885 2
29282 15665 1
37815 93707 2
91058 59049 1
49543 90549 1
15209 51652 1
80652 88436 1
68620 11157 2
27148 10442 1
91234 79152 1
92946 84766 2
29720 96334 1
45035 46908 2
93694 3757 1
68681 49171 2
49384 40110 1
50083 92949 2
74767 1173 2
95091 38490 1
44109 79277 1
29270 34493 1
38084 97249 1
31344 47197 1
32440 40036 1
11941 84446 1
39088 77130 1
14209 34566 2
53401 12429 1
78705 24832 1
63459 12937 1
26632 67868 2
85730 4000 1
54875 79949 2
14990 75798 1
293 60073 2
65571 26070 1
31972 95277 2
22338 92779 2
3162 79799 2
74766 51784 1
13 46410 1
53040 97217 2
52519 1485 2
24340 13327 2
72566 25932 2
59850 97457 2
83021 3958 2
32806 68197 2
7458 60893 1
31391 39123 2
92814 51321 2
96244 53250 2
82896 94309 1
96290 22433 1
67690 38977 1
85167 92512 1
90530 21870 2
9987 65588 1
43427 29941 2
45962 90678 1
74394 40673 2
94451 44453 1
28281 35200 2
94388 35775 1
14359 53829 2
48003 16364 2
79981 59561 1
13406 26100 2
67226 33926 1
83652 81923 1
64001 69179 2
58234 85100 1
13958 50411 2
40264 37347 1
37717 81501 2
20281 52066 2
57595 78877 2
49470 14277 2
74250 29626 1
19020 79726 2
32217 37094 2
59065 98785 1
92578 31609 1
12195 71465 2
15395 67567 2
79785 29234 2
12030 69989 2
18864 41516 2
45208 99680 1
17791 80559 2
52861 61766 2
49411 11121 2
55035 88962 2
31116 69073 1
88322 26020 1
19342 67056 1
96043 86143 2
31041 66387 2
12782 24138 2
46146 27970 1
2826 1408 1
464 83852 1
32897 71583 2
46447 84193 2
53913 55053 1
49512 99606 1
76732 95054 2
49991 35397 2
20504 335 1
27292 86858 1
64864 38111 2
90171 54823 2
41770 53872 1
17468 73793 1
98800 18363 1
17563 16064 2
20591 22457 2
98873 91635 1
21546 45674 2
68473 31786 1
871 24114 2
91716 87002 1
55473 81783 1
12070 97629 1
92341 25541 1
50094 49199 2
8613 89578 1
79922 84850 2
45944 71994 1
13609 85707 1
70567 50347 2
44623 97762 2
63730 25626 2
82692 68710 2
76601 27781 2
3149 90055 1
39236 99919 1
38994 13562 1
74588 78208 2
11710 94777 2
71055 21250 2
96675 49696 1
68592 67493 1
11603 99697 1
8884 54523 1
78792 76113 2
92694 11037 1
4764 62697 1
27124 28132 2
26290 88966 1
29263 67569 1
10379 81913 2
51535 86757 2
210 55159 2
49181 15881 1
40881 52314 2
13288 18696 2
83449 82142 1
50497 92400 1
41470 13093 2
50782 33269 1
42361 5972 1
81050 68910 1
43492 49555 1
88051 25558 1
68417 22353 1
29195 18892 1
21076 85662 1
88360 62387 2
75652 47280 2
57525 38931 1
49854 4414 2
84766 43926 2
78354 63656 1
22168 7372 2
28724 20877 2
69814 73703 2
55804 71122 2
47413 48192 2
24455 68546 2
34705 65904 2
69875 93929 2
96206 39384 1
8999 48344 2
38192 55098 1
34409 11300 1
49891 98141 2
30822 62631 1
3124 73997 2
31757 30878 2
43477 60856 2
86676 15401 1
95997 16594 2
77426 36398 2
55142 49298 2
87107 51829 1
2478 29779 2
24520 76141 2
53878 65844 2
6372 96070 2
10438 13432 1
90656 66422 1
82055 4935 1
86311 45492 2
86055 29579 1
39595 19136 2
56185 37812 1
93182 68409 2
80978 77717 2
99258 91173 2
67693 72356 1
59290 6317 2
18472 61406 1
27262 26590 2
27269 74976 2
90379 10025 1
46154 25487 1
70953 17091 1
63521 81489 2
56227 51430 1
41081 73778 1
66090 66126 1
7139 52640 2
18099 61757 1
73877 9423 1
65460 89624 1
90187 81783 2
56011 78216 1
81377 51185 1
31639 93082 2
63386 35453 2
32893 49407 1
32380 3294 1
31812 99053 1
23250 14076 1
95001 83964 1
80553 86849 2
13196 97225 2
80915 87421 1
29457 51702 1
96263 74755 2
82689 3368 2
16894 41225 1
16854 72264 2
3608 32428 2
40978 38627 2
96501 31849 2
71769 51306 2
41693 89349 1
75858 60627 2
51193 48263 1
16682 27158 1
19447 75896 1
33776 85200 2
71721 15018 2
82458 46019 2
37382 13806 1
31 73140 1
69896 97532 1
60636 29580 1
33421 72655 2
2383 69656 1
25047 24198 2
87679 93833 2
47020 2149 2
31889 38549 2
10038 26098 1
84148 37620 2
87043 35320 1
38007 46787 1
99878 76871 2
41965 77445 1
71924 63698 1
58224 7453 1
51369 51311 1
72059 99381 1
3745 92955 2
64879 27450 2
4031 21172 1
69263 17277 2
33289 31293 1
53540 34995 2
65321 80989 2
59161 68662 1
39950 74016 1
69599 70723 2
53545 94132 2
68427 50298 1
80305 16526 1
90483 27585 1
6911 86755 1
19413 55297 2
67858 60303 1
98449 82631 2
41325 49169 1
94057 61381 2
64340 46061 1
86024 20526 1
89683 49129 1
99608 69949 1
93559 27120 1
59562 7631 1
90386 53490 1
93555 86020 1
78651 68162 1
52329 354 2
73580 6199 1
19402 37298 1
8034 18187 1
49269 5313 1
35553 69087 1
8462 98560 2
59502 77749 1
91903 23877 1
91955 22677 1
81906 68072 2
73118 51368 2
85880 80551 2
65185 58656 2
96325 32450 1
97556 16942 2
45969 28575 1
37455 92715 1
71544 18599 2
43313 45360 2
90587 68583 1
22172 65885 2
13469 10193 1
99349 89398 1
90727 76984 2
43241 70337 2
37797 86135 2
97283 9897 2
26791 35979 1
36567 15710 1
83297 6836 1
35227 14995 2
71179 29464 1
80264 19071 1
6305 26305 1
19549 78428 1
22467 76954 1
15068 43371 1
73879 36373 1
49260 81294 1
4738 52296 2
49589 63821 1
69107 3851 1
34791 16850 1
14329 8379 2
73875 30061 1
10247 28443 1
33328 27376 2
16343 83246 2
17560 40659 1
17124 45278 2
26728 40657 2
36398 15320 2
32867 69802 2
41530 37550 2
9680 78752 1
77232 75955 2
82328 25530 1
48379 6115 1
30793 96963 2
74284 49944 1
47349 37259 2
99288 63926 2
41555 45637 1
16981 15424 2
84189 15720 2
93889 96160 1
433 57071 2
41179 45187 1
86929 78809 1
96744 17723 2
36770 67945 1
73583 24379 1
96752 58886 2
33310 43966 1
31689 52156 1
3459 94081 2
28702 76794 1
42611 71205 2
32325 9459 2
40646 16942 2
54041 9309 1
73017 18342 1
44760 52372 2
62059 27610 2
42180 19256 2
96224 10204 1
5603 41450 1
13473 83456 1
25504 48883 2
23802 68127 2
91143 75102 2
22395 43094 1
65292 22425 1
4952 91016 1
24613 69080 1
81449 44888 1
36779 83570 1
50986 29552 2
24798 95042 2
57084 21246 1
95742 91783 2
44290 51153 2
14642 90116 2
35909 2880 2
27045 39553 1
16049 53379 2
73476 44104 2
84470 46328 2
10497 53065 2
73191 53119 2
55059 70358 2
99902 9087 2
76308 68136 1
37174 56191 2
72994 71928 2
50512 85901 2
20094 55878 2
38959 87963 2
6704 30006 2
68796 10845 2
88577 82254 2
24674 1228 1
52735 62426 1
22867 28038 1
52412 94152 1
65921 65099 2
88496 98764 1
58726 49090 1
30963 78301 1
37213 7570 2
11428 29590 2
35846 35113 2
50852 85014 2
31750 8825 2
10011 94337 2
79300 45590 2
15250 63900 1
98350 62617 2
33048 10004 2
77170 87520 1
21054 22488 1
40005 48107 1
12218 75867 1
82623 88929 2
27848 21427 2
13309 7273 1
70148 39357 1
72126 305 2
13777 53782 1
91271 33067 1
8789 50499 1
87007 71115 2
45851 90314 2
14451 70218 2
24911 28631 1
33395 55270 2
33062 61752 1
96851 20160 1
48083 19329 2
16715 73916 1
21747 12361 2
60504 23268 1
64770 43467 1
1401 24102 1
80164 55527 1
99186 22673 1
12925 830 1
2060 55548 1
84249 185 1
27443 42720 1
80357 47810 2
88727 30073 1
69107 50377 1
50508 95080 2
15899 2976 2
13418 29652 1
72628 61248 2
4909 86500 1
93535 56546 2
29238 84294 1
45309 85767 2
29800 40940 2
78772 67153 1
50540 34762 1
88526 50951 1
8461 74073 2
62937 9589 1
44349 4983 1
69352 22249 2
24398 65861 1
72464 91192 2
36890 54695 1
88012 54423 1
8956 25256 2
96858 98978 2
66869 63443 1
12188 96792 1
10408 10811 1
88568 69180 2
55229 41492 2
39384 50486 2
17410 5015 2
75403 22864 2
29829 46882 1
77122 54810 1
38971 29078 1
32884 27431 2
29437 87223 1
84314 33646 1
99814 46256 1
12307 94665 2
86646 91276 2
51330 50745 1
562 83614 2
8907 3296 1
32705 36730 1
4057 82149 2
55472 87642 2
78555 91124 1
39535 794 2
38627 55899 1
99442 35067 2
11974 90831 1
37778 16132 2
49150 32069 2
47689 63964 1
29355 44057 1
89241 85842 2
56749 86986 2
89382 85973 2
94284 27260 2
84823 36861 1
40497 82324 1
39417 1056 2
92202 40192 2
86012 58013 2
30634 17997 1
77140 30933 2
81030 27919 2
96153 17356 1
8441 91772 1
76359 78221 1
47105 45777 1
97951 61795 2
13311 91724 1
90820 54817 2
67227 37424 1
34815 24731 1
39294 8900 2
55516 1291 2
54903 98068 2
45227 89261 1
91863 41487 2
34368 24835 1
84180 8743 2
82226 5329 1
10378 41812 2
21376 9698 1
61429 96049 2
19751 24737 1
32728 47485 2
71309 42209 2
58009 65404 2
37210 45110 2
94690 74996 2
65306 4570 1
49602 68688 2
21532 37641 2
21674 21664 2
80534 79749 2
80497 83639 1
11774 55026 2
8689 43020 2
98514 87611 1
74791 44058 2
38737 52395 2
57878 58623 1
61728 6229 1
57285 17793 1
17639 30253 2
98748 13572 1
64145 83405 1
32875 34933 1
73359 31697 1
97892 75875 1
5046 98235 2
11484 88224 1
26268 7408 1
35726 37444 1
28799 85112 2
84247 56298 1
11134 24418 1
3611 15442 1
20126 27230 1
65183 77085 1
94342 13569 2
99437 84052 1
82179 67748 1
10515 17730 1
87173 38182 2
39332 38005 1
27456 70021 2
3797 70369 2
4108 38985 1
62561 60925 2
4998 98394 1
43910 91331 2
90189 58244 2
51142 46260 1
90885 54586 1
59143 35794 2
32855 49425 1
1107 87685 1
14991 33440 2
63865 55895 2
10813 51942 2
10858 7832 1
77557 10916 2
55325 5914 1
81935 43935 2
77675 17749 1
95911 89344 1
53971 27173 1
65150 26931 2
84439 30791 1
80919 18699 1
64446 21888 1
86683 54716 1
81680 33974 1
75318 56160 2
80733 15828 1
87639 33875 2
11126 20075 1
96276 1399 1
76754 31947 2
78084 47793 2
11979 73678 2
50211 1994 1
65247 23278 1
52977 77518 2
37807 56618 1
32947 37008 1
13859 92709 1
51505 69573 2
87523 39335 2
88086 89796 2
57759 98458 1
12500 25485 1
28233 94606 2
18685 27903 1
83254 41237 1
70859 71519 2
33665 10279 1
5944 59160 1
71112 43680 1
48359 40822 1
55053 86941 2
28793 60106 2
662 21571 2
53593 13417 1
47725 58456 2
5169 63021 2
73408 13320 1
29074 89746 2
92386 25441 2
13744 91066 2
65033 60823 1
24356 28106 1
5454 46401 2
64584 45323 2
53744 16058 1
60734 42153 2
70641 71041 1
4746 21335 2
61079 64569 2
6003 82794 1
43916 87370 2
77254 56794 2
14463 41534 2
35091 66404 1
78529 21413 2
88590 51658 1
5033 24785 2
92751 24689 2
92208 9595 2
25587 70082 2
46102 42108 2
99928 53353 2
49467 61429 2
16005 59737 2
76551 10759 2
78944 60071 1
72450 14044 2
23126 50187 2
14492 36828 2
47286 66818 2
89895 49689 1
96054 47982 2
31992 41956 2
23885 18260 1
87849 4405 1
97399 16925 2
41370 55751 1
72981 85461 2
11596 87353 2
25642 60112 1
59076 1070 2
43743 58464 2
14542 41934 2
8479 31072 1
17304 20195 2
52796 6092 2
45266 95997 2
23336 92934 1
58069 79950 1
41181 99347 1
91289 48335 1
67638 25116 1
19325 95033 1
68211 81102 2
50754 53357 2
7193 14810 2
95568 8813 2
58672 78805 1
13265 22144 2
4867 81337 2
62769 26546 1
56067 19203 2
3428 89937 2
91493 98899 2
42240 33361 2
34623 95631 1
25694 6953 1
783 4352 1
18653 20948 1
48340 83827 1
64672 1905 1
48979 19833 2
37067 61508 1
22995 14631 1
15241 86355 2
3745 89783 1
42249 33481 1
22061 84133 2
11580 35414 2
89579 94900 1
62585 38284 1
64340 47431 1
68410 92356 1
31522 1031 1
95324 81848 2
62999 66115 2
43779 18246 1
67575 40716 2
53011 50643 1
11657 9013 2
21080 92293 1
54778 37977 1
83935 63272 1
29465 97268 1
80379 24683 2
90684 24777 2
59361 58400 2
72858 55611 2
58956 73759 2
74416 20020 2
89146 83395 1
59356 68385 2
80268 36459 1
21509 75603 2
28490 67355 2
42481 88095 2
90109 26329 2
28332 767 1
12532 62928 2
28552 74704 1
50943 8976 1
26423 19826 1
76791 12652 2
34867 46027 1
26964 21274 2
96759 64356 1
82453 32663 2
85636 35018 1
12124 71425 1
84541 19726 1
27119 9275 1
96203 62854 2
8313 42796 1
81849 43018 1
24678 45024 1
17560 51351 1
91178 39493 2
19517 43535 1
42299 99952 2
73023 27767 2
31475 5238 2
89401 68440 2
97167 2323 2
28686 6976 2
52114 70342 2
54559 44862 2
71171 80755 2
23479 98792 2
97866 27743 2
24544 64248 1
36247 64856 1
20491 19211 1
80828 16363 1
35117 43745 2
48110 93132 2
48604 14720 2
3687 1681 1
68598 93617 1
49223 84279 1
31386 57729 2
19599 16252 2
90444 16610 2
11556 37059 2
66870 68295 1
8242 63315 2
55874 42731 1
30822 5400 1
71137 28843 1
32851 72257 2
46951 13927 1
52142 37472 1
59820 75621 1
82226 69677 1
67564 24398 2
6621 87428 1
60936 70832 2
32017 17058 1
5763 88506 1
3700 17771 2
30342 79587 1
30000 13319 2
46397 99523 1
21652 22785 1
9304 90679 2
55313 26951 2
94411 70562 2
24701 55149 1
84014 35143 2
11540 12842 1
38397 97232 1
7058 21240 1
68889 92394 2
73114 10872 1
39205 42470 2
58130 76876 2
1737 14426 1
86917 27964 2
97523 16542 1
4383 73330 2
68562 72240 1
18229 78589 1
73753 56112 2
49850 79378 2
66978 20772 1
67627 5926 1
11400 11925 2
7781 79253 1
9259 85329 1
26249 85919 2
70640 59751 2
78846 99461 1
92479 4974 1
52143 55824 2
37571 8254 1
6249 31915 1
46062 65716 1
13087 32228 2
65394 31987 1
21190 20399 1
98888 97086 2
44057 24643 1
38701 18175 2
75318 90426 2
86176 42595 2
97566 69173 1
70694 39548 2
9657 47959 2
14406 9790 2
96592 5157 2
47790 5474 1
51569 89388 2
62220 69189 1
56655 11835 2
46389 24714 2
82240 75908 2
73281 50932 2
54141 12448 1
87693 84365 2
25413 14056 2
42200 32995 2
91930 19324 1
32006 14469 1
63170 56064 1
6336 31434 1
33159 47674 2
84594 1034 1
4792 95990 1
84140 30499 2
35846 26338 2
11586 34901 2
69736 6578 2
33036 76838 2
60375 95709 2
14982 45248 2
96594 47006 1
71857 62574 2
59804 1300 2
97360 55458 2
31897 6818 2
6636 62290 2
50996 34384 1
67121 77334 2
2812 19208 1
65903 3244 1
50371 34265 1
51033 35637 1
71742 46008 2
84841 61877 2
31688 29210 2
10586 47958 1
10046 57468 2
86637 99142 2
11108 10747 2
27525 4340 1
79902 6044 1
39435 38967 2
91256 98501 1
874 75015 2
22687 99330 2
7444 56130 2
48070 57153 1
83899 33161 2
40770 14550 2
76057 97088 1
72014 53400 1
85993 83153 1
14184 14018 1
64139 17673 2
73906 75283 1
65380 58810 1
67218 60494 1
32667 25624 2
32274 44571 1
87678 23420 2
37120 80196 1
26139 27556 2
75215 87769 2
423 177 2
58581 52589 2
55994 25767 1
19083 71734 1
30321 28112 1
47984 64464 2
98411 47450 2
5510 76603 1
76269 98292 2
50324 1497 1
38014 93045 1
43874 74321 1
72875 48277 2
62784 54671 1
63588 28818 1
87167 54657 2
19389 17677 1
61526 54683 2
88398 26058 1
45086 65684 1
74676 48084 2
14807 90343 2
37678 56854 1
33121 55827 2
86112 18723 2
46116 60732 1
44691 32303 1
23304 97991 2
70483 43699 1
71293 81826 2
60112 36045 2
71733 97338 2
8414 65629 2
92581 19010 1
44949 49706 1
95816 97299 1
2673 31355 1
98908 55590 1
51219 94367 1
76194 21116 1
80862 57541 1
91490 72599 1
82683 34692 2
69477 88094 1
72501 36277 2
76761 62205 2
9694 68340 1
12305 4706 2
29992 56610 2
34723 74817 1
62669 25126 2
85576 42097 1
86504 95239 2
31615 32589 1
55834 68564 2
96234 62389 2
79846 84348 1
83599 17226 2
3508 54262 1
45304 41493 2
46162 94587 1
87124 15616 1
46446 8167 2
12244 47035 1
12925 12379 2
34126 92057 2
95896 75678 1
42078 76976 2
24026 87031 1
28736 54941 1
64675 88629 2
29079 33886 1
57432 9191 2
95049 2486 1
75264 39044 1
81089 86732 2
36936 50117 2
61356 85388 2
17600 32134 1
62268 89316 1
75196 58665 2
5480 35944 2
41301 25650 2
84650 14128 2
39589 98188 2
90847 13333 1
7406 61058 1
71659 38935 1
59412 72903 2
42867 31129 1
27934 26991 2
64608 64579 1
15193 80755 2
74115 98112 2
61781 14673 1
95179 61726 2
52774 23018 1
85136 36656 2
58180 24131 2
24204 63727 2
7979 43844 2
65757 64725 1
40892 1180 2
19877 28672 1
57051 23162 2
67274 97621 2
13358 2038 2
80118 43931 1
90084 22182 1
71927 46076 2
73164 37545 1
69408 74215 2
57946 70336 1
16487 24497 2
99621 81871 2
15845 11983 2
87468 44225 2
52665 11517 1
2380 77218 1
17061 55130 1
49195 85282 2
93167 3018 1
20593 11864 2
49186 94707 2
83146 96829 2
40203 65600 1
64389 34413 1
95132 53025 1
43736 51466 2
30060 65065 2
2457 52537 1
68756 89967 1
75430 90594 2
74547 66765 2
31070 80116 2
58284 6756 1
50854 57823 1
24899 41878 1
86246 95352 1
20836 45451 2
8617 3608 1
34364 26413 2
28512 26205 1
98589 90731 2
5824 34472 1
84927 83962 2
84863 85566 1
90777 60655 1
95547 75367 2
16044 25702 1
54611 30258 1
84121 3903 2
75916 11663 2
44709 54651 1
53805 47859 1
21916 59139 1
76835 5016 1
93260 38978 2
28862 51578 1
67589 23494 2
65394 54107 2
49664 37411 2
16215 19391 2
52277 84047 1
10218 25841 1
70083 78311 2
10058 78973 1
75596 74921 2
69851 19892 2
43126 16792 1
54182 52939 1
33387 29628 1
50039 41531 1
48089 77599 2
11198 32611 1
42228 43760 2
92495 45602 1
99247 79748 1
54242 24221 1
37415 89392 2
30003 58015 2
20440 38768 2
28003 66388 2
2469 2404 2
89525 22765 1
66644 33549 1
20914 29567 2
15216 85909 2
68774 17859 2
12486 38340 2
14048 90072 1
12232 88779 1
74070 15805 2
96077 5053 2
44127 60343 1
10383 95793 1
30839 12689 1
44235 1602 2
79678 78967 1
17157 98415 1
14617 61690 1
38209 18043 1
47536 71503 2
10571 2670 2
77518 37648 1
47856 90578 1
98757 57017 1
93827 822 1
95239 70828 1
21785 50255 2
79374 12718 1
57133 96402 2
95700 77607 2
26333 91452 2
52124 47558 2
67562 39690 2
38311 13051 1
6300 81249 1
79072 79707 1
14300 26919 1
71025 64128 2
33689 44456 2
65579 72230 2
83492 62898 1
91170 96719 2
43219 61817 1
60719 69216 1
26561 26228 1
14732 93058 2
28108 95518 2
18843 85538 2
9430 27830 1
62560 15505 1
58726 56255 2
5410 20292 1
99492 70113 2
84718 68149 2
31328 89670 2
42036 15648 1
87467 35965 1
62888 34471 2
61340 52827 1
53538 51503 1
76492 79669 2
76703 64641 2
85690 38536 2
60989 96394 2
16265 67121 1
44803 32251 1
43805 18421 1
18679 48905 2
17090 85370 2
91398 68334 1
54341 23916 1
49215 29702 1
96792 60921 2
91384 91027 2
53330 181 1
95208 79418 1
5325 13783 2
6091 73668 1
15847 16090 2
95394 8414 2
39201 65469 1
20176 52313 1
31523 34308 1
62494 12650 1
63350 5620 2
77367 19051 1
8584 15003 1
45 94136 2
11212 56806 1
60914 35572 1
76183 40360 2
45824 41249 2
83908 4666 1
32178 45259 2
47249 44533 1
50280 54910 2
66176 77562 2
33031 71659 1
38583 77579 2
66711 57928 2
47616 55887 1
91779 23085 1
38858 71538 1
18236 60119 2
71430 82754 2
54135 76968 2
31978 89939 2
56714 60485 1
11698 94844 2
47155 983 2
33050 86648 2
23633 95595 2
3077 45734 2
27465 33874 1
77177 18666 2
6050 11073 2
3361 20425 2
27017 46002 1
77546 69809 2
9614 47842 1
60390 28015 2
44645 18353 1
3148 86838 2
10279 86021 2
13173 29727 1
22030 21735 2
91681 93539 1
7612 83492 1
46224 72931 2
86869 55405 1
96042 29409 1
74656 9367 1
98744 31140 2
56618 20380 1
2152 35512 1
81922 42713 1
82348 55851 2
44222 22606 2
44860 27378 1
25461 25185 2
74607 78050 1
67108 72891 1
80038 91991 1
15241 32329 2
57378 82960 1
94123 43868 1
38921 1008 2
73712 18634 2
6757 63327 1
75460 42698 1
5220 87176 2
73913 96668 2
97881 37689 1
13410 52287 2
89945 75845 1
98454 76185 2
64992 89989 2
54579 30227 2
9610 78291 2
81657 11898 2
31418 46637 1
51211 57951 1
86486 35896 2
12946 34456 2
16808 26843 1
12473 36253 1
44383 25376 1
33074 37291 1
37068 25462 2
90703 19653 1
64454 88241 2
53802 60654 2
25990 67016 1
32445 99312 1
31083 41367 1
81259 47672 1
88440 35739 1
16246 65527 2
22289 52536 2
15750 27683 2
60738 7318 2
86984 12052 1
37336 6656 2
78444 92679 1
46725 55428 2
41991 38655 1
31424 74485 2
77455 14815 1
58755 41292 2
17858 52465 2
71755 97187 1
52127 50690 1
23004 1945 1
35850 85507 2
34491 92337 2
63469 10570 1
85554 39442 1
95410 29359 1
33167 90504 2
40682 95919 1
1381 16258 2
64681 65581 1
97065 59506 2
15239 9804 2
68246 84368 2
63136 40502 1
84682 52247 1
45013 21976 2
71015 50023 1
47113 50755 2
41075 24929 1
92325 36813 1
41144 59438 1
4021 5838 1
34436 94681 1
81449 14756 1
20554 3984 2
86389 12751 2
77696 9991 2
3153 15733 1
54463 26932 2
3097 88799 1
13030 94004 1
28366 38842 1
36343 13061 1
14227 34744 1
51225 4490 1
7921 26956 2
69012 78827 2
41779 40753 1
60472 66066 2
15435 44484 2
23318 73006 2
95627 63397 1
74085 85556 2
9805 60859 1
81823 72153 2
15852 87917 1
36865 30873 2
3048 31817 1
45742 81683 1
12006 6816 2
8589 62091 1
74126 32808 2
871 46439 2
85611 4217 1
30442 29683 1
43855 46769 1
8616 85981 1
13932 76528 1
82136 41209 1
6107 1948 1
57620 47261 2
58329 95807 2
46490 66822 2
34469 51396 1
64588 2290 2
15556 40957 2
32720 36420 1
4253 76160 2
30032 80484 2
9118 49925 1
12538 56796 1
98453 34090 2
82881 95964 2
37431 43887 2
20250 65366 1
82108 85658 1
75808 81282 2
45121 85653 1
50385 91964 2
32229 34251 2
11599 74209 1
53452 42606 1
90784 93782 1
49631 55444 2
6927 65473 2
23722 81621 2
904 91150 2
53565 10223 1
76351 18123 1
48364 50690 2
44266 1708 2
24335 30325 2
88195 49128 2
16610 86927 1
38215 86938 2
13542 14910 2
78297 73536 2
22078 59636 1
90303 72928 1
46099 55845 1
66532 79806 2
44081 82538 2
92725 1863 1
91400 83297 1
84804 54122 1
41451 93898 2
81928 2234 2
71860 70795 1
24827 91405 2
88446 15886 2
85307 56288 1
56330 12286 1
57033 7504 2
29819 88045 2
78605 83618 1
10618 82673 2
59504 71644 2
4018 25442 1
47648 77994 1
33653 73086 1
15824 30106 1
72373 73126 1
92341 32 2
30604 24062 2
7658 86963 2
89877 61552 1
33709 14798 2
7152 19690 2
90623 6640 2
7138 827 1
19560 76284 1
59474 12218 2
24913 52378 2
64174 37535 1
61961 8372 2
20484 46696 2
6401 75610 2
86089 59670 1
82543 50910 2
64629 76333 1
74639 54809 1
14629 37880 1
72541 14180 1
55192 79938 1
61308 33664 1
6099 71709 1
52850 72815 1
71165 18815 1
8778 3000 2
87587 35169 1
91216 71527 1
92341 51615 1
57241 77706 1
35399 98842 1
15672 95125 2
753 40473 2
82666 87647 2
40272 81315 1
10475 87715 2
44451 57702 2
55423 23968 2
49998 3540 1
44938 18009 1
48570 47137 2
54680 16662 2
20403 15846 1
6198 47585 2
90761 30913 2
59895 24842 2
21072 12563 1
55984 60324 1
54112 58432 2
89435 6437 1
45909 73970 1
91704 94986 1
7920 61751 2
11464 17265 1
35092 26431 2
58417 90205 1
55050 11359 2
78717 34997 1
82109 95696 1
9018 21125 1
22143 19344 1
1275 76987 2
20482 83263 2
93717 71979 2
7168 24420 1
77667 87788 1
54708 70022 2
28067 25785 2
35263 26676 1
51351 54897 1
29476 15261 2
26149 83448 1
25707 26552 1
29399 28180 2
69954 77758 1
64956 30032 2
12695 92651 1
51781 34684 2
96863 4385 2
70025 19371 2
5331 52260 2
41761 21427 1
23310 23294 1
34412 39089 2
75152 48285 1
50157 5890 2
42750 14769 2
17704 23723 1
23423 69007 1
99945 79955 1
1280 57776 2
86172 83012 2
24689 65650 2
39638 94541 2
99495 47574 2
16651 2178 2
91992 72160 2
13845 53594 2
50625 86555 2
79316 24336 2
55587 47058 2
69736 82148 2
76034 90392 2
78585 22839 2
21829 60417 1
40816 30738 1
25593 39847 1
90267 6079 2
35118 46182 1
74477 27662 2
18968 17599 2
15931 2866 1
3119 29209 1
31040 90530 1
33519 64155 2
506 47096 2
71577 49396 1
79211 53237 2
1009 67860 1
49144 11195 1
30846 37424 1
17486 87858 1
37484 44577 1
19448 42020 1
80013 94341 1
10250 94944 1
96756 39325 2
2009 17818 2
58713 29934 1
99009 25322 1
81912 28032 1
50782 98377 2
3089 3714 1
55411 62999 2
82985 52356 1
18086 95384 1
99592 28315 1
62369 19249 2
66330 26144 1
4691 7376 2
68558 73681 2
49037 24482 2
81114 86063 2
90662 46267 1
82068 56959 1
12664 90097 1
33562 72713 2
95936 22401 2
89420 24188 1
3841 75465 1
5964 79528 2
1570 47916 1
42949 35490 1
13611 21618 1
52417 86212 2
2156 43589 2
76658 1290 2
30903 58164 2
67370 62069 1
12033 21363 1
54274 11308 2
57221 12410 1
42775 7991 2
46017 20834 1
85992 20162 1
84182 59947 2
18874 80128 1
22732 63417 2
59124 57477 1
9644 52978 1
17091 41579 1
62948 40257 1
13303 37454 2
7367 94551 1
644 47120 2
38250 86884 2
32450 36438 2
52616 20866 2
47662 69960 2
5343 53067 1
41639 40917 2
58353 84702 2
64881 85005 2
69508 15966 2
11541 91877 2
94786 51410 1
98143 84119 1
88922 50279 2
93247 69471 2
59709 87945 2
10153 49375 1
34210 80782 2
31349 81980 2
11394 5771 1
25279 7934 2
35996 19164 1
33576 10676 2
98931 14241 1
21491 21966 1
82187 82811 2
13929 97185 1
67407 72019 1
44630 88775 2
93454 16404 1
22217 71356 2
92377 428 1
99544 24354 1
13479 92111 1
60986 37694 1
41426 2132 1
63147 95960 1
1688 9398 1
45547 12223 2
57530 90388 1
32767 39363 1
92800 89745 1
93615 33081 2
66130 34516 2
45158 57339 1
34081 7817 1
73046 93253 1
58780 93279 2
52209 8249 2
62139 12361 1
26673 16604 2
68728 31709 1
89168 69143 1
42673 91447 2
9105 54134 1
8840 91127 2
18933 21804 2
70435 57983 2
47623 73550 2
3180 15670 1
43985 4627 2
25361 19591 1
32036 58811 2
55717 4067 2
62516 43205 1
35966 15931 2
44986 95094 1
36885 22983 1
40944 49657 2
72105 29601 1
52760 86234 2
58812 8746 2
47606 28938 1
56372 70021 2
93745 78462 2
25531 35735 1
67894 32592 1
14144 12013 1
23253 94236 2
70996 54230 1
32930 33252 2
95150 67493 2
4789 69645 2
62088 1104 1
29259 6400 1
97919 54068 2
79267 34602 1
82934 49038 1
56161 17308 1
74324 56323 2
85902 50667 2
71969 5817 1
20054 36433 1
15757 70012 2
1992 1546 1
54154 32858 2
49370 12377 1
22221 58343 2
79491 21440 2
77073 48218 1
69887 16619 2
74259 29262 1
4847 55718 1
94231 29378 1
72214 26114 1
45249 71098 1
90269 22772 2
22429 30075 1
12111 54998 1
82969 21842 2
3198 89989 2
75333 95694 2
21116 52929 2
86298 28578 1
25987 22352 2
5168 61028 1
91758 99803 2
39366 87665 2
40733 21422 2
52542 89734 1
54037 43581 2
24542 47144 2
3006 76890 1
57808 97054 1
76483 52224 2
74018 63601 1
33909 47883 2
71495 15731 2
82025 91069 1
82293 14709 1
53717 68027 2
29285 64303 1
72471 6958 2
34774 45628 2
28686 33667 2
20299 99195 2
3391 46699 1
49064 35791 2
29297 90524 2
8824 79520 1
45809 11662 2
43402 61752 1
4175 77342 2
36591 64167 2
11039 47150 1
73342 20544 1
37882 25795 2
5361 19194 1
61114 84294 1
6789 19023 1
96769 8452 2
84030 90848 2
51571 16462 2
45504 35567 1
6679 28410 2
76599 45731 2
33178 9888 2
55760 64328 2
92555 42397 1
89438 56364 2
70528 35795 1
93046 73155 2
41136 75399 2
90611 11525 1
39544 43906 1
90067 31563 1
52790 31473 1
7767 5653 1
33233 25509 2
41799 67206 1
73199 69972 2
16972 32326 1
93916 41206 1
82037 69887 2
24394 85832 1
58291 65025 2
62252 49484 2
16348 18655 2
2137 71719 2
95275 23152 1
60655 68898 1
18078 74030 1
22574 94538 2
28151 55226 2
51161 45713 2
78780 22262 2
15961 3914 1
62104 42665 1
82105 28176 2
87191 55263 2
27787 26400 2
14605 27143 2
55617 12602 2
66032 26483 2
69461 65956 1
82970 19387 2
47169 72103 2
51368 24026 1
76584 26160 2
61661 21744 2
49228 42928 1
60064 50878 1
72309 65213 2
36473 63853 2
80688 9359 2
82232 81479 2
86797 86692 1
96463 30780 1
81313 39964 2
17715 21887 2
48610 4925 2
69790 69607 2
13358 720 2
18192 38767 1
94596 64930 1
97514 82261 1
48552 46276 1
98769 71550 1
46692 73292 1
84625 13937 1
81154 86642 2
5943 25752 1
58963 39604 2
84950 91138 2
24331 64306 2
84131 22692 2
74242 89586 1
6233 74867 1
4564 45789 1
1654 27467 2
21314 65440 1
36572 85451 2
71375 652 1
87729 84503 1
65028 41111 2
10495 39381 2
877 26457 2
39797 98832 1
48058 90736 1
43748 18489 2
45119 16092 2
48418 90368 2
86004 44003 2
18923 96703 2
45877 85678 2
98779 12464 2
17891 22411 1
57685 84914 2
98881 74313 2
24383 29768 2
58648 7039 1
95620 45881 2
63283 86629 1
38544 41393 2
89764 51416 2
16792 59967 1
77949 2299 1
10640 29845 1
53016 93969 2
55026 21708 1
22960 1700 2
89598 67325 1
80421 25473 1
43444 32456 2
40540 4442 2
86747 38065 2
9821 63490 1
96222 75742 2
49299 32244 1
27626 23482 1
20176 14797 1
11986 97462 2
31974 74253 1
19659 70370 1
95726 36667 1
15152 6328 1
15109 95998 2
52255 5074 2
97610 48068 2
54393 81615 2
79330 89534 2
32294 58930 1
43732 55618 1
48271 70915 2
90286 29864 1
46530 12300 1
20734 59374 1
60402 27292 2
88185 52980 1
80117 70120 1
76503 30337 1
84292 68549 1
21941 38044 2
22558 96912 1
82194 3251 2
85285 19238 2
20978 37176 2
84639 8300 2
82462 57310 2
36502 40616 2
35650 89025 2
72217 86469 1
72462 31227 1
54137 22100 1
81238 99248 2
60333 55782 2
94706 71971 2
61966 47346 2
46814 91902 2
15227 53749 2
19067 14703 1
56791 61517 1
43436 67045 2
76166 60222 2
85402 61847 1
41716 56429 2
2193 26493 2
19437 8071 2
55041 73941 1
11110 18555 2
91997 70367 1
12051 51420 1
38815 91234 2
24047 27552 2
48578 35781 2
35543 94179 2
44071 89878 2
36527 43333 1
66225 67143 1
27611 3816 1
65737 52139 1
51495 89587 1
88538 98782 1
31936 44401 1
92854 37563 2
33241 67827 2
36847 95427 2
8135 73386 2
61567 65116 1
53221 64782 2
58561 83152 1
22961 96218 2
39477 27178 2
68429 23277 1
60896 6717 2
47903 63050 1
16201 2428 1
27825 65881 2
63870 72163 2
41873 61988 2
28045 37357 1
6482 43387 2
85611 18619 2
65226 75888 2
13649 48820 2
17522 8732 1
73209 82751 1
85545 89944 1
55557 84298 2
97490 86853 2
61113 58919 1
87345 41316 1
50620 11402 1
41137 43135 2
71099 52268 2
60705 87038 2
31110 44171 1
16754 59475 1
25489 37287 1
62843 18799 1
13076 19399 2
44374 99818 2
42636 74930 2
21600 70239 1
73304 55 1
82972 27629 1
59964 84741 1
39825 27895 1
80417 63699 1
69607 89445 1
93619 10521 2
29071 99937 2
96578 65173 2
59352 81435 2
33666 98280 1
69498 36934 1
62891 15478 1
67279 38328 1
42777 37514 2
4437 39374 1
80909 89839 1
84301 28773 1
20906 14520 1
50367 91394 2
281 55001 1
18548 20300 1
28677 33675 1
83962 28076 1
3392 90092 1
78212 24244 1
62524 27805 2
96328 39701 2
41267 42210 1
9951 38439 1
29408 42630 1
10728 97381 2
2916 38452 2
81925 71150 1
13922 81535 1
42556 10470 1
98242 62907 1
84087 56882 1
99762 35041 1
95845 3232 1
45664 27823 1
14167 32893 1
50945 11782 2
63939 20572 2
15502 55498 2
91717 42038 2
41602 19270 2
75321 52804 1
59613 17925 1
10946 91687 1
48292 99802 2
16167 88001 2
37086 64537 1
62224 83129 1
30680 64219 1
4525 1371 2
85570 93406 1
29551 90614 1
72881 95363 1
93549 23548 1
20699 39855 1
40481 83461 2
56605 31786 2
36136 71532 2
98136 31907 2
23846 38832 2
45328 43689 2
87744 29173 1
45996 56659 2
52319 83713 2
95065 35834 1
96084 97663 2
103 66074 1
8942 70111 1
6250 32949 1
27269 21908 1
67610 72303 2
56051 41781 2
13779 41043 1
71094 67068 1
56918 83276 2
28752 83018 1
94695 73869 1
96423 321 1
46477 66602 2
16741 25192 1
58772 64477 2
67192 7691 1
81326 85602 2
41683 43353 1
11310 57754 1
5676 74180 2
58828 62316 1
49116 98436 1
95492 25696 2
14018 79700 1
29174 74562 2
97632 61780 2
41959 68773 1
46333 6949 1
63391 27453 1
44705 68400 1
30090 42692 2
1564 20256 2
74295 56374 1
14591 60707 2
52348 34356 2
76129 66893 2
55727 45669 2
2747 7572 1
60974 69745 2
89197 74421 2
33497 79652 1
76279 61230 2
50514 90737 1
96256 28450 1
98404 46348 1
93331 91832 1
40761 85295 2
48925 8092 2
34531 37590 1
74929 49853 1
44756 37635 1
58916 68173 1
69605 67802 1
20752 57380 1
22579 14150 2
21685 92030 2
24157 243 1
39700 11928 1
12840 7537 1
81298 1719 1
21467 51064 2
55739 62337 2
74755 63390 1
81149 48993 2
56400 11714 2
75912 97831 2
92182 2949 1
26325 45830 1
34925 15180 1
79260 88341 1
73874 59200 2
3004 37135 1
39076 45581 1
39223 94067 2
59399 73734 2
74515 61636 2
42852 44191 2
82330 96809 2
5703 85650 1
10619 15662 2
52576 99899 1
19047 49730 1
17603 47324 2
63988 90231 2
82248 15354 2
12574 74502 1
78667 40637 2
6241 30280 1
26125 23988 2
43616 69757 2
22929 71983 2
53089 27977 2
99040 19011 2
13647 2546 2
58854 47530 2
2071 28900 2
72338 96704 1
71883 61645 1
51770 49415 1
93538 4321 1
89653 32164 2
13462 36919 1
49855 59136 1
40484 22889 1
16312 24967 2
38288 12472 1
73893 29612 2
33950 20295 2
20334 71811 2
33498 14427 2
26686 64102 1
74577 19169 1
39335 17745 2
90422 87784 2
71227 59814 2
68062 44546 1
60628 36010 2
13412 21224 2
29452 14182 2
20294 84467 2
7846 96999 1
62149 54948 2
11332 91614 1
13961 23548 2
96974 99328 1
40667 1541 1
29041 64327 2
5738 23911 1
87933 62479 2
65159 65267 2
60199 74874 2
78216 61628 1
56901 69645 1
44072 57881 1
14420 35921 1
41413 78693 2
63990 84594 2
32033 7199 1
6348 39971 2
13411 95338 1
62912 74105 1
4403 44558 2
22430 12075 2
89537 94421 2
96182 54201 1
61694 48591 1
33148 68834 2
12609 64655 1
45832 59212 1
81891 83883 2
9975 11551 2
1155 13663 1
94760 48714 1
90820 71787 1
22751 86749 2
69386 62833 1
28581 31054 1
90657 72856 2
89734 70068 2
57238 51084 1
18449 57199 2
29659 22875 2
17404 73246 1
50599 37177 1
79966 52519 2
7188 9693 1
35635 65874 2
23744 93314 2
71324 3502 2
66924 58535 1
60220 76715 2
95424 22895 2
15420 67487 1
56421 75458 2
94407 81090 1
94345 36266 2
61967 3761 1
18271 43127 1
89830 10126 1
30332 22748 2
6374 87998 2
78747 6287 1
89962 21802 2
98202 66253 2
15346 29855 1
37243 9171 2
80547 96974 1
78596 72742 1
16709 71756 2
16159 95916 1
63491 73619 2
52123 38673 1
87630 19200 1
96681 54435 1
44539 46707 2
15359 15799 1
50848 21010 1
32121 8098 2
17595 50725 1
32147 78208 2
36555 42651 1
33840 8336 2
41269 14820 2
47734 25525 1
71872 10518 1
9744 68087 2
51513 68105 2
39883 85632 1
46352 72026 1
52825 63616 2
43129 49483 1
58033 34410 2
28429 77185 2
95917 9588 1
97318 41861 1
56650 11707 1
83238 98564 2
80491 91133 2
31985 58767 2
51927 92828 2
3054 27580 1
5847 13602 1
47050 38627 2
12793 64536 2
21557 48001 1
73583 22445 1
55842 12792 1
94577 31125 1
79531 30989 2
96406 4615 2
37548 50793 1
82239 18206 1
56643 6873 2
76205 79738 1
39127 61199 1
36550 86940 1
90446 42046 1
32756 65037 1
57364 54625 2
3013 95735 2
42747 44661 1
64908 93002 2
47414 1594 1
17855 75097 1
62972 87350 1
78455 79291 1
49579 83090 2
90451 9066 2
79907 17499 2
94101 74407 1
23175 96770 1
9219 86644 2
69056 35741 1
86183 43448 2
4793 76291 1
18928 76767 1
61188 30324 1
29615 43832 2
25875 13231 2
97659 96245 1
46240 99066 1
79245 16270 1
27077 73022 2
94789 286 2
48869 93192 1
52323 40676 2
67266 12298 1
41998 41060 1
95460 62775 2
48657 62948 1
25496 17578 2
58233 2607 1
52590 96384 1
35032 74933 1
23995 61337 2
4613 62025 1
59509 56635 2
33210 54850 2
11290 52687 1
14069 32090 1
41897 81186 2
53655 82482 2
60006 29542 1
93768 63340 2
23291 27438 1
10641 66704 2
16434 15029 2
83456 45896 2
55836 15832 1
61640 75075 2
57613 86455 1
1086 66677 2
85053 57752 2
285 51670 2
68008 59012 2
88867 33439 1
78735 55048 1
96626 19824 2
91605 2038 2
38832 49165 1
323 20865 1
73223 1020 2
99205 8836 1
51749 84296 1
60459 52924 2
74173 13217 2
32297 13001 1
59877 41722 1
53879 8402 2
45622 11018 1
1809 69310 1
18447 26956 1
80536 73403 1
5746 85598 1
55119 86362 1
11270 73350 1
61855 69937 2
25267 27784 1
64659 81336 2
32873 92145 2
38269 43533 2
89817 8432 2
79695 43728 2
7770 11863 1
18595 551 2
27110 73438 2
32372 33339 1
74298 29057 1
33346 10905 2
4154 41181 2
37778 49011 1
16842 45303 2
47884 61180 2
76438 6965 1
93947 29072 2
89355 98146 1
64017 1897 2
99739 19118 2
37792 41739 2
35646 73420 2
95521 1273 1
5419 31763 2
35281 96093 2
55107 91294 1
19855 48420 2
87047 60876 1
6240 4480 2
17693 47712 2
69388 68388 1
11023 48865 2
69566 82700 1
14411 84508 2
65063 55506 1
50756 75965 2
83003 91386 1
45327 18394 1
48818 75111 2
86055 4680 2
88169 74947 1
86026 1891 2
33631 87675 2
49242 46635 1
21080 30337 2
1053 48033 1
5949 66441 2
44286 4815 1
94042 56044 2
2953 37149 1
12095 95976 2
60722 4188 2
59136 6845 1
7215 99583 1
18101 29073 1
71642 95389 2
64378 32078 1
53328 93521 2
59952 13535 2
30164 32442 2
76027 24150 2
67277 69403 1
45249 93193 2
13251 22172 1
96721 80496 1
19462 79911 2
61306 29929 1
93895 45772 1
57392 45493 2
97053 40541 2
38026 73304 1
80098 9139 2
29478 9532 1
52916 90311 2
20004 41454 1
95540 9754 1
57127 11456 2
43210 56109 2
57368 96870 1
90815 87114 2
24002 72121 1
52449 27513 1
86807 93079 1
44643 34187 1
68649 17504 2
85786 70355 2
95698 24539 1
74305 72648 1
10253 77935 2
40182 74725 2
68410 53578 2
2170 29673 1
92702 60606 2
74325 40248 2
93920 94655 2
48081 75383 1
67406 25862 2
68058 51604 2
90966 72497 2
30852 45083 1
84205 22560 1
99653 42978 2
32364 93178 2
98326 51166 2
21549 20806 1
24950 63724 2
34898 52338 2
63079 91433 1
32063 4848 2
86959 56442 2
19739 14868 2
93689 30693 1
30643 57431 1
16625 64054 2
98519 45911 1
61484 75419 2
25819 32725 1
52125 22761 2
68984 89109 1
96993 99573 1
44264 61985 2
61108 71227 1
24205 65831 2
94778 17466 1
59050 41014 2
55927 97237 2
73704 42245 1
48919 13108 1
61939 80973 2
58375 55905 1
43195 73642 1
6266 34188 1
62068 50589 2
39621 65480 1
12182 23597 1
83011 20331 2
51709 83137 1
88529 1778 2
94858 66343 2
36403 22490 2
85248 37105 1
55182 94088 1
30216 43571 1
59916 48450 1
36301 74662 2
99771 16276 1
67969 28360 2
76558 21229 2
62102 58426 1
92826 83391 1
68550 78529 2
15802 84098 1
72940 23109 2
66284 66193 2
59945 37268 1
11250 38795 2
13888 52640 1
42130 46195 2
6041 19645 1
3670 15537 2
32770 77764 1
66733 41519 2
72841 43059 2
62824 70589 1
2627 13835 2
47742 23886 1
35785 15409 1
81384 52217 2
90134 16877 2
36774 31096 1
83786 4014 2
824 83500 1
99882 72259 2
79461 24823 1
96573 8547 1
35320 1888 1
28112 70887 2
41853 2291 2
55827 88555 1
77033 48735 1
87387 88976 1
30736 65430 1
75294 5757 1
61676 60368 2
64153 73081 2
2685 36936 2
39277 84755 1
17252 80925 1
24990 79259 1
48134 52723 1
88435 61318 1
29199 36816 1
78873 7309 2
14284 45759 2
28512 70318 2
46160 31472 1
10556 94506 1
69776 92374 2
2085 51909 1
41479 83687 2
71575 65994 2
43603 62720 1
74227 69 2
55670 30335 2
63773 43718 2
33909 64871 2
45532 56644 1
9981 54239 1
16892 24376 1
50841 28947 2
44271 63358 1
58301 50066 2
11848 60248 2
68222 35950 2
75103 88586 1
21368 75903 2
15600 43007 2
62631 37344 1
87931 18882 2
97358 74865 2
59461 42854 2
41203 65683 2
59958 37151 1
94752 32463 2
32762 72455 1
23908 97231 1
70240 62618 2
42448 72580 1
87262 7290 1
79483 94014 1
63146 18347 1
24191 52887 2
50850 17464 2
94169 67369 2
35174 3725 1
90028 95123 2
56344 55290 1
6015 60344 2
6371 37398 1
21243 90175 2
78993 65338 1
47470 36276 2
82772 71298 1
68202 65446 1
73598 50480 2
34790 56039 2
14344 17417 1
37756 6735 2
30703 37301 2
78282 22329 2
1778 54307 1
3601 84421 2
33558 3395 2
78265 57492 1
64450 28202 1
96043 20463 1
57731 32210 1
99029 44225 1
34185 663 2
19786 2296 1
17896 59803 2
85791 87784 1
47512 36066 2
85871 5320 1
7414 97815 1
79896 10834 1
35553 15270 1
27196 57575 2
69533 92863 2
21793 66442 1
27251 65530 1
4946 29056 2
98703 20845 1
45947 74262 1
86689 23287 2
94896 3867 2
48797 99129 1
23175 63233 1
20923 98296 1
41625 51040 1
12631 57661 1
93669 15124 2
74098 1716 1
75502 14170 1
58863 99184 1
16088 44375 1
23191 61766 2
44462 25713 2
39446 5453 2
1087 7667 2
90011 71300 2
88093 28782 2
16988 64972 2
70012 37203 1
46672 82282 2
32953 22073 2
2195 76839 1
15121 6557 2
52421 47856 1
10821 67293 2
79499 88790 2
42173 82300 1
71917 34126 1
78177 22498 1
38870 78833 1
63970 17817 1
39416 63774 1
23375 72561 2
2565 27604 1
18432 29212 1
36279 46616 1
62223 25363 1
4264 17333 1
9082 30383 2
87163 51927 1
33059 35792 2
73202 1647 1
64400 94330 2
30805 19666 1
46443 89331 1
9425 43834 1
30242 87207 1
63830 31363 1
41832 97412 2
28537 39471 2
48019 52510 2
98512 24067 2
83740 54028 1
49465 76040 2
7394 27369 1
46867 64075 1
7751 94292 2
59170 14653 1
35729 40592 2
89679 25907 1
51178 75973 1
23174 19623 1
96417 50173 1
3799 42293 1
83463 65352 2
48246 70559 2
78643 52088 2
51803 48682 2
83935 56902 1
44227 75487 2
20936 64587 2
80173 59338 1
83153 84840 2
31421 65919 1
52961 33215 2
94684 19824 1
61312 66391 1
27958 27928 2
78494 1883 2
28442 68275 2
47885 9148 2
11518 32963 2
90274 71051 1
36345 88013 2
30584 3584 2
61927 15994 2
4140 61302 1
16425 29783 2
78882 57932 1
33730 35253 1
15199 96037 2
89819 32073 1
45484 18953 2
29599 58573 2
74298 9218 2
22400 23261 1
3096 24288 1
63344 22555 1
41695 19925 1
8297 62572 2
14535 43098 1
31046 20121 1
12495 96040 2
25703 1999 1
24825 36800 1
90193 39455 2
39691 28516 1
58860 23199 1
87823 73435 2
52195 97414 2
34739 32689 2
76391 14164 2
40042 67828 1
90253 95880 2
3082 68632 1
28875 97992 2
1292 26164 2
84063 22749 1
24975 16323 1
4616 69044 1
50806 48517 1
91819 10430 2
78053 64571 2
23311 24816 2
33959 54094 2
25121 63972 2
72331 48584 1
23249 77783 1
75235 33817 1
7571 17737 2
67619 85460 1
18208 86720 2
37128 89071 2
25682 87461 1
3759 74727 2
51147 38821 2
96889 70617 2
60431 70705 2
33133 59498 1
40197 16702 2
11606 67297 2
28122 93734 2
70593 75143 2
53310 64710 2
37537 12334 2
55044 25694 1
65643 96807 1
74214 92660 1
346 99658 2
37760 57777 1
92140 11122 1
49424 95810 1
15970 5950 2
96413 69304 1
46788 22418 1
50765 41960 2
95419 67092 1
92972 26156 2
17782 18031 2
11980 87521 2
95462 7955 2
19712 48679 2
32129 147 1
1407 46596 2
4482 43013 1
93384 12001 1
59591 81094 1
9496 77355 1
26322 71380 1
92245 7859 2
36681 31634 2
41319 32431 1
60343 81831 2
3097 38103 2
21096 62783 2
39645 46920 1
95089 67656 1
16325 20901 2
70085 61527 2
63883 34289 2
24353 72257 2
53770 93558 1
32705 13506 1
83938 56417 2
6376 10137 1
39128 58595 2
43165 14442 2
51571 4465 2
38440 72091 2
82464 7173 1
35065 7511 2
75696 6492 2
98242 49870 2
20149 1302 1
65560 71859 1
52584 53433 1
31637 8892 2
42150 83342 2
45049 34822 1
90926 26691 2
65477 58703 1
55172 3751 1
41566 71482 1
72050 97488 2
10544 95214 1
23106 57528 1
37992 26903 2
19941 25532 1
86841 1252 2
22319 93244 1
93112 48135 1
52792 29663 1
11392 11640 2
48156 57164 2
29263 66323 2
44156 13425 1
79399 41109 2
71131 82815 1
37934 35651 2
19267 63244 2
71662 47619 1
70301 74352 2
84854 48512 2
13084 64936 2
55991 92554 2
54611 34007 1
4263 18004 2
90266 5888 2
25538 24149 2
42445 24365 1
9156 30919 2
35181 94539 1
69936 57259 2
38269 54315 1
28524 867 1
66694 91587 1
61091 33591 2
55699 10827 1
53409 97361 1
95766 14433 2
45851 32352 1
44161 58597 1
78597 48249 2
47438 40253 1
11865 22001 1
86840 71955 2
33879 20580 2
287 82994 2
91871 50514 1
89032 64332 1
27929 87932 1
75963 64503 1
19629 18475 2
59331 84555 1
70699 86890 2
70994 88550 2
62213 84487 1
9946 55688 2
99280 12662 1
41780 19991 1
29095 97934 2
3485 32220 1
14152 20106 2
36948 63525 2
94356 67721 2
63198 24449 1
6739 4174 1
2627 41319 1
67598 43488 2
18062 38671 1
61907 36619 2
65552 60375 1
25877 10622 1
33661 95263 1
30730 21387 1
16941 41485 1
13643 99307 2
53149 60586 2
19479 98807 2
62668 93988 1
32560 14032 2
19454 81674 1
72156 25463 1
2300 50067 1
9573 87893 2
99986 10199 1
4762 58677 2
46960 94644 1
65324 88709 2
1514 79338 2
62450 25913 2
66584 35552 2
88261 88264 2
49847 44765 1
52676 52333 1
26629 4751 2
64658 15143 2
93225 46600 2
8723 75641 2
29321 3995 1
25011 49131 1
84817 10564 1
69023 73255 1
54547 49117 1
89257 76285 2
35458 39434 1
63368 14687 2
55861 20782 1
85494 91973 1
2347 80243 1
98384 46283 1
66721 96967 1
47322 77870 1
73181 54329 1
33176 64563 2
60391 960 2
94422 71040 1
21738 49972 2
4993 64801 2
39576 51795 2
68812 51300 2
4099 82494 2
98732 50333 2
56517 55001 2
75836 96355 2
61817 62094 1
3738 6097 1
75167 46923 1
488 68134 1
61436 36223 2
45100 22053 1
73303 18657 1
32624 9174 1
43518 425 1
23203 44675 1
30591 92917 2
38678 38076 2
86159 55014 2
15327 340 2
25895 60704 1
95065 80321 2
23521 24301 1
91266 80064 1
16703 3291 1
5213 33486 2
56197 21721 2
3758 53840 1
32282 5982 1
76064 91244 2
76843 72035 1
47458 51630 1
89000 36131 1
45989 48836 1
90917 31362 1
25440 834 2
70875 10083 2
48525 79167 2
65092 65137 2
98825 33846 1
16034 38839 1
2551 19942 1
11096 12680 2
83806 91667 2
79471 41144 1
81959 20899 1
33267 80448 2
22976 13441 2
79220 8702 1
52475 40157 2
51462 99187 2
29743 86793 1
67073 52835 1
50422 52382 1
56673 75768 1
11086 81429 1
36615 53440 2
17976 44463 2
3030 82058 1
93404 78222 1
25879 91501 2
80931 56601 2
94485 34594 1
74075 27452 1
51362 55845 2
65847 11877 1
66960 67511 2
28205 25480 1
1113 31519 1
73590 39005 1
75064 47588 2
27761 61437 1
93710 73525 2
2496 11560 1
40894 15073 1
99593 57441 2
35920 1311 2
78678 26288 2
88466 44680 1
31862 59711 1
87122 91928 2
69690 97502 2
48549 84528 1
98296 97408 2
10148 92823 2
68844 54427 1
4330 23444 1
37330 55468 2
65015 35318 2
93869 73553 2
18608 91724 2
98500 55181 1
18684 57869 2
74335 67943 1
77640 10578 2
33998 70443 1
42660 62071 2
30498 44839 2
41669 6302 1
2354 42928 1
35009 62571 1
98200 12027 1
14486 13161 1
4658 15012 1
9315 15971 1
90113 65226 2
45292 2348 1
70253 20273 1
37146 19992 2
23838 91070 2
75385 11776 2
34885 25151 2
40505 24066 1
67761 46977 2
62414 82719 1
86907 7736 2
37904 90716 2
21051 70170 2
78108 57921 1
78991 8228 1
76624 93629 1
97403 63060 2
73619 29664 1
28164 94317 1
78699 32863 1
81460 9782 2
97092 80947 1
50522 53659 2
94800 55450 2
97798 3146 1
52258 95061 1
21873 97112 2
98354 88841 2
57171 43514 2
41532 20350 2
63371 61676 1
60576 58627 2
87419 3341 1
18563 22247 2
7754 34145 2
88877 57698 2
672 39726 1
99978 57098 1
95629 56031 2
77737 1854 2
41506 79492 1
27968 66079 1
40630 24176 1
74853 98866 1
56898 55610 2
23958 86239 2
83398 97405 1
81459 41717 2
61410 63223 2
36511 76900 2
29405 60333 1
86018 21889 2
58594 38822 2
5705 8389 1
10462 58284 2
96901 41838 2
92708 38638 1
52072 317 1
64553 44193 1
42507 81303 2
83527 82042 2
12619 86309 2
71838 29365 2
80839 2259 1
46383 5778 2
60548 44500 1
19871 96370 1
64649 54428 2
40698 32638 1
35939 90885 1
86670 53377 2
60674 65195 2
21643 87305 2
93658 88592 1
80042 98570 2
708 48345 1
20835 88763 1
23738 59246 2
51509 6102 2
