100000 5000 4967
10296 4799 2
15244 19959 1
38850 36649 2
49904 44007 2
63353 50467 1
59908 80837 2
85390 71518 2
20256 82524 1
67044 16447 1
41109 10187 2
63830 60832 1
84676 82535 2
39247 85646 1
99621 40311 1
44560 90989 1
34914 21271 2
59501 96656 1
73208 3062 2
31312 99745 2
95709 83511 1
56405 65823 1
63988 50708 1
41868 97947 1
17338 31350 2
50971 76186 2
158 57214 2
91257 23158 2
61120 21152 1
40596 30781 2
3001 97091 1
6124 98576 2
28243 55490 1
8086 21573 1
38829 46445 1
11225 45286 1
66904 30761 1
500 81584 1
57756 58892 1
43286 84341 1
28308 90594 1
45701 19546 2
47629 55339 2
66584 38426 1
53932 4666 2
99933 70913 1
27973 8983 2
43604 23825 1
64228 94558 1
23697 38176 1
24744 76702 2
43806 78840 1
90435 7516 1
52471 10807 1
62203 23309 1
70636 3693 1
42572 43807 1
28226 55328 1
22980 94672 1
64434 22698 2
20102 94133 1
4969 34682 2
38984 61685 2
56519 61071 2
79732 83852 1
22848 67681 1
44139 1225 2
24190 6232 2
66237 4816 1
20092 9618 2
87058 18904 2
42412 44033 1
77348 90317 2
17907 39563 2
41091 89231 2
90408 78537 2
39184 44978 1
48984 73448 2
1506 76221 1
2309 20235 1
66820 66315 2
76386 11174 1
20725 10508 2
38425 30629 2
65926 9381 2
46693 8323 2
62624 11340 2
3928 84179 1
33339 79917 1
16022 36891 1
84872 97960 2
48728 94964 2
8233 81808 2
52907 56108 1
66227 33133 1
81102 36035 1
81043 18523 1
88951 84017 1
43174 37353 2
16431 16223 2
58751 37947 2
97329 29737 1
35909 41353 2
29295 87299 1
70514 45725 1
74637 7313 1
45557 51257 2
44740 13229 1
27697 40911 1
79264 95972 2
55772 73351 2
40195 44953 2
1729 45372 2
18720 48577 2
66110 89663 2
79680 1862 2
42503 61299 2
90913 96965 1
89697 3119 2
84177 66735 1
83559 75679 2
88791 83179 1
33737 46948 2
64363 10066 2
97768 25295 2
56633 70098 2
68284 71082 2
16579 88300 2
48302 44591 1
89084 83447 2
17982 24302 2
2733 6810 1
97374 6380 1
90643 97749 1
87540 89215 2
14623 80985 1
59228 86291 2
88533 48299 1
60004 75943 1
73678 22726 2
70543 14801 1
71766 11254 2
42867 21910 1
74990 39933 2
86586 31763 1
90347 87185 2
29157 14967 1
99221 78108 2
76676 21062 2
57417 32603 2
54367 75671 2
43768 67840 1
23888 48119 1
85638 19184 1
77671 36645 1
85227 61766 2
69157 17427 1
40597 79726 2
93505 1579 1
69988 51787 1
67910 52200 2
19469 60305 2
30803 79065 1
10104 38571 2
18457 56321 2
70594 72854 2
89249 70650 1
21436 58212 1
10244 41485 2
75177 34235 1
10769 5531 1
93604 18835 2
95018 87096 2
62328 33628 1
19975 76714 1
69734 6421 2
25873 75630 2
7203 79222 1
93320 46068 2
62935 84743 1
11166 73246 1
80927 87495 2
21498 65925 1
32267 75750 2
17270 55540 1
87841 79915 2
61858 39339 1
5592 52526 2
11326 9885 1
33054 89663 1
73443 73138 2
34611 51134 1
25915 3814 2
53195 20320 2
62725 24744 1
73424 82801 1
6130 88252 1
76414 29836 2
49835 14394 1
96294 39237 1
52808 95916 1
29003 6880 2
94394 18708 1
32327 13238 1
48738 40387 2
63047 90679 2
73688 86115 2
69067 3523 2
20261 76655 2
29960 98448 1
26185 33590 2
98181 13479 1
60054 70555 2
70689 6279 2
74770 73527 2
7179 11073 1
73017 80086 1
78409 61114 2
37241 64854 2
9906 81132 2
2901 95595 2
78964 89605 1
67043 92254 2
66510 10822 2
62574 70281 1
25847 29829 1
43444 2588 1
99158 36139 2
17160 81244 1
75559 10487 1
65425 57822 1
74876 8250 1
86122 1040 2
31610 54841 2
14944 22225 1
14712 45518 2
23415 62644 2
79811 64903 2
34085 38465 2
50269 72422 1
21206 46740 1
92761 11295 1
82182 64796 1
75649 3901 1
97162 25277 1
92721 53309 2
90343 76495 1
64729 40209 2
36537 98780 1
95390 28926 2
77294 34438 1
58969 45566 2
42505 83327 1
45078 63775 2
99839 85550 2
79639 90755 2
4573 3377 2
67855 42462 1
33824 40598 2
50984 71291 1
51387 68736 1
30813 13495 2
8021 34792 2
51552 35172 2
84744 9882 1
35349 96456 2
69955 28180 1
14101 46555 2
96905 64202 2
88717 40237 1
13392 32773 1
81308 8477 2
78819 16223 1
33848 28131 2
95713 45448 1
43754 5127 1
62971 53860 2
51661 9863 1
55098 31339 1
90579 6453 1
69750 43240 2
61952 77079 2
2880 44795 1
49869 19814 2
72537 38327 2
79494 50159 1
93177 82724 1
19949 28469 1
24873 78494 1
12437 36077 1
70377 38516 1
41895 89792 2
76587 48522 2
72128 83692 1
89526 42903 2
72401 74372 1
40100 32008 2
39102 36331 1
27076 59643 1
75776 19837 2
37272 46533 2
92771 5351 1
31800 51245 1
13480 40298 2
67534 10030 2
81028 79516 1
26424 46969 2
22623 86822 1
68682 49457 2
64887 23527 2
71657 74381 2
85882 40207 1
26256 17369 1
31343 11397 2
27695 93749 1
66478 51074 2
47303 67316 2
23203 3668 1
95695 59231 1
7919 72284 2
78546 60560 2
86887 46448 2
35151 13751 1
24147 29466 1
18904 27864 1
71696 45206 2
2067 61995 1
72623 91576 1
6300 44059 1
59956 53892 2
46657 60264 2
63255 75380 2
52805 12773 2
57798 30998 1
23421 88186 1
8801 97643 1
81814 11491 2
27453 41386 2
2605 10991 2
14466 89754 1
32981 17986 2
46253 43227 2
80021 80659 1
54255 3870 1
47815 14351 2
87499 8104 1
73531 59412 2
21404 69268 1
74513 87095 2
25581 43470 2
18211 34910 1
44991 56760 2
26297 10631 2
53062 48808 1
34642 67296 1
33132 68808 2
50146 99276 1
7821 61237 1
78254 61828 1
93210 23265 1
51506 80659 2
34518 73170 2
52955 48281 1
33372 46016 2
63374 394 1
1143 56666 2
48479 62412 1
42503 77826 1
84123 20380 1
46403 66860 2
39038 65162 1
52562 68164 1
94077 79608 1
57521 20229 2
59198 62015 1
17104 69186 2
11931 37033 1
12148 84384 2
21379 26232 1
18391 91258 1
95161 28062 1
53668 65340 2
13587 25187 2
82011 37737 2
4892 16835 1
7187 76406 1
29010 5613 2
11219 34604 1
80648 31589 1
3511 93289 1
24710 87330 1
61457 65216 2
69156 89937 2
68454 82708 1
62003 24624 1
82573 30945 1
40052 11988 1
7316 67540 2
76414 37635 2
30426 8174 2
21436 69275 1
20182 88580 2
59437 71497 1
74991 85474 1
20547 8947 2
97217 48451 2
12356 94639 1
52382 64187 2
84300 93321 1
37739 45486 2
21577 41473 1
31711 78358 1
830 49706 1
31687 12384 1
5952 6989 1
34181 56847 1
3644 37444 2
96300 29464 1
44655 15455 1
86374 32229 2
38060 44386 2
69390 24466 2
20474 52101 1
57910 19987 2
43668 22707 1
29123 27500 2
49191 23147 2
80780 29975 2
31863 63779 2
71710 67362 1
12250 34336 2
80443 37166 2
82267 41502 1
32598 49169 1
67961 20686 1
15928 32309 1
8613 42803 1
14239 89655 1
86023 17156 1
25594 15401 2
38554 7502 2
21166 18256 2
37740 10447 1
84628 56614 2
12223 83452 1
73176 45625 1
17451 39132 2
22235 99402 2
6457 11402 2
87091 57264 1
52201 55894 2
71814 65170 1
70061 50693 2
72306 86001 1
26188 69581 1
60392 32507 2
70016 53786 2
98508 66873 1
58456 27788 2
15799 4098 1
43383 2614 1
57301 17413 1
88371 38785 1
10248 57188 2
76151 92455 2
34339 8691 1
33665 54904 2
65199 64925 2
964 92952 2
65897 66719 1
58472 49663 2
87330 26539 1
64517 77656 1
10334 98631 1
34604 42594 2
59606 24044 1
73630 31122 2
66998 391 1
71922 32975 2
6143 76314 1
15763 49237 2
49798 19260 2
42592 54099 2
67315 70613 1
42763 15725 2
63907 23652 1
89659 24826 2
12839 21337 1
19050 37926 1
72483 16698 1
678 79154 2
39471 2178 2
68116 71343 1
73658 89118 2
94121 78439 2
73634 41454 2
31087 11348 1
69661 9322 2
89447 55495 2
83059 91066 2
82305 90178 1
91649 72349 2
10693 9374 2
91831 1251 1
34829 26854 1
74779 14259 1
92649 53338 2
90565 13638 1
45241 20078 1
59041 71786 1
27735 55784 2
89808 79712 1
93067 48869 1
422 39197 1
20756 6260 1
74157 49197 2
21926 24313 2
23169 81676 1
33702 97548 2
36627 48843 1
24912 93304 2
26566 41329 1
95730 97340 2
23989 81239 1
11086 31789 2
38219 35179 2
34876 42866 2
19657 9070 2
5573 59015 1
22691 84694 2
30441 63355 1
74627 44333 2
86650 73041 2
1957 25871 2
44095 29123 2
58586 32368 2
99570 44890 2
12101 42900 1
49442 26231 2
69697 45973 2
30866 37230 1
21368 77153 2
920 60166 1
93293 44442 1
14239 79898 1
61364 59604 1
2501 59194 1
77365 66170 1
42974 4523 1
87404 94217 1
74543 33891 1
73324 34098 2
7092 30414 1
12759 2973 1
70714 3820 1
871 84385 1
85733 80656 1
34505 85837 2
2860 9250 1
40669 73859 1
61464 62910 1
61687 23063 1
14697 74323 2
83329 45844 1
18033 95429 1
31767 48695 2
29174 12876 1
18473 64370 1
45716 22451 2
21692 2634 2
14265 14425 1
18921 97114 1
81992 95123 2
63229 15854 1
96662 35656 1
55480 24489 1
44112 35348 1
17038 49407 2
37107 78566 1
5641 72635 2
50067 13985 1
4804 28059 2
50869 91391 2
84113 29135 2
22868 22729 1
16789 79709 2
93503 95712 1
14439 69056 2
42169 97624 2
25556 88644 2
77977 71991 2
13342 70892 2
95464 6523 2
97240 8973 2
78597 52401 1
20172 40784 2
32260 65439 2
78933 42451 1
33226 56123 2
86949 28969 2
17843 62993 2
98880 31894 2
45549 73344 2
62111 39315 1
47802 84862 1
68847 74992 1
33234 94672 2
83599 38957 2
93662 52051 1
88149 52768 1
7998 65078 2
87690 39250 1
86916 26237 1
6505 14434 1
12375 37600 2
66628 49792 2
64209 42761 1
58719 24723 2
83426 8090 2
36211 36148 2
8682 13029 2
53357 49329 2
88226 49138 1
63500 52203 1
47924 51804 2
52614 14392 1
82687 21204 2
96259 25473 1
95988 71997 1
28929 84869 1
55771 92334 2
90095 88821 2
3119 28243 1
82962 83830 1
48318 3916 1
4098 32962 1
46538 17453 1
55470 20007 1
79306 27869 1
9940 19014 1
65290 52375 1
56490 74933 1
26022 88107 1
38072 36414 2
95187 15006 2
14683 37566 1
4759 88998 2
37188 16998 2
25356 93391 1
49815 39870 2
71681 11512 2
71885 45597 1
18105 22167 1
36594 44530 2
96201 17265 2
84679 63742 2
5566 39139 2
74913 78200 2
61685 43292 1
23400 68615 2
45250 92384 1
43001 51020 2
14506 56998 2
55205 33237 1
44040 30235 2
99728 19755 1
24203 17950 1
55474 1637 2
6998 93121 1
83193 55794 1
55584 88590 1
21925 84692 2
1490 78400 2
87595 46207 2
24843 38374 2
30707 98622 2
85311 95555 2
52602 52847 2
33524 21904 2
83729 89506 2
61891 36761 1
85020 34365 1
70813 19708 2
93299 43451 2
40644 40269 2
94276 17672 1
94637 19797 2
67023 99335 2
56069 37198 2
77993 26252 1
10985 92553 1
83258 81091 2
1804 43592 2
47743 69319 1
49365 32196 1
99816 87691 1
81278 81928 2
31419 91061 1
97814 17300 1
99855 8766 1
72608 54235 2
68402 89715 2
4274 94341 1
44900 71959 1
21463 5678 1
32858 81727 1
90157 71589 2
57148 53044 1
58120 55470 2
74854 91061 2
33453 32192 2
46539 17458 2
53048 56424 1
16301 35378 2
2967 57797 2
44871 64206 1
38380 62761 1
7555 63731 2
13326 44446 1
93156 18692 1
90953 87903 2
86878 25878 2
14905 50554 2
52153 70451 1
19923 89301 2
58929 96984 1
99165 34278 1
12441 62646 1
15025 85050 1
58131 26580 2
29310 4399 1
34745 94699 1
38183 9625 2
62232 21801 2
48162 69857 1
15312 37903 1
62777 22401 1
59189 44467 1
64301 9353 2
24273 29023 1
7982 34366 2
93087 33296 1
33348 63381 1
81202 21079 2
14281 91900 1
70028 94556 1
17197 50514 2
17319 598 2
45937 34410 1
65488 73876 1
33580 6156 2
49894 53687 2
43529 11284 1
57824 82549 2
82919 94609 2
68164 93144 2
24504 42855 1
89457 28445 2
32162 85070 2
51990 94422 2
72193 34800 1
29272 3560 1
48739 54255 1
20688 3246 1
4682 5245 2
14443 52756 2
6414 30209 2
53096 88348 2
64473 26137 2
34109 19773 1
97609 16051 1
72851 36223 1
51441 54130 2
28549 55040 2
51992 7951 2
32709 62354 2
68248 57334 2
80280 37946 1
160 44485 2
66005 92691 1
22931 93520 1
24969 21737 2
38247 45184 1
88181 32991 1
51367 83151 1
96654 201 1
83185 16429 1
97853 88050 1
98105 23166 2
85085 81752 1
57668 17914 1
85408 74955 2
7086 20364 2
35786 9489 2
95237 13076 1
72564 82661 1
16907 56837 2
46602 74004 1
22455 21447 2
79854 67358 1
93429 70294 1
9875 99163 2
25058 94081 2
61282 36307 1
97649 80268 1
43096 86917 2
87080 5582 2
79334 59105 1
95203 48468 2
1104 19950 2
99088 78876 1
3951 16037 2
13042 19323 1
86511 2771 2
47135 30456 2
43313 34683 2
49954 92110 1
50058 58834 1
54585 1678 1
28739 79522 1
4887 31610 2
37495 3751 1
53379 80236 1
33431 61461 1
91288 8813 1
37001 47120 1
52867 65150 2
77765 48274 2
12584 27218 2
25815 13832 2
97342 15986 1
83680 79573 2
98158 98296 1
63157 65806 2
57880 40340 2
34590 71357 1
25005 93354 2
14264 14175 2
55222 82994 2
89332 79525 1
2476 32375 1
20918 75543 1
92766 88761 1
85206 8748 1
95918 22507 2
54978 32819 2
13364 78613 2
18522 78733 2
88505 40883 1
47955 17552 2
66334 74548 1
36181 62150 1
1843 91708 2
82749 43660 1
22944 87970 1
16892 16595 2
94879 19539 2
51925 24259 2
21823 15789 1
23587 98995 1
34531 30181 2
99121 4978 2
98561 17313 2
19360 16353 1
65988 21247 1
64453 10487 2
51307 80780 1
25192 17980 2
9255 28878 1
24293 3374 1
50625 46747 1
8463 94239 1
60849 86751 1
31496 70036 2
12616 43066 1
89355 22216 2
85959 85056 2
36707 61543 1
41222 76279 1
40337 30835 2
76750 99932 1
30345 44323 2
39871 30590 2
5173 86079 1
63115 87234 1
67313 19301 2
87737 6621 1
82061 20007 1
92547 17213 1
49455 36651 1
36440 68609 1
80814 35498 1
9051 54108 2
19800 58353 2
29506 37814 1
83052 37699 1
70231 9547 2
9089 32756 2
39291 80938 2
23230 17615 2
80286 68855 1
84511 7954 1
9672 19465 2
74775 96205 1
32660 96653 2
63336 92519 2
58511 66849 2
39852 85625 1
18973 38074 2
55248 5424 2
2133 4222 1
62580 17039 2
81824 3819 1
16300 99947 1
29438 15726 2
33698 44365 2
57600 37997 1
93009 59476 2
79983 3550 2
34507 86192 2
20068 90957 2
29813 44776 1
66670 73882 2
10694 60661 2
4047 72504 2
58123 28741 2
29759 5360 1
27782 25017 2
9800 28412 1
48010 1511 1
93576 72940 2
31393 25368 1
33202 8548 1
68262 65995 1
26509 79516 2
47499 72400 2
42771 59743 1
93973 60078 1
11508 44652 1
43163 60447 1
19600 95800 2
20522 86894 2
17761 52618 1
78468 94080 1
53295 3166 1
84316 76488 1
47737 98947 1
28059 15024 2
31251 96029 2
93439 9527 2
66274 29827 2
80279 16878 1
84194 45794 1
90568 74842 1
48385 69880 1
62315 20277 2
92833 57754 1
64140 19725 2
80505 32622 1
24717 45476 2
20277 40274 2
26209 25710 1
80882 85331 1
2161 48982 2
94019 60375 2
56250 50937 2
81135 81556 2
96301 38857 2
23856 80598 2
45902 32587 2
54389 93053 2
43414 68474 2
23905 93724 1
50769 95298 1
49898 14396 2
14753 37381 2
81530 46839 2
19961 72186 2
87186 78909 1
41218 18537 2
27074 80306 2
22041 34384 1
434 13742 2
57711 57249 2
12125 69532 1
88616 57217 2
71216 3643 1
35933 53931 1
85616 34208 2
31002 76971 1
53745 14610 1
55968 39364 1
50175 97197 2
51876 43882 1
28985 92544 1
99630 77257 2
56433 39694 2
62843 87708 2
86189 85809 1
45692 7062 1
32201 15826 2
2869 30717 2
60595 37939 1
83999 79018 1
49390 26373 1
47238 91274 2
4527 52114 1
57067 52608 1
15715 22164 1
1507 34048 2
32487 91068 2
14614 89366 2
76110 81996 2
53249 43037 2
35135 33341 2
42676 44937 2
47605 24762 1
39445 77693 2
31005 77059 1
42908 81653 1
97083 11403 1
56789 53278 1
1477 48251 1
96833 97689 2
59174 77485 1
62964 70268 1
8093 72145 2
40153 37392 2
49404 70059 1
98441 21012 1
68713 56307 1
3608 9144 1
50048 74036 2
63337 2339 1
23438 37325 2
26132 9902 2
93240 69747 1
37639 60871 1
92242 37805 1
28930 66095 2
82889 44119 1
43226 25372 2
31450 95 2
53942 51416 2
48792 39691 2
50549 13888 1
8010 72754 1
99303 14246 1
23082 49790 1
16943 91567 2
14407 55888 2
41608 79381 2
5476 64732 2
4060 97126 1
63703 82088 1
16942 86563 1
88139 59570 1
74834 95650 1
51390 47527 1
91984 22061 1
64867 13997 1
9572 31457 1
42466 41946 1
81793 49936 2
94227 65690 1
91369 92159 2
73799 1197 2
5175 33192 2
35999 67494 1
14741 99354 1
84082 9837 2
75334 18836 1
684 55294 2
71581 35469 2
55945 78248 2
18404 19823 2
95486 10767 2
887 53815 2
57457 29483 1
93734 81463 1
35964 46855 2
66454 83573 1
21870 90146 2
64097 87913 2
82185 90257 1
56561 70851 2
28837 12635 2
50761 31426 2
32780 23484 2
53980 20670 1
66812 22627 2
47284 43519 2
12072 85427 2
87596 71139 2
56983 7270 2
98679 61628 1
66724 87397 2
80503 11504 2
46364 99185 1
33670 36311 2
50755 35774 2
36177 71937 2
75567 45074 1
35127 85838 2
27723 69131 2
42446 23539 1
310 99510 1
63231 19675 1
44898 51737 1
15813 13124 1
88885 15721 2
7026 14654 2
56299 71701 2
88907 95760 1
36722 17465 1
80007 77971 2
42316 76076 1
15091 14996 2
54801 7027 1
89680 40886 2
17450 94475 1
50548 43022 1
29623 90403 2
74885 48229 2
27722 83839 1
55841 91674 2
28682 3127 2
85977 35421 1
29425 56629 1
2194 18357 1
70862 73947 2
64674 36827 1
98308 42811 2
77369 51261 1
76745 45053 2
23253 10364 2
35944 24892 2
71884 78286 1
52703 31209 1
33671 3325 2
71650 6631 1
6721 11909 1
69718 94957 2
43628 24090 1
66551 95719 2
16044 11456 1
79346 27125 1
35130 369 2
58604 63755 2
45314 30395 1
45113 2608 1
44005 35135 2
53125 63007 2
50712 42771 1
17295 10120 1
71715 3681 2
21417 97488 2
60739 17606 1
14106 3276 2
31049 53492 1
19388 47786 1
29017 82416 2
45310 71785 2
61708 91956 1
79458 39837 1
94702 69614 2
81504 55020 2
52320 29920 2
21826 11827 2
76471 49182 2
57414 18465 2
47931 41683 1
50463 41018 2
36265 68636 2
64276 76277 2
27250 70027 2
44704 91743 2
58458 62885 1
8976 66646 1
32313 25381 1
66984 5359 1
58494 1463 2
27422 8945 1
59783 66813 2
12701 23096 1
63241 63886 1
57220 54354 1
43310 44370 2
16037 91781 2
12466 26599 2
75078 75847 2
74822 3455 2
13731 26213 2
96910 92160 2
75626 24413 1
62466 17922 2
79901 45379 2
62928 35445 1
11124 34592 1
65112 46584 1
60184 53614 1
97455 32483 1
23657 4414 1
13309 76126 1
24858 62930 2
43711 61255 2
39183 62723 2
40005 58257 1
42246 99964 1
65141 24991 1
32875 46653 1
8422 67533 1
48354 54905 2
5638 29352 1
78785 24824 2
50773 67536 2
72339 96086 1
21608 81181 1
48758 54914 1
28999 82808 2
88862 51808 2
38255 67453 2
34928 65479 1
50928 37920 1
60584 73060 2
239 43940 1
2387 37973 1
71078 60293 1
93205 10799 1
78592 54768 2
93989 45433 2
84125 27302 2
81612 54831 2
94740 90429 1
2218 30879 1
26156 9246 2
99697 81231 1
6369 5512 1
67592 86005 2
25606 13292 1
67433 46429 2
47485 14543 1
1507 53672 1
70240 82667 2
19800 11047 2
49340 31437 1
70144 388 1
18673 34169 1
22309 13593 1
52979 15906 2
62021 63638 2
32684 92786 1
63732 94751 1
10584 52040 1
33783 42092 2
2535 70037 2
86537 1736 1
27166 92862 1
76537 98291 1
47510 6173 1
96907 58080 1
96892 14592 2
45075 15287 2
7599 46792 2
23581 7540 2
3590 52396 2
64776 6598 1
62631 60692 1
11621 50577 2
13329 95646 2
89437 21613 2
31731 8667 1
66505 31268 2
21650 21939 2
62167 69976 2
78055 36221 2
99340 36506 1
8575 79912 2
3901 47124 1
71833 52502 1
79412 86273 2
74252 97403 2
79921 53711 1
31006 79714 2
16614 79876 2
49422 61576 1
11674 86262 2
78379 43295 1
2056 94513 1
52282 51725 1
51549 17334 2
38036 32234 1
48061 99030 1
83109 66885 1
40702 66874 2
83247 39072 2
50987 76287 2
61477 65616 2
21762 83538 1
2160 25054 1
22711 57368 1
39181 94440 2
58767 94057 2
21741 7264 2
26022 35280 1
77172 55308 1
68489 80877 1
1019 97221 1
541 45363 1
54191 69912 2
82038 62570 2
53999 92584 1
30528 93390 2
5105 79241 1
39674 878 2
17373 46471 2
32630 91470 2
63665 7741 1
315 81637 1
99323 73727 1
419 38592 1
82914 77840 1
68029 637 2
21150 93260 2
17580 31313 1
90107 29024 2
42854 9507 2
7515 35469 1
6709 54414 1
80305 97512 2
74266 59715 2
35750 44893 1
67653 80228 2
36663 36264 1
79966 47530 1
51637 46618 2
35008 14785 1
53924 42842 2
28408 24423 2
41948 80321 2
35082 46672 1
3595 73629 1
56140 72453 1
69649 11599 2
24234 17536 2
54019 97101 2
15904 433 2
5385 4800 1
56611 7612 1
6881 59207 2
92569 3161 2
87641 2515 1
54075 56883 1
56504 34697 2
12794 15914 1
14390 72483 2
99576 56145 2
76127 25999 2
84331 61200 1
71892 9678 2
32701 74595 2
14473 62774 2
18094 22969 2
53512 73745 1
60656 95029 1
11885 51548 2
44522 21841 2
94057 70729 2
85783 99862 1
72736 83677 1
34308 50150 2
24842 5202 2
35349 62963 2
94325 58327 1
74560 72964 2
78145 811 1
67856 11351 2
12419 58821 2
9187 62073 1
89891 93327 1
9069 81232 1
3614 21830 2
73555 82450 2
59108 10236 2
24529 47851 2
18107 47415 2
72661 25883 2
85498 90127 1
32449 82998 1
30671 48307 1
42956 45570 1
45146 81989 1
70274 51900 2
65967 40985 2
11360 74579 2
11224 68218 2
85721 41996 2
3185 21446 2
48883 34812 2
39050 4973 1
47787 6449 2
617 67637 1
11693 96522 1
13605 59577 2
32412 54394 1
80236 25317 2
42832 57769 2
14334 31548 2
58963 32243 1
61103 97555 1
18755 82439 2
45289 80051 1
72532 76169 1
42568 39642 1
80107 33456 1
79708 18395 1
73827 68072 1
30218 83321 2
28108 79730 2
17643 30896 1
85383 50527 1
63372 26861 1
28075 63833 1
65965 65424 2
21060 80155 2
45634 38129 2
302 73843 2
76629 40441 2
10718 39623 2
92833 43684 1
15002 63341 1
14681 34790 2
22140 20561 1
72319 31394 2
27986 65203 1
78765 63700 2
42529 1862 1
3184 43497 2
40190 19475 2
1607 60930 2
54291 33844 2
40584 21941 1
49408 44697 2
60892 71692 2
21464 62022 2
11967 81507 2
59296 83795 2
10049 65134 1
15667 32203 2
7975 64305 2
80992 71469 2
24362 47398 1
82826 22766 2
43670 92219 2
77991 70581 2
26701 77937 1
2146 85406 1
10978 42206 2
27130 43864 1
28703 42188 2
86176 84647 2
40895 28824 2
75485 78114 2
22388 66419 2
3722 60662 2
79746 82949 1
94549 75649 2
1858 57573 2
52291 58040 2
66752 72258 1
74152 52033 1
8222 34749 2
10449 46682 2
7407 56972 1
86650 89584 1
57756 69849 2
13720 57225 1
37187 78209 1
56977 79451 1
33938 79350 2
3231 94034 2
47088 76862 2
96594 15726 1
14773 18833 1
42602 1538 1
42638 85982 1
75392 70679 2
4378 839 1
1918 1863 2
39343 98528 2
26530 74370 2
50293 85588 1
33280 3244 1
88425 78016 1
24157 74397 1
24892 59094 2
72788 64959 2
7698 6556 2
8885 46708 2
80516 4778 1
87553 73582 1
44734 36784 2
73392 84373 1
69633 10221 1
64587 74757 2
7714 51609 2
63890 18381 2
78089 66556 2
67350 46192 1
55988 3028 2
2784 73000 1
94289 89652 1
43817 87838 1
76071 70655 2
24160 90963 1
8526 24561 1
92423 84667 2
10642 71798 1
75606 15293 1
18356 8177 1
87351 92276 2
15977 63831 1
45416 2769 2
93497 49393 2
79132 99926 1
84161 30878 2
3898 83900 2
93458 54958 1
57820 81518 2
19503 80200 2
56114 60108 2
74227 54149 1
57373 84809 2
11049 14866 2
88820 75790 2
25362 5362 1
61314 66357 1
59651 7194 1
62950 82862 1
82628 50164 2
17073 91197 2
56146 73692 1
60140 66298 1
83869 75078 2
81391 2255 2
9707 80310 2
53131 18654 2
14259 51718 1
85153 12601 1
88899 6884 1
32425 40008 1
30139 73393 2
93900 20487 2
77744 75907 1
16970 85348 1
87274 38755 2
42869 43333 1
30821 12432 2
85172 47328 2
14708 86683 1
7841 49314 1
4665 11177 2
25484 82729 1
36847 72916 2
31445 45034 1
17409 32618 1
37909 25771 2
25967 37804 1
76630 70762 1
56400 96977 2
83319 95444 2
74635 46048 2
37961 63695 2
42173 3481 2
57908 95313 1
77814 92173 2
54323 33926 2
32635 1825 1
56147 54734 2
59270 84304 1
68441 21884 1
60513 98022 1
87033 94104 1
30735 14373 2
46591 8286 1
73220 92580 1
64874 15229 1
96199 18379 2
76204 47289 2
9111 73976 1
71051 50442 1
98563 80349 2
89859 33755 2
58257 14399 2
12002 18347 1
83160 61497 1
42827 61967 1
25285 10071 2
90420 69006 2
27034 52828 1
34279 29476 2
87754 57084 2
64965 10079 2
82143 55042 1
69214 83621 2
98485 50219 2
47962 53901 2
46684 68426 2
14579 59489 1
61337 24770 2
41337 46082 1
13925 89455 1
21325 62308 2
36493 99165 2
53958 19885 1
55760 12015 1
39887 40283 2
14116 77018 2
84519 5851 1
19186 99719 1
99647 23890 1
24822 22836 1
97888 96600 1
34784 12788 1
47394 89368 1
29525 2826 1
44694 97202 2
95310 49202 2
16990 99737 1
57335 67289 2
54319 82358 1
28306 41920 1
85238 41987 2
79794 74684 1
44176 60368 2
3712 75225 1
21616 60737 2
64634 20498 1
21949 19853 1
50991 79451 2
5713 98273 1
70820 29496 2
52603 25756 1
62546 43171 1
66430 51889 1
18533 73673 1
27184 72903 1
46718 62286 2
17180 21148 2
90226 6692 1
53696 958 2
31050 65784 1
91056 22001 2
57025 49062 2
59793 2956 2
6185 60959 2
39134 50715 1
99942 34954 2
29991 95038 2
39793 58753 2
19149 28585 2
81142 86991 1
83656 98242 2
92566 5241 1
90817 8455 2
92262 28850 2
12088 28165 1
75534 67941 1
12959 20673 1
6188 91470 2
53884 64883 2
71438 45825 1
6251 80518 2
91195 68674 2
9786 93658 1
54443 77100 2
8620 68322 1
14506 26891 2
35287 20743 2
82169 73985 1
43493 76706 1
60173 7620 1
48567 31462 2
7854 30750 2
70077 64660 1
7610 50988 2
415 2468 2
43295 45504 1
80439 89411 1
95716 79328 2
46741 8879 1
20065 98212 2
94266 26877 1
46850 39739 1
71261 60148 2
77448 59399 1
71337 35120 1
2696 98172 1
99677 21407 1
10570 67685 2
55338 14919 2
97931 36991 1
14073 34334 2
84923 63773 2
1059 81937 2
94656 28962 2
8791 51102 1
48177 90090 2
695 95609 1
93276 64993 1
86715 1227 2
81729 19466 1
9548 77134 1
7733 34009 1
64746 42994 1
93088 61369 1
52647 43932 2
40415 60840 1
94154 77922 2
63490 14710 2
69709 24496 2
72463 32554 2
98656 39589 2
69502 95229 2
10435 42711 2
31578 29372 2
60399 89355 2
71494 91786 1
8302 18430 1
20022 59708 2
95775 18687 2
95922 35675 2
56531 26066 1
46359 37670 2
10611 68910 1
88949 109 1
60279 8704 2
76210 55639 1
77424 67686 2
7589 26333 1
69599 78869 1
61116 27340 1
9948 91188 1
62775 43591 2
23536 84382 2
22954 90051 2
72987 31972 1
68543 19178 2
42063 55465 2
4690 74232 1
64018 91524 1
94995 50241 2
21760 8225 1
76103 58121 2
23111 14144 1
55784 55722 1
59178 30357 2
97472 64690 2
32191 2630 2
72850 73634 2
17105 23025 2
78161 31344 2
64222 88291 1
36295 61382 2
57561 54145 2
47344 68865 1
50345 65475 1
11036 17810 1
87433 39604 2
34192 3328 1
72294 75188 2
58501 31365 1
51460 38262 2
22344 14349 1
3897 44962 2
4153 8378 2
19921 83508 2
7820 28482 1
48392 38939 2
51691 81903 2
499 70651 2
24497 58590 1
38807 67691 2
99952 95553 1
17456 19576 1
94828 35389 1
69132 75745 2
99614 61644 1
26798 50008 2
39347 53277 2
61867 8423 2
81675 94895 1
85296 15753 2
19194 32921 2
2938 1804 1
19625 85285 2
80028 23222 1
79318 54001 1
59965 20125 2
29200 49037 1
30679 14637 1
7900 90655 1
20313 64710 2
96499 28866 2
67526 12060 1
90337 38754 1
33076 16117 2
65480 21025 2
23630 39534 2
36571 57398 1
24755 37751 2
98883 25385 2
6036 11058 1
3262 3064 1
22426 37240 2
88250 62166 1
44637 87860 2
92575 86502 1
18478 67718 1
96450 61412 2
87502 52449 2
6803 35196 1
9973 53325 1
84656 17009 2
40556 74310 2
49135 88568 2
94483 51419 1
83224 96474 1
62716 95152 1
69289 35542 2
18990 74268 2
72848 76668 2
99555 31372 2
76852 59315 2
31274 87198 1
14317 16372 1
47301 8391 1
25319 39852 1
60428 45678 2
21924 70846 2
9129 23118 1
13911 66239 1
51578 39320 2
75145 79576 2
70515 15150 2
85591 65480 1
40825 72489 2
34130 90239 2
6535 55413 1
84478 26724 2
18637 11184 2
40339 51600 2
88556 94318 1
72671 62641 2
2811 61912 2
40099 6600 2
10725 37480 1
13553 32971 2
92553 22318 2
67669 95268 1
42585 78222 1
89961 89776 2
72347 52960 1
47038 30560 2
66763 92751 1
60218 69563 2
34615 82875 1
40821 26011 1
33953 66839 2
28507 10571 1
86145 98187 2
85933 6064 1
45697 74578 2
87904 56093 2
25727 53373 2
14812 19133 2
91438 59375 2
49534 38573 1
85621 54144 1
47862 13630 1
1646 16346 2
48746 45016 1
88777 18975 1
76849 12370 2
45286 22560 2
18649 25499 1
64319 14023 2
41794 99828 1
78524 85647 1
57505 13716 1
18876 40646 2
20222 9891 2
10835 65106 2
4406 69023 1
22150 86793 1
6905 16922 2
25201 7607 1
30797 13881 2
77825 75548 2
56105 86166 1
60411 58955 1
41755 4544 1
64819 82093 2
22019 89814 1
73526 84412 2
48053 37072 2
72256 43816 1
96059 39670 1
29958 78389 2
1105 40742 1
29678 31387 2
99751 45202 2
31026 58437 2
6851 78944 1
90177 28307 1
50716 66856 2
43262 8984 2
52128 84666 2
98943 87996 2
61391 29077 2
80911 94587 1
43869 71473 2
77292 34148 2
28468 5430 1
905 3354 1
55056 60867 1
41614 88215 2
75681 62952 1
11091 47140 1
58348 66764 2
16713 93539 2
70347 44231 2
56817 20549 2
52264 74121 2
1154 72564 2
98342 73170 2
19687 40298 2
71448 41432 1
50751 28312 1
56392 39844 1
35356 32481 2
51410 25397 2
46852 10268 2
33190 91067 1
60755 30389 1
12937 83933 2
79063 29676 2
79572 9588 2
88851 62132 2
12628 41677 2
83804 31158 2
18344 25835 2
46783 78380 1
97607 1123 1
35513 4326 2
13335 4287 1
57949 98920 2
79063 94428 2
6706 70026 1
89270 5003 1
70067 87991 1
20345 37875 2
13805 43566 2
95641 90285 1
42148 18948 1
21155 69895 2
67118 52672 1
61782 18818 1
57046 11006 1
54728 41204 1
63738 73677 1
31778 58823 1
26798 4305 1
62783 57368 1
39543 92833 1
78257 5081 2
60049 36138 1
15260 84911 2
33930 56970 2
27673 59092 2
88548 11734 2
37013 58614 2
4919 6452 1
83503 81271 1
72140 91042 2
8957 12875 1
7843 12621 1
37031 15549 1
92622 22747 2
86347 53098 2
3444 17922 2
61304 88068 2
37999 36558 2
11251 464 2
16334 4255 1
81909 23112 1
23156 89608 2
72874 9915 2
31703 75153 2
8435 21928 2
11714 38390 1
98373 30278 2
36563 69223 2
38888 14175 2
49981 77510 1
13626 58897 2
54824 15244 2
11113 95116 2
72620 23075 2
97212 76374 2
90810 52461 1
1931 85930 1
18451 67452 2
73890 38292 2
54254 35512 1
12579 2775 1
59126 35005 2
72576 98823 2
50730 30265 1
12709 86255 2
24476 85202 1
24268 30541 1
74675 42239 1
18502 64497 2
36553 32202 2
95833 90082 1
79212 56372 1
45469 64824 2
97889 35153 1
15422 5827 1
56477 60872 1
77597 66691 1
37258 71028 2
26767 49421 2
57385 30662 1
14236 53133 1
66058 94144 1
44545 84542 1
55637 37339 2
15983 87027 1
15076 42306 1
78473 68370 1
90054 29333 1
28874 93268 1
33598 80487 2
71677 40391 2
69731 41345 1
57699 12524 2
9310 57853 2
40305 86745 2
97102 2315 2
85359 43607 1
51431 80655 1
6362 3717 2
70478 3457 2
18050 36595 1
37375 491 1
89517 85000 1
13704 69711 1
58450 27261 2
4363 15871 2
95007 73728 2
69632 86659 1
5236 66482 2
74160 88918 2
84230 85001 1
89915 11977 2
61821 5199 1
12051 97343 1
88982 68129 2
63807 73423 2
69281 22256 1
32601 230 1
9156 96003 2
87024 77890 2
92438 46804 1
35015 93976 2
90149 79055 2
70100 48846 1
36561 67926 1
18690 40002 2
57070 38015 2
4079 62753 2
55270 81620 2
31151 58129 2
20661 97778 1
26311 54087 2
18891 51947 2
98482 58834 1
2798 3588 2
15136 16302 1
75637 59479 2
95154 28498 1
69390 70290 2
61696 93795 1
24600 14743 1
70515 48062 2
89834 46170 2
80171 94994 1
87530 3558 1
16826 86851 1
93431 94808 1
2470 47785 1
10912 12482 2
90731 56783 2
21771 25162 2
59383 81748 2
31343 49672 2
29165 37677 2
25402 23499 1
32930 22369 1
1675 53013 1
12963 72524 2
18937 6682 1
88813 93404 1
74058 29574 1
58868 90071 1
93021 88564 2
14749 77427 2
40321 35223 2
89123 46877 1
52795 20277 2
13461 20659 2
11972 1702 1
20662 19978 2
9577 87546 1
14589 82856 1
11177 40816 2
11635 2730 2
81659 4800 2
33111 73824 2
58693 32402 2
71901 32236 1
2918 48005 1
95818 47783 2
75437 48585 2
72250 1212 2
41855 5125 2
17947 20651 1
71605 57074 1
95151 60263 1
52763 79933 1
51790 30937 1
1011 83369 1
12833 78875 2
3728 21163 1
76040 95933 1
87579 40556 1
69717 14083 1
39890 39531 2
17007 29828 1
21540 11864 1
44912 76749 1
18070 1306 2
13256 80317 2
81153 106 2
62103 78918 2
44081 33462 2
23254 3282 2
42087 75007 2
72495 46812 1
80121 21051 1
45633 96051 1
34541 70643 1
18493 28410 2
31489 26086 2
45739 16811 2
51462 63653 2
80870 86799 2
56960 31733 2
36124 10311 1
22568 68368 2
78767 67815 1
21322 39044 1
91926 52309 2
28871 87506 2
38461 12175 1
72180 4528 2
71904 17890 2
41818 85288 1
78740 37619 1
93812 74775 1
26463 93402 2
80084 42735 1
8155 3714 2
51677 44885 2
37111 38219 2
26794 30115 2
23126 20040 2
16582 87943 2
80269 5122 2
99283 66051 1
90441 34578 1
97795 86539 2
3463 66635 2
55778 53578 2
7931 80078 2
34058 70237 1
35338 63315 1
2412 16566 2
85007 52583 1
85262 4570 1
9145 52264 1
64264 83460 1
75211 57835 2
42406 52256 1
68252 32535 1
89225 83824 1
54357 68424 1
58854 49035 2
40981 32044 1
60549 72185 1
98192 86505 1
30659 14616 1
62572 84885 2
31664 71994 1
53890 62237 2
46386 99365 1
57283 3263 2
38721 9137 1
66737 58063 2
37897 18957 1
91809 52790 2
56907 54683 1
68864 87438 2
52859 39504 2
16043 59239 2
67875 757 1
31413 92646 2
26463 36680 1
24485 30913 2
72416 49724 2
69685 39556 2
55753 85012 2
37172 87342 1
21301 82444 2
29381 31284 1
45327 69360 1
19550 81342 1
69432 84835 2
36810 53926 1
95972 89530 2
30215 48092 1
82429 47806 2
48777 16644 1
80799 782 1
94549 14165 1
21178 74042 2
62919 90140 1
5012 86377 1
9612 71063 2
45764 87156 2
15433 75131 2
34968 10953 1
26162 55855 1
74096 67465 1
6804 97294 2
49440 51626 2
85995 85545 1
11986 70645 2
42828 51939 2
37058 98473 2
37821 8915 1
3136 1942 2
7512 88357 1
30513 55843 1
42604 75001 2
67247 21321 1
84924 75363 1
82724 47318 1
95518 88745 1
22483 64907 1
93788 393 1
14191 79870 1
55414 4272 2
48514 53241 2
88703 86723 1
75784 44697 1
85564 51386 1
85489 85872 2
23816 768 2
68770 82915 1
62995 98005 2
67029 60972 2
75678 70508 2
19476 45049 2
45376 63885 1
59650 15883 1
23812 47316 2
35826 23737 1
9417 89936 2
27982 61066 2
14209 80677 2
98801 79742 2
84338 91082 1
14669 10790 2
30040 75724 2
3815 47400 2
72801 29225 1
60534 52060 1
29135 82710 2
56615 23985 2
36090 68666 2
73436 49512 1
99115 38033 2
84168 73496 1
54243 41257 1
75988 84841 1
54386 69928 1
69534 13337 2
92064 44260 1
6901 78042 2
72551 16041 1
46782 59761 2
41974 99319 2
87282 35865 1
90352 72994 1
25469 77726 1
70795 85488 1
16833 14371 2
63634 40990 2
61009 15740 2
81283 87612 2
68054 39509 2
6930 87212 1
45838 71273 2
83364 99399 2
94408 29259 2
84789 72856 2
91689 5857 1
27251 63646 2
69802 71267 1
21056 45551 1
76279 77185 1
78899 44720 2
5041 91483 2
98584 48093 1
30957 66982 1
93932 53896 2
67988 72910 1
80994 69745 1
48929 78606 2
74080 12755 1
26054 17849 1
55874 50520 1
51047 1397 2
94710 45823 2
82140 84827 2
48895 66045 1
20532 2905 2
46067 39896 2
95757 55215 2
54621 60878 2
60317 58005 1
2907 15629 2
69900 85492 2
9984 50936 1
12759 56232 2
27251 84040 1
38063 17701 2
8111 74857 1
3608 90831 2
32865 99641 2
45739 80128 2
84749 54476 1
62964 60454 1
21578 45066 2
57396 4706 1
56577 72047 1
33824 94026 2
3858 6859 2
87168 11623 2
30702 33184 1
75953 65624 1
20094 19751 1
58915 73550 2
6331 56363 1
43132 24014 1
39764 89579 2
88564 69970 2
8939 5853 1
86679 31176 2
85112 98310 1
81446 90641 1
60676 94274 1
89270 67491 2
46128 76674 2
20047 98024 2
26476 67785 2
3054 94941 2
33440 33903 2
81635 13620 1
3174 9214 1
21492 51794 1
26541 91032 1
77784 22673 1
87672 44750 2
63325 23743 1
34333 7658 1
89539 97822 1
82439 90598 1
37951 72770 2
6101 96243 2
48505 56630 2
36088 21972 1
92462 66007 1
66233 98592 1
97934 1175 2
69712 85475 2
74655 12603 1
23118 91293 1
61016 3646 1
27412 32673 2
95975 66060 2
74842 63064 1
60236 19464 2
18985 21276 1
49084 29830 2
51713 95389 2
60830 6609 1
37812 47935 1
61105 72358 1
15273 93594 1
79077 86008 1
50650 26873 1
14653 89194 2
59382 32028 2
53523 19480 2
64768 14966 1
12756 77134 2
32814 76431 2
83840 90351 2
54954 54626 2
72619 1679 1
61269 51584 2
42751 1466 1
415 38060 1
64760 57931 1
70480 42654 1
1446 92405 2
13155 32192 2
63055 11390 2
44709 94900 2
85066 73631 1
2426 22571 1
98852 49605 1
33689 36783 2
52063 58771 2
94347 76538 2
53614 20574 2
59504 20381 2
9915 51823 2
90361 95355 2
80354 42181 1
39567 96267 1
23699 55024 2
45483 83833 1
44339 7063 1
5340 21413 1
58651 28947 2
43172 67266 1
30872 42898 1
539 46424 1
47690 65301 2
57067 33539 1
45893 89298 1
90930 11635 2
34354 85554 2
29123 89162 1
6895 87508 1
34309 65601 2
8075 17737 1
91538 99203 1
99211 69430 1
48538 57807 2
26376 10869 1
52765 53338 2
15951 73780 1
98645 49547 2
15231 29236 1
80810 89118 1
16494 90667 1
28955 65410 1
74053 99555 1
32060 17947 2
47711 27288 2
56370 2912 1
89358 27422 2
41625 30174 1
72054 84697 2
49759 44947 2
67568 23940 1
13350 60051 2
56457 91083 2
13925 29159 2
67936 25168 2
37000 78761 2
55627 69033 1
62380 91242 2
62611 22240 2
4580 11021 2
54547 59538 2
11479 17033 2
37085 24625 2
18143 67658 2
66485 41602 1
57163 91280 2
15380 6144 1
32350 31502 1
23206 82807 2
49198 14252 2
70028 64617 2
31813 9862 2
16187 30797 2
51876 67756 1
6972 7403 1
7579 69120 1
37706 44929 2
52210 49370 2
52407 74849 1
49636 53287 1
583 20209 2
86270 6694 2
39570 8073 2
36228 11722 1
51462 19160 1
40525 62619 2
3364 34144 1
23522 94932 2
74303 13942 2
30915 6054 2
29184 42883 1
28930 81172 2
19684 39685 1
20069 35574 2
14684 53070 2
62248 66486 1
1835 54468 1
51577 26773 2
13452 70816 1
14843 99463 2
22186 34447 1
9891 69843 1
15558 79508 2
67102 47636 1
4469 69156 2
2825 29946 2
43391 82568 1
39543 24682 1
1729 21503 1
49423 75226 2
32332 38073 2
27756 36630 2
71364 41917 1
27483 37118 1
83905 61156 2
43648 43909 1
42033 37883 2
3377 25555 1
6964 44645 2
77049 18532 2
1247 9591 1
73943 38856 1
85626 20155 2
20189 91489 2
86594 81709 1
77905 85479 1
79495 7841 1
19407 48167 1
92015 78331 2
18372 49696 2
76626 65621 2
87317 80069 1
26267 40156 1
83478 84126 1
44685 5076 1
52596 31302 2
84732 20272 2
72108 29742 2
55728 68506 2
18961 70105 1
34758 20433 2
64842 27166 1
96686 77862 1
50033 48906 1
12686 35038 1
72565 3995 2
97021 23155 2
29977 27398 2
26825 4435 2
43315 48817 1
16530 81279 1
67086 61113 2
33132 87917 2
85416 57646 2
29249 48071 2
23732 8434 2
90893 57226 2
30266 64574 2
57248 79176 2
88082 79805 2
61472 44870 1
13549 44783 2
92836 58175 2
12556 54440 2
2458 92319 2
69958 33486 2
74657 32456 1
24871 69982 2
73968 73553 1
59435 68487 2
48078 20385 1
79271 57805 1
18263 72633 2
32609 85032 1
44830 94728 2
15123 73890 1
75045 64820 1
19820 70237 2
81446 86136 1
94158 77515 1
19534 13024 1
47217 47220 1
61244 37518 1
63999 88851 1
49991 34681 2
64790 57785 1
12949 92873 2
87593 10473 1
54725 56316 1
7071 59930 1
70982 4612 2
6419 98649 1
41757 36231 1
50898 88260 2
67555 92606 1
53536 46255 1
45669 12918 1
63635 18531 1
70563 19186 2
39670 32218 1
66097 20518 1
12040 31365 1
67928 25950 2
10971 16710 2
84886 41397 2
23541 15062 1
38938 36702 1
79282 73536 2
29449 25375 1
42783 89284 1
25980 1873 2
91617 93429 2
44767 92482 1
22221 54524 2
49044 39250 1
74285 82418 2
12206 93849 2
28641 19946 1
71095 10880 1
79771 4261 1
7530 83619 2
66658 13083 2
55993 54134 2
78064 87321 2
40520 76957 1
38772 66173 2
63312 16626 1
10193 26620 2
21245 88738 1
17309 23805 2
10545 48272 2
81251 25692 1
12159 34289 1
97537 54664 1
60976 91375 2
97835 25764 2
14465 55175 1
97030 50794 1
18563 79370 1
58926 23075 2
9402 79199 1
59696 97904 1
50111 50143 1
31152 4613 2
34622 13496 2
72197 86664 1
24825 26315 1
86968 83830 1
21378 3183 1
58793 75903 2
97445 90859 1
53770 8549 1
44092 62335 1
87170 88961 1
14649 66876 2
41643 64094 1
8224 88103 1
56180 50876 1
24649 28475 1
75103 60910 2
45154 84644 2
44452 71420 2
94124 50148 2
83085 51650 1
32186 10449 2
11224 39151 1
22005 52117 1
55576 41863 1
87354 16109 2
8884 41570 2
27865 23083 2
90663 11947 1
69496 94900 2
7710 66049 1
43151 35939 1
37405 79481 1
32682 63908 1
56442 34010 2
21706 49722 2
50464 97919 1
96516 77113 1
28686 61753 2
47392 82444 2
15382 35243 1
21915 59248 2
10334 62060 2
7142 53847 2
898 82312 2
68612 67815 1
20368 55456 1
29552 79801 2
47018 39717 2
94357 25114 2
67880 14401 2
61876 82316 1
23251 302 1
42273 41958 2
24747 28284 2
1862 53104 1
57667 80528 2
49247 20905 1
43775 59135 2
32445 63137 1
6429 49591 1
24547 90111 2
12745 45207 2
88236 4091 1
46247 70354 2
52611 37413 1
749 7985 2
18857 36541 2
36006 19885 2
27730 63288 1
93648 30201 2
17768 89954 2
80671 20726 2
33607 16534 1
69176 25084 2
33727 61096 1
87959 49432 2
95830 53948 1
75209 97768 1
35747 43403 2
62898 61249 2
31604 12261 2
42185 60458 1
2409 78570 1
81623 98622 1
43606 21488 2
74492 11022 2
54565 77153 1
10090 67485 2
19346 87897 1
24584 11394 2
31053 45228 2
74992 61641 2
73052 27038 1
70481 22034 2
54422 90153 1
63469 11153 1
27689 49691 2
9596 25900 2
98420 49301 1
95592 57568 2
56206 57197 1
78895 91325 2
38141 93804 1
75300 44357 2
64928 92081 1
24943 5937 2
13734 85293 1
45640 20364 2
62069 85189 1
50271 52182 1
29700 7219 2
11991 19554 2
71200 66693 1
97671 51160 1
22155 10269 2
12728 96692 1
8472 94191 2
68490 65061 2
51441 57862 2
31214 23663 2
87889 62783 2
68077 16457 2
54858 18604 2
36832 44896 1
46721 66194 2
84853 62386 2
56781 43531 1
49 42100 1
80763 17093 1
18441 32685 2
92941 60738 1
97991 62776 2
32790 95606 2
19531 96102 2
16576 37708 1
72807 47514 1
75142 95073 2
18850 76363 2
36442 35943 2
29078 453 2
82368 27588 2
80019 58056 1
19793 1232 1
44474 30184 1
15706 69179 2
49154 87979 1
95066 6244 1
54934 38350 1
43047 8259 1
2772 56801 2
21066 68160 1
72336 54214 1
19742 48921 1
67631 6390 2
6581 67328 1
90637 36636 2
54899 69659 2
14839 96695 2
85521 16195 1
28786 30109 2
89467 8869 2
68082 42771 2
98642 71972 1
19395 73973 2
44683 83637 1
37188 35412 2
77423 84673 1
1351 52467 2
13849 59014 1
69139 15978 1
26843 55703 2
64802 68131 1
78905 86104 2
38691 71488 1
18188 87682 1
51481 97459 2
57632 72037 1
73946 40931 1
55254 84065 1
62896 59278 2
53155 57292 2
8156 82689 1
90831 40367 1
23790 26338 1
25687 9833 2
95950 35303 2
93004 61546 2
62775 70940 1
56786 65209 2
35414 1985 1
72162 72175 1
88911 54570 2
30472 55162 1
94776 79389 1
30405 35643 2
67357 7735 1
34318 83304 2
74362 92744 1
19211 41643 1
19012 88594 1
24185 61632 1
26753 92782 2
2761 58395 2
26826 22887 1
7262 68960 1
4496 75292 2
97363 61897 1
62005 2146 2
65075 3524 1
6863 96385 2
55039 46290 2
98536 81842 1
77580 43306 2
64160 88103 1
58786 37715 2
39273 8579 2
53726 57741 1
94250 84606 1
98704 66441 2
52574 63682 1
6814 67948 2
32562 82929 2
53248 29777 2
34218 33948 2
70402 75044 1
28796 74541 2
83045 84487 2
52307 94 2
9021 23184 2
81453 41312 1
436 96969 1
84062 60598 1
93702 97903 1
73739 84087 1
11523 60276 2
53008 25103 2
86129 19454 1
32475 41534 1
24135 70469 2
51694 1591 1
69075 4760 2
59968 36771 2
28277 24185 2
73725 36028 1
50050 9885 1
16866 178 2
8578 9805 2
99650 85129 2
43345 2951 1
42435 8121 1
48834 50397 2
15042 13837 2
87543 34581 2
57067 61957 2
23275 44999 1
18049 62804 1
30888 19267 1
65628 50210 2
26001 968 1
15110 33930 1
35162 54254 2
90973 82973 2
71914 75869 1
47285 57534 2
67968 13747 1
72307 55685 2
64939 48323 1
31154 51036 2
9393 63440 1
49506 44900 1
95401 72374 1
33124 62385 2
8033 78562 1
20975 93674 1
7192 66261 1
80591 13866 2
14181 48452 2
15680 41026 2
57102 78459 2
20791 29332 1
99794 51061 1
29754 23001 1
59200 66534 1
39395 10237 1
22717 70866 2
56160 85470 2
96131 28211 2
34966 76208 2
70972 90966 2
93850 5883 1
30027 16382 1
15606 97883 2
17539 45216 2
69834 83328 2
36334 83174 1
14281 88876 1
58343 91341 2
64568 56696 2
77472 53254 1
51314 89550 2
85277 13560 2
84454 19568 1
6743 84412 1
92183 6832 2
91035 6112 2
36347 1462 1
89096 96165 2
3549 99422 2
5717 26689 1
47676 78519 1
28232 93726 2
8873 15941 1
75775 15705 2
74157 61471 2
82027 15716 2
19872 40593 1
43985 22756 1
97843 13788 1
70151 10003 1
26536 38929 1
13789 57759 2
50804 46266 1
89297 28873 1
2084 29041 1
58393 63080 1
50612 95495 2
41438 77699 1
19673 79358 2
54235 5115 1
15129 50351 2
97666 85118 1
49326 93318 2
40887 18069 1
76423 50657 1
98035 25463 1
40359 64692 2
42114 40787 1
89444 88199 1
18469 79083 1
62697 47414 2
86385 61555 2
38420 65201 2
95727 70262 2
89977 59226 1
95450 5905 2
41501 65673 2
35076 69846 2
86843 32299 2
90545 91979 1
52259 98591 2
2009 87177 2
74614 85272 2
77739 37853 1
50316 34750 2
12709 37129 1
49390 9516 1
59645 86052 2
88955 25491 1
75515 25398 2
69543 51382 1
92348 58686 2
41496 59116 2
22289 1036 2
27752 77442 2
47550 50086 2
1670 37878 1
87995 60039 1
18420 5853 2
44662 5372 1
95370 95229 2
97327 70565 1
68146 13204 2
54267 37850 1
43594 23119 1
89282 11171 2
98469 17524 2
15873 90431 1
96490 22233 2
47017 12190 2
81939 23466 2
65470 37031 2
61168 36391 2
23000 9555 1
57026 74051 2
32101 23888 2
43648 31366 1
80997 46111 1
35029 96044 2
33517 98709 2
96736 56389 1
34501 20222 2
85778 16627 1
89898 63158 2
96532 47086 1
33037 19982 1
89022 65923 2
32529 88973 2
20225 73201 2
81969 95884 1
44926 17611 2
9880 3449 1
10477 53913 1
97735 43605 2
21655 91542 1
71826 38934 2
9564 21107 2
13091 81030 2
58382 73107 1
22870 8801 2
52308 44813 1
94107 44987 2
6184 67790 2
14552 57144 2
69434 7988 1
42628 99890 2
26890 78163 1
88877 69591 2
85201 42100 1
82067 4521 2
15801 44945 1
45994 70844 1
7585 5339 2
26524 45787 2
53786 43316 2
74533 69315 1
49132 26741 2
83093 56485 2
87730 12041 2
49362 21481 2
26457 83536 1
23347 10662 2
73958 84382 1
76198 76747 1
18701 79513 2
39851 30298 2
82874 51838 1
83446 42183 1
17164 21244 1
85137 79293 1
77077 42007 2
46679 8761 2
61275 4903 2
88667 78541 1
80954 58710 2
11935 39230 1
35328 56134 1
95869 94183 1
44816 65801 2
48002 44436 2
79680 61159 1
98926 11880 2
96730 64955 1
33109 21815 2
98527 24886 1
64545 43116 1
10335 42011 1
63341 28357 1
34786 12961 1
18155 13906 1
13346 41589 1
21728 57721 2
64495 79637 2
87715 43893 2
17546 83893 2
417 46002 2
52266 53214 2
61340 71219 1
67578 78794 1
4135 51053 2
55896 68970 2
52139 99145 1
4152 8736 1
67686 36326 1
14752 30437 1
46183 78164 1
10281 34660 2
13427 15610 2
69572 2685 2
75523 77264 2
98899 36355 2
14724 94214 1
77099 30686 2
72053 42364 1
50809 50698 2
41580 81832 1
77978 18775 2
78066 15027 1
92225 78023 2
642 80988 2
30325 35858 2
40302 17331 2
6736 97829 1
83130 32319 1
89569 57022 2
49951 37657 1
85835 92434 1
76041 13295 1
96292 3176 2
84474 24930 1
48503 98620 2
91525 78248 1
79778 7805 1
1107 77258 1
86745 174 2
24897 47175 1
90305 7272 2
36192 29232 1
33301 80535 2
55380 87466 1
60773 70873 2
40694 40143 2
51090 82563 2
81298 75277 1
69844 49243 1
3946 31461 2
31028 81470 2
77393 56301 1
42770 93532 2
36592 73455 2
40352 8823 2
8324 9640 1
62564 77768 2
98750 97801 2
18522 6490 1
51970 11866 1
37104 60013 2
90120 44370 2
68297 39828 1
18911 69664 2
50555 51543 2
81349 53285 1
13872 20210 2
45520 3864 1
93673 98772 1
89960 68320 2
11574 77185 2
27498 60766 2
41983 99569 2
3047 97760 1
72382 5359 2
87586 77295 2
67587 55962 2
2262 37890 1
93295 83463 2
96142 61608 1
16985 3293 1
13387 54275 1
60812 1751 1
99394 63463 1
86151 92646 1
33755 52351 1
27419 31053 2
17555 36073 2
96849 3651 1
20475 40341 1
72098 45076 1
53654 56201 2
12445 45760 1
33151 18560 2
89572 42267 2
66849 96102 2
38831 77932 1
36669 49470 1
45927 62702 2
75016 44765 2
15756 46065 1
67754 47756 2
77648 20249 1
88864 80233 2
60346 60702 2
80314 31942 2
16772 38635 1
38110 19113 1
83070 78880 1
17027 74955 1
64264 76944 1
17943 37305 2
96731 37155 1
82138 92310 2
32257 21717 2
58976 93079 1
76569 84789 2
26451 82597 1
24180 62919 2
32911 18591 1
68539 97539 1
11365 29397 2
25382 80660 1
52568 79534 2
40070 45849 2
72290 19907 1
92572 98887 2
35984 95362 2
52287 3333 2
11618 27083 1
84571 50318 1
42156 93814 2
5773 53907 1
46520 19500 2
17352 43927 2
32834 51626 2
92594 44753 1
49370 75841 2
15719 13293 2
90246 44152 1
41429 35915 2
56701 80072 1
11519 55935 2
43053 64863 1
78747 77871 1
69493 16510 2
44948 1144 1
16364 85115 2
51880 3114 1
96281 39328 2
73482 58119 2
4760 28842 2
71009 36584 2
41851 13354 1
28936 7448 1
10663 84136 2
37644 6135 1
8243 22203 1
69585 62040 2
29068 51186 1
87597 84003 2
54868 17358 2
2124 53556 1
80670 12901 2
20170 62618 2
88628 54273 2
67420 99513 2
67602 70175 1
37191 68488 1
9352 31601 2
78919 4980 1
45851 14172 1
67242 15867 1
46500 46587 1
65939 65138 2
53135 7930 2
21591 46528 2
6814 86747 2
98915 70336 2
88804 1429 1
69364 49155 2
35563 51600 2
35709 39852 2
28526 2538 2
54437 8050 1
74143 29717 2
61798 90401 1
71202 71190 2
71855 45113 2
39920 35144 1
90531 80910 2
31350 98487 1
80472 52262 2
39027 56358 2
43481 65118 1
89053 681 1
2533 86566 1
68765 70315 1
45421 15040 1
36590 80746 1
1434 85957 1
30466 81654 2
95940 77184 1
9469 63669 2
87484 96784 1
94424 92226 2
42051 6282 1
42399 23786 2
93265 43094 2
57460 28237 2
31567 86989 2
13898 62691 1
4509 2273 2
8778 99444 2
51469 47829 2
44497 9247 1
21350 11329 1
98128 48660 1
72034 7919 1
63147 17754 2
20720 69569 2
79931 98314 1
8370 37032 2
13388 1105 1
92160 89038 1
50847 4498 1
29476 65294 2
1865 81282 2
24924 93334 2
93618 21931 2
16956 86732 1
20152 15305 2
44841 31014 1
82185 656 1
41950 50000 2
8556 66116 1
49387 76746 2
66329 35359 2
38865 78920 2
5116 91758 1
20423 47888 2
95414 80756 1
88504 37663 1
41692 43718 2
44291 80837 2
86422 12974 1
55290 74340 2
30081 61737 1
91779 11029 2
47662 62280 1
37146 49923 2
72193 89491 2
27373 31437 2
15474 2433 2
82238 15496 2
36367 6849 2
11077 44251 2
15224 61172 2
33676 25314 1
8450 53520 1
73201 59244 1
98293 27519 2
36039 7901 2
93230 94878 1
60533 52045 2
69694 24735 2
41365 56454 1
37736 12807 1
15446 53033 1
68711 33968 2
87835 42954 1
22598 10440 1
65818 49136 1
58438 76945 1
72574 86134 1
55451 54047 1
62150 72621 2
1711 54461 2
48708 12056 2
82430 34152 2
21662 9518 1
78073 5298 1
71536 11355 1
46115 69088 2
93735 94687 1
81111 79949 1
58120 20045 1
19775 46053 1
55527 80430 2
1630 27914 1
30896 85180 2
88840 96787 1
31458 56487 1
45733 7048 1
78255 98387 1
23666 12007 2
39422 80728 1
39615 59490 2
75689 48833 1
39313 57919 1
191 91437 2
35138 72855 1
34787 6482 1
90972 38007 2
34251 8885 2
80194 86402 1
95394 76754 2
38216 84876 1
62502 28154 1
85941 44864 2
86922 52816 2
40168 23132 2
1078 96620 2
55184 77552 1
18114 34712 1
21203 58755 2
35807 4629 2
38728 69550 2
1038 5911 2
96605 96094 1
85734 82309 2
12977 41558 2
74642 20378 1
26811 90795 2
41105 83111 1
67585 1574 1
63189 89006 1
86754 6 2
33060 75112 2
73357 82491 2
69626 42177 2
97640 80012 2
18853 94871 1
2954 51794 2
26408 46014 1
94368 5499 2
3672 32574 2
31276 48840 2
49090 24019 2
87745 60335 2
62883 70701 1
32201 81849 1
58126 16366 1
62239 81509 1
19946 46510 2
4693 26883 1
78066 98426 1
89775 34715 1
60147 1521 2
16519 89572 2
58705 39910 2
76679 72364 1
21698 24481 2
1105 9815 1
20785 33502 1
31835 66456 2
34396 22732 1
58507 43257 2
27671 50830 2
94368 3129 2
1223 5950 1
1513 64521 1
7432 58053 1
57611 72238 2
20200 3109 2
59839 16386 2
39849 56879 2
73521 38227 1
80867 56461 2
34146 8323 2
55935 55801 1
4039 81030 1
12765 43268 2
20329 52679 1
22159 752 2
42851 59971 1
81148 96726 1
55239 44844 1
88830 56002 1
95257 94151 2
83076 39217 2
12722 5903 2
13969 66522 2
54430 92400 2
27803 73026 1
7263 29292 2
68365 12998 1
45672 1594 1
89573 31253 1
77698 578 2
70678 89652 1
8010 9730 1
82472 71960 1
79473 48428 2
91443 86543 1
43227 31429 2
99272 72728 2
71745 92712 2
5320 49414 2
18415 99329 1
60522 96769 1
78086 85747 2
78073 1028 1
73467 45458 2
2740 19936 1
61718 40330 1
38381 26904 2
73460 89686 2
81355 87619 2
85510 3785 1
39911 89806 2
77936 77001 2
74226 56215 2
10026 12015 2
17806 67443 1
3587 70088 1
56753 97224 2
75705 17303 1
7461 82484 1
57153 69777 1
22635 91460 1
6566 20927 1
60627 81086 2
71330 84607 2
57797 13432 1
74950 97796 2
10203 75422 2
38104 39634 2
71972 27920 1
49296 84930 1
89731 26785 2
26330 25348 1
3215 80633 1
43191 50904 1
60369 41268 1
92219 44372 1
83880 46241 1
80 75713 1
21192 98725 2
76082 85982 2
37238 79893 1
43506 70140 2
80334 57375 2
76115 3039 1
91262 75234 2
8080 57540 1
94728 18609 2
73044 10997 1
32132 85364 2
11744 65974 2
75675 51526 2
10664 56988 1
56813 77048 1
13942 8913 1
4844 42029 1
97638 31474 2
90239 43708 1
46825 72017 2
10624 52978 1
97026 40915 1
81982 9389 2
85195 48850 1
12124 19009 2
37745 20220 2
76912 75927 1
73556 60914 1
36517 7625 1
51945 80138 1
93945 24424 1
42455 37166 1
81696 18902 2
93245 76923 2
48479 56076 1
72843 85411 1
41233 68853 1
77700 48139 1
16646 82929 1
46946 73293 2
58751 99219 2
43186 42840 1
66420 15236 2
62100 55371 2
31534 45886 2
46620 5181 2
10957 14609 1
42100 14904 1
98242 76321 2
43096 729 2
53686 46726 2
75384 65106 2
52482 26090 1
83193 97353 2
37525 5135 2
40244 64406 2
18418 19559 2
66806 95433 2
66158 88954 2
90879 16225 1
97814 14755 2
60355 10998 1
73351 4083 2
25388 16464 2
83381 33485 1
59285 64429 2
2629 42792 2
83632 29887 1
72466 75057 2
12290 14444 2
87403 5126 2
20706 23500 2
95155 27259 2
91485 623 2
14624 12665 2
61205 95477 1
83550 61306 1
87485 18547 2
97929 95663 1
42111 84404 1
69942 24058 1
42998 45686 2
5034 50100 1
17524 68713 1
22177 49000 1
78429 15572 1
74217 60438 1
94218 33808 1
31812 76433 1
12648 35082 2
48330 12801 2
26966 25509 2
61444 90306 1
95498 89334 2
8562 98243 1
91085 11142 1
49414 28456 1
86362 1076 1
10535 31689 2
20547 74545 2
63855 3537 1
77068 2049 1
58766 3711 1
35502 39488 2
55108 39208 1
75702 22139 1
11210 53203 2
77347 47827 1
68746 22108 2
23403 50174 1
61379 93649 1
1078 67174 2
70310 41144 2
47138 57383 1
64219 41735 1
45341 1653 1
36573 37067 2
49902 16916 2
61434 86882 1
30157 24702 2
6196 11040 1
87015 84033 2
87138 67182 1
12059 95710 2
80464 2470 1
24639 12939 1
61690 94809 1
86139 35506 2
90517 50281 2
63884 63120 1
42567 75631 1
28035 35863 1
5610 43030 2
63652 17420 2
84589 92126 2
44904 74185 2
44434 45018 1
16667 93788 1
93873 32946 1
86014 86791 2
9844 41058 1
59846 25886 2
72633 60665 1
74267 87244 2
58964 38747 2
74618 2446 2
55562 6272 1
27028 80470 1
33110 22291 1
40717 99529 1
41511 39635 1
11325 92514 2
13568 61429 1
20306 71597 1
22520 89504 2
33964 17516 1
41400 71855 2
34176 92918 1
59039 19123 1
25398 99315 1
88065 21551 1
6539 51489 1
79172 69754 2
61872 8818 1
2785 76128 1
26537 10060 1
89673 52129 2
6990 5959 2
54878 15793 1
85645 66867 2
59925 40534 1
7526 84335 2
32411 59598 1
62414 65107 2
27757 87718 2
10829 86631 1
87870 66243 2
25408 89898 1
46581 45629 2
48983 64492 1
82540 88831 1
14488 55571 1
64082 60681 2
71962 61434 2
81386 78478 2
62731 65646 2
48618 86454 1
9355 783 2
27901 30237 1
33391 47349 1
55137 97042 2
80830 13513 1
10058 31897 2
11959 51015 2
83581 43082 1
31690 99235 2
56662 98320 2
70618 46336 2
4642 6730 2
7426 41498 1
60838 6605 2
17548 80702 2
21430 5504 1
18747 9677 1
446 40414 1
31523 31965 1
88893 68216 1
94443 76599 1
38117 97009 1
52178 26746 2
15421 73696 2
83719 37911 2
59199 93937 1
25520 85299 2
22842 69732 1
25764 34472 1
28209 5613 1
51409 39011 2
50553 27506 2
40471 50952 1
43871 37712 1
41418 26634 2
69280 21271 1
22548 10131 2
23696 60969 2
97008 2114 2
64276 66463 1
74704 24232 1
21767 57284 2
59513 24810 2
26745 42072 2
43586 7746 1
45899 86894 2
43289 91230 2
34804 43406 1
36669 45407 1
91775 17524 2
16389 84284 2
23083 5103 1
1367 37565 1
49674 92451 2
87698 97088 2
68322 4551 1
67525 38198 2
18191 20072 1
56213 39431 2
23135 68132 2
23771 99178 2
10100 26608 2
18308 45742 1
66726 47731 2
95471 28821 2
80894 4968 2
74610 69331 1
32540 89856 2
2934 66931 2
55795 31358 2
58678 67026 2
1192 84441 1
50244 32290 2
70230 65309 1
45636 71401 2
89484 11178 2
67471 33983 1
80653 56500 2
89202 16435 2
70447 36321 1
39180 91719 1
56317 80878 1
7283 33200 2
78197 76394 1
55248 46711 2
19627 81178 2
59614 51194 2
420 98548 2
42831 72235 2
89852 91139 1
68487 50800 1
8321 67753 2
93663 73090 1
36821 31128 2
39619 33038 1
16687 13720 1
11477 21527 2
53275 48261 2
98120 21681 1
33046 91982 2
90117 12328 2
43347 17239 1
27945 46103 1
85880 60792 2
40517 62322 2
14753 52379 1
52989 59452 1
96956 47330 2
45258 97265 1
33548 15934 2
71576 35454 1
99079 24473 2
264 12004 1
27576 72398 1
83183 665 2
26493 22699 2
99350 16422 1
3017 29654 2
17464 82474 1
65219 26181 2
5862 8789 2
25574 78500 1
6278 32110 1
49503 87731 2
35632 36078 1
6482 61574 1
59920 27523 2
39638 35459 1
52775 37070 2
27476 34535 2
16650 45605 2
72780 66722 1
30337 21905 1
2991 49622 1
2697 51217 2
64902 86044 2
95411 20630 2
24042 47230 2
66019 49893 1
10730 7678 2
84529 7896 1
36424 55950 2
1195 22269 2
21500 76726 2
6993 85461 2
47663 86642 2
51288 9878 2
4609 18033 2
93544 48234 1
49061 29879 1
63518 76142 2
576 44027 2
6443 41140 1
11341 29642 1
11186 41793 2
77179 930 2
82478 20400 1
69965 48760 1
44394 70829 1
70681 76307 2
22375 32186 1
57162 70990 2
75609 93773 2
99999 28698 2
84650 68336 1
77641 43897 1
51862 78784 2
45233 30725 2
7726 57711 2
52943 30983 2
68757 45891 2
24212 74176 2
23142 25396 2
28449 99267 2
82604 63729 1
5358 86937 1
48776 6204 2
66084 66460 1
3342 24265 2
12355 45596 2
16552 61411 1
53597 79101 1
45202 61992 2
50169 87703 1
57820 36296 1
84081 33941 2
43884 38505 2
26516 76630 1
761 63302 1
8677 34575 1
37585 74091 1
40954 20807 1
23443 23739 2
81981 15066 2
14038 42603 2
36015 59543 1
79009 91972 2
9344 44258 2
58736 41572 2
84696 81266 2
62550 61534 1
83954 84948 2
11925 469 2
97915 10982 2
8775 28837 1
32215 41373 2
2169 13659 2
40285 26080 1
16779 9783 1
36246 62282 1
8273 49809 1
71394 51404 1
93973 57842 1
86802 1544 2
87442 35638 2
35823 23447 2
97946 70193 2
31954 39812 1
1106 88902 2
40874 67247 2
91953 40721 1
28057 44140 2
97092 63007 1
28183 82785 2
93709 91217 2
61902 88203 2
64415 86781 2
74524 81945 1
25828 25069 2
22932 27760 1
24567 64413 2
31421 88517 2
81834 40161 2
82897 82246 1
51522 20189 1
7583 65938 1
92374 1611 1
71050 2652 2
35859 31673 2
19817 84940 2
58587 98376 2
71141 54014 1
85377 4846 2
70909 35201 1
20558 1685 2
17669 78392 1
92096 32090 1
18466 15549 1
46182 90702 1
3152 23481 2
39493 90617 1
81149 35501 2
88630 66386 2
40843 25645 1
65573 44776 2
29553 70720 2
42164 50140 2
71419 67841 1
84630 82820 2
40678 54337 1
65012 91850 1
65093 63874 1
93515 14667 1
16159 95133 1
68492 6521 2
7726 72093 1
38779 20346 2
34465 73922 1
56081 67014 1
66459 98656 2
24314 67148 1
53425 20573 1
12216 13806 2
71600 11670 2
80478 20896 1
12502 71546 1
28661 36045 2
4276 81421 2
18682 83090 2
91794 89831 2
4606 82145 1
79147 58131 2
88261 14784 2
86188 37201 1
33160 92263 2
29369 56948 2
97971 70566 1
4937 15844 2
2919 80092 2
75109 49980 2
45497 36257 1
30701 26029 1
70385 829 2
3859 26906 1
32044 71310 2
50685 11514 1
59483 74279 2
26375 41946 2
99970 45675 2
60479 34520 1
89658 33846 1
53544 47081 2
98895 76308 2
80983 30739 2
90242 84872 2
19417 70772 1
9800 71239 1
93291 22873 1
34377 85306 2
94080 66888 1
35426 68384 2
70111 6199 1
14019 26409 1
5251 51474 2
46162 27132 1
52665 57465 2
46471 40914 2
94245 12991 1
26190 7192 1
75837 36972 2
23688 36113 2
59660 36444 1
57993 78066 2
66065 73662 1
2619 21765 1
23453 58135 1
89818 22694 2
62521 44700 2
49655 41097 1
70558 67355 2
46614 49202 2
10106 75667 1
42063 28059 2
73170 40470 1
27280 18866 2
83066 10382 2
20281 26616 1
84799 98262 1
31806 31651 2
27166 14621 2
67785 11132 1
81098 22951 2
11894 76290 1
89162 92811 2
10806 40038 1
31704 1109 1
18188 66829 2
16451 46630 2
2963 24849 2
72046 25903 2
88373 6752 1
66895 82394 1
91509 1307 1
23217 51489 2
67399 22937 2
562 98901 1
31187 55297 2
86757 18904 1
49781 2131 1
16178 69571 2
59808 64256 2
28881 98145 1
52598 4974 1
83379 37938 1
78001 21333 2
6457 67945 1
33694 46340 1
42298 37807 1
43453 3164 1
74882 45598 2
29826 62708 2
55309 23718 1
60855 58452 1
64816 99499 1
54904 92954 1
58033 39428 1
31317 97368 2
78826 25470 2
58483 26131 2
92618 79160 2
87372 39014 1
63187 98917 2
14378 37085 2
4669 56717 2
23664 12987 1
88498 555 1
53105 96756 1
81104 32176 2
44183 24883 1
4778 23295 2
73917 55093 2
11943 95567 2
36502 31085 1
51458 48140 2
74244 15678 1
85480 19671 1
40865 64772 1
8157 27617 1
31417 99115 2
91479 66292 1
66766 23222 2
51585 10890 1
14867 25690 1
72730 52 2
82802 9024 2
14547 28692 1
93990 94278 1
35253 38755 2
80481 93695 1
54873 77580 1
12872 60270 1
91405 62127 2
47538 47599 1
22198 66463 1
97612 93967 2
47400 69924 2
83959 5807 2
20112 99322 2
44905 72740 2
48011 22416 1
87464 69274 2
74764 45418 2
30482 72108 2
25498 47904 1
93080 61038 1
7887 37693 2
43102 27428 2
58394 43840 1
9277 10152 1
12062 69662 2
44354 7976 2
98737 54878 2
76556 65093 1
40414 50780 2
97297 40693 2
69603 45094 1
75834 77697 2
38900 2082 1
13922 31240 1
77846 23846 2
83227 52346 1
30629 37855 2
82569 61983 1
37422 26283 1
93668 41774 1
59349 59710 1
63643 56310 2
4049 53825 1
15788 28856 1
52267 47982 2
653 28778 2
33955 60662 1
16070 41622 1
20363 91259 1
96660 78265 1
29546 27670 1
53544 84804 1
97146 28946 1
8326 75198 1
94826 3023 1
81383 79713 2
90236 42400 1
32919 42393 1
27944 39021 1
22775 61992 1
84248 82290 1
67740 23332 1
75210 17694 2
92942 83543 2
99697 55605 1
40330 4798 2
46356 79023 1
98881 47019 1
51598 9110 2
9271 40196 1
35724 33196 1
24388 82049 1
98386 3139 2
50934 6865 2
76502 64067 2
32334 17718 2
77699 10567 2
76062 8548 1
5304 49376 1
41873 58310 1
42023 74769 2
67427 96762 2
79766 81137 2
83557 98800 1
40545 47564 2
3771 11406 2
82134 74658 1
20445 48079 1
82455 86183 2
81017 10175 1
11964 94081 1
50959 1313 2
69710 60270 2
12020 63273 1
51053 79995 1
38384 47459 2
1868 41581 2
14784 99594 2
10799 18652 1
49108 12241 2
49076 90835 1
31858 38046 2
54695 97522 1
65169 29930 1
19756 59276 2
3103 60802 2
30233 30377 1
43964 67497 1
61209 56133 1
10333 79412 1
26474 54031 1
19210 10348 2
77568 7275 1
43871 95856 2
5248 67985 1
96495 21712 1
30565 44875 1
83356 61747 1
10591 95483 1
20225 84626 1
91375 35667 1
37064 83994 1
68077 99899 2
3380 68014 2
17442 17070 2
39897 54307 2
74126 16477 2
22495 61955 1
4675 25450 2
25954 29546 1
52840 32111 1
72021 84076 2
31543 47573 1
27418 47117 1
25215 55773 2
68299 95399 2
52546 80282 1
53045 20200 1
96632 69397 1
14776 42321 1
23307 13736 2
35016 70840 2
63993 42564 1
1423 81383 1
78677 37483 1
15976 38235 2
41863 87894 2
8646 28997 1
8679 46224 1
72491 39980 1
53797 55832 2
11249 15946 1
43492 68 2
56901 26027 2
7323 73881 1
15622 4561 2
50643 20916 1
96619 48690 2
25292 22180 1
13114 75928 1
19959 4269 1
69010 23008 2
22429 16614 1
33890 94108 1
95735 47260 1
58895 38289 2
79891 19949 2
89842 37370 2
60822 37390 1
45048 16259 2
56117 15046 1
47840 7150 2
59034 96752 1
70849 77297 2
63941 25213 2
10977 58710 1
9288 50895 2
42974 26459 1
30122 78240 1
13897 74832 1
41989 2713 2
20999 53659 2
51401 77467 1
94831 37239 2
91159 24761 2
94158 32592 2
39910 36124 1
63685 42568 2
87777 19134 2
36810 81942 2
99974 2127 2
52035 39298 1
74601 22900 1
14222 46218 1
52815 37314 1
32348 54753 2
25044 76487 1
8945 85994 1
24805 80738 1
96070 13601 2
64870 55078 2
9864 45842 2
28014 76347 2
71606 56192 1
32006 90941 1
45126 95168 2
30478 2331 2
99776 23707 2
39256 14937 2
85857 50448 1
9387 34863 2
6234 15247 2
47169 71719 2
40751 75647 2
73289 58531 1
76921 16697 2
54246 44372 1
17476 61642 1
51310 32484 2
62450 53685 1
52715 141 1
39253 73839 2
35870 32128 1
13433 93057 2
11191 67776 2
75416 2250 1
70686 82436 2
17796 4698 2
2094 97368 1
90304 60536 1
43188 24828 2
92199 89117 2
39988 37124 2
93988 29751 2
93540 40790 2
30264 34311 1
89840 26063 1
77336 99171 2
52 27070 2
95884 6485 2
1381 90824 1
96241 14010 2
12873 58690 2
6584 2115 1
44793 88090 1
97925 33367 1
18534 28143 2
50896 87440 1
37842 85172 1
32232 47929 2
22002 54161 2
875 15831 2
47603 70882 1
8206 49661 1
94866 18486 2
35995 59862 2
19138 73233 2
78574 17823 2
98346 82154 1
95256 27081 2
76325 42382 1
89501 50044 2
85152 2011 1
16917 89359 2
64607 24966 2
92974 54545 2
4600 9430 1
52200 35 2
16598 85446 2
21528 7260 2
46807 6311 2
31846 27556 2
19823 14619 2
494 82329 1
95363 81243 2
58851 12909 1
60975 51827 1
72936 76005 2
68641 1921 1
34261 77820 1
32539 36697 1
57496 48606 2
53300 54307 2
34801 26093 2
18936 55291 1
66036 46464 1
4388 14193 1
48267 89471 1
45355 46087 2
818 56584 2
44147 19126 2
32153 93421 1
48601 22857 1
4646 244 1
15017 85599 2
46928 45781 1
710 37549 1
72197 54464 2
74216 25402 2
84549 46964 1
84697 96514 1
9220 34729 1
48823 92660 1
34892 92199 1
94550 57492 2
76857 48205 1
20251 11641 1
34843 98731 2
30081 81168 2
57015 41448 2
7832 76663 2
8326 12028 2
89185 60771 2
84629 12855 1
36819 96763 2
95268 8345 2
57850 7674 1
97639 96504 1
38770 49169 2
7784 78813 2
34800 13026 1
11586 73223 1
93562 50758 1
83656 26406 1
60137 35720 2
60380 2209 1
76846 75624 2
98264 49809 2
69387 76026 2
92201 58916 1
45302 22660 1
74734 56379 1
41401 43043 2
14237 57227 2
36628 52678 1
47167 23616 2
87994 82578 2
48080 55510 1
31856 42812 2
61120 10302 2
97713 13106 2
40532 84703 2
67244 9683 2
72869 9586 2
84420 51762 1
15871 72485 1
10159 7415 2
98180 57337 1
33112 62941 2
94695 261 1
47518 6741 2
66289 70928 1
68210 4674 1
7840 77818 1
82589 27708 1
76963 2612 1
26839 94829 1
16191 64835 1
38385 17878 2
32557 26401 2
20844 10635 2
97561 32796 2
19072 4755 2
53413 70262 2
69782 79081 2
11140 64867 2
64174 24286 1
6623 82990 2
20442 24148 1
20564 13268 2
54209 34820 1
49617 71527 2
30589 68377 1
34141 36748 2
39549 68499 2
86768 6205 1
86916 62086 1
50519 85481 1
27880 8760 1
54129 80911 2
14100 72678 2
94804 74310 1
67878 96991 2
38184 90168 1
41970 19463 2
59018 61187 2
46269 42774 2
11 80535 1
39586 21879 2
79471 73274 2
23505 7273 2
84431 60583 1
61579 27969 2
57911 56522 2
93159 55750 1
83464 85670 2
23601 78644 2
87895 31855 1
26533 75130 1
1132 89232 1
96024 73948 2
9701 95303 1
59184 29745 2
24880 51012 2
26695 67110 1
91316 21582 1
31244 13785 2
76329 39645 2
52385 33694 2
4987 16737 2
68798 99070 1
69547 16122 1
19469 84307 1
91310 4893 2
41612 33230 1
84268 86294 1
56494 66321 2
35618 10848 1
96282 57909 2
68737 10639 2
77354 48422 2
20460 25318 2
41006 25794 1
91582 61953 2
96967 66237 2
24642 4877 1
82700 79135 1
4793 94507 2
87720 23940 1
4856 16145 1
79257 35259 1
42919 14472 1
17171 44680 1
16995 26895 2
91772 90019 1
26716 62678 1
19341 18391 1
65976 46276 2
88631 28419 2
62510 20850 2
48059 73308 1
25868 22830 2
12081 33449 1
29490 61049 1
8770 46342 2
95125 30537 2
50958 16290 1
78845 55720 2
54503 51553 2
11846 84595 2
23508 44058 2
36739 16347 1
42895 77465 1
11926 61863 1
3272 32063 1
65658 17297 2
68831 6173 2
83290 74885 2
93197 84541 1
78198 38565 1
71772 13465 2
26341 85415 1
31883 78178 2
88078 86773 1
39755 66746 1
57294 29036 1
9284 96506 1
10005 68478 2
20561 49709 2
9480 55088 1
8351 64339 2
85889 33436 1
51474 97535 2
86506 30704 1
96321 73690 1
82726 12270 2
77621 87549 1
58185 40458 1
56206 34107 1
84794 9967 1
47230 17589 2
86392 65946 1
63723 94915 2
75634 701 1
86417 65074 2
53966 84926 2
40734 30113 1
32355 65493 1
25461 64003 2
98334 41809 1
69036 30431 2
88577 42292 1
76237 39667 1
11935 6322 2
37817 44621 1
25986 23447 2
13792 75921 1
71846 79006 2
53674 34454 1
37339 51578 2
21393 20328 2
92582 10033 1
91877 31720 1
70368 8219 2
56039 48519 1
37878 89896 1
1294 22831 2
62343 94231 2
4869 98010 1
69481 51520 2
54762 68856 1
18789 29611 2
92561 95278 2
60726 43383 1
73696 85298 1
64462 73044 2
15568 40208 1
79090 75657 1
12722 17736 1
69593 79599 1
86760 59245 2
720 88115 2
68231 53543 1
3353 72952 1
92348 6642 1
93447 8851 2
63812 69149 1
15203 39053 1
51826 23884 1
26219 96229 2
26125 83447 1
19662 30987 1
4463 87049 2
10513 29318 2
55495 833 2
22605 24047 1
62648 89748 1
59630 53108 1
42584 75017 2
71381 71190 1
82194 3163 2
99479 60843 2
81988 33019 1
52605 23516 1
79489 82892 2
87298 89448 2
50929 35173 2
23544 93920 2
13452 26195 1
75683 15753 1
10819 81332 1
84092 43101 2
40343 36060 1
36847 34730 1
55552 31028 1
52445 99473 1
82343 41462 2
3643 69896 1
81740 72019 2
77457 8025 1
26913 52109 2
84029 60289 2
27212 8477 2
72813 86194 2
4937 67854 2
77128 29553 1
29414 77984 1
95174 24632 2
66342 37766 2
27571 66261 2
58463 6952 1
73584 97386 1
21019 58498 1
67058 6923 2
42139 95427 1
41697 42275 2
89231 4655 2
20570 41871 1
78399 86782 2
50382 26881 1
56325 38266 2
61729 28158 2
46065 64677 1
21580 18209 2
87620 241 2
8251 17846 2
61973 45286 1
57391 91935 1
98287 77119 1
41469 27891 1
70609 75917 1
70029 81338 2
60076 71027 1
46076 45586 1
19209 73704 1
51546 3309 2
72289 39992 2
20781 31857 1
30306 25891 2
77484 60054 2
25617 77437 1
81349 60971 2
53443 63692 1
67128 63186 1
31042 92781 1
59354 56448 1
43246 8432 2
80019 51070 2
48857 9207 2
61280 49962 1
77002 8699 2
7025 10967 2
29019 9767 2
89356 5096 2
45307 87803 1
55657 36441 1
25709 12170 1
17363 17494 1
82695 86524 1
56845 65282 2
41524 54541 2
779 92306 2
49715 40940 1
58933 28175 2
65973 20829 2
51496 54072 2
26371 70008 1
76756 82525 1
83573 4007 1
3199 453 2
6748 3532 2
52320 89801 1
30169 15033 2
74373 1495 1
24483 5653 2
92941 41872 2
34150 33726 1
21007 1898 2
11743 25282 1
97938 89070 2
23233 1892 1
13138 14139 1
14354 39710 1
3810 85889 2
38062 57529 2
28964 16231 2
21219 85110 2
25586 14758 2
85556 40 2
37849 66892 2
66455 74488 1
21369 40442 1
40279 33920 1
806 70342 2
72146 36336 2
97930 40698 2
27259 53325 1
11777 98131 2
97785 89421 1
13947 81827 2
31111 85212 1
3069 72815 2
77330 86521 1
86752 83217 1
54526 4281 2
85521 15575 2
16289 35620 2
20336 27266 1
35399 94163 2
16145 29449 2
50828 87960 1
83805 75539 2
77157 59062 2
61298 69184 2
60471 48261 2
14847 11937 2
11422 50640 1
58633 36540 2
40680 84374 1
54473 38985 1
58296 20652 2
26316 34135 2
26627 63705 1
3121 79911 2
93430 38328 2
60047 60592 1
40750 53178 2
79948 51674 1
12286 24097 1
24199 69027 2
3725 34567 1
29935 71485 2
95509 25141 2
86537 72717 1
13925 39660 2
17614 6702 1
25792 55007 1
49226 65036 1
16860 7767 1
40991 49706 2
89092 23790 1
53184 87100 1
30903 54740 2
52950 17454 1
44998 17102 2
6750 41755 2
12250 62705 2
82409 86102 2
69867 60683 2
94203 64869 2
83050 31067 1
60973 1280 1
57560 35188 1
14572 24919 1
24077 97118 1
37015 10506 2
10130 84661 1
14436 33390 1
60039 36232 2
84731 20175 1
27006 45435 2
55578 95976 2
90142 76613 1
61295 29932 1
82273 24243 2
18753 88225 1
14390 60163 1
65096 29984 2
36063 31210 1
24464 33527 1
4116 53327 2
22427 16518 2
24607 15917 2
71004 44069 2
34846 5269 2
26140 5373 1
79205 98634 1
87896 49866 1
4153 28707 1
42433 46464 1
10229 45644 1
87195 8867 1
88137 3461 2
51934 36685 1
26934 6914 2
69944 88428 2
40275 83369 2
88362 21121 1
21035 41847 2
8646 74754 2
83357 90171 2
91896 44088 1
57019 32954 1
52474 49186 1
18123 81737 1
24189 74865 2
89385 99286 2
47623 4202 1
27043 32096 1
56208 33191 1
85979 30234 2
76612 54550 1
87945 25164 2
7268 93944 2
97495 66066 1
24420 51907 1
51139 30299 1
68719 5217 1
93696 10603 2
21567 74031 1
46325 89913 1
47973 19519 1
8924 71378 1
91911 1494 2
30948 14644 1
75324 10318 2
95088 46676 1
52946 83573 2
25558 7161 2
59849 13293 1
97505 60286 1
48470 5898 2
87088 9396 1
87905 30135 1
43669 48669 1
30055 67729 1
33366 8402 2
15512 8042 2
80175 34559 2
81306 85031 2
11629 44450 1
55396 63235 1
43637 95183 2
94660 9066 2
67387 85838 2
30074 30431 2
42731 97787 1
90618 78198 2
69412 52070 2
31630 73210 1
30104 42353 1
33650 25544 2
49614 93045 1
44822 27795 2
44928 69277 2
19712 30942 2
49949 10600 1
31783 23653 1
59592 2091 1
11961 44052 1
36311 68717 1
36758 67758 1
85941 6570 2
71698 10311 2
14592 49649 2
66679 61771 2
8363 37062 1
45825 33109 2
51326 3552 2
53920 27480 2
91953 54412 2
