10000 5000 9299
5748 392 2
4715 3373 1
9846 5255 1
682 7021 1
3214 8254 2
2621 2270 1
4145 962 1
8269 3687 1
441 6568 1
6372 991 1
5206 4796 2
5732 3493 2
9592 9693 1
4353 2200 2
6967 2895 2
3442 8624 2
6204 9111 2
7572 2195 1
1413 9907 2
8663 5984 2
8005 4304 2
2895 7496 2
4929 7138 1
4436 7823 1
8180 2671 2
2514 7520 2
9516 3604 1
6954 4614 2
3978 3919 1
8415 4356 1
9894 5363 1
474 9518 2
7193 8839 1
3015 2990 2
6386 231 2
3750 5504 2
1250 4994 2
139 5398 2
8239 8858 2
3181 8788 1
453 375 2
2955 2325 2
1952 2772 2
690 3572 2
6275 240 2
7928 3924 2
980 863 1
3717 4297 2
5277 4551 2
757 2333 2
9165 611 2
8007 332 1
8181 2515 2
8737 6488 1
3836 602 2
329 9461 1
9996 943 2
2381 574 1
4610 9565 1
5708 478 2
4625 7666 2
5835 6728 1
816 596 1
2978 3728 1
7687 2279 1
1228 7264 2
9958 4120 2
5434 9572 2
5471 6102 2
497 9246 1
1207 4147 2
3223 451 1
3321 2135 2
7370 9067 1
8114 8573 1
4825 1701 1
4150 6437 1
217 7617 2
8122 3152 2
9313 7556 1
9176 7623 1
6126 2807 2
1422 6053 1
7104 8521 2
7535 6120 1
7371 9320 1
9456 5012 1
6391 4684 2
3212 5904 1
2577 7533 1
2289 4822 1
3656 983 1
6721 6823 2
1712 1821 2
4882 5653 1
2578 8388 2
6686 1672 1
1514 8803 2
9748 10 2
8584 8393 2
2949 1947 1
336 1543 1
9048 8989 1
3962 7602 2
406 9944 1
322 8115 2
5214 504 2
7225 9990 1
9554 8346 1
9970 9918 1
505 3251 2
2070 2159 1
1819 9017 1
7489 8435 1
4472 951 2
274 1462 2
8673 3294 1
2719 9210 1
1757 3518 2
9999 1828 2
2262 9649 1
94 1085 2
3018 5857 2
8380 5985 2
3434 2557 2
1134 4515 1
9054 9512 2
4668 6824 1
8942 1722 2
9057 3095 1
1002 7821 1
6239 2368 1
836 8417 1
1864 4674 2
2225 9016 2
9078 8114 1
9772 9994 1
5475 8715 2
4259 9091 1
2306 3257 2
9320 3680 2
1508 2877 1
9969 8854 2
1364 44 1
2712 9035 1
3836 8832 1
9259 5083 1
4493 7349 2
2141 6324 2
3451 5293 1
9732 5178 2
2239 3021 1
9129 4724 1
7139 5230 1
9531 8269 2
4201 9772 2
1132 4436 2
9189 7706 2
3474 9948 2
3710 6189 1
2759 7485 1
3393 9917 2
9658 9569 2
4414 3607 1
6924 4632 2
2697 2765 1
7492 2244 1
3306 4276 2
6507 1422 2
4670 6853 2
6577 2239 2
67 2732 1
246 3080 1
9136 2140 2
3650 7274 2
5819 3562 1
6413 6367 2
497 5102 1
9527 4655 2
4241 5365 1
1170 1996 2
2129 3201 2
3315 5479 1
5304 7047 2
2276 744 1
5714 5328 2
8485 4218 1
6752 2328 1
9559 8108 2
9861 6019 1
687 2449 2
1034 8611 1
2889 3825 1
6186 4755 2
9811 4358 1
455 7887 2
5629 7248 1
9731 2441 1
4640 6769 2
6584 8262 2
2068 5906 1
1537 2079 2
7240 9132 2
9422 8161 1
493 5088 1
9940 8493 2
6171 2992 1
4907 8920 2
4748 2819 1
3982 6380 1
6444 8501 1
2926 5494 2
7247 7956 2
6656 5958 2
4507 4852 1
4202 1474 2
4409 3996 1
810 1139 1
7112 7543 2
1695 9014 2
3211 324 1
5838 5324 1
7030 6439 2
5342 1930 2
4180 2294 1
8236 8858 2
8324 4732 2
4744 4840 1
8695 329 2
3558 3415 1
8980 6575 2
2127 5578 1
1877 7815 2
4845 7562 1
5879 8875 2
9378 9750 1
6510 217 2
5378 4399 2
2238 9558 2
3748 2056 2
8579 4936 1
7749 1260 1
3898 1323 2
3940 5175 2
1766 8910 1
7815 9580 1
8188 3267 1
1045 9326 2
6519 7010 1
6315 2439 2
5141 7686 1
119 612 1
3655 3774 1
3616 5654 1
7109 3102 1
9292 9890 2
680 9388 1
8359 8914 2
7711 5731 2
6211 8835 2
1162 2227 2
338 1253 1
6914 6127 1
9214 4174 1
95 1197 2
1842 567 1
9040 7114 2
4127 4589 1
199 132 1
3672 4897 2
5866 8094 2
5798 2617 2
4740 8047 2
8788 4189 2
8673 6259 2
2515 8186 1
1333 1352 1
2328 5554 2
2182 4819 2
3130 1162 1
8494 1817 2
3492 6491 2
490 4406 2
2937 9347 2
9037 5609 1
7658 6657 1
6542 9302 1
130 4779 2
4037 6930 1
4411 603 1
5074 4331 2
9990 2414 1
9111 7214 1
1336 1636 2
9065 7119 1
9927 1395 2
4354 1828 1
6849 2100 2
2626 9146 1
2885 9268 2
7226 6287 1
6119 7109 2
3231 1878 1
3745 8618 2
7805 7334 2
5965 1230 2
5873 1627 2
4060 6702 1
3870 6676 2
7282 9306 2
1577 2179 2
7879 6776 1
4925 608 1
8103 4353 2
6744 7111 2
5859 3395 2
3548 4325 2
3054 7261 1
5903 414 1
9121 7078 2
4203 3034 2
7464 3414 1
3759 4724 1
3475 7178 2
492 8698 1
1270 149 1
2472 1312 1
4777 2442 1
415 2205 2
9624 3347 2
6253 7339 2
2820 4285 1
7013 59 2
6784 8809 2
4205 1887 2
1508 3133 2
3792 815 1
7678 4561 2
1514 261 1
605 5299 1
7296 9808 1
9812 7139 2
1621 5381 1
6477 4583 1
5430 8569 2
7395 520 1
480 2952 1
7734 1428 2
8548 2866 1
4251 874 1
7769 6808 1
8938 1 2
5418 7203 2
5806 2849 2
8244 8846 2
457 7207 1
4890 4375 1
3549 6934 2
1969 5794 2
5091 673 1
6484 7334 2
4088 7330 1
6673 4781 1
1307 9094 2
6041 4648 1
3681 5807 1
8724 186 1
1345 7857 2
571 3928 1
4665 4581 1
1900 159 1
2663 2760 2
6858 7726 1
4112 2781 2
1915 9383 2
5836 1127 1
9544 1859 1
6280 4608 1
8048 7915 2
1187 2518 2
7733 9839 2
8289 8824 1
5693 8035 2
3755 6013 2
3522 4557 1
4237 1581 2
8787 7865 1
7047 1446 1
7201 4997 2
1037 1080 1
6979 2981 2
3127 1753 1
8818 2048 1
3025 9939 1
749 7569 2
2796 3521 1
6647 2615 2
491 6181 1
4116 5701 1
6135 9269 2
6831 1683 1
8204 6457 1
7543 3963 1
5946 7423 2
9070 7692 2
4484 4760 1
1193 5947 2
1412 4408 2
371 4477 1
7845 1417 1
5465 1119 1
680 2841 2
7967 9646 1
9600 6231 1
4073 383 2
5030 9770 1
9923 6456 2
3077 6138 1
3578 4197 1
4319 6453 2
9697 8964 1
2102 2188 2
1533 73 2
4724 9107 2
6601 6523 2
5348 1732 2
3491 6437 1
9830 1356 1
1917 2390 2
5839 4813 1
3245 2081 1
3366 3419 1
9533 9614 2
7513 2751 2
9435 1911 2
9158 7095 1
5674 4956 1
8418 372 2
5856 3792 1
1893 3258 1
742 5049 1
8972 6819 2
2635 8611 1
9782 1949 1
9857 2606 1
4584 4231 2
3599 1068 2
7945 5720 1
7549 5812 2
3942 2232 1
3259 5698 1
2895 7013 2
6762 8676 2
9624 9328 2
6465 4318 1
2649 2765 1
5753 3047 2
639 2071 2
5218 922 2
7225 7417 2
3164 8518 1
4219 2086 1
8591 9167 1
4990 9490 1
3539 3098 2
2542 790 1
5688 9269 2
1403 1280 1
3792 6669 1
4521 752 1
3920 7205 1
1712 7949 1
4419 3270 2
2076 7806 2
5815 393 2
318 7554 2
3053 8751 1
1417 184 2
4525 9178 1
5558 5751 2
3472 2321 1
384 3608 1
7300 384 1
6665 6055 1
3468 1605 1
2595 5845 2
9582 3812 2
4264 6729 2
3027 868 2
4803 1210 2
4042 5600 2
7557 7639 1
1285 3160 2
9857 9103 1
8762 9613 2
3311 6777 1
2451 312 2
7869 5278 2
1279 387 2
3753 9770 1
7855 5246 2
728 6878 2
585 5660 2
5907 1729 1
601 739 2
2485 8506 2
1019 8912 1
5566 9256 2
6946 9825 2
4355 2458 1
6964 665 1
5931 455 2
6476 6799 2
8115 3048 1
231 9135 1
1003 2297 1
983 4071 1
3223 5100 2
2579 9131 1
4048 5253 1
4405 3491 1
5296 1695 2
5610 9784 1
5177 9525 1
8166 394 2
3039 2058 1
3262 9964 1
5817 6354 1
9307 7782 2
9396 1222 1
2974 7331 2
5168 8500 2
7062 5953 2
8721 7485 1
6923 3939 1
863 6726 1
9095 1218 1
7334 375 1
6344 968 2
6855 3871 1
176 3763 1
7206 4141 1
5797 7800 2
7497 7049 1
9281 6446 2
5391 1369 2
2498 9199 1
4087 28 2
6747 6122 2
1909 9043 1
2562 1828 2
9776 4114 1
8384 8946 2
2695 2084 2
3684 6736 1
4423 2629 2
7776 413 2
3174 5 2
6698 5517 1
4748 1147 2
7853 9974 1
5141 8432 2
5142 9891 2
2592 6784 1
2711 7828 1
2403 5053 1
2599 1180 1
3476 4252 2
6143 3458 2
2673 8357 1
8222 2016 2
137 759 1
5095 8999 2
9361 5682 2
3246 9577 2
8481 9963 2
431 4574 2
8628 6795 1
7783 3648 2
8203 8368 1
3416 414 1
7067 2603 1
1386 4029 2
3706 2577 2
5716 5330 1
8246 7562 2
7607 2025 1
6062 9141 2
4180 3442 1
6727 2498 2
6800 9230 2
2984 8294 2
7671 3462 1
3566 4171 1
1015 5173 2
1849 5485 2
384 441 1
2189 6158 1
3467 6950 2
7874 3394 1
1216 2290 2
1957 7412 1
5358 8618 2
8117 816 1
5111 3516 2
5366 1831 1
2305 4139 2
4689 2526 1
7590 591 2
2658 430 1
6004 5298 2
4841 3078 1
6607 9139 1
7514 7669 2
4090 6935 1
6189 5888 1
6626 515 1
2878 6882 1
6643 3251 1
4958 1815 2
3312 7959 1
2592 320 2
6191 1856 2
509 4466 2
3563 3704 1
1121 358 1
1905 2711 1
5323 3563 2
6739 8350 2
9153 8016 2
3640 8416 1
8074 6346 1
9882 5492 2
6546 2596 2
390 2325 2
9529 8826 1
256 9170 1
9332 4013 2
3916 9310 1
2603 4610 2
4326 2449 2
393 515 1
379 4805 1
8176 5964 1
6798 3849 1
2450 5311 2
7412 562 2
4393 1009 2
680 3509 2
6879 4458 1
152 6271 1
6119 7785 2
1397 5037 1
1106 3790 2
391 9652 2
9499 7838 2
4215 6506 2
4892 419 1
9396 8267 1
6374 3817 2
6703 9605 2
5661 2738 1
9022 3708 2
4442 5907 1
3148 6375 1
5111 9797 1
9511 9841 2
742 1493 1
3969 9385 1
8011 1460 2
2145 9090 2
4989 4711 2
127 4996 2
9033 3832 2
1499 1209 1
2191 9923 2
9782 4400 1
4371 4906 1
6327 78 1
7837 2226 1
8855 2024 2
2442 2052 2
8293 9371 2
6808 5549 1
7412 8052 1
222 3102 1
7720 1784 2
514 1804 1
5069 5597 2
4465 8641 2
3744 9359 1
1322 4569 2
9299 8188 2
7107 5494 2
7069 1240 2
3635 9453 1
7512 7818 2
3894 791 2
66 6509 2
8941 4417 2
6236 8880 2
1835 7916 1
3934 1607 1
8185 1757 2
6801 1607 1
4866 5646 2
3315 6654 1
8344 9963 1
7495 5417 1
2285 2983 1
5410 8091 1
7659 9588 1
2223 5965 1
9021 4382 1
3004 2184 2
3827 8657 2
6747 9181 2
4130 1230 2
7298 7102 2
9058 5691 1
1051 9506 1
6750 4592 2
1477 2421 1
4279 6618 1
1889 7509 2
370 7963 2
9925 1606 2
213 3880 1
7677 6191 2
158 3722 2
8549 9563 2
3452 9566 1
4560 553 1
5156 9509 2
8052 5213 2
9469 7092 2
4156 5532 2
1764 9765 1
4645 4084 2
3897 4885 2
353 5202 1
9248 708 2
9687 1817 1
1042 3032 1
9392 9746 1
4121 7962 1
7340 8118 1
1959 391 1
7883 870 2
2128 6272 2
3125 6292 2
2459 6474 2
4579 1431 1
8917 7743 1
3683 9547 2
6573 4652 2
3831 3246 2
9993 8801 2
9063 805 1
1440 1732 1
5770 6069 1
7839 1534 2
4561 3930 1
5028 1036 2
6845 4275 1
5798 9983 2
4308 6835 1
1227 1677 2
9792 4482 1
863 7373 1
6783 8603 2
6084 5183 1
8628 764 2
4333 4914 2
2644 8616 1
1169 5676 2
7243 5240 1
126 758 1
7013 5846 2
3284 5837 2
7669 9216 2
3862 1938 2
7489 5371 1
6701 5035 2
2611 3294 2
3092 5680 1
4122 5123 2
3725 2046 2
3943 5369 1
8570 456 2
7169 116 1
5909 9393 1
6113 9163 1
3176 8115 1
6374 8170 2
1622 6171 2
8019 1326 1
9201 2346 2
7244 9563 2
5777 9814 1
4637 6969 2
8099 631 1
1347 9075 2
711 1082 1
3280 5207 2
2482 2466 1
3531 440 2
5578 2274 2
9166 7199 1
1581 916 2
3238 1046 2
778 7765 1
5415 1932 1
9957 5302 2
2758 3540 2
9912 6909 2
9261 8549 2
3869 3730 1
90 9595 1
7589 4034 1
8384 9349 1
9252 2880 2
4836 2709 2
658 8751 2
4705 4035 2
4683 5801 2
7861 9466 1
9696 6059 1
4818 5610 2
5284 8838 2
3038 6004 2
1408 8656 1
7875 8945 1
9840 6497 2
463 9356 2
9684 6519 2
7893 5315 2
9312 4530 2
2955 2346 1
8812 3320 2
9850 5255 1
8788 2482 1
209 7351 1
7721 1293 1
2786 2808 2
5902 7819 1
996 4253 2
5708 5727 1
1071 2622 1
6942 8004 2
3651 7173 2
2790 5879 1
9185 5073 1
1942 4952 1
1648 1207 2
6680 8894 2
8170 7036 1
4855 576 1
9852 4588 2
2563 1788 1
2697 7590 2
5169 6227 2
2792 2078 1
8969 8971 1
6130 9178 1
1766 1276 1
4757 7590 1
170 8532 2
3027 4112 1
7303 2307 2
5875 6956 2
8742 2559 2
2591 9744 1
7108 3986 2
389 2825 2
6336 2327 1
6407 3189 1
9039 4032 2
219 4535 1
7192 9091 1
171 2599 1
1497 6696 1
6533 4607 1
880 8333 2
6444 3327 1
274 8722 1
5813 2681 1
103 5229 1
9595 6501 1
1356 1848 2
2092 7567 2
9008 7230 1
2490 68 2
9639 2657 2
7147 1049 1
6554 7879 2
5690 7236 2
7493 4984 1
7571 8385 1
4008 2194 2
6906 318 1
3335 469 2
1493 8495 2
442 7448 2
7038 7643 1
1229 6754 2
6434 7405 2
9489 2609 1
436 3587 2
4873 7319 2
9546 2275 2
4366 4440 2
1871 9681 2
3804 9981 2
5296 7674 2
8675 420 1
3087 5117 1
3062 1101 1
131 5949 2
783 1022 2
998 5984 2
6569 6721 2
5542 4163 2
7957 5985 2
5556 9683 2
9382 5808 2
8344 3269 1
1093 2308 1
1835 9151 2
813 8453 1
2715 9565 1
512 2545 2
7771 7661 1
1328 73 2
3280 2803 1
615 7729 2
9477 9590 2
2032 7123 2
9752 9633 1
1867 8189 2
2026 3555 1
9069 6974 2
2755 959 1
8541 1421 1
8060 6189 1
441 2402 1
7444 2391 1
7407 1915 2
300 2477 2
2516 6889 2
4474 8593 2
4048 2480 2
6330 2092 1
1888 43 1
792 9559 2
5491 5637 2
9639 147 1
1038 8224 1
9165 354 2
6008 5554 1
7941 3371 2
3374 4068 1
411 3642 1
9952 98 1
9156 2317 1
2098 493 1
8211 6232 2
1740 2796 1
1525 9602 1
6411 6790 2
2118 2342 2
5486 1209 1
1210 2483 2
7129 8679 2
5877 3436 1
7173 596 2
3331 4089 1
142 9945 1
8337 4452 2
388 6804 1
1618 9133 1
2027 3318 2
9035 2231 2
5099 3651 2
4470 8392 1
8624 6917 2
6339 6605 2
8443 5786 2
1587 4532 2
4447 1314 2
8796 448 2
8213 7458 1
6440 4664 1
2472 963 1
6677 8632 2
7162 5459 1
5606 3982 1
7485 4114 1
4752 2414 1
6635 6887 2
1230 1583 2
9407 8937 2
7502 9948 1
1002 6759 2
5650 948 2
8831 4976 2
9920 8555 1
9222 6747 2
8642 919 1
8621 4561 2
4071 9795 1
8114 3054 1
3616 8079 1
2490 3460 1
8292 3582 2
8030 6247 2
3052 3126 2
8233 3025 2
9015 5396 1
8411 560 1
2120 6629 1
4105 1876 1
4035 8222 1
8202 1778 1
5076 3174 1
5067 1971 1
3607 7367 1
140 2261 1
6497 9648 2
6418 8793 1
1270 5221 2
3811 3619 1
6080 7261 2
6316 6414 2
8287 8979 2
5646 1957 1
547 8007 2
6557 1947 1
3476 5866 2
1472 8004 1
7851 8709 1
2996 3706 2
1366 386 2
8761 6889 2
3400 8849 2
9155 7138 2
5494 6501 1
8106 2252 1
6987 5269 2
1338 3470 2
245 8555 1
2404 7575 1
4374 4984 1
1692 9751 1
707 4606 2
4473 979 2
441 2517 1
8967 9236 1
8595 7095 2
3944 4088 1
6581 899 2
5663 3344 1
1476 7677 1
7860 9281 2
8972 5533 1
1459 7891 1
7465 1596 2
8732 2133 1
1230 1738 2
1476 5367 1
1665 1995 1
915 1422 1
7052 1284 2
8917 5651 1
4894 9219 2
9897 2564 2
8728 2677 1
5781 9074 1
9585 2926 2
3855 2786 1
7171 2788 1
9717 556 2
3355 4196 2
7399 8415 1
9052 748 1
6839 7195 2
7325 8799 1
3088 8069 2
6118 2085 2
4412 3607 2
2887 4056 2
9165 7677 2
6722 9447 2
8453 6792 1
4716 2374 2
205 3711 1
4736 4205 1
7170 2490 2
2060 8005 1
9315 5861 2
4401 9358 2
7557 3587 1
7655 3308 1
2431 8488 1
7047 4517 2
7950 3214 1
143 1124 1
4946 5953 2
1874 7066 1
3775 3283 1
4277 5415 2
4493 9769 2
3859 3429 2
5721 6139 1
8890 6990 1
2594 9784 2
5548 4273 2
4540 2736 1
1615 705 1
9520 8 2
8653 2709 2
9018 618 2
7141 9850 1
3770 3362 2
8904 1324 2
7956 5458 2
4253 369 1
32 5375 1
6909 1742 2
666 3665 1
8135 5791 1
1827 2199 1
734 3044 2
6942 9921 2
2006 9054 1
6036 5156 1
7978 3622 1
8497 970 2
6425 2503 1
436 9071 1
7860 1999 1
7043 2325 2
7282 2850 1
6485 9393 1
1181 5399 2
4534 3851 1
4499 5065 2
9638 7602 2
5221 9319 1
8058 2182 2
3099 2548 2
8890 4556 2
157 855 2
9793 5054 1
8076 604 2
3345 6776 1
5863 1858 1
5612 7212 2
2694 9292 1
3820 2207 1
3459 3760 2
635 3162 1
1244 3962 1
5772 3177 1
5987 330 2
4768 4575 2
6494 8898 1
7122 1105 1
4471 8025 1
9532 6678 2
9196 2250 2
1919 8110 1
8016 358 1
31 3992 2
5465 6350 2
4469 9993 2
2832 1418 2
5899 8908 1
1716 2836 1
1395 4253 1
7223 2221 2
7025 3949 1
4495 7112 1
1612 8033 1
8598 6842 2
241 2195 1
8779 4944 2
9840 1199 1
6655 5017 2
2461 8295 2
7961 7144 1
9648 4416 1
9635 5043 1
3942 9731 2
9434 1191 2
8670 637 2
897 4097 2
1836 1487 2
9951 3334 2
1001 8590 1
7708 6892 1
3681 7012 1
2120 4063 1
2963 3757 2
5013 333 1
8389 7452 1
8264 3610 1
5934 9155 1
9548 2893 2
2714 446 2
8174 4513 1
3370 7689 1
1378 5685 1
9281 5477 1
9436 2605 2
2664 647 1
6216 9998 1
3850 5865 1
7924 1973 1
7337 5064 2
8848 17 2
6519 8116 1
773 4021 2
7966 5331 1
3547 4679 2
6409 5150 1
5553 7156 2
728 4369 2
7961 7705 2
6048 8512 2
6665 2603 1
3961 1837 2
3019 7777 2
8654 3171 1
1965 7108 2
144 4398 2
6530 8678 2
6484 2768 2
1088 4840 2
7952 3102 2
7760 5202 1
6418 5121 1
7201 5855 2
1785 1638 1
5366 9854 1
5562 3166 1
9123 6562 2
604 2095 2
9411 6339 1
7964 8097 1
7909 3147 2
8762 7553 1
4234 3466 1
6122 4705 2
3705 7395 2
7221 7286 1
3756 5101 2
341 4009 1
1632 5250 1
6988 9911 1
5657 1491 2
2254 2769 2
331 4114 2
4306 7901 2
6402 806 2
2773 1203 1
8347 9659 2
4470 880 1
7865 9471 2
2091 1638 2
4001 1942 1
507 394 1
3710 4152 1
4771 8645 2
3006 9438 2
4097 8084 1
3538 3784 1
5820 7160 1
6546 8297 1
9722 7991 1
6215 8713 2
1047 3097 1
5552 9714 2
9253 155 1
9118 7764 2
6663 8991 1
5703 6034 2
6116 6682 2
1878 1683 2
5306 4709 1
3081 7569 1
2537 9677 1
914 2333 1
6788 9876 2
1927 2169 2
7988 8221 1
6707 7452 2
3556 7219 2
6754 3298 1
550 4291 2
6136 9130 2
6508 1661 2
9851 8246 2
4576 5255 1
8725 7758 1
6700 42 2
9203 6541 1
8259 9107 2
9528 9107 1
679 8435 2
5707 3185 1
2528 3296 2
228 6112 2
7099 3954 2
9699 6346 2
7032 1719 2
4218 2431 2
524 3487 1
862 5122 2
7245 7296 1
2473 842 2
521 1715 2
8731 1122 1
4511 7077 2
5749 3528 2
3251 2135 1
6220 8913 1
9391 863 1
6620 8788 2
8237 8245 1
1122 5995 2
3566 3191 2
6273 2741 1
8006 7317 2
126 5383 2
9645 5861 1
468 6214 1
7247 1584 1
1969 9022 1
7165 7875 1
9495 8798 1
5290 9151 1
2044 3514 2
831 8330 2
9306 1912 2
9416 3356 2
5040 3043 1
5557 7171 1
4287 3836 2
1258 2239 1
1741 9907 1
2159 3174 1
4566 8418 1
8192 3697 2
6534 7155 2
8270 3742 2
688 7765 1
4508 5084 1
1930 6491 2
9651 1090 2
1199 7756 1
5614 3800 1
7259 7668 1
335 955 2
99 834 2
3976 5470 2
9563 7624 2
9363 1844 2
2845 8671 1
3211 3703 1
2361 5152 1
3600 1828 1
287 3659 1
7031 1613 1
3014 1684 2
8648 6405 1
3017 6977 2
1342 2039 1
4149 9565 1
6715 2048 1
1933 8713 2
7713 9120 2
3142 9077 2
9993 4110 2
187 6827 1
8624 5777 2
8186 3717 1
9925 2967 2
3572 7778 2
1277 7409 1
5009 5541 1
1103 4837 2
2506 4198 2
1817 7147 2
3277 5039 1
1961 8289 1
5261 6783 1
9524 2567 2
2672 5371 1
946 3812 2
207 904 1
5680 8447 2
2825 2147 2
877 710 1
1088 8393 2
6925 5099 1
538 3471 2
3001 8625 1
4705 9803 1
1517 756 1
2532 3160 2
233 2942 2
6420 3879 2
369 6691 2
5944 8137 2
5133 1110 1
8457 7077 2
3545 8225 1
6998 3896 1
5222 2882 1
258 544 2
8055 8456 1
9217 2241 2
2229 7674 1
1791 9536 1
2716 8624 1
3528 3226 1
7852 2328 1
1505 8446 2
2712 2418 2
7278 8415 1
5290 7477 1
6042 5475 1
6205 1160 2
6162 4566 1
98 7705 1
9242 4856 1
28 9034 2
6998 6667 2
5204 1230 2
5426 3782 1
6405 3153 1
6347 5156 2
6513 8670 2
468 966 1
1418 3670 1
226 8989 2
9738 8751 1
3584 5265 2
8780 6675 1
1308 7837 1
6928 7325 1
8856 6336 1
3755 7072 2
9242 3421 2
1940 2575 2
5196 9516 1
5625 2038 1
412 8215 2
6088 4688 1
4461 9774 2
326 8142 1
1301 8339 1
9084 9239 1
1373 2927 1
8932 7842 1
1076 1867 2
8496 3709 1
8141 3656 1
6724 2378 2
9980 2007 2
5575 7421 2
4396 6418 2
4566 175 2
2300 833 2
6817 8558 2
2029 4518 2
4188 5706 2
6662 9666 1
1807 5786 1
2465 8909 1
1511 8661 2
8555 1394 1
2643 4826 1
5543 6000 1
4087 3016 2
3308 8602 1
9548 6342 1
4610 7144 2
9678 2988 2
3034 9924 1
8253 5848 2
3667 8238 2
8925 6027 2
4149 2057 1
9510 185 1
8170 3403 1
2852 7917 1
9392 4609 2
9672 9938 2
7512 7000 1
6629 2603 2
7578 4805 2
8932 4060 2
7935 655 2
9888 3646 2
8229 3199 2
3275 9823 2
9727 775 2
6087 2848 2
3027 4056 1
5422 6565 1
6074 9802 1
3067 4361 2
9635 7880 2
3679 5159 2
2592 433 2
9373 2978 2
8615 3481 1
9181 7086 1
9170 2293 2
7949 7428 1
6704 6275 1
2907 4130 1
2050 6720 1
1148 3689 2
6606 7999 2
9193 2637 1
8304 1913 1
2845 5641 1
4436 1351 2
3544 4360 1
9133 986 2
7855 8733 2
2210 2516 2
1177 2796 2
1515 3260 1
4227 7662 1
3112 3134 2
7181 4785 1
5994 505 1
3964 1238 1
2472 4735 1
6790 8786 2
3532 7896 2
4440 8957 1
3395 6575 1
1491 1558 2
1489 7043 2
8011 1308 1
8107 7384 2
1511 3894 1
4618 4804 1
7828 1341 1
5807 9266 2
5410 4685 2
7833 1202 2
2837 8520 2
9776 2887 1
3205 3714 2
2206 904 2
8430 5718 2
9873 2031 1
5505 2159 2
2523 3965 1
2658 8032 2
7810 5252 1
7896 813 1
8720 4539 1
479 2864 2
4675 3006 1
5081 8229 2
2238 4412 2
6233 3453 1
8423 7559 1
9191 2767 2
519 5927 1
7999 7427 2
8957 3399 2
6721 8501 1
8379 7735 2
1714 1432 2
4040 2984 2
7482 2304 2
4140 7043 1
5829 4167 2
8007 2259 1
2482 2793 1
7706 2134 1
9495 3559 1
2412 3600 2
6586 9336 1
8390 9703 1
1705 8628 1
9848 7944 1
5988 5383 1
5522 7905 1
9293 6596 1
3499 6613 2
559 623 2
5870 3211 2
404 9874 1
6456 5887 2
1262 4905 2
7244 9872 2
6351 3014 1
4607 1520 1
7824 413 1
1883 4247 2
3118 825 2
8992 3745 2
3064 6886 2
2607 4971 2
1555 4980 2
8941 2106 2
2886 571 2
2326 8228 2
414 5761 2
6056 5524 2
2027 3125 2
3171 6970 2
4209 8504 1
2576 9753 1
7144 351 1
1143 6552 2
3917 6755 2
2823 5666 1
2847 8704 2
1218 5270 1
8866 2809 1
926 567 1
5119 2290 2
7989 5580 1
3474 8005 1
4438 8097 1
8283 8638 1
4098 2165 1
1150 2975 2
4127 7530 2
5971 4605 1
6921 1785 2
342 10000 1
3804 43 1
3976 327 2
8907 5840 2
620 7106 2
3068 4764 2
3179 7974 1
186 7397 1
8017 7677 2
8482 2039 1
8109 9667 1
9382 6272 2
3029 5722 1
4957 7748 1
688 5175 2
4513 6298 1
6378 8675 1
5647 5980 1
1459 6890 1
7019 9819 1
7728 3887 1
5625 7242 2
6825 9574 1
7621 5950 1
8345 5321 2
1420 1908 2
8818 2676 2
9953 7563 2
6086 5433 2
4649 1797 2
9695 4141 2
639 1163 1
8775 9433 1
7297 5670 1
9681 2778 1
4736 4471 2
2367 4401 2
4180 3375 2
1145 3139 2
3158 5288 2
4908 4714 2
4485 9114 1
9800 2402 1
5698 982 2
8706 8285 1
8195 7375 2
3152 1072 2
6499 4444 1
2319 1348 2
2912 4936 2
8881 1509 1
764 6626 1
9191 806 1
1134 781 2
7371 1340 2
2430 4033 1
7673 2094 1
8524 8648 2
8721 684 1
9433 2386 1
8967 7957 2
1516 4594 1
6451 1759 2
1070 3438 2
6034 6082 1
8366 6578 1
6051 7245 1
5423 5406 1
5834 4128 1
805 2996 2
7952 4625 1
8572 2731 2
4177 6199 2
4241 3247 1
6588 9266 1
2614 3102 1
791 8401 1
4114 7772 2
8537 1914 2
6799 7152 1
4558 1957 1
2523 2901 2
7447 1249 2
903 8394 1
1335 2414 1
8171 9602 1
4039 2450 1
9280 3077 2
3762 9893 1
5092 4781 1
9162 3700 1
4250 8410 1
6417 7153 2
9543 5807 2
9505 2449 2
9718 2946 1
2277 7437 2
3093 1280 1
5501 3026 2
2870 9014 2
222 9441 2
5103 2825 2
3088 1807 1
6890 7375 2
3806 374 2
9478 8900 1
5065 9459 1
7332 6502 1
9382 4390 1
1786 5386 2
8315 4597 1
5620 2581 2
1126 1480 1
2478 9843 1
7046 8750 1
8123 483 2
7776 3479 1
8081 9896 2
6267 5561 2
1163 7274 1
3236 1276 1
4390 7843 1
1851 2109 1
3780 5683 2
1252 9006 1
1708 5741 1
3160 8372 2
6040 551 2
33 6424 2
7461 574 1
9121 1415 2
1510 4320 2
7948 6194 2
3986 4431 1
3001 9263 2
4850 5733 2
1093 8774 2
516 3643 1
256 9860 2
2698 6912 1
6973 459 1
7580 9368 1
3302 1136 2
3969 3994 2
9431 9612 2
4570 3009 1
7774 6604 2
8920 6957 2
7490 5554 2
145 5903 1
2793 3361 1
1135 7312 1
9183 1988 2
3776 9274 1
4134 1224 2
2535 3357 2
3953 1645 1
6458 9564 1
6119 8409 2
3554 6750 1
4006 8245 2
1326 3901 2
5422 3646 2
7120 7770 2
7442 7877 1
8190 9591 1
7259 8592 1
5218 4523 2
6532 3334 1
2395 8402 2
4767 2375 2
8330 4763 1
2750 4610 2
7878 5912 2
9963 4541 2
1672 5297 1
2560 1057 2
9248 6801 2
8672 6203 1
1006 4663 2
5181 1773 1
793 6935 2
8367 5130 1
604 4951 1
2467 5229 2
8644 8210 1
1801 3251 1
3139 600 2
9494 7420 2
5584 8124 2
64 1838 1
6501 2741 1
7557 7586 2
3552 7037 2
9764 7813 2
7138 5685 2
5153 6745 1
291 9071 1
7574 4961 1
748 4435 2
9709 1848 2
5163 6795 1
6439 3211 1
5219 3142 2
3224 6138 2
873 4168 1
7128 1163 1
4824 1033 2
5203 6391 2
398 8834 1
7850 5243 2
797 771 1
6800 6105 1
6475 4400 2
5742 292 1
5426 9519 1
1808 1847 1
1776 6331 2
6742 5055 1
7336 5940 1
20 1500 2
5344 2541 1
5730 8693 1
2433 4077 2
2092 4241 2
858 1279 1
5651 446 1
6349 8289 1
4554 2813 1
3777 8425 2
7082 292 1
6494 2987 1
1310 3979 1
6884 388 1
6168 4944 2
6596 5235 2
6506 6771 1
8757 4378 1
7038 6586 1
7441 833 1
3727 6046 1
8213 1988 2
5389 4668 2
5717 6432 2
4749 5030 2
7765 5162 2
7111 2959 1
1489 7352 2
3222 7971 2
1766 7589 2
7596 252 1
454 1441 2
4955 3678 2
5657 271 1
5132 6572 2
3862 5654 1
6908 4640 2
7550 2081 1
922 8583 1
3138 7551 1
9611 3107 2
2408 2595 2
3687 2215 2
3098 580 2
5513 5775 1
7990 6271 2
8802 1733 2
1055 5120 2
2694 5197 1
1530 2573 1
717 1898 1
818 4827 2
4676 4438 1
1637 3558 2
6714 7934 2
4101 4334 2
435 1812 1
3272 6292 1
5304 7660 2
1753 1266 2
4565 8719 1
9508 1184 1
9418 5355 2
1853 4591 1
395 9120 1
9482 4306 1
9264 9764 2
2501 6576 2
9701 4369 2
4219 8660 2
6235 2002 2
4383 3805 1
6518 6457 2
920 6574 1
4348 380 2
5182 2943 2
5196 7187 2
1857 2298 2
7957 6412 1
2034 8319 2
5579 5368 2
1896 9104 1
7381 9563 2
1933 4166 2
6065 1631 1
6111 6906 2
5631 1329 2
783 7757 2
5026 5459 1
4437 3552 1
8323 6841 1
6170 1757 2
4285 8940 2
6092 60 1
9762 7258 1
1166 5454 1
4500 7603 1
8917 8294 2
3037 7950 2
5468 827 2
4072 6178 1
7617 2632 2
9605 8285 2
2661 3036 2
1753 1937 2
9104 11 1
4635 8258 2
988 6794 2
7609 617 2
2117 7927 2
5329 3236 2
3135 1646 2
856 9939 2
5440 1189 1
7527 1597 1
5377 225 2
5192 185 2
3329 1967 2
6077 4997 2
9794 3804 2
3210 7827 1
7290 189 2
5814 1191 2
6276 2136 2
846 6522 1
4300 6729 1
3330 9930 1
6839 4654 2
6102 8872 2
9816 1676 2
9571 4376 1
3740 2136 1
7219 3444 2
5567 30 1
2856 186 2
3957 6749 2
7317 409 2
8738 4616 1
6259 8200 2
5506 919 2
2286 7088 2
5138 404 2
5222 1613 1
2597 3743 2
1487 7904 2
3744 4811 1
5441 3008 1
798 3774 2
216 2356 1
7484 6213 1
1253 3530 2
9150 3821 1
1387 7860 2
8713 4763 1
6851 8502 2
791 2037 2
520 9209 2
3510 2711 2
5212 7323 2
5897 7136 2
6273 5917 2
485 1170 2
1105 4308 1
4309 5573 1
6631 8616 2
4551 2932 1
9844 2839 2
4733 1150 1
699 1091 2
365 4310 2
4 5040 1
9825 2660 1
2637 9527 2
8824 4642 2
8724 1702 1
899 7792 2
4558 6958 2
1593 9713 2
7284 9428 2
2819 3628 1
4449 6256 1
5569 9771 2
5205 9825 2
7075 1199 2
6293 9782 2
3488 3450 1
1384 7910 2
9811 8771 1
875 7642 2
8376 9750 1
3118 1534 2
7892 6770 2
9382 195 2
6827 4265 2
3961 8592 2
1991 4195 2
3988 2844 2
6232 7963 2
5720 7078 1
1551 112 2
6585 110 1
1969 5622 1
830 8009 2
5098 467 1
2660 7040 1
1303 8754 2
6491 6641 1
5659 2035 2
3399 1389 2
6331 201 2
2400 4200 1
370 7850 1
6706 8205 2
8206 3395 2
2798 1080 1
7873 8706 2
4680 5433 2
3392 8122 2
9943 8343 2
9320 9602 1
3687 9467 1
7764 5494 1
3450 7185 1
6008 4453 1
5619 8715 2
7929 6945 2
9178 5485 2
4035 6322 2
1739 3378 2
6802 6835 2
3798 5173 2
4073 5172 1
5744 41 2
4014 2134 2
3633 9362 2
4171 5666 2
4213 8474 2
6079 7682 2
3579 9085 1
1243 8295 2
4041 9853 2
7206 1761 1
4085 2366 2
7818 2010 1
1021 4555 1
6324 2524 2
8593 768 1
8535 6822 2
9507 8813 1
1130 3675 2
1150 473 2
2150 6898 1
1820 8061 2
8585 5095 2
7439 2181 2
6965 665 1
7449 579 2
273 9610 2
4771 5852 1
5031 7026 2
9546 2920 1
3637 4172 2
1869 2518 1
6316 2424 1
3649 7398 2
6900 8279 1
3501 4525 2
550 8658 2
5342 4789 1
1136 516 2
5892 202 2
7733 2091 1
8275 1518 2
538 9979 2
2131 6805 1
3626 9835 1
4705 8106 2
8451 773 2
4636 9353 1
7735 7546 1
9752 2754 1
1996 7853 1
3726 8813 2
2621 4739 2
2554 5552 1
2150 553 1
2780 5194 2
8331 6686 2
6056 5436 1
1682 724 1
2182 7403 1
36 9475 2
6130 6208 1
9248 2119 2
2957 791 2
7209 3997 2
954 2163 2
9907 4186 2
6050 8553 1
9497 7972 1
9441 6528 1
426 1814 1
550 8919 1
2840 4689 2
9975 3279 2
8535 1606 2
1275 1821 2
2020 5516 1
606 3306 2
3212 2384 2
9632 7347 2
3120 7904 1
518 9801 1
792 191 1
3336 2305 2
4924 6069 2
5921 5732 2
3149 12 2
4899 2625 1
4778 1892 1
7520 3943 1
811 879 2
6786 9515 1
2986 1142 1
1699 3288 2
7109 4370 2
5174 58 1
7118 1555 2
6189 8514 1
1643 7165 2
3360 2245 1
2662 9318 1
6284 3517 2
6493 3242 1
5585 9830 2
435 9287 1
5188 6594 2
2158 7681 2
4027 4534 2
983 3967 1
6660 2923 2
6349 6524 2
7806 2398 1
818 7623 2
9485 5776 1
7532 9571 1
1738 6022 2
9797 6760 1
5761 5610 1
7628 9392 1
7490 2296 2
818 7803 1
5617 930 2
5022 603 1
4998 6925 1
7274 8537 2
30 6770 2
3331 1582 2
1656 6797 2
2732 3483 2
4072 7858 2
9660 4818 1
5143 5875 2
6635 4906 1
5377 971 2
7113 7742 2
7861 8518 2
8168 1967 2
3321 7670 2
6957 2158 2
1156 512 1
9859 3667 2
9106 1101 2
375 8921 1
6836 9738 1
1133 5375 2
9565 8248 2
586 7848 1
262 5148 2
9543 6812 2
3722 9104 2
7621 4005 2
555 9088 1
8387 3075 2
2187 2110 2
810 2680 2
3588 5599 2
6034 8413 2
7777 4028 1
7066 6507 1
4322 6818 1
1572 4979 2
5500 3922 1
470 1111 2
7479 3970 1
6602 7086 1
4430 5257 1
990 2116 1
9138 679 2
3429 2775 2
5336 6315 2
9733 4475 1
6390 9499 1
8151 5287 2
554 7056 2
5802 358 1
1891 8487 2
4129 4696 1
6438 5345 1
3856 3662 1
714 8947 1
4818 4273 1
2076 1047 1
3622 5707 1
7964 3354 2
9326 9980 1
894 1404 2
5582 2263 2
3531 7139 2
291 7906 1
4845 3640 2
26 4522 2
1126 8280 2
4548 4300 2
3834 5620 2
2312 3661 2
9280 4305 1
5041 7812 2
2965 6777 2
7532 9018 1
2505 5161 1
8652 305 2
6687 7761 2
8966 9690 1
9201 599 1
1925 2925 1
7643 1636 1
7943 2357 1
3003 85 1
3965 8993 2
808 2731 2
5615 3349 2
4136 4491 2
5062 6583 2
4343 7375 2
7169 7762 2
8199 1940 1
7009 358 1
4859 3738 2
9740 4310 1
6346 3559 2
7501 4248 2
1635 4484 2
8930 2409 1
5763 8238 1
2125 7063 2
7312 3894 1
1364 2805 1
1298 658 2
3234 6330 2
4980 6810 2
6467 7794 1
5048 1451 1
2428 5755 1
5536 7176 2
7680 6986 1
2630 4260 2
8684 2596 1
4661 9673 1
9084 6629 1
4365 516 1
3811 5180 1
259 6102 2
3512 3389 2
6686 900 1
4211 7198 2
6747 8968 2
3988 650 1
9483 815 2
8013 6689 2
4896 2121 2
2627 8710 1
259 9788 1
768 5583 2
3873 5809 1
260 6057 1
3561 6118 1
9840 8274 1
2927 3258 2
2329 2381 2
3517 5587 1
6699 673 2
8509 523 1
6115 9450 1
2144 2319 1
8308 8727 1
6346 2175 2
4691 8714 2
5251 7042 2
8491 1963 1
4311 7487 1
8394 8038 1
3751 5508 2
5042 6120 1
4486 8130 1
5289 3910 2
8014 8879 2
8297 5846 1
7640 243 2
9153 7875 2
9159 6891 2
8626 7085 2
8782 3514 1
7170 1095 2
437 8323 2
4957 1096 2
4472 8384 2
303 4378 2
632 6702 1
9179 3950 1
568 3614 2
6567 8390 2
257 7782 1
894 7370 1
8830 8814 1
5308 8564 2
4705 1444 2
5526 8851 2
3100 7064 1
3024 2300 2
6281 6960 1
9940 4676 1
7267 646 1
9922 1223 2
3690 9781 1
4186 469 1
5939 7455 2
1780 1919 2
1190 4682 1
4376 2046 2
1102 2030 1
3478 3389 2
5725 9033 1
1632 5834 2
1493 2955 1
5307 7561 2
2335 9578 1
4962 9249 1
4568 3199 2
2195 4029 2
5071 9976 1
9887 4748 1
5833 6004 1
2942 4129 2
1758 2266 2
1929 9971 1
2473 4306 1
9102 14 1
7403 6026 1
5632 6993 2
3048 466 2
1685 5486 2
1896 8016 1
2886 4382 2
9576 9037 1
8706 7898 1
5479 8071 1
1307 7411 2
585 7661 2
5863 906 1
4583 3702 1
7344 9560 1
2317 9098 2
1237 5768 1
9435 2711 2
1751 3384 1
1653 1325 1
8157 2508 2
8275 7603 2
4528 5755 2
2402 1008 2
687 6560 2
944 4930 1
269 5978 1
4852 763 1
9742 572 1
212 462 2
2542 926 1
9212 4391 1
1914 2778 1
6046 3504 2
3076 2816 1
573 4989 1
7315 8914 2
7888 8209 2
6721 3544 1
8966 5830 1
3643 478 1
6060 314 1
325 6385 1
5848 3020 2
7619 3398 1
8162 131 2
3729 7459 1
9701 7495 1
3164 132 2
131 4262 1
7559 2839 2
7982 9729 2
1175 7408 1
1328 828 1
4519 7078 2
5716 1825 2
4341 4388 1
1514 6814 1
467 3129 1
8023 6514 2
4295 8008 2
2706 9844 1
7515 9689 1
8521 6828 1
5374 998 1
8090 1192 1
9009 5055 1
410 5529 1
6122 8407 2
6386 2339 2
8244 8276 2
4940 3248 1
9005 9939 1
6730 1710 1
4712 7073 2
5840 4092 2
4377 4339 2
485 929 1
4427 687 1
934 6374 1
9613 6881 2
9731 406 1
2864 3591 2
5616 8213 1
3787 7301 1
1622 8630 1
4968 9762 1
8607 6900 2
4868 2777 1
5005 7994 2
6274 6873 1
8371 9963 2
2329 2118 2
1866 2523 2
3058 6774 2
462 9683 1
9323 6148 1
5711 401 2
7270 1504 2
5713 9734 1
3226 5916 2
3788 678 2
2225 9441 1
7260 9083 1
8121 7272 1
562 2931 2
5891 7650 2
5249 6573 1
39 4049 1
5826 6032 2
8926 1372 1
5760 485 1
7990 9295 1
5485 7768 2
4450 7816 1
5515 26 2
2392 4971 1
4964 8530 2
1601 8944 1
7027 2151 2
6364 2304 1
5241 7768 1
9835 4939 1
3113 6084 2
6788 164 1
6619 7730 2
7217 5363 2
9869 8667 2
9265 6610 1
2653 827 1
2789 1441 1
8688 9827 1
7011 5731 1
4655 9338 1
9143 3294 1
7381 9895 2
1501 1471 1
9522 4633 1
9912 1796 2
9835 4607 2
4191 7824 2
5223 2064 2
9258 6826 2
2179 7413 2
7945 398 2
2319 8762 1
4109 9642 1
240 8417 2
509 2291 2
8876 1822 1
2899 3198 2
3073 2284 2
4253 8823 1
4174 9286 1
620 1853 2
4167 1711 1
1640 1956 2
7429 9867 2
8169 1313 1
6948 3715 2
7200 530 1
2164 6421 1
3100 2132 2
4073 7682 2
2678 699 2
6651 3423 1
2502 3805 1
3575 1732 1
6202 2903 1
3483 7392 2
6374 6935 1
1118 8403 1
1039 2688 1
6022 4562 1
687 1817 2
6127 326 1
2053 4046 1
6219 4205 2
193 4621 1
4061 1848 1
5324 8203 2
8765 4700 1
7550 7517 2
8055 6129 1
854 1055 2
363 6678 2
3846 7040 2
5422 8026 2
9749 7812 2
7336 8293 1
8011 1521 1
3893 2541 1
312 8626 1
340 3985 2
2701 9335 1
8427 5266 1
6177 3955 1
6880 1557 1
6445 4669 1
721 1010 2
6945 7888 2
8702 4200 2
1309 8298 2
8506 4855 1
9576 8736 2
4829 2900 2
2701 8441 2
8196 8728 2
9241 4927 1
512 8401 2
1263 5793 1
5747 3120 1
3908 7892 1
8854 6986 1
5282 6685 1
8134 7240 2
3113 6648 1
5826 3462 1
5354 2101 1
9983 7239 1
2090 1253 2
9636 7375 2
7141 8785 2
7662 3544 1
2761 6228 1
8381 9694 1
102 6108 2
2245 7427 2
5477 1245 2
9135 2972 2
8206 9422 1
9221 4449 1
6800 5737 1
6425 6737 2
1389 4447 2
2238 2060 2
5643 8994 1
5965 2519 1
388 8954 1
7922 7980 2
5623 4753 1
5981 1623 1
7749 3959 1
2850 6314 2
1908 1166 2
9145 8121 2
1920 1758 2
8878 3551 2
7365 6643 2
9922 1560 1
3942 154 2
3240 2261 2
7241 9944 2
9977 6715 2
7513 6675 2
6577 1556 1
1091 566 1
3231 7420 2
4361 6305 1
5737 1685 2
8674 7927 1
2086 8259 1
3272 8895 1
1154 6561 2
7496 3476 2
2589 3547 2
2486 789 1
9148 5586 1
3430 6581 1
9015 1339 1
7172 2524 2
7673 9216 1
189 9716 2
2852 4493 1
5364 6461 1
5866 3604 1
6142 8937 2
6341 8330 1
7222 5200 1
6032 3527 1
3146 3566 2
9579 7274 1
5595 3120 2
3931 1075 1
4785 4075 1
6359 6728 2
8069 6133 2
812 6000 2
918 2522 2
1050 8251 2
2645 8888 2
6630 8552 1
5000 8435 1
4950 3196 1
9610 1474 1
9032 9714 2
3113 6368 2
6699 4566 1
4951 8892 2
5187 7609 1
6875 9161 2
1209 8880 1
5773 623 1
8265 6853 1
7709 9240 1
5203 100 2
5804 5956 1
6027 6159 2
8817 3349 2
297 1499 2
9253 7620 1
4410 9201 1
1879 5082 2
8589 5838 2
8362 8200 2
22 6003 2
82 9871 2
542 6421 1
3163 1705 2
2641 6910 1
9634 8926 2
2718 2442 2
9353 5920 2
9179 2283 2
7383 736 2
9999 7334 2
8630 6726 2
7926 2164 2
356 7516 1
1649 5362 1
6098 7028 1
403 3713 1
1848 2590 2
501 7398 1
2447 4067 2
8546 5547 2
6693 8701 2
540 6061 2
2717 284 2
3909 3100 2
7292 8994 1
2215 6750 1
5085 760 1
8381 6763 2
3102 7367 1
8775 7266 2
1985 2464 2
7210 2675 1
7116 8901 2
6286 6564 1
4873 2461 2
9230 5261 2
775 7412 1
3804 1787 1
311 4424 1
1834 4048 2
6703 6045 1
369 961 2
7531 4874 2
9342 6103 2
87 826 2
9504 6943 1
2102 5836 2
652 9866 2
94 1860 1
1465 8989 1
6730 3000 1
884 1458 2
1479 1443 2
2717 8790 1
3639 2725 2
2921 8873 2
6401 8176 1
6510 2401 2
1503 4237 1
9817 8407 2
8030 7397 1
235 5496 1
7537 9481 1
616 8213 2
4223 107 2
5367 5955 2
5473 2690 1
5973 6540 1
3365 202 2
4514 8861 1
7261 9378 2
3281 3206 2
6113 2620 1
3260 2989 2
1609 2192 1
239 5147 2
1411 473 2
105 7293 1
4531 6438 2
8766 2468 1
5358 8923 1
279 102 1
6478 6077 1
5583 7867 1
6977 3898 1
8520 5584 2
6362 4703 1
5605 5735 2
2127 4559 1
9133 6453 1
569 403 1
5215 2227 2
7271 2005 1
5480 2478 1
5403 115 1
174 7496 1
7755 8722 1
2425 6916 2
433 2281 1
9972 5149 2
8988 7474 1
1153 6272 2
6829 4236 1
6194 8989 1
5419 8443 2
6513 2506 1
783 7351 1
4201 5072 2
1561 4793 1
5354 8476 2
4297 2177 2
5209 2463 2
8534 7826 2
61 111 1
4235 4932 1
2883 4964 1
5461 5330 1
7244 3067 1
4646 5114 1
6842 1127 2
8533 5456 2
4854 5835 2
2092 4074 1
653 7985 1
201 3141 1
6302 1238 1
7085 2799 2
1933 3915 1
3328 5595 2
6804 4518 1
5739 784 1
8381 4447 2
9772 2906 1
537 243 1
4310 1192 2
2460 1653 2
6494 7180 1
5214 4664 2
1247 5598 1
6955 3350 2
3495 4009 2
9044 5468 1
4776 8893 1
2893 8539 2
9464 4587 1
5597 7881 2
9169 2540 1
6032 7614 1
8353 6603 1
3048 88 1
7307 4758 1
4232 295 1
5221 9521 1
5576 9025 1
7032 642 1
7972 6879 2
7395 4086 1
3997 8222 2
1977 5403 2
582 6592 2
1262 7028 2
9816 7608 2
9549 2265 1
8094 3857 1
2213 2724 2
362 4056 2
5751 6724 2
846 2669 1
5354 4110 2
3396 1127 2
2920 6343 2
9559 4461 2
8910 3179 1
1687 2989 1
5504 8298 2
649 6888 2
2898 4997 2
5829 4116 1
9392 2405 1
4886 8937 1
7335 9093 1
6990 3189 1
121 5827 1
7503 552 2
1550 7571 2
5187 456 1
3069 8748 2
7172 6095 2
2311 8776 2
2436 5928 2
5501 7016 1
1591 8405 2
7141 6558 1
8757 3324 2
9129 8418 1
6377 7173 1
9367 9470 2
4852 3246 2
1746 7810 2
746 5063 2
5279 3824 1
9139 2183 2
5577 5009 1
2700 9573 1
9342 2878 1
9796 9887 1
3280 663 2
767 6422 2
2325 5328 2
2646 9264 2
9960 5311 2
9653 5093 1
453 6992 2
1276 51 1
3713 8081 1
95 8763 1
2735 8118 2
4230 4353 2
6668 1926 2
8270 4239 1
756 7596 1
6677 3522 2
1578 7383 2
2242 4860 2
3205 4122 2
2411 6625 2
845 8284 1
3404 6122 2
5202 9050 1
6599 2277 2
853 960 2
9439 3346 1
9693 1716 1
6155 1783 1
4404 2523 1
4490 5246 1
5928 946 1
4505 9602 1
8010 9558 1
9358 2758 1
946 1484 1
1489 3981 2
4793 7706 1
5197 9011 2
5949 1756 2
9380 4418 1
6545 8608 1
5080 5870 1
7738 1674 2
9747 6954 1
9171 7505 2
9888 6305 2
3226 3472 1
3743 942 1
8609 5414 2
8341 3315 2
9997 1062 2
8713 1014 2
4427 8104 1
7097 848 1
5974 4486 1
7203 7196 2
5570 208 1
7996 8830 2
8261 9640 2
8893 5737 1
9080 5559 2
560 4024 2
922 9110 2
6647 9974 1
7725 6838 1
4566 6374 1
2087 2809 2
9156 3803 1
99 470 2
8958 8401 2
9293 617 2
4644 9411 2
9674 304 2
5642 5346 2
766 7791 2
8473 6725 1
1715 4045 2
7227 5187 1
2089 1189 2
7570 1258 1
7312 4454 2
9473 1580 2
5311 4036 1
1601 3757 1
801 6468 1
2510 5238 1
9459 9172 2
6840 8517 1
8440 4384 2
6659 123 2
2885 7822 2
3831 7436 1
5845 5060 1
5648 6547 2
2325 4188 2
3359 4363 1
6329 9943 2
8135 8231 1
9398 9895 2
5265 9595 1
8566 1891 1
4024 1920 1
119 6167 2
6190 7844 1
8828 6753 1
5878 2968 1
9146 2085 1
1671 7776 2
6732 1050 1
5503 6502 2
7968 1019 2
1422 4536 2
5384 8632 1
4343 2966 2
8810 3938 1
8546 5797 1
4977 7138 1
621 4686 1
777 2674 2
3398 9391 2
2758 6178 1
9778 4393 1
7838 6853 1
682 896 2
5626 5953 1
3561 3487 2
3226 3635 1
4655 7953 1
5518 1209 2
8769 8473 1
9421 2037 2
9222 6955 1
2258 8865 2
7611 304 1
7530 2582 2
6577 150 2
4951 3971 1
3978 5278 1
4160 2428 2
9679 1308 1
6495 6408 2
1421 1883 1
6945 8067 1
8371 38 2
1834 7450 1
6837 1360 2
3422 2769 1
796 877 1
5529 8768 2
7444 7655 1
2296 9378 1
3805 8378 2
846 917 2
2283 4455 1
1184 1484 1
2470 9877 2
6649 3776 2
9835 9004 1
2519 4043 1
1768 4824 2
8172 3819 1
8164 5276 2
4334 3013 2
9397 3564 1
4919 7184 2
5751 625 2
7269 4118 2
3532 8617 2
7083 4326 2
3559 9093 2
943 9508 1
8368 2810 1
7882 3000 2
1235 1472 2
6779 3323 2
2224 4150 1
2820 3341 2
6924 6412 1
219 5282 1
5071 471 2
5306 3296 1
4421 7344 2
3392 9970 1
1405 4518 1
974 8440 1
7069 5735 1
43 1445 1
5771 4283 2
1073 1568 2
4405 3769 2
7229 8979 2
7515 1408 1
1778 7199 2
4752 4240 2
3207 2454 2
764 5070 2
6069 1104 1
2444 5956 1
9610 5927 1
721 8398 1
6584 6122 2
9421 6030 2
1622 8702 2
2473 6184 2
9022 9112 1
4226 3047 2
1966 5700 2
4903 4614 2
1831 2353 2
6701 4408 2
753 2467 1
5035 1809 2
6853 5648 1
3374 6091 2
6689 1700 2
2294 4402 2
1848 6765 2
903 8632 2
3071 6271 2
1754 8898 1
1649 2272 1
4537 8824 1
1180 6285 2
2886 5465 1
9682 932 2
2052 4533 2
5113 6904 1
9885 5953 1
3596 7953 1
1786 9735 2
1127 809 2
6478 7715 2
2286 3599 1
5084 4199 1
2775 1288 1
6652 584 1
539 2873 2
2938 46 1
9561 3918 2
9527 3032 2
3892 1831 2
1702 6598 2
8704 4533 1
8000 5389 1
8952 641 1
8097 567 2
8635 6086 2
3368 5632 2
75 8146 2
7771 7898 2
349 9529 2
1009 9514 1
5003 1746 2
9254 4152 1
3685 2248 1
778 467 2
827 4218 1
514 1915 2
2837 635 2
7686 6213 2
5548 4051 2
2385 7883 1
2574 5820 2
4469 1433 1
2829 981 2
52 9473 1
5601 1347 1
9208 3016 2
6001 4971 2
2588 3271 1
4078 4746 2
7120 5883 2
6537 5965 1
7081 2340 2
7208 9273 1
6654 698 2
9461 4324 2
9564 884 1
7502 5529 1
9059 927 2
726 9081 1
856 3517 2
3555 4725 1
8641 7043 1
5422 6693 1
7532 6041 1
6054 9044 1
4360 254 2
205 5057 2
7081 8146 1
8153 7535 2
3768 7114 2
1237 1221 2
2321 8992 1
1469 9984 2
116 3825 2
3173 444 2
1925 7581 2
7827 7087 1
3292 5177 2
5041 7966 1
5766 5248 1
764 6230 2
1042 3486 1
7559 5652 2
5140 8100 1
6857 717 2
9413 3047 1
3610 9111 2
8769 1 1
1386 1550 2
2503 1167 1
7371 4352 1
477 5761 2
3138 4369 2
186 844 2
8026 6296 1
8810 4299 1
5008 7552 2
9166 1546 1
2120 104 1
2713 1306 1
6727 4884 1
3108 5969 2
1942 8921 2
2362 7894 1
3894 9013 1
4765 1209 2
710 5092 2
6783 521 1
6191 2892 2
7386 1772 1
9065 3043 2
9561 7211 2
1027 3107 1
5724 5075 2
8127 7533 2
1096 9397 1
2083 9938 2
6357 8358 2
5369 9452 2
1918 7552 1
4591 9107 2
2261 1663 1
4408 8921 1
3660 2293 1
9594 9711 2
7644 6743 2
6334 4109 2
5250 3550 2
7844 9678 1
1325 615 2
9820 3457 2
2354 8835 2
6125 6730 1
760 2824 1
2305 3582 1
5644 1550 2
6407 2587 1
3614 2002 2
1649 7453 2
211 8118 2
6051 2810 1
1489 6623 2
3722 7976 2
4981 8742 2
2883 6929 1
5296 6440 2
9583 3190 2
1302 8982 1
3350 3689 1
2270 6742 2
6672 6017 2
5013 7088 2
637 3498 2
1883 2641 2
463 4274 1
3939 1467 1
7915 574 2
664 5347 2
9484 4803 1
4259 7474 1
560 877 2
4534 7397 1
4713 8411 1
1380 3133 2
9884 3744 1
726 7024 1
9397 1700 2
2103 582 1
3234 5458 2
1081 9900 2
9812 4488 1
8351 2005 1
6961 1097 2
6544 5204 1
9204 4830 1
7451 8787 2
8811 6064 1
7309 1455 2
2120 1440 2
6028 2713 2
5153 5616 1
9728 6070 2
5009 2984 2
9748 4368 2
6868 3713 1
666 7396 2
5055 5309 1
260 9010 2
2117 5373 1
5148 3584 1
4803 777 2
893 7255 1
3845 8972 2
3271 6244 2
9902 8246 1
5695 8 1
661 7016 2
9180 1449 2
7762 4571 2
1531 7999 1
8741 122 1
8333 9336 2
3040 1363 2
8276 2964 2
9720 729 2
7097 9273 1
8776 501 2
6105 8688 2
6333 7169 1
4883 1078 1
7515 7644 1
5243 5148 1
6454 7081 1
9595 8536 2
7514 4671 1
1853 5410 1
7332 4746 1
6466 1016 1
631 6008 2
7470 1194 2
5513 9214 2
7145 4110 1
2723 5009 2
8623 4749 2
5539 4397 2
5329 9364 1
6317 2194 2
6963 2661 2
2550 3297 2
8060 8659 2
1864 707 1
7608 8313 2
3666 7379 2
9737 2452 1
7669 1311 1
7666 4260 2
9799 4746 1
7739 9375 2
2740 7389 2
9280 5086 2
3576 9250 2
1922 1919 1
774 328 1
8852 161 1
9908 4290 2
2607 2331 2
4781 4439 1
7806 2357 2
3358 7715 2
9171 5980 1
3833 9429 1
6416 6259 2
2645 6447 2
767 6429 2
5851 4010 2
7275 6740 2
795 3983 2
3524 2277 1
2853 6094 1
8383 9842 2
8961 6507 2
7460 2590 1
8967 4092 2
8670 4356 2
3799 2109 2
4031 7793 2
451 4684 1
1945 8854 2
5184 8413 2
4566 3159 1
4937 3110 2
5840 7966 1
2012 5140 1
1866 7112 2
1386 5381 1
4757 1271 2
4715 8588 2
8396 6702 2
7912 6849 2
217 6104 1
320 6350 1
7149 8578 1
2819 3923 2
9452 9469 1
5402 1490 2
4926 8333 2
5629 8227 2
3792 4460 1
3723 2706 1
7009 2951 2
8982 6716 1
5589 1872 1
4260 550 1
1701 4282 1
3615 5238 1
9821 6529 1
5574 5464 1
5517 6463 2
6554 5290 2
4649 3784 2
5474 832 2
3785 5823 2
6167 3617 2
8922 5566 1
5528 2567 2
762 2339 1
776 7523 1
5984 8589 2
587 9416 2
1250 2979 1
2477 9147 1
8444 5293 1
5659 8601 1
5584 9369 2
5655 5153 2
8513 8983 1
7352 2998 2
1526 6206 1
6136 702 1
9646 7301 1
1620 5989 2
982 3738 2
6000 1355 1
5140 6927 1
8400 4578 2
1696 6408 2
4432 7281 2
9125 9086 1
5789 9299 2
7253 8271 1
1626 1769 1
1026 779 1
3532 8180 1
7622 6425 2
3134 7500 2
76 7296 1
3726 8636 1
8308 1006 1
8830 6787 1
9155 7685 2
9380 7540 2
7649 569 2
5690 4919 2
7081 2851 1
2015 6246 1
5628 561 2
5780 6769 2
9518 7955 2
2175 9946 1
2056 256 1
7787 5146 1
3620 3151 2
5943 5642 2
5812 510 2
3267 9579 2
8924 8111 1
2086 6655 2
6675 2390 1
4538 7325 1
1622 2764 2
1950 9696 1
5205 5967 2
9523 1465 1
2868 4976 1
4160 1289 2
5228 1699 2
5903 8440 2
3959 1362 1
2461 3297 1
3623 6491 1
8781 8659 1
9471 5981 2
950 3713 2
6632 271 1
2673 6771 2
5246 9706 1
2524 3923 2
4641 6457 1
8761 5537 1
7621 7968 1
6511 144 1
6466 227 2
8824 8806 2
3140 6698 2
8818 7008 2
5404 2707 1
3374 6332 1
6573 832 1
3012 2924 2
1728 5925 1
8221 7770 1
5088 6747 2
1448 462 1
1455 5328 1
5989 8698 1
2128 8613 2
2909 3727 1
7914 7086 1
9960 8021 2
7499 1990 1
1861 4791 1
7235 6920 1
2790 8388 1
9285 5399 1
2369 960 2
713 6759 1
8496 5521 1
5997 2017 1
4626 8866 2
5343 9075 1
3832 7955 2
9604 9102 1
2840 1702 2
421 6422 2
4142 3524 1
9213 1654 1
2134 2487 2
924 7465 2
7171 2477 2
4999 4754 1
5500 587 1
8565 6709 2
7289 4984 2
2451 4923 2
4186 3805 2
8770 8851 1
9360 5964 1
2628 5835 1
1250 3158 1
1138 9355 2
4218 5059 1
9033 8954 1
6086 3262 2
2536 1591 1
1559 9239 1
9587 5521 2
9429 3759 2
2851 8127 2
4841 8719 1
5620 282 2
7825 1297 1
4678 4558 1
4319 8901 1
1661 1069 2
6667 3326 2
6225 6251 2
5325 2355 2
7903 4611 1
2835 4094 2
3477 9536 2
833 7088 2
7690 9797 1
4972 187 2
3860 8230 1
3166 5495 1
5103 5565 1
8006 7901 1
5261 966 2
8565 9743 1
8945 1411 2
7009 7822 2
3523 8696 2
629 5058 1
975 8176 1
7407 9815 2
6677 3334 2
3553 8554 1
9403 7437 1
6018 4399 2
2102 9577 2
5834 5086 2
4405 6980 1
25 6466 2
3926 4314 1
6048 9193 1
5055 1677 1
4934 2391 2
7494 1313 2
1204 1586 2
3641 6305 2
4442 7367 2
6504 1496 1
5464 404 1
486 6489 1
4885 1964 1
1099 8344 1
3100 3158 2
2484 7599 1
7082 1342 1
8306 7274 1
4514 7523 2
4487 7131 2
1417 1799 2
7628 1895 1
5050 67 2
4110 2998 1
8402 576 2
2172 3703 1
3141 5054 1
2923 3818 1
8040 8369 2
7234 2964 2
5108 9519 1
3086 4462 2
2602 2867 1
3663 9815 2
3322 717 1
1337 4429 1
4826 3184 2
1973 6936 1
4645 4131 2
4493 5888 2
9913 161 1
7075 1905 2
9720 3849 2
5994 6958 1
1352 3822 2
9212 6251 2
9267 7799 2
6754 7970 1
9416 8144 1
1503 2063 1
6600 8872 1
4550 3780 2
3065 2305 1
5455 630 1
1159 7460 2
9430 3726 2
1438 8570 1
4812 2776 2
4545 8291 2
4340 4647 1
3606 1795 1
8423 5615 1
824 2816 1
785 5018 2
4596 2790 2
8449 1444 2
4220 3331 2
8125 5103 1
5431 315 1
8908 1408 1
9887 3013 1
1818 6112 2
8161 9116 1
9527 7675 1
81 5007 2
1800 2564 2
8035 9025 2
5749 2544 2
5155 9257 2
2233 5750 2
8846 4211 1
2630 9830 2
6391 1790 1
4942 8223 2
4147 2125 1
2859 870 2
7261 8854 1
280 7126 2
9795 9797 1
933 6651 1
1591 7706 2
3607 662 1
9806 5751 1
6437 2460 1
7332 723 2
3484 5543 1
6263 8665 1
4092 9907 2
8200 3482 2
4202 8146 2
3581 7847 2
6876 2681 1
7825 7319 1
4576 6497 2
2339 6551 2
3509 1030 1
1443 6005 2
2719 3435 1
8056 8757 2
103 501 1
6252 9148 1
1689 3436 1
1614 4775 1
2501 7805 2
2927 2165 2
3423 2234 1
2790 9593 1
6015 6040 1
4156 3481 1
9602 7599 2
2945 9314 1
631 8990 1
7349 9633 1
594 981 2
3551 2619 1
6348 4426 2
7226 6902 1
9121 7717 2
6675 1982 2
4769 8323 1
1388 5041 2
415 9046 2
7516 4195 2
2645 3827 1
7949 2475 1
3326 1795 1
1469 6276 2
6667 8610 1
6733 2301 2
4143 4868 1
5669 4569 1
9955 3835 2
4686 5856 2
3890 226 1
4598 4396 1
9150 453 1
5040 5389 2
2505 8406 1
4017 5222 2
3117 9114 1
564 9533 2
5173 8426 1
2551 9471 1
1345 3651 2
9004 5161 2
4790 6694 1
2825 944 2
2524 3000 2
4600 2122 2
2686 4979 2
6312 835 1
2846 3908 2
3098 2922 1
7086 5339 2
4501 7921 1
9511 8382 2
4034 7520 2
5622 3654 1
7792 6546 2
3242 8703 1
7489 2118 1
3080 5245 2
3980 9695 2
8535 4210 1
2761 2901 2
5860 7257 1
3880 6546 1
3167 3470 2
2202 2294 2
9421 8020 1
5206 484 2
3540 8221 1
2214 3762 2
6993 4293 1
1671 317 1
9077 296 2
9661 7667 1
6324 1592 1
1708 823 1
3429 9592 1
7136 9520 2
245 6771 2
1014 7914 1
3316 4661 2
6689 2019 1
6790 2337 2
1110 6239 2
5251 1882 2
9312 6597 1
6615 2841 2
8396 8049 2
931 2669 2
8190 4432 2
3930 2695 2
5515 6102 2
4581 1962 2
1501 9083 2
9855 6145 1
5570 3865 1
7274 8569 1
1981 8752 2
5945 1794 2
7716 5235 2
9428 8322 2
5936 649 1
2263 5666 1
2352 9180 1
2770 2703 1
134 2157 2
8650 7226 1
8376 2974 2
1607 1833 2
9344 950 1
5380 5764 2
253 5217 2
9155 3768 2
96 5166 1
1366 7399 1
5424 2047 2
7879 2886 2
1366 7068 2
7425 2030 1
2 4960 1
5300 2957 1
1988 8283 2
3989 7074 1
2259 2446 1
539 9011 2
7434 4002 1
2931 8266 1
8150 2097 2
3710 7460 1
2377 7419 1
8894 2385 2
1930 2707 1
908 5879 2
8451 2544 2
6005 5199 1
8514 9596 1
3896 5702 1
8952 3496 1
7418 5278 2
7981 4806 2
9986 1722 2
4106 9406 1
365 4677 1
8781 3914 1
5067 2060 2
2121 4873 2
3488 527 2
1251 3376 1
3860 6548 2
806 5972 2
1971 7060 1
1264 3745 1
5294 7917 2
7075 70 2
9753 8798 2
3509 3671 1
9163 1085 2
2768 506 2
3392 1013 1
3970 6154 1
9466 6112 1
8462 4631 2
4284 3234 1
7418 724 1
6350 7822 2
79 6696 1
9948 4574 2
5964 4398 1
183 9311 2
2964 3973 1
1794 4914 1
8747 8384 1
3590 2205 1
7820 2950 2
1278 6072 1
1526 3667 1
9340 817 1
9322 5110 2
8514 1448 2
2479 5953 1
3482 5219 2
4015 2204 1
463 123 2
2679 8275 2
2386 5230 1
2251 4899 2
3781 395 2
8895 3281 1
9811 5753 1
7423 3043 1
742 4224 1
9432 6868 1
2736 6157 1
9980 6340 1
9587 243 2
9187 7110 2
5545 5013 2
7045 3473 1
4524 3053 2
7296 9232 2
1807 8520 1
1112 7490 1
4275 1496 2
5794 826 1
8707 9649 1
7464 5904 1
9161 7020 1
3224 1278 1
1382 5190 1
3493 8851 2
5006 7938 1
3108 2388 2
121 3779 1
7201 6774 1
164 1027 2
5944 5365 2
1358 7648 1
5611 497 2
3035 3465 2
3795 3772 2
7061 3157 2
4503 9565 2
9317 4028 2
6758 2879 2
446 9692 1
3412 947 1
8563 4277 1
6612 8857 2
3196 2829 1
7859 5435 1
854 6622 1
9357 4451 2
3231 9443 1
4229 9824 2
5662 9902 2
7106 3637 2
5129 5125 2
8332 4810 1
7692 6704 1
4787 409 1
1673 2237 2
7497 4418 2
9811 8157 1
643 5143 2
3345 9572 2
6731 6993 2
1442 4572 2
3297 3289 2
5507 3475 2
9845 6400 2
5866 5080 1
5871 6871 2
9871 7586 1
1096 7192 2
2541 7097 1
5662 7531 2
4022 5147 1
1588 8898 1
2828 5289 1
8895 382 2
6985 8935 2
7418 5959 2
2184 4783 1
5699 4967 1
3593 9230 1
8284 9023 2
3537 1462 1
4923 5810 1
7480 2459 1
6362 8421 1
5593 6118 1
3879 9142 2
6597 9109 2
7045 3729 1
2896 745 2
6282 588 2
4787 8278 2
5359 4028 1
9208 7622 2
5795 1102 2
4209 935 1
7256 6368 1
3186 3416 2
2244 1124 2
2610 7648 1
5090 5460 2
1566 839 1
3359 1560 1
8950 3563 2
1293 7938 2
7374 8717 2
483 7427 2
1583 4433 1
4586 1139 1
355 9698 2
3506 1741 2
8940 4395 2
5099 7440 2
1805 6863 2
5484 9887 1
4495 9217 2
6800 2146 1
5886 5933 1
484 7827 2
4618 7822 1
4395 7026 2
2983 8773 1
7498 9922 1
2589 4505 1
9148 1017 2
4376 2577 2
4702 644 1
6777 1356 2
4932 5696 1
883 9673 1
8723 8754 1
5839 6479 1
6133 6032 2
8456 5223 2
3256 7286 1
6768 6237 1
5055 291 1
1338 3666 1
7183 8009 1
6061 5405 2
739 3824 1
8455 5557 2
2553 2835 2
2344 9512 1
5219 4833 1
2163 5960 2
7175 2238 2
9936 1657 1
4784 7247 2
1565 1173 1
3434 8386 1
9896 4936 1
7545 6100 2
1703 9155 1
8883 5272 1
7440 253 1
6017 1447 2
7873 8621 1
1107 1018 2
5673 722 1
4649 8098 2
7725 3307 2
2938 5681 1
9780 3839 1
7569 2030 2
8459 7303 2
6331 7253 1
4883 6927 1
4538 5333 2
5246 9464 2
5525 8368 1
8693 9065 1
214 5246 1
2533 5001 1
8458 618 2
1293 5799 1
1173 3219 1
2417 5651 1
4347 4413 1
7674 2754 2
5912 7998 2
932 4381 2
3801 3649 2
6159 114 2
2721 9974 1
8143 6754 1
5285 1712 1
1852 2258 2
2256 6965 2
8163 1658 2
5408 4930 1
2818 3369 2
3287 6229 2
352 3822 2
6939 9489 1
6307 1168 2
2118 9645 1
9831 5736 1
2774 8549 2
1550 306 1
2750 4872 2
7627 1520 2
4260 1320 2
6262 438 2
321 8397 2
1163 3647 1
1108 5090 2
7914 6455 1
9679 6471 1
1737 4830 1
2200 8941 1
9101 4283 1
4650 4365 1
6101 7303 2
5201 978 2
1135 2686 2
5601 8282 1
9905 1330 1
8864 9544 2
2849 5431 2
664 101 1
5005 8584 2
9510 4891 2
6053 9505 1
4094 9401 1
3356 3426 2
4660 5218 1
5402 8003 2
7748 9085 2
2844 9226 2
3931 4022 1
6083 8246 1
8123 9772 2
9937 1944 2
6699 9521 2
5231 5397 1
9349 6525 1
7034 5957 2
1159 7020 1
6113 9543 1
722 6667 1
6009 2267 2
1406 1487 1
7401 6902 2
8948 4462 1
1310 5826 2
6258 6067 2
2312 3051 2
683 5438 2
6027 4243 2
6020 5522 2
8384 238 2
1257 5062 2
4545 8679 1
2805 9173 2
2864 2282 2
2109 5053 2
4112 1528 1
7478 8068 1
6187 4470 2
6731 2542 2
8410 8621 2
3656 8088 2
1136 1356 1
4129 2225 1
7504 5953 2
876 7739 2
4674 3700 2
9042 975 2
2306 8141 2
1299 4006 1
8545 4297 1
6095 560 1
5778 8984 1
9773 1521 1
6174 1410 1
1223 7631 2
2641 2317 1
1724 6982 1
5562 729 2
2926 1316 1
63 4581 2
7682 5677 2
3543 9366 2
66 5432 2
2782 7463 1
8814 5983 2
6580 6244 2
7846 5379 2
1934 5502 2
7234 1383 2
9732 8650 2
5691 9584 1
7089 4530 2
5935 5499 2
6023 4722 2
672 8199 1
4056 3820 1
5126 3542 2
5438 1621 1
6233 1185 1
6820 2005 2
8967 6417 1
9434 8731 2
2132 9463 2
5125 1415 2
1589 8404 1
6412 9230 2
5556 129 1
4044 1802 1
4511 4697 1
501 1431 2
8057 9898 1
4092 7479 2
1912 4648 2
6167 4415 2
1765 5658 1
3252 2568 1
4543 6443 2
8754 4815 1
6104 4746 2
997 325 1
2870 2298 2
5494 6239 1
1300 819 2
801 775 1
5166 6895 1
6694 8793 1
1272 1614 1
7241 3255 1
5928 9442 1
6578 7286 1
6392 356 1
2782 2447 2
6661 781 2
1948 7279 1
5282 430 2
2032 4183 2
6438 841 1
3907 5852 2
3785 8085 1
9329 6040 2
7099 3086 2
8154 4439 2
9086 1970 2
8001 9851 2
151 9989 1
880 8937 2
3585 638 2
3858 6106 1
8089 248 2
8456 379 1
5459 3074 2
9637 5005 2
9652 8511 2
8994 9253 1
3014 6247 2
6458 4589 1
1607 8788 2
831 5921 1
9178 6230 1
8851 2963 1
5668 6016 1
8704 5736 1
6368 1400 2
3793 4681 1
1420 4091 1
2631 2211 2
6730 9382 1
7540 9479 2
1392 1870 1
1363 9259 2
9608 3449 2
2270 9702 2
9120 9747 2
4567 1848 1
523 8490 2
9600 5312 1
4815 9203 1
3762 7140 1
229 9091 2
4426 1069 1
2845 1350 2
5207 7304 2
727 7451 1
846 3990 1
4202 4485 1
6230 3388 2
129 9868 2
1036 5732 1
8152 858 2
3073 7995 1
9556 9023 2
4919 7169 2
8457 3502 2
3543 3036 2
3457 1245 2
2781 8485 1
5804 7993 2
426 3145 1
666 7855 2
6386 2537 1
4147 5620 1
9852 9738 2
5087 7231 2
9669 3398 1
4414 9354 2
4685 522 1
5570 1540 1
7400 9670 1
9184 7841 2
318 3824 1
4035 1400 1
5435 465 2
4697 8212 2
832 790 1
5012 3348 2
3728 1824 2
2761 5500 2
2964 3636 2
6804 5746 2
1015 7356 2
8611 8385 1
7275 5957 1
8583 7209 1
3523 287 2
6518 861 2
247 8512 1
4907 2067 1
2083 1793 1
4948 8648 1
6487 1183 2
5811 9882 2
3848 2091 1
5215 3388 1
9854 2907 1
16 9093 1
2532 5351 2
4838 5553 1
1372 3244 2
5074 3630 1
6936 7581 2
8794 2065 2
7154 525 1
810 543 2
3509 1286 2
7198 9220 1
8881 9365 1
3801 4207 1
8987 107 1
5426 4676 2
6314 5278 2
8049 1129 1
5035 4470 1
7606 1833 2
2431 2176 2
7251 8100 1
3128 7518 1
5085 8349 1
7103 2646 2
6719 2619 1
2753 6015 1
2278 8488 1
4957 7335 1
9766 6453 1
7608 9247 2
387 2820 2
4329 5453 1
2457 3277 2
1853 8633 1
9638 6377 2
5780 3904 1
1594 4746 1
9522 3173 2
4030 3233 1
1567 4763 1
5002 8583 1
5191 7948 2
2524 8213 2
3915 3333 1
3096 1435 2
3503 4583 1
1699 5677 1
3754 6120 1
6103 609 1
9400 4784 2
7347 9154 2
859 4284 1
8968 9776 1
5782 8415 1
2973 2494 2
1921 9436 1
8539 5939 1
8152 285 1
1681 4586 2
4556 9487 1
7681 8209 1
7168 9268 1
4145 3181 2
7597 3583 1
8412 1861 2
1806 555 1
9375 6515 2
4197 277 2
2972 5431 2
6388 7533 2
6762 9939 2
8245 7946 1
1202 8015 1
1475 6563 2
2884 6374 1
5119 5366 2
1200 9272 2
7163 7636 1
3646 9447 2
6738 4659 2
7878 9114 2
606 9067 2
8888 8204 1
3313 7546 2
4854 8253 1
3709 5616 2
437 1776 1
1708 3763 1
1952 8668 2
7448 4380 2
7557 2572 2
6916 8937 2
7573 9775 2
849 857 1
9816 3192 1
6106 8883 2
327 3806 1
8905 2863 2
9217 8541 1
6255 7867 1
982 436 1
2560 8375 2
3375 6230 1
2484 9353 1
3652 7977 2
5352 1195 2
4292 9385 2
4779 4232 1
2129 1126 1
5825 8082 1
225 9905 1
932 6511 1
5422 3923 1
989 3095 1
6615 6743 2
3535 1528 2
397 4763 1
3997 9490 2
7319 275 2
6415 2668 1
7102 9702 1
5410 6205 1
642 9055 2
9796 8179 2
9395 2301 1
6956 7968 2
4344 3171 2
6240 6775 2
2284 889 2
204 164 2
2332 7769 2
7730 2930 2
5578 9939 1
1973 1714 2
7213 9321 1
5549 1866 1
319 4100 1
6486 3668 2
9613 2829 1
6880 651 1
5899 9988 2
1520 6641 2
45 3517 2
9406 4316 2
2687 7630 1
4069 4052 1
6783 9731 2
8343 8695 1
9533 2106 1
9910 630 1
641 6855 1
7564 4453 1
8837 8273 1
6996 4558 1
8183 8115 1
1214 1759 2
473 9020 2
1039 3367 1
2497 5328 2
6175 5085 1
1897 9188 1
969 6233 2
8576 1029 2
7262 1881 2
8135 1970 2
5522 4222 1
5092 7022 1
2606 9884 1
1026 8383 1
4300 3214 2
7216 1922 1
7630 7375 1
1822 3284 1
3784 4513 2
3411 4570 2
7617 9850 1
3401 6122 1
7110 3187 2
8895 672 1
4503 8248 1
7654 2890 2
5576 9386 2
3141 9068 1
754 7696 1
7382 2493 1
5679 2033 2
3158 6168 1
2401 8379 1
5272 4157 1
8299 1024 2
4067 3597 2
2039 4644 2
5632 2737 2
2334 5680 1
4109 3027 1
4291 7026 2
1500 8611 1
2121 6155 1
1940 5283 2
7288 3023 2
4799 5548 1
8604 2632 1
5195 2439 1
2022 724 1
6890 7461 2
297 6947 1
4369 24 1
4430 6777 2
12 1127 2
1328 178 2
5481 2558 2
7057 7129 2
9192 6283 2
1780 4703 1
3730 8851 2
8208 9259 2
8255 7291 1
3811 4948 1
9838 3967 2
2893 4201 1
9073 4798 1
4081 4249 1
3358 8779 1
9655 3019 1
4367 4046 1
2621 7800 2
9955 7137 1
4545 1484 2
27 6148 1
9337 9224 2
2030 1866 1
4219 9299 1
8117 7050 2
773 900 1
6943 4238 1
8950 1610 2
8526 23 1
8851 6421 2
9545 8311 2
883 9770 1
3192 1717 2
3219 4834 1
9803 3533 1
4692 4955 2
8212 2605 2
760 3110 2
3031 2074 2
4408 7063 1
529 3609 2
3537 441 2
6927 8918 2
3186 5735 1
8130 512 1
591 2004 1
9074 5707 1
1377 628 2
9512 4109 2
532 6369 2
4162 8641 1
6920 9799 1
7554 3159 2
2257 9783 2
6576 6322 1
9783 2200 1
2788 4504 2
5335 3121 1
508 2742 1
2911 5857 2
6892 7354 1
7750 280 2
7609 9175 1
2 9179 2
5629 1044 1
3695 4035 1
9687 9341 2
2671 4350 1
6120 5617 1
1733 8365 1
326 2370 1
105 6245 1
4172 2600 1
8791 9358 1
7736 6814 2
7551 1143 1
4029 6291 2
8759 3536 2
8143 2955 2
8356 7182 2
4105 7932 2
9733 2810 2
5114 5553 1
8696 1378 2
8403 3482 1
4819 5511 1
2427 7962 1
8172 8206 2
1931 5992 1
8177 6383 1
7267 3519 1
5874 7241 2
8179 4045 1
4930 5372 1
6211 9080 2
4329 1213 2
859 4452 2
2932 9509 1
3355 7614 2
6996 339 2
1973 1845 2
443 3973 2
6686 411 2
1874 2435 1
1809 3032 2
374 2277 1
5467 9959 2
5606 5815 2
5072 8248 2
2375 3180 2
4789 5964 1
6176 376 1
9204 1836 1
9054 4645 1
4635 2915 2
2657 7711 2
9693 9471 1
3549 744 2
1263 724 2
9595 1157 1
5676 2025 2
5957 1454 2
8578 3768 2
6413 1474 2
4227 994 2
2535 7457 1
4437 4857 1
9946 3552 2
8418 6629 2
3554 4921 2
6489 6960 2
9905 8776 1
7515 2602 1
2906 3503 2
7966 693 2
2357 5234 1
2558 6441 1
7006 5916 2
4743 658 1
6470 2457 1
7516 3181 1
7536 8810 2
6244 9039 1
3877 2724 2
3783 1822 2
6529 5009 2
2773 3077 1
307 1373 1
9615 2917 1
3745 2890 1
8972 6542 2
8882 4621 2
9302 2010 2
3378 5134 1
138 8947 2
8881 4652 1
1196 5672 2
388 1799 1
2032 7484 1
627 4740 1
2258 9047 1
8313 4445 1
6575 8275 2
9016 606 2
1386 8032 1
6050 5513 1
792 4208 1
3601 4867 2
2868 6172 1
9632 9813 2
8380 6093 2
3055 1275 1
6018 1555 2
6499 936 2
1835 4418 2
3363 4993 1
2723 5056 1
700 6765 2
7672 7321 2
8175 1868 1
3419 331 2
6862 5469 2
386 346 1
4770 3445 2
1369 4813 2
5976 4655 1
8220 319 1
111 3575 2
5550 6575 1
1083 9454 2
8485 2352 2
629 8025 2
1851 8314 2
7610 2290 1
2127 3815 2
9863 7205 1
8482 6983 2
3491 1876 2
9067 3196 1
5926 1188 1
2483 6687 2
6618 3966 1
4874 5193 1
7697 5583 2
8784 6427 2
4142 1032 1
7596 1046 1
4378 8702 1
8745 8516 1
1521 555 1
4948 1101 1
6707 5723 1
5855 7923 1
9539 8304 2
2849 1399 2
6219 2063 2
1460 8449 1
8870 433 2
3494 3612 1
1813 4067 1
4616 8631 2
2251 4342 1
4530 6149 2
7089 7903 1
3581 2958 1
7571 9656 1
9479 8940 2
4240 2318 1
7683 2399 2
4542 7009 1
1846 4633 2
1955 4407 2
4475 3315 2
9277 9432 2
5152 5814 2
4140 8755 2
3831 1795 1
5362 7256 2
7126 652 2
2298 5373 1
9735 6280 2
7758 1466 2
3785 3667 1
3056 172 2
141 3371 1
3282 7189 2
7034 1284 1
5485 7258 1
3177 9157 1
5102 1140 1
5513 7513 1
6084 9808 1
3116 1039 1
164 3071 2
4633 9419 1
3781 8583 1
1432 4067 1
4053 2911 2
3481 1842 1
7858 9159 2
2829 9960 1
5793 4846 1
6875 103 1
6570 9210 2
13 9256 2
889 6772 2
2096 6069 1
7791 2681 2
2792 588 1
4496 4394 2
8761 6386 1
4979 8621 1
8223 6285 1
3173 6809 2
615 8441 2
502 1086 2
9332 9589 2
4026 7051 1
8203 4963 1
4025 5110 1
1207 5451 2
5055 1464 1
5045 168 2
8477 9310 2
5481 761 2
9974 377 1
6728 6034 2
4979 8879 1
3788 1113 2
8160 7144 1
499 8137 1
9772 8721 2
1536 3090 2
1229 9436 1
9945 4567 2
2554 2798 2
9463 7614 1
8399 160 2
3385 3652 2
1196 3071 1
8513 5335 1
3782 6749 1
9269 6746 1
8277 301 1
5615 724 2
9444 2122 2
8750 1809 2
9909 7873 1
4595 815 2
6010 3234 1
9749 1187 2
9213 3379 2
6061 5794 2
1561 829 2
5307 4840 2
9710 13 1
1695 100 1
2833 8660 1
1856 7898 1
7593 9064 1
3865 7759 1
4980 2481 2
4407 5313 2
8960 5244 2
7660 381 2
8386 8108 2
1007 2727 1
6226 3460 1
6202 2597 1
237 6110 2
587 3812 2
8066 5095 2
1971 4898 1
1990 1184 1
4138 8002 1
6400 6511 1
729 8475 2
6541 7052 2
8670 6889 1
6573 4372 2
2412 5835 2
5668 4666 1
3080 5731 1
8490 4113 2
1021 7001 1
1067 8595 1
4441 6665 1
7800 4445 2
302 8448 2
7077 5344 2
1890 1858 1
7209 7138 2
5823 2391 1
2065 7899 2
8083 3546 1
8348 1673 2
1857 1529 1
2640 2220 2
5679 4408 2
9828 3066 2
710 878 1
4644 2300 1
9062 3941 1
3921 4767 2
4623 2606 1
590 8133 2
6936 2699 1
3092 7937 1
2795 9828 2
126 1759 1
1175 4083 2
862 4857 2
3645 4743 2
1846 8531 1
3476 453 2
9744 6560 1
4582 2866 2
5767 4506 1
7424 7514 2
588 1758 1
5590 7549 2
6146 8477 2
3756 220 2
353 3341 1
3166 5136 1
9655 2934 2
3321 5012 2
5970 7974 1
6896 5846 2
567 7357 1
7720 9434 1
3935 6738 1
8028 4151 1
4372 3884 2
3113 4376 1
9833 9433 2
2451 6091 1
4383 7738 1
287 5206 1
8625 8549 2
5687 4717 2
6233 6850 2
5641 6061 2
6152 8687 2
2632 3813 1
6594 44 1
6457 4215 1
8687 3584 1
632 1868 1
988 6482 2
2049 5453 2
4216 6592 2
327 3530 1
6535 9100 1
5680 4535 1
7139 8873 2
1750 4218 2
1734 163 1
3688 7535 1
9280 9716 1
6327 1860 1
1367 7984 1
537 589 1
1186 8170 2
