2000 2000 327
158 900 2
58 397 1
1217 14 2
1495 1190 1
272 1870 2
417 1633 1
822 632 2
792 1042 1
977 966 1
1693 888 1
480 909 2
554 1547 2
1641 607 1
299 1099 2
1582 648 2
564 559 2
731 624 2
511 334 1
1325 115 1
1244 319 2
1648 91 2
1883 58 2
453 742 1
1611 600 2
701 236 1
781 387 1
703 869 1
827 1706 1
209 1265 1
517 226 1
1711 973 2
989 1300 2
549 1484 1
416 793 1
738 176 1
518 1002 1
693 1539 2
257 716 2
1625 133 1
1222 1738 1
147 928 2
1754 677 1
1677 315 2
526 1287 2
626 1538 2
142 781 2
957 1375 1
1098 348 1
1918 408 1
1240 1202 2
40 1896 2
306 689 2
1370 764 1
443 1780 1
1351 1811 1
472 448 2
163 1747 2
81 1658 1
323 770 2
1010 955 1
1497 642 2
415 71 2
1099 129 1
758 723 2
196 758 2
1342 1332 2
1285 1111 1
1965 1160 2
42 973 2
822 201 2
881 67 2
1969 995 2
2000 1179 2
829 733 1
1569 641 2
746 1192 1
544 1332 2
1317 1648 2
633 921 1
1828 877 1
595 37 1
426 809 1
1703 1577 2
568 213 2
256 958 2
1581 962 2
41 1613 1
178 900 2
1615 1827 2
460 593 1
392 1676 1
1882 1938 2
1380 988 1
897 1421 1
718 1150 1
683 770 1
727 480 2
937 44 1
7 401 2
191 1931 2
1935 1993 2
120 1105 1
660 886 1
491 914 2
372 1987 1
1398 1689 1
800 429 1
647 1844 1
1307 759 2
986 83 2
429 1450 2
430 334 2
1447 423 2
1340 499 2
1001 62 2
1383 418 2
867 1369 2
1597 1052 2
1990 75 1
1663 1570 2
447 848 2
1200 1289 2
475 467 2
443 716 1
294 661 1
188 1999 2
948 1767 1
1979 1337 2
1205 708 1
326 1233 2
1730 249 1
1699 1154 1
965 9 1
1297 323 2
787 791 2
1480 1517 2
1761 1550 2
1895 172 2
562 1111 2
330 1418 1
45 96 1
1129 508 2
1214 1283 2
1884 651 1
1814 1197 1
1081 888 2
470 1559 2
483 92 2
1226 1344 2
1 1402 2
343 439 1
454 1226 2
1730 331 1
1847 802 1
1690 562 1
136 1758 1
1160 1044 2
1001 1105 2
607 1019 2
1967 359 2
714 1424 1
424 303 2
1018 186 1
1951 404 1
555 265 1
189 648 1
1898 1211 1
1422 614 1
466 1737 2
475 384 1
1158 820 2
713 84 1
214 1882 2
189 1182 2
723 1826 1
1502 1772 2
186 1226 1
288 735 1
754 479 2
777 1038 1
1228 862 2
259 869 1
1225 335 1
216 744 2
418 864 1
905 452 2
9 132 2
386 103 2
37 491 2
1784 939 2
1381 587 1
1088 408 2
1829 1022 1
474 1749 2
1429 310 1
95 1354 1
1865 1424 1
929 1313 2
811 1541 1
336 313 2
1869 1993 1
1868 1648 2
376 87 2
1339 564 1
1220 1450 1
1650 1555 2
1858 1446 1
252 299 1
670 425 2
526 982 2
1052 1419 1
1246 1231 1
777 1601 1
74 1570 1
1548 898 2
130 1124 2
1682 1355 2
211 1997 2
81 1334 2
160 694 2
1774 1598 1
610 987 2
128 1211 1
1570 1945 1
105 64 1
359 1994 2
1390 1839 1
1485 820 1
988 1503 2
1003 332 1
1116 1703 1
393 532 2
33 801 1
731 215 1
1265 1066 1
1074 320 2
973 411 1
786 1468 2
1711 486 2
1044 419 1
1136 1432 1
1660 1254 1
1924 192 1
1116 35 2
1437 915 2
583 1013 1
125 571 1
688 700 2
1465 1470 1
1342 562 1
1296 1211 2
214 1872 2
838 569 2
739 246 2
226 563 2
1794 1537 1
1397 1003 1
272 1842 1
116 166 1
779 475 2
378 81 1
153 813 2
256 174 2
75 413 1
492 509 1
78 1017 2
1268 257 2
1720 1286 1
660 211 2
1377 1100 2
555 361 1
1567 1244 2
1215 1539 1
788 820 1
987 1216 2
1030 190 2
1996 1694 2
368 250 1
1665 1516 2
1434 419 1
1250 937 1
1625 756 2
1212 1558 2
83 993 1
1783 708 1
1116 806 1
648 603 1
123 1038 2
209 32 2
495 138 2
1167 1293 1
209 1997 2
1942 890 2
1338 955 2
1117 1209 2
1974 1867 1
1339 605 2
978 1484 1
167 1171 1
446 1491 2
699 825 1
722 1381 1
397 407 2
889 114 2
1916 113 1
1572 72 2
1694 359 1
212 1135 1
1755 702 2
1022 370 2
1822 829 2
1680 1930 2
648 237 1
1326 138 2
1528 1955 2
1662 1301 2
556 1286 2
963 70 1
915 1617 1
1216 336 1
920 643 1
1628 445 2
392 577 2
1832 555 1
1604 1566 2
146 1288 2
1414 1494 1
362 512 1
1501 218 1
702 312 2
1275 833 1
1175 254 1
1320 769 2
934 1859 1
1872 1953 2
580 58 1
1727 1191 1
1408 445 1
126 483 1
1221 1352 1
1366 1053 2
1386 1570 1
449 876 1
1977 490 1
1929 507 1
1076 944 2
71 883 2
1147 1060 2
1421 90 2
587 1654 1
483 1549 1
936 1277 1
118 1916 1
633 790 1
700 1885 1
1200 88 1
215 812 2
1729 108 1
215 1039 2
1263 586 2
1895 331 2
1109 991 2
837 952 2
926 1894 1
1607 1717 2
1952 1867 1
1574 1423 2
1892 417 1
1616 103 1
1718 725 2
16 1735 2
1046 478 1
607 744 1
132 1976 2
174 1270 2
1946 1998 2
1632 1431 1
285 1549 2
1204 1935 1
433 412 2
1031 1506 1
650 160 1
1011 906 1
856 176 2
1041 1224 1
1159 678 2
1190 305 2
1691 1920 2
1560 1085 1
1955 532 2
1295 576 1
1035 1368 2
131 1310 1
684 1218 2
1798 1925 1
1916 98 2
1432 1136 1
44 228 1
96 1427 1
209 1632 2
1834 549 1
1528 185 1
1969 1989 1
1934 634 2
1380 247 2
1184 1204 2
1559 1205 2
1985 443 1
580 315 1
1847 1415 2
1685 541 2
151 1195 2
1927 691 2
10 1260 2
76 21 2
1297 65 1
1829 903 1
1875 471 2
1722 983 2
619 1160 2
55 1497 2
1592 496 1
1668 749 2
863 442 1
898 1658 1
1969 1798 2
793 1652 2
1233 1293 2
317 626 2
484 511 1
813 404 1
853 1741 1
835 169 2
1926 1779 1
211 1107 2
1751 1314 2
136 1106 2
775 1014 2
237 221 2
678 1806 2
561 1497 1
1598 381 1
505 1383 2
1273 494 2
1001 1600 1
1380 1902 1
169 620 1
1911 226 2
1255 593 1
127 462 1
1343 105 2
1264 483 2
9 304 1
1402 1686 2
1142 1413 1
245 291 2
1328 1263 2
322 1101 2
813 1418 1
1777 1705 2
1999 406 2
1952 1034 1
1730 181 1
1033 1939 1
1474 151 2
1916 1466 2
1173 1823 2
403 1394 2
1585 171 2
1535 51 1
950 1331 2
1357 986 1
1390 787 2
582 712 2
638 1852 2
1075 1648 1
273 1019 1
983 1300 1
1158 1246 2
1990 1809 1
466 437 2
897 728 1
308 240 2
1982 1801 2
1816 675 2
4 153 2
1752 118 1
1552 1331 2
1831 979 2
232 264 2
47 1671 2
1128 510 2
251 1382 2
943 1250 1
1188 68 1
894 1633 2
981 1247 2
1649 534 2
1484 788 1
1255 1943 2
951 1141 1
10 1731 1
1690 760 2
141 1267 1
235 714 2
1012 1747 2
1184 284 2
891 319 1
1345 1192 2
249 173 1
376 1843 2
98 546 1
2 1218 2
421 542 2
1486 1207 1
517 1407 2
314 862 2
1480 1008 2
301 1102 1
1778 1858 1
1164 1956 1
362 1580 1
432 1882 2
337 925 1
928 1593 2
99 938 1
1187 316 2
99 84 1
407 1073 2
1919 1603 2
1812 1645 1
138 1971 2
981 1113 1
1841 353 2
732 324 2
1324 292 1
1329 1906 1
73 244 2
1421 249 2
1137 1790 1
462 566 1
1725 745 1
1985 1316 2
1605 554 1
1392 1398 2
1154 1588 2
172 261 2
804 1570 2
1205 1843 2
245 1667 1
1084 866 2
1594 1414 2
723 304 1
1429 453 1
844 33 1
1715 714 2
1650 1881 2
518 1471 2
614 312 1
391 1714 2
1177 1586 1
827 1727 1
1171 1421 2
827 1189 2
1319 1748 2
521 1775 1
1163 575 1
1344 1279 1
401 648 1
569 1744 1
106 1464 2
1845 1445 1
1251 834 1
883 1727 1
1737 1413 1
1430 1442 2
776 1517 2
1637 1155 1
1265 452 1
628 663 2
1287 1316 2
1587 1954 1
1726 1750 1
365 75 2
1451 419 1
1528 1498 1
1052 1977 1
470 1862 2
326 1998 2
124 1369 1
1555 1242 1
339 581 2
1257 387 1
1779 650 2
1686 440 1
1017 632 2
1906 1575 2
428 1143 2
416 827 2
668 591 1
1762 1280 1
1145 644 2
1828 991 2
1558 550 2
45 1647 2
153 1449 1
1496 51 2
1609 393 1
97 1955 1
1790 551 2
737 1771 2
385 1032 1
384 1458 2
465 1474 1
1047 1837 2
1290 100 2
457 95 1
1169 581 2
804 1572 1
947 1711 1
1556 1744 2
70 805 1
1329 1756 2
859 1365 2
1208 97 1
1344 218 1
1911 1770 2
1086 1188 1
721 1910 1
699 436 2
1876 297 1
1672 1395 2
1505 359 2
1008 1656 1
1856 557 1
1401 81 1
389 273 1
1711 1661 2
69 814 2
50 1197 2
1108 762 2
59 874 2
1531 1579 2
1094 243 2
367 1589 1
1575 1981 1
1782 1231 1
1652 1874 2
1762 437 1
1773 272 1
1440 1645 2
1946 1218 1
1148 875 2
1791 1313 2
1431 1841 2
1313 585 1
153 820 1
472 1523 1
10 1628 1
1053 194 1
419 1925 2
1687 558 2
435 55 2
1929 1154 2
167 1705 1
449 799 1
1755 275 2
727 1909 1
898 427 2
533 1036 2
377 583 1
1550 570 2
705 738 1
524 169 2
1259 1872 2
1990 346 2
487 364 1
1791 1808 2
693 1635 2
1924 1509 1
193 921 1
651 454 1
1463 1725 2
761 910 1
1758 337 1
1228 1102 1
729 1193 1
1743 235 2
906 1725 2
351 1771 2
769 411 2
1515 1109 2
1253 938 2
104 1201 1
1427 590 2
1636 1397 1
1688 461 1
1145 1624 2
841 1327 2
157 877 1
780 1438 2
1738 763 2
1996 1614 1
1235 1925 1
361 256 2
1126 781 2
750 1748 1
1870 1459 2
1086 1188 1
1096 1900 1
1459 277 1
1281 689 1
435 1051 1
1072 1145 1
1442 82 2
527 1327 1
1677 901 2
1828 284 1
878 507 1
1682 788 2
282 1805 1
155 1193 2
793 1481 2
1904 697 2
1949 246 1
104 1508 2
1601 151 1
285 428 2
1885 1198 2
521 287 1
1047 921 2
299 1185 2
467 1355 2
1946 1155 2
1318 1119 2
141 41 2
1747 1475 1
1874 1845 2
1442 1733 1
1052 1608 1
700 944 1
189 676 1
282 1435 2
1496 1514 2
1669 1912 2
262 935 2
82 1074 1
1236 1227 1
714 1906 1
1474 762 2
125 291 2
1030 275 1
195 1588 2
325 1397 2
96 1613 2
858 1388 1
321 1519 2
722 457 2
1781 516 2
793 1379 1
889 1828 1
1307 1896 1
487 932 2
1377 439 1
663 1968 1
99 1451 2
1968 985 2
1168 1741 2
930 924 1
620 1183 2
1721 974 1
1361 46 1
1738 1193 2
1264 1434 1
1602 1494 2
278 520 2
1049 1131 2
1747 285 1
578 675 1
156 192 2
1123 1593 1
7 1094 2
1670 1802 1
1030 153 1
1180 747 2
300 1638 1
567 1578 2
1332 316 1
1394 864 1
912 1235 1
1515 192 1
1019 726 1
127 25 2
360 356 1
79 552 2
549 686 1
1515 471 2
1325 1279 1
1009 1895 2
1338 408 2
1830 1608 2
560 158 2
429 404 2
422 310 1
1207 1121 1
176 733 2
892 1464 2
436 456 1
769 456 2
728 376 1
165 112 2
1385 1326 1
420 1478 2
732 1688 1
1118 432 2
878 728 1
345 1572 1
1814 1439 2
1465 864 2
1940 1378 2
1245 932 1
200 1962 1
140 757 2
836 371 1
1776 603 2
1775 275 2
237 700 1
152 1706 2
1170 1640 2
205 1398 2
529 51 1
1122 596 2
1374 986 2
1398 223 1
1599 410 1
354 581 2
1181 1653 2
1603 1991 1
219 1682 2
777 1080 2
1520 62 1
1458 152 2
313 1575 2
661 1008 1
1391 1680 2
473 363 2
1375 1615 2
1080 1331 2
1431 1016 2
699 1015 1
519 977 1
515 1576 1
1528 229 2
438 1675 2
734 541 1
358 227 2
1885 1218 1
384 788 1
725 1916 2
663 1018 1
896 650 2
90 1064 2
1281 1228 2
1713 538 1
1467 557 1
1957 1810 2
633 1086 2
1192 204 1
1588 1035 2
692 62 1
1458 953 2
140 645 1
262 1834 1
1664 820 1
1882 1690 1
1745 691 2
1811 201 2
489 45 2
1805 299 1
1564 1302 1
555 1210 1
90 1482 1
1208 1989 2
269 1931 1
1582 1757 2
359 152 1
1366 102 2
1970 4 2
756 1216 2
88 115 2
1959 808 1
1080 1540 2
1437 1940 2
2 421 1
241 783 1
1128 1040 1
512 1340 1
649 813 2
1185 1741 2
1693 1218 2
646 1161 2
873 607 1
1555 1461 1
1378 1236 2
1687 429 1
1043 1544 1
1264 538 1
1263 211 1
927 1257 2
1320 588 2
1610 1811 1
369 1250 2
754 772 2
201 999 1
339 1028 1
789 1417 1
1923 1882 1
1434 515 1
248 1028 2
1698 1740 2
1719 56 2
1918 959 1
1275 1574 2
1258 976 2
880 642 2
410 94 2
1761 1644 1
1247 1477 1
861 498 1
1630 547 2
1245 1568 2
1797 1249 1
105 498 1
1133 801 1
1738 428 2
122 1138 2
1829 534 2
720 915 2
316 780 1
1800 1642 1
1811 812 1
1054 1773 1
1623 974 1
375 1341 2
846 1507 2
1458 280 1
1226 1589 1
497 286 1
717 45 2
1528 1432 2
1527 1014 2
1958 611 1
1963 1246 2
1778 281 2
1864 1975 2
1519 1237 1
1094 1117 1
1952 1002 1
583 260 2
1651 1500 1
100 271 2
162 560 1
194 1945 1
1111 1764 2
614 536 2
730 1834 2
1276 178 2
858 1205 2
441 367 1
1754 1607 2
1803 250 2
990 1793 2
255 66 2
1981 904 2
100 29 1
1014 1368 1
1000 1697 1
1347 920 1
1964 975 2
33 1066 2
334 423 2
434 115 2
1668 506 1
1627 1137 2
513 1359 1
996 213 2
1160 243 2
497 734 1
548 1090 1
1749 1675 1
60 614 1
394 523 1
1874 105 2
1967 170 1
1884 781 1
1187 1396 2
24 463 1
474 1071 1
2 14 1
1028 752 2
1491 772 1
1539 360 2
289 354 1
1803 1189 2
960 746 1
792 1642 2
717 1301 2
1029 762 2
901 1284 2
1568 1131 1
680 1507 1
909 97 1
927 632 1
1058 1385 2
831 1586 2
1799 665 2
721 470 2
1210 1373 1
765 1657 1
992 1283 1
589 1515 2
881 21 1
1502 62 1
432 1848 1
1619 1652 1
1692 823 1
817 681 1
457 873 2
581 342 1
1246 697 2
641 1676 1
1742 1471 2
1544 357 1
1570 1946 2
1231 352 1
719 51 1
1952 1593 1
1203 1317 1
1270 1586 1
323 227 2
171 154 2
1788 615 1
566 376 2
1311 606 1
589 1546 2
1867 497 2
1610 1426 1
1817 1930 1
1841 1458 1
1441 889 2
1873 58 2
1227 525 1
512 377 1
1747 584 1
227 1117 1
1535 1410 1
809 1805 2
143 821 2
951 983 1
1930 886 2
885 998 2
275 576 1
442 1831 1
93 1111 2
553 490 2
1742 274 2
1410 872 2
1063 636 2
636 1852 1
1309 1085 2
751 15 2
750 1390 2
1463 255 1
759 395 1
905 859 1
1004 465 1
692 233 2
316 1451 2
221 145 1
231 1322 2
523 970 1
447 1480 1
355 801 1
1843 1533 1
1005 1279 2
800 284 1
1433 1788 1
1572 860 2
1118 883 1
1541 371 1
768 1209 1
157 883 2
336 1427 2
141 1995 1
1024 1035 2
1041 13 2
374 966 2
984 1276 1
374 1538 2
53 876 1
518 265 2
1474 416 1
97 6 1
854 445 1
615 1471 1
632 1810 1
1149 231 1
1417 684 2
684 1359 1
933 964 2
1993 1105 2
1260 1965 2
860 750 1
201 1006 1
1429 4 1
479 104 2
1674 12 1
388 1184 2
1890 1455 1
1113 966 1
284 1605 2
862 315 2
1866 1475 1
1471 1421 1
644 331 1
1988 1039 2
1319 927 1
1002 696 1
1538 940 1
947 338 1
1995 1233 2
704 506 2
121 1329 2
998 948 1
924 590 1
299 1034 1
1956 929 1
275 625 2
388 1708 1
601 1307 1
338 1586 1
1354 430 2
733 1048 2
1319 696 1
132 536 1
939 729 2
791 89 2
1194 1102 1
495 1965 1
1082 1636 1
1734 983 2
1434 897 1
635 1228 2
203 632 1
1745 1897 2
1413 1717 2
463 1182 2
1103 47 2
1381 360 2
1484 1695 2
471 1850 2
1193 691 2
92 1549 2
1753 1539 2
1480 1806 1
945 42 2
1170 64 2
1034 97 1
1157 571 2
960 1860 2
1076 1682 1
816 375 2
1564 1921 1
89 1987 2
1140 590 1
978 1185 2
718 1768 1
998 1427 2
1040 999 2
1652 593 1
673 1718 1
49 158 2
863 897 1
1983 871 1
1002 390 2
1225 1739 2
213 35 2
1735 1773 1
1113 592 2
147 1730 1
749 720 1
1697 382 2
1424 739 2
1993 1256 2
532 95 2
937 1785 1
1057 48 1
336 1777 1
1154 948 2
1003 1448 2
1729 238 2
1059 344 2
1998 1823 1
1402 265 1
910 1605 2
1243 385 2
1498 1976 1
1226 197 2
1399 338 2
1433 230 1
1742 409 2
260 233 1
528 1829 1
723 1323 2
26 1699 2
1896 259 2
507 1851 1
1837 719 1
1222 1221 2
1831 187 1
1217 1560 2
1055 1706 2
1373 1573 1
1321 1467 1
1691 169 1
553 583 2
371 1321 1
674 1809 1
357 1851 2
371 634 2
459 668 1
426 778 2
1874 1157 2
1612 1104 1
955 1859 2
1708 1237 1
1058 642 1
417 452 1
132 1816 1
561 11 1
1538 576 2
273 1679 2
1011 225 1
276 1292 2
1777 985 1
926 1999 1
54 435 2
980 1765 1
369 777 1
1508 1946 2
911 1817 1
1646 1258 2
58 909 1
1398 1912 1
1227 1347 2
335 1631 1
247 1337 2
1727 1197 1
1562 994 1
707 892 2
1435 620 1
56 316 1
691 1092 2
1694 284 1
1429 458 1
1879 551 1
1458 807 2
1697 1539 2
773 1807 1
1779 1130 1
1012 829 2
1961 1649 2
1637 263 2
247 1060 1
627 644 1
446 1798 1
1288 1098 1
654 411 1
439 1418 2
1980 958 1
946 115 1
1844 1668 2
135 1945 1
814 1611 2
91 1829 2
1545 1145 2
54 1362 2
1931 137 2
670 1677 2
439 1118 2
1280 1257 1
1558 1854 1
976 830 2
846 925 2
1136 537 2
127 971 1
356 553 2
246 567 2
1421 1647 1
258 397 1
146 622 1
1222 1584 2
409 685 2
591 1292 1
226 1161 2
1578 1879 2
1706 731 2
69 1539 1
1490 575 1
964 1294 1
1326 1074 1
428 1259 1
136 103 1
986 1776 1
1361 1915 2
387 1252 2
87 1736 1
551 1703 1
1194 212 1
610 1973 1
1940 31 1
877 1612 2
1643 549 2
1265 982 1
733 1839 2
1658 323 2
557 1404 1
1669 241 1
1888 1978 2
1905 710 2
460 672 2
624 1534 2
277 387 1
732 1053 1
1136 1427 1
1446 1067 1
808 531 2
599 956 1
756 1502 1
1501 1590 2
143 1719 1
427 1298 2
1452 212 1
631 948 1
172 1472 2
363 259 1
1794 1718 1
1340 523 1
1713 735 1
779 296 2
499 1748 1
923 1414 1
127 1365 2
1588 726 2
978 1859 2
1085 1979 2
1027 1633 2
79 1900 1
1528 1384 1
1288 1184 2
1348 1547 1
15 1471 1
785 64 1
1878 1076 2
1622 1755 1
1140 1987 2
792 613 2
952 436 1
893 585 1
415 382 1
1466 1334 2
1513 679 2
248 849 2
1059 1100 2
1793 1654 2
960 1533 1
1629 120 2
81 699 1
1067 1887 1
1397 1555 2
1891 475 1
850 1689 2
957 322 2
1237 1001 2
1971 451 1
69 972 1
425 1676 2
1 327 2
1982 899 1
1195 1818 2
782 619 2
30 836 2
715 815 2
140 331 1
1886 681 1
1634 844 1
127 1101 1
1607 1554 1
301 242 1
753 1843 1
264 1561 1
1168 601 1
499 877 2
1764 1962 1
1160 466 1
1455 1831 2
603 12 2
1028 858 2
796 973 1
153 182 2
1349 724 2
1349 580 2
1824 612 2
142 144 2
799 1255 2
1516 142 2
1695 1494 1
1947 190 1
1109 82 2
592 1895 2
665 1900 2
1404 1831 2
1615 600 2
332 118 1
1403 414 1
1634 1804 1
979 36 2
845 1962 2
1819 1547 2
925 1218 2
751 1367 2
1378 1812 2
54 120 1
496 1098 1
1968 1138 1
294 288 1
1905 753 1
1494 730 1
691 1647 1
361 1808 1
983 1258 1
391 1365 1
109 1872 1
1607 1924 1
1454 913 1
432 1288 1
1152 205 1
406 871 2
846 757 2
1433 874 1
1703 1994 1
946 718 2
126 1621 1
1490 1100 1
538 1167 2
1948 894 1
1023 1744 1
1848 1280 2
36 1767 1
1437 220 2
1690 1870 2
871 887 2
1729 992 2
546 791 1
1590 1274 2
394 1551 2
1580 50 1
1224 1647 2
1610 1432 2
1913 643 1
1278 1456 1
1839 909 1
1235 19 1
40 992 1
374 1678 2
728 29 2
1533 1943 1
421 1732 2
1656 1222 1
609 784 2
1665 45 1
93 1155 1
1718 626 2
1149 1743 1
1247 1694 1
63 147 1
273 1388 1
1690 1459 1
564 1001 1
1753 1323 1
1001 986 1
1540 683 2
15 1291 1
462 894 1
1706 713 2
583 1552 1
551 1773 1
462 1902 2
163 382 2
607 125 2
977 683 2
628 1409 2
128 1154 1
902 332 1
633 790 1
985 970 2
1677 896 1
1044 215 2
1048 911 2
1893 1845 2
792 466 2
141 1534 1
693 1652 2
616 976 2
770 15 2
940 1838 2
988 1156 2
1990 1786 2
1260 410 1
128 307 1
1899 593 2
590 878 1
1215 154 1
20 356 2
568 422 2
1277 1292 1
1710 1971 2
640 1941 2
1886 1047 2
1069 1345 1
859 1602 1
282 1374 1
1001 1770 1
1849 1073 2
1020 453 2
246 895 2
678 1991 2
1896 1146 2
1000 576 1
1223 612 2
151 1544 2
1764 689 1
309 911 1
1827 22 1
166 663 2
6 271 2
580 1257 2
1069 36 1
1266 933 2
571 712 2
970 769 1
1385 1414 1
841 1909 2
1172 490 1
462 1549 1
785 383 1
917 890 1
1756 740 2
66 1591 2
1163 1924 1
902 1032 2
1626 284 1
335 1665 1
1046 733 2
1967 471 2
1030 823 2
1590 1387 1
352 946 2
1448 1941 2
549 281 1
1996 889 2
1542 1860 2
50 478 1
214 1698 1
775 523 1
1194 1741 1
911 1041 2
76 1059 2
1548 137 2
1219 1798 1
1945 141 2
760 1241 1
1770 72 1
1626 667 2
341 1619 2
706 957 1
1167 728 2
28 363 2
1181 1290 1
627 1344 2
602 627 2
249 126 1
1158 415 1
1304 1072 2
1930 26 1
1355 565 2
546 1714 1
950 1772 2
1498 1888 2
1661 203 2
1172 152 1
42 298 1
811 1284 2
729 239 2
1757 218 2
1116 1101 2
687 1321 1
1346 310 2
1894 1365 2
1618 1855 2
1435 238 2
1493 753 1
1702 94 1
529 224 1
277 1766 2
719 592 2
660 1325 2
1949 239 2
1961 1032 1
1267 1642 1
760 376 2
486 1638 2
1134 1066 2
1118 308 2
1175 538 2
1620 689 2
992 68 1
657 976 2
1488 1047 1
512 1328 1
461 1537 1
254 131 2
1146 1827 1
957 745 2
403 389 1
1824 1465 2
265 704 2
825 103 2
353 1273 1
368 1235 1
1382 1053 2
699 1253 2
1331 1795 2
1503 1745 1
784 1957 2
453 1040 1
1018 173 1
997 1536 2
1748 268 1
473 517 1
1725 630 1
1768 1818 2
1767 1964 1
708 975 2
796 347 2
1763 151 1
445 31 2
34 1509 1
566 1577 1
1303 1341 1
141 381 2
1657 943 2
614 1882 1
1658 1944 1
593 300 2
970 1241 1
742 1988 2
81 77 1
27 1404 2
1147 325 2
1157 889 2
161 1359 2
157 460 2
839 1574 1
876 1323 1
429 845 1
1027 570 2
1388 218 2
1347 516 2
261 847 1
469 1402 2
1271 478 1
1934 1158 2
1567 687 2
1784 1652 2
528 879 1
508 1325 2
1909 1706 2
1846 869 2
1131 1969 1
676 1693 2
1687 1276 1
478 2 2
569 943 2
1547 1434 2
956 208 2
444 1816 2
1322 729 2
1389 1035 1
913 209 1
1090 18 1
1571 1908 2
1511 1479 1
934 1867 2
1280 181 2
409 1689 2
1059 1091 2
1067 515 1
1346 362 1
1118 1099 1
1054 82 1
1125 1865 2
1014 1366 2
837 361 2
519 41 1
626 1223 2
541 1421 1
516 918 1
718 756 1
1 1864 1
827 1109 2
1662 1805 2
1131 1137 2
1484 890 1
1711 1565 2
1129 1036 1
215 1495 2
1899 100 1
849 1338 1
930 1066 1
143 1056 2
1001 464 2
1119 707 2
1043 1176 2
873 663 2
961 111 1
1666 1467 2
276 460 2
1268 1234 1
1540 849 1
1998 1382 2
1995 1994 2
1059 1483 1
150 330 2
547 1671 2
639 1566 2
1841 503 2
917 228 1
355 1660 1
1854 950 1
1888 649 1
1534 1149 1
954 351 2
167 872 1
198 730 1
816 1580 1
1582 1853 2
1739 38 1
235 1882 1
1401 754 1
1080 696 1
815 459 1
1789 1909 2
404 769 2
1324 1444 1
562 81 2
795 1923 1
950 687 1
1718 1690 1
973 203 2
1316 1691 2
1182 1552 2
526 993 1
1194 1105 1
828 283 1
122 702 2
1082 223 2
251 1098 2
421 327 1
1004 1194 1
1700 1362 2
1433 1074 1
1221 53 1
1618 1550 1
1935 1448 1
546 1117 1
1666 58 2
212 137 1
1209 312 1
519 867 1
1828 568 1
426 1292 1
1666 328 1
814 1907 1
666 1062 2
1223 778 2
955 1154 1
742 1857 2
695 761 1
93 1582 1
1461 714 1
1649 1287 1
1435 1761 1
987 1230 2
1663 399 1
1319 789 1
911 1251 2
1489 1684 1
1386 707 1
1593 464 1
527 699 1
894 498 2
904 607 2
932 1971 2
1312 466 1
1099 64 1
1708 416 1
572 287 1
1760 1779 1
1925 1732 1
185 114 1
1015 1810 1
267 821 2
1301 1574 2
1368 1795 2
926 1544 1
1718 1880 2
1563 1 2
1914 1780 1
410 1311 1
877 943 1
948 569 1
433 1446 1
1019 1378 1
201 1804 1
1425 1230 1
1029 1176 2
1089 334 1
213 1869 1
213 1495 1
1274 184 1
716 1895 1
10 624 1
1303 1884 2
440 1184 2
1597 1957 1
493 1884 2
1151 1717 1
1254 709 2
186 419 2
1429 1389 2
21 980 1
1448 645 1
1904 70 1
761 1733 1
687 1024 2
1507 1588 1
1894 849 2
1907 1034 1
1148 490 2
181 1396 1
780 731 1
1180 28 2
624 489 1
172 1481 2
45 216 1
1528 764 1
1054 703 2
874 564 1
369 1282 1
846 683 1
1430 1061 2
678 278 1
1419 527 1
1200 479 2
1465 1318 2
10 1977 2
1197 71 2
775 664 2
41 1810 2
482 1572 1
749 1328 1
383 1517 1
603 1218 1
838 1106 1
1902 1306 1
1981 754 2
983 1553 2
1557 307 2
1876 1613 1
886 149 1
126 719 2
755 1752 1
1292 1416 2
1299 942 1
463 1687 1
1621 906 1
391 118 1
406 1238 2
1455 1365 2
882 975 2
801 1198 2
1770 748 1
1722 922 1
1399 1711 2
387 1869 1
963 820 1
1001 676 2
1017 986 1
1868 205 2
468 1312 2
1751 1222 1
208 1006 2
1518 1451 1
1474 735 2
490 936 2
1582 1771 2
1389 1733 1
974 319 1
1209 1492 2
428 1061 1
282 269 2
12 383 1
1503 905 1
130 1588 1
1862 349 2
1664 1976 2
756 1000 1
899 1110 1
1946 1685 1
594 1562 2
1026 356 1
371 964 2
808 1620 1
213 969 2
516 652 1
1476 627 2
952 522 2
1810 1092 1
1290 1027 2
235 1455 2
1524 384 1
616 1342 2
450 486 1
505 1982 1
1766 1105 1
1654 429 2
858 1084 1
784 948 2
14 1820 2
475 1825 1
1811 191 2
7 1985 1
1200 1923 2
234 1140 1
1579 776 2
990 73 1
75 532 1
1251 254 1
669 1610 2
1737 1286 2
962 1245 1
224 1976 1
662 1138 1
1228 932 1
1293 326 1
1392 961 1
1716 328 1
1706 723 1
1361 865 2
1822 167 1
509 966 1
152 5 1
1654 1079 1
1612 1426 1
809 964 1
1577 929 1
864 355 2
17 709 2
1075 110 2
1340 135 2
838 1147 2
113 1947 1
158 78 2
1389 612 1
727 816 1
1650 1337 1
1842 1204 2
663 1668 2
690 1845 1
1435 1202 2
93 1378 2
1351 948 1
758 414 2
931 200 2
1307 877 2
998 1224 2
76 1449 2
674 1342 1
703 1380 2
