100000 5000 21095
17161 96708 2
53417 1489 1
67652 56735 1
29113 76382 2
87744 13615 2
27982 7178 1
90647 88289 2
50196 76421 1
99782 80328 1
21402 28931 2
39885 35161 1
59282 59996 1
42546 52399 1
57140 11244 2
19006 91688 2
41947 29236 2
52990 15045 1
87270 25623 1
32515 30926 2
46009 75678 1
30755 4556 2
3225 78293 1
54198 16686 2
62804 21227 1
71961 66757 1
70999 68182 1
72622 30279 1
81749 8653 1
34586 93359 1
6727 64108 2
15910 81755 2
43367 39251 1
33343 22637 2
58515 25896 1
49942 34667 2
8560 77104 1
79361 54464 2
41541 95482 2
24280 58904 2
80444 61780 1
2777 22120 2
35908 80948 1
69220 24963 2
96177 62224 2
43199 42694 1
46938 47366 2
29267 55117 2
20475 73237 2
38509 26459 2
23761 97378 1
22366 3895 1
72896 60853 1
7612 57513 1
14576 28313 1
14239 54497 1
38860 18335 2
97060 65777 1
76226 79067 2
58894 80590 1
61190 91366 2
40128 39154 1
86190 97530 2
47140 36189 1
91383 29753 2
42631 13328 1
55231 38247 2
97370 72400 2
10313 60043 2
92371 44265 1
70396 46002 1
66154 95464 1
86532 32620 1
40764 53568 1
56816 16557 2
72716 43174 2
78738 85101 1
31421 77333 1
94370 95049 2
75353 59723 1
54107 8384 2
74637 89514 1
65885 26454 2
78986 58104 1
14985 13364 1
42822 92863 1
92040 89766 1
78393 44718 1
98789 88988 1
78881 76182 1
9966 5481 1
958 76269 2
59607 99239 1
2966 43727 1
86102 67185 1
33394 49496 2
64168 60872 2
46143 38027 2
68811 62735 2
50959 54318 2
68258 97775 1
10037 23756 2
93173 96628 2
14636 94481 2
34318 73997 1
53073 29394 2
29500 88240 1
14596 55715 1
58516 25843 2
2924 96286 2
49771 5172 1
98704 29955 2
41085 23795 2
74878 59890 2
39145 74227 2
99463 84339 2
53843 14716 1
98593 15150 1
77121 32764 1
62308 13043 1
5695 51937 2
98190 51284 1
78363 50528 2
73407 83942 1
35369 83730 1
37053 56900 2
35040 22962 2
35762 81196 1
80250 79616 1
72393 64191 1
53688 41889 1
30228 51013 1
45276 59932 1
63369 91431 2
76654 28734 1
73280 12691 1
19352 90999 1
82103 44956 2
13610 79515 1
97262 41304 1
55286 47203 2
71084 74240 2
18837 99049 1
94744 31059 2
29888 89455 2
33760 63507 1
11127 48633 1
39957 44934 2
67294 58926 2
90669 69110 1
43739 11963 2
20896 18290 2
75898 99792 2
1356 16395 2
2985 35905 2
48626 92184 2
39932 25670 1
14230 96466 1
81994 41371 1
7586 73304 2
24750 36481 1
11971 19661 2
61575 23835 1
19339 47029 2
56184 13458 2
64846 35708 1
9832 76882 1
92357 25294 1
85412 25066 2
39054 51552 2
68344 52464 1
68777 52870 2
68954 50139 1
60796 59131 1
22207 66631 1
38737 65308 2
16260 26997 2
38515 57357 2
88102 49800 1
11700 1138 1
8234 51816 1
71082 65367 1
37558 56803 1
27310 29865 1
60278 54663 1
42843 76027 1
87576 61162 1
73077 78434 2
86640 41026 2
255 20377 2
21525 94989 1
71683 9278 2
96130 89323 1
79343 79987 2
14838 19422 2
12562 14398 1
94772 3217 1
57923 17673 2
4324 3214 2
2043 80739 1
23792 99078 2
16149 79676 2
93512 48366 1
98613 50797 1
58046 37820 2
99742 83118 1
91147 17966 2
10459 45694 2
84424 89923 1
81847 71840 1
37750 30431 1
50661 2712 1
14327 71788 2
88760 21425 1
54482 39444 2
98956 84282 2
26707 51784 1
46748 43908 1
56840 18140 1
12233 43366 2
61381 88168 2
96890 96506 1
3457 34024 1
278 16477 1
86743 69405 2
35627 7922 2
24870 50155 1
3659 48896 2
9074 41305 1
20906 94896 2
18400 29076 2
86113 69520 2
63870 49355 1
4142 34610 2
11032 65492 1
62450 34317 2
40676 84646 2
23601 6011 2
1592 51933 1
5878 81754 2
4110 7354 1
75500 82955 1
2791 67520 2
62470 64854 2
52069 60056 2
65272 30468 2
46735 97550 1
51483 93827 1
26801 62289 1
525 85318 2
26425 72695 1
43887 14275 1
5019 53367 2
70597 26995 1
39118 78445 2
32089 49301 1
63213 14745 2
94201 47915 2
53175 40320 2
84469 38299 1
90256 49834 2
20770 43343 1
85374 39266 2
39865 12054 2
43084 91546 1
35352 43329 2
78570 46116 2
32096 76806 1
26539 5945 2
50837 12833 2
50757 19446 1
65602 47182 2
1077 56698 2
14258 72592 2
86104 49194 1
41272 14862 1
60691 93710 1
2312 15984 2
41389 97105 2
14235 35398 2
60240 54148 1
90991 23873 1
7659 71803 2
97797 30520 1
31762 26702 1
32769 63557 1
15772 82138 1
65902 86918 1
24293 64126 2
48055 43292 2
81898 37087 1
48623 28111 1
35759 42116 2
76618 38631 2
28188 75674 1
58946 78709 1
6395 97233 2
51283 69000 1
21148 37661 1
35550 83257 2
850 82390 1
27082 15647 2
70388 91000 2
72766 82139 1
7805 86980 2
69641 79918 1
50347 66301 1
56411 48638 1
64067 65548 1
48937 94101 2
97900 67645 1
87084 73346 2
50032 34400 1
8450 30741 1
79038 15432 2
75084 45191 2
14442 3247 1
79215 41296 1
22316 78544 1
11859 93167 2
72733 27724 2
25127 63462 2
35037 70726 1
41595 59004 1
41424 49383 1
34468 25785 1
29948 92762 2
18075 98477 1
22764 1041 2
28638 18569 1
92784 92958 2
78286 80420 2
54459 83739 1
17104 39223 1
91620 50531 2
18924 7362 1
45765 45174 1
80785 90597 2
32383 68601 2
10991 42215 2
29748 19316 1
44603 12531 1
28524 31666 1
44687 99926 1
49137 59812 1
27143 22915 1
42418 42846 1
67077 71599 2
37476 69369 1
64173 32372 2
98300 94927 1
95978 6322 1
38390 66147 2
80263 12042 1
45201 29718 1
95223 40513 1
78801 31283 2
80974 26563 2
44732 24164 1
56646 5086 1
5021 5210 2
38043 16994 2
99973 34793 2
12367 27944 1
36964 18409 1
87559 72584 2
80372 56342 2
86795 47809 1
29615 54385 1
16938 43573 2
57076 85662 2
86964 31498 1
72198 53572 2
29886 39786 1
11021 76496 2
27202 78564 2
34099 20338 2
30332 88521 1
91271 65949 2
41998 79 2
19966 67435 1
73597 28210 2
93677 27096 1
74801 76526 1
67824 55778 1
70809 64998 2
15079 50992 1
773 30240 1
63251 33960 2
33194 64615 2
17853 50070 1
79202 74600 2
66064 64396 1
83689 86453 1
68058 56540 1
88001 58245 1
9135 24896 1
65711 99826 1
86534 31187 1
88731 48121 1
28826 31670 1
98740 1374 2
16746 63980 2
86666 54213 1
11993 41245 2
83058 98586 2
5518 13015 1
63622 65770 1
42486 75848 1
82242 57512 2
55133 99782 2
25832 30313 1
17049 51303 2
54013 14920 1
2303 90153 1
83178 1667 1
31179 53483 2
84667 40411 2
90429 1490 2
96259 27000 1
11639 76357 2
35447 22147 1
40320 48146 1
95470 80587 2
28867 60391 1
57320 88673 2
88913 96729 2
45348 91419 2
97371 77856 2
45032 58676 2
55865 25081 1
54588 37642 2
21989 2307 2
8015 34591 2
60608 88035 2
88145 10586 1
80941 63136 1
14583 81571 1
81169 81735 1
45467 2410 2
15450 44872 1
13274 94272 2
94740 83031 1
35508 42172 2
98549 99404 1
50830 30359 2
97874 99683 2
19443 16976 2
50152 31837 2
77903 59306 2
70324 58013 2
46675 88969 2
14363 58028 1
16372 60345 1
89507 40502 2
6284 34951 1
42424 40587 2
22488 35493 1
82024 51967 2
87032 30122 1
95047 28298 2
50545 56592 1
35372 74568 1
2350 86933 2
87762 23289 1
43643 79898 1
11416 69026 1
50377 61223 2
91138 78923 2
19374 53893 1
57045 49888 2
42945 70050 1
48255 53072 2
450 95889 1
73100 30833 1
59760 94791 2
18418 28474 2
58385 8351 2
27718 9415 2
91854 11831 2
32997 13816 1
46451 77585 2
38925 39058 2
31476 99091 1
60352 54492 1
45763 45223 2
9544 30436 2
86715 67292 2
71181 49816 2
54744 60675 1
59905 92717 1
11164 93394 1
69941 43708 2
49548 68229 2
49281 75552 2
67921 89016 2
1888 40153 1
62712 89934 2
17873 52139 1
15474 2541 1
81847 97152 1
40469 48512 2
37306 5058 2
28921 5076 1
26373 96450 1
70203 55291 1
25893 24852 2
4605 63372 2
28528 43120 2
48004 18177 2
51964 24563 2
84313 96663 1
13155 82492 1
82249 46321 1
71398 91279 2
67749 20406 1
22727 24501 2
29763 64271 2
8493 66970 2
70875 39658 2
42500 70478 2
63882 44089 1
51034 79621 1
78578 16820 2
86532 31383 2
24120 48307 1
11575 28768 2
93157 44820 1
37199 68865 1
20710 15899 1
7595 94877 2
6732 27213 1
36942 44509 1
74797 4884 1
41856 15949 2
6817 49374 1
96812 87932 1
92613 37214 2
62015 89888 1
69084 57162 2
44879 37808 2
21289 14459 2
96114 23816 2
77110 30704 2
87234 58825 2
18704 68267 2
80416 12822 1
35688 70930 2
71502 47159 2
79987 24719 1
98068 26586 2
65643 82801 1
87163 86925 1
94253 92041 1
81909 26150 1
857 72558 1
42739 81627 2
93749 1913 1
15053 26794 1
24298 47658 2
95230 20882 2
86981 51777 2
79558 65816 1
20439 90533 2
63942 83492 2
534 15873 1
33223 71393 1
2042 66178 1
91763 4896 2
33921 3514 1
37755 92469 2
39915 16000 2
72591 97497 1
84510 62478 1
83209 42406 1
4291 53762 1
87843 48798 2
32519 13309 2
21691 65861 1
51483 55175 2
71702 51490 1
79253 44265 1
9563 75330 1
78413 96337 1
19924 15189 2
47393 23634 2
97296 66543 2
59729 88417 2
21156 23944 1
84451 79385 1
46469 42237 2
82592 34616 1
98511 39501 2
58613 32608 1
66913 47132 1
55283 48567 1
43199 41011 1
53232 52647 2
48335 75326 1
38116 41182 1
81180 29133 1
45485 44143 2
56791 5555 2
94251 25456 2
90224 56522 2
41924 63866 1
60705 7342 2
55329 71244 2
84932 58237 2
49296 31720 2
73016 44381 1
15648 61333 2
11584 36374 1
3816 4731 1
48323 42580 1
64064 76746 2
10989 79814 1
11429 54867 1
68205 36994 1
3610 50477 2
79829 41311 2
56130 41490 2
71646 90553 1
14887 55359 2
31777 93712 2
48694 13848 2
57406 46985 1
89825 40737 1
6553 5259 2
46715 3238 1
23896 76740 2
16351 13524 1
85862 75458 1
68458 21757 1
50196 96730 1
16253 77273 2
58707 53285 2
94204 20287 2
84250 94942 2
71825 41104 2
43494 82501 2
34409 12717 2
35221 16191 2
21845 20380 2
15882 65683 1
17067 41287 1
62381 41934 2
67843 16188 1
21960 23008 2
24923 6766 2
23499 40733 2
89300 14034 2
18632 23934 1
10610 34851 1
48727 46205 2
96799 81759 2
82100 44252 2
69384 30568 2
54300 86527 2
14335 97572 1
48532 72685 1
33527 43614 2
7746 44787 2
65356 85794 2
73681 46817 1
64120 84740 2
70610 6699 1
50911 65210 1
12662 25225 1
91876 88062 2
29044 36055 2
97553 54925 2
12617 502 1
78196 75562 1
46611 14889 1
58716 86620 1
43382 32665 2
17856 459 1
27735 59570 1
50040 50503 1
25155 51235 1
34082 79457 2
23817 68546 2
95550 5680 1
47356 85958 1
30355 38606 1
49938 89803 1
24680 96313 1
43623 8306 2
38315 94546 2
72603 89982 2
94094 28961 2
84592 30263 2
58533 90191 2
34125 30891 1
79881 83946 1
18621 33960 1
14616 33157 2
89809 1380 2
71826 62517 2
30010 92277 1
94590 629 2
25232 29689 2
27331 63779 1
78446 40752 1
82255 50273 2
20947 43900 2
86164 28404 1
41218 29928 1
35142 40297 2
66563 29182 2
94430 44651 2
38048 57199 2
34458 19246 2
95081 61968 2
65146 55208 1
23536 85975 1
77445 87666 1
12494 84546 1
80802 53227 1
32540 7824 1
52031 53845 2
65403 23269 1
76878 16758 1
69100 1931 2
47331 15897 1
1785 24940 2
8471 20970 1
64298 79065 2
51784 55966 1
28977 15814 1
65462 52745 1
86431 79819 1
10216 90469 2
83436 47685 1
82597 20401 2
14867 78610 1
80028 72112 2
18387 8313 1
22844 66278 1
6511 83584 2
45884 29983 2
26031 75892 1
86293 1384 2
75453 46021 1
49922 35252 1
93353 30950 2
71751 8088 1
85574 31985 2
54183 18031 2
25930 93890 2
16813 44150 2
35890 6807 1
90660 77617 2
6843 68950 2
70207 85093 2
37738 2887 1
67826 16316 1
34502 91862 2
29590 95172 1
93944 9618 1
41033 65232 1
89362 13041 1
5388 62229 1
6821 78090 1
54115 69806 1
81385 10361 2
10009 48697 1
7001 76254 1
18361 7288 2
76148 18366 1
28118 43121 2
2846 67265 1
19588 68527 2
27324 21458 2
60732 71422 1
18556 56291 1
21244 89170 2
93899 78694 1
58597 7105 2
72988 62036 2
8155 7076 2
55592 37578 1
29321 39003 2
33705 77191 1
87418 20422 1
47389 67696 2
87201 19436 1
20905 9421 2
86098 39160 2
20 63753 1
96550 70327 2
26087 26613 1
23419 23707 1
85396 60933 1
27218 73499 2
93292 25265 1
20144 53073 2
1735 67702 1
95549 97818 2
21344 81971 2
9064 23258 2
70135 54541 1
30912 15413 2
4173 30603 2
38076 41271 1
72267 61274 2
71797 47789 1
25179 85290 2
95623 1514 1
97101 95119 2
77748 22403 2
76148 9313 1
41216 18867 1
69127 45404 1
53366 44376 2
86176 27073 2
1121 29716 1
55040 52019 2
19892 93260 1
52873 74523 1
64835 72141 1
75842 49029 1
36104 32738 2
98327 1953 1
61919 18527 2
87 80834 2
15561 42458 2
90420 28898 2
11245 44236 1
50054 80924 2
72979 44212 2
37929 11185 1
96519 52404 1
87770 8868 2
93948 68530 2
13341 38782 1
60294 83576 1
86842 38922 2
34015 17205 2
52636 80570 1
56323 82746 2
11057 69792 1
81908 88126 2
24237 47382 2
38742 62011 1
29702 42711 1
19476 37902 1
93241 73763 1
72857 81402 1
83428 79615 2
53880 66854 1
21674 92755 2
61381 71515 2
89362 87914 1
378 18439 2
75304 49621 2
41907 31516 2
12859 15336 2
43410 77201 2
34429 66556 1
88315 76288 1
78311 87180 1
69145 27335 1
68146 4536 2
16408 96935 1
24606 43012 2
83017 47176 1
16399 15738 2
45473 78547 1
53739 39652 1
53689 98230 2
71613 35475 2
14255 75844 2
98709 45691 1
69508 82578 2
59718 80276 2
40637 10235 1
56167 31419 1
39971 9085 1
62675 7950 2
11330 24602 1
2089 30228 2
33677 67480 1
14348 79763 2
11032 36162 1
23939 38104 1
21821 71588 1
29242 43347 2
45400 9874 1
95616 17176 1
7467 34402 1
40359 25790 2
54843 93837 2
51240 85860 1
2193 78738 1
37180 92039 1
89017 93908 1
44867 66062 1
99462 64055 2
30433 98463 1
3340 62470 2
80604 98182 1
78949 18032 1
83360 62197 2
88685 85543 2
6235 32126 1
15686 78272 1
69793 83003 1
77749 22965 1
8297 75687 2
66179 73254 1
9709 73923 1
13052 53299 2
6318 72082 2
90451 9956 2
47759 16188 1
18461 3970 2
8501 90383 2
63793 38971 1
92365 89817 1
97487 79585 1
96678 25136 2
13493 82987 1
96243 58826 1
53611 71795 2
9706 20869 2
7801 21687 1
14279 7360 2
91596 80793 2
16042 57472 2
72149 42751 2
54100 35597 1
83497 72275 2
74767 30002 1
63746 93251 2
73987 19840 2
78940 62274 1
64929 6731 1
82777 3558 2
63324 84619 1
16798 80872 1
22603 95229 2
96884 96711 2
83753 33728 1
7815 46373 1
12853 17529 2
37386 70728 1
77907 58703 2
2642 80922 1
47112 93455 1
85910 95690 2
70145 25929 2
51510 51817 1
40077 70353 1
63793 63886 1
27967 16703 1
57965 23507 2
973 34223 1
89010 26325 2
39635 64258 2
3823 29303 1
74545 26875 2
24532 91264 2
26025 36451 2
20887 14488 2
13762 44454 1
50607 54191 2
70280 25620 1
12028 73015 1
89577 25153 1
60509 44293 1
84313 89669 1
5304 94708 2
88687 7324 1
4726 44897 2
83142 45510 2
96451 98032 2
88637 56393 2
45266 42502 1
4663 26314 1
14200 47340 2
58460 70264 1
92749 5075 2
68182 72545 1
38734 85098 2
33141 95483 2
52957 70890 1
13868 79933 2
15391 23211 1
3697 66691 2
77213 72812 2
63169 36973 1
17604 12847 2
19097 70688 2
56229 89882 1
3134 38947 2
85461 9847 2
20214 22532 2
93806 16628 1
86189 88049 2
79597 45348 1
43858 83327 2
74290 86557 1
93399 49511 1
38819 87352 1
69908 52036 2
31016 83893 2
92420 5366 1
49424 45012 2
96230 78753 1
1196 49532 1
15677 3439 1
63471 44247 2
43793 54570 2
35668 44372 1
95052 4163 1
82455 47109 2
23230 5454 2
5082 99038 2
69050 76003 2
49346 31356 2
99958 66943 1
73304 65276 2
54383 15169 2
22409 21279 1
52355 9613 1
58470 41069 2
82581 3084 1
67365 42798 1
18028 10890 1
79166 31698 1
26868 45015 1
6510 55499 2
73851 30247 2
2872 98862 2
79605 5906 1
47998 73174 2
39865 81364 1
65100 63009 1
97474 99598 2
34574 26865 2
26512 69123 2
47446 16587 1
56516 41500 1
39191 7355 1
7335 15781 2
66252 47631 2
49315 61613 1
72402 86328 2
98152 42186 1
16009 90348 1
26729 12883 2
74711 73798 2
1597 85572 1
27205 19140 1
99934 88094 2
91264 10952 2
97773 69988 1
22553 22200 1
99148 94558 2
78374 54495 2
62658 70330 2
58175 35785 2
53531 84422 2
79297 24555 2
88582 15256 2
57710 3384 1
27093 14118 1
56395 19661 1
15360 62862 2
5121 50502 1
53090 74543 2
55037 90854 2
2714 42862 1
82193 85588 2
52268 94547 1
67760 61784 2
10206 52425 1
22997 34626 2
94779 40641 1
14781 89092 2
23987 62767 1
11880 63283 2
63769 22604 1
65564 17386 1
17508 82354 2
84674 29926 1
94030 18595 1
82727 27019 1
54072 96547 2
45981 85725 1
60804 19449 2
16119 96072 2
13146 31826 2
17904 11769 1
43204 95358 2
61061 5795 2
79729 81361 1
85334 17755 2
65302 43395 1
4009 85180 2
1000 19057 1
68199 62660 1
10531 730 2
48221 77941 2
97062 3874 2
50525 70773 1
43093 33138 1
81818 74958 2
49462 44950 1
42991 81327 1
44436 12958 2
49785 32873 2
85215 69565 2
54360 24274 2
81226 63405 1
98227 12678 1
72972 64714 2
61713 45601 1
31264 22002 1
25536 23078 2
96197 30379 2
40369 77851 1
94494 63229 2
2010 93675 2
51826 2452 2
24595 32450 1
65709 84959 1
23322 85013 1
40158 67924 2
62959 5496 2
79735 20714 1
15480 4805 2
59184 35101 1
16990 43004 2
13061 33645 1
47214 85917 1
78451 95 1
41946 54544 1
69887 78234 2
51926 27293 2
72687 28396 2
24955 28404 2
66382 23651 1
44902 92519 1
63916 41141 1
14874 62219 2
56764 1848 1
90906 76699 2
97205 69450 2
68528 29557 2
21202 9322 1
68809 55098 2
28114 25245 2
32311 42898 1
59384 99530 2
62638 20646 2
95692 32766 1
69127 41093 2
61944 4585 2
87007 86591 2
4427 21535 2
72313 11725 2
94810 91705 2
87160 86695 2
65914 785 2
69478 6668 1
36615 49513 1
90320 12670 2
75425 84805 2
30568 84387 2
64682 35884 2
10690 6693 1
91241 82475 1
4439 85747 2
83273 45170 2
60101 14334 2
41914 66517 1
63180 15933 1
31823 75084 1
33490 23209 1
53631 96083 1
77313 73217 2
2981 1675 1
97508 12968 2
45952 6839 1
96013 70338 2
63347 66976 1
48626 99195 2
68262 97042 2
21259 16608 2
22755 34780 2
54294 45859 2
46522 44660 1
74996 47643 1
6557 38705 1
59625 77122 2
19301 14799 2
54847 47029 1
27243 87951 1
94756 74872 2
97936 42804 1
56519 30735 1
6997 51366 1
11327 4934 1
67268 1555 2
28612 43018 1
45861 39753 2
468 69358 2
93609 7454 2
28943 78503 2
47556 82824 2
3164 35600 1
47850 55717 1
84194 77703 1
48537 43221 2
5487 56974 2
19727 7642 1
39445 64715 1
12144 84959 1
64424 56744 2
90145 40398 2
5121 7764 2
84784 98200 2
20126 36672 2
39273 96658 2
38335 74082 2
19362 43026 2
5163 79701 2
55504 74582 2
99625 4664 2
72432 29501 1
64296 48811 1
26239 29036 1
37783 31733 2
40322 99434 1
68013 8224 2
51135 25956 1
30658 81179 1
87138 89770 1
57364 32183 1
47066 432 2
81636 54347 1
31449 98542 2
60950 26097 1
33719 40481 1
56053 95590 1
32207 78951 1
20812 48397 1
72544 88359 1
53038 41869 2
74285 92263 1
85262 1679 1
64542 15380 2
89928 21057 2
60573 63646 2
40151 32661 1
43578 83480 1
15452 5442 2
99080 20188 1
77022 21762 2
44957 70182 2
45188 89267 1
50998 24660 2
11357 23670 2
27536 17452 1
42936 82451 2
71568 28054 1
62284 68595 2
65212 58270 2
6866 80613 2
70336 80403 2
10085 25561 2
42251 33643 2
56553 82632 2
93935 32125 2
65826 34570 2
7524 27941 2
48024 43934 2
49093 16163 1
4889 21702 1
20721 38556 1
16791 6952 2
58187 61880 2
56134 91982 2
74971 19074 2
31679 23719 1
65996 99660 1
51296 26468 2
33227 72 1
60330 65819 1
92750 143 1
24482 99112 1
29643 38558 1
13488 25767 1
24668 19093 2
71107 8315 1
53378 96534 1
39626 24651 1
4575 83244 1
69596 75007 1
53050 70625 1
19378 88743 1
57023 20134 1
98920 70452 1
36957 92079 2
84223 9853 2
88934 14292 1
86942 20604 1
53938 67410 1
75852 69839 2
81820 15880 2
632 3063 1
9731 47835 1
41810 82428 1
24875 40434 1
86447 5703 2
61882 71066 1
63624 62246 1
59995 51523 2
37659 27307 1
63710 23841 1
75177 59694 1
76438 82380 2
33047 27815 1
11609 6784 2
58605 52596 1
19332 19678 1
56954 44697 1
27381 24777 1
62029 94235 2
87951 73066 2
29789 19460 2
63161 19501 2
57763 5315 1
49119 81666 2
62907 74697 2
2640 30748 1
52199 1356 2
24254 39541 1
98443 48519 1
71009 20456 2
81778 3576 1
13236 33366 2
51303 12033 2
59607 75266 1
11453 68905 2
39051 78677 2
98344 18264 1
77497 38106 1
53890 3934 1
77676 2019 2
6247 14412 2
72466 36098 2
39129 21433 2
94014 82097 2
22492 98430 1
75273 39563 2
67227 28475 2
83917 50160 1
62210 40176 2
19401 47013 2
84865 40484 1
64256 72210 1
44176 90946 2
51865 68130 1
87717 77431 2
21600 41478 2
29759 19926 1
27492 850 1
16479 10292 1
10231 50559 2
54090 57131 2
12721 70056 1
13896 47963 2
95054 75661 1
45992 42245 2
66283 58930 2
61402 88015 1
16941 27009 2
87699 83170 2
10426 23012 1
60013 39727 2
16925 37484 1
16612 67846 2
11590 75821 2
3994 67069 1
16744 61119 2
66643 71279 1
58746 19071 1
77882 85146 2
83383 13803 1
60571 19456 2
2973 48554 2
25607 53095 1
10674 40994 1
75475 27225 2
6778 94304 2
89368 28101 2
78306 32884 1
22965 75932 1
32537 11090 1
14696 92372 2
68241 89138 1
97209 33833 1
38178 57712 2
41936 96887 2
81352 72748 2
29946 76705 1
76864 42252 1
24039 46893 1
42767 92310 1
77167 99078 1
73755 2582 1
68584 94393 2
79088 22366 1
31218 50712 1
74716 61632 2
71339 57434 2
53139 49878 1
49659 8537 1
78987 5723 1
49674 17138 2
49249 39024 2
40101 23657 1
15699 8952 2
41021 68578 2
65892 7483 2
20167 47305 2
88988 56807 2
5053 6667 2
37605 59658 1
25627 827 1
31759 81274 2
66435 13198 1
51916 32749 2
42650 75039 2
81749 33281 1
45128 28460 1
79811 67797 1
75036 33910 1
67735 15694 1
67302 28485 2
12658 1300 1
37307 62914 1
1533 99474 2
69109 7228 2
80707 46745 2
58320 60932 1
7826 42973 1
29454 1712 2
82622 21430 1
52724 46267 1
95166 97601 1
26507 6915 2
62029 57341 1
54368 58859 2
79658 66543 1
34276 36215 1
32952 26526 1
69644 21586 1
94527 40119 2
50578 85995 2
93481 49098 1
27282 32147 1
56550 36491 2
94510 36929 2
91592 91954 1
50475 79982 1
15880 39131 1
45394 50970 2
78431 14407 2
77392 15845 1
58190 5657 1
69878 71702 1
59799 88730 1
57753 7480 1
7553 29174 1
44467 38840 1
88535 90493 1
55680 58440 2
69386 72515 2
56514 77471 1
30635 68448 2
85726 8375 1
31762 1616 1
61373 73582 2
8922 52243 1
54540 23301 2
42082 32879 2
91356 37700 1
9357 67945 1
38914 32308 1
78019 50320 1
37464 86979 2
27278 24274 1
58426 72836 2
30174 33125 2
58954 23212 1
8902 50208 2
54029 75222 2
97052 20639 1
28076 32128 1
41372 89154 2
23540 70316 2
14630 26734 1
18294 92000 1
86972 6538 1
70632 35814 1
67237 1988 2
96385 8749 1
46957 77418 1
6849 14534 2
6946 71505 2
72679 68648 2
61080 88178 1
60569 40428 1
93702 4840 1
47328 61393 2
2183 8211 1
51881 67129 2
64251 17399 2
31109 49322 2
53987 90142 2
51945 95471 2
99976 26130 2
88399 12597 2
89588 71044 1
42612 71406 2
31543 80456 1
81688 21137 1
23396 44246 1
13217 65880 2
82801 61419 2
43768 29888 1
15419 69926 1
14122 48269 2
48127 83691 2
93608 12355 2
10082 40163 1
43079 7022 1
83851 93018 2
94145 68923 2
85411 6720 2
15827 59069 2
77564 77449 2
541 6537 1
84295 8621 1
75013 21562 2
62044 12968 1
55956 6029 2
98998 52571 1
64567 68518 2
3540 34857 1
36543 38346 2
85850 16155 2
82657 84643 2
86382 44285 1
18807 4191 1
54715 40959 2
87710 81425 1
57233 15220 2
10742 3983 2
1187 49046 2
87557 7826 1
64679 49376 1
89716 98841 2
11866 82899 1
54768 49638 1
90 13874 1
48490 93695 1
18282 50405 2
94040 63470 1
12145 75354 1
48978 24898 2
68123 7135 1
12661 16972 1
98326 52714 1
56708 41987 2
4727 44721 1
29634 55744 2
69075 83666 2
28633 35011 1
45926 11532 1
52214 91532 2
78127 50788 2
61770 7234 2
44370 29026 2
26091 91408 2
13013 23953 1
30001 45251 2
33763 68546 2
185 84397 2
89740 60873 2
4133 56549 1
90883 41823 2
46362 53797 2
99071 53150 1
94082 45227 1
43418 46440 1
39400 44184 1
56853 13377 2
19998 27892 1
81394 11888 1
17049 6760 1
76728 99906 1
27636 24450 2
6803 37575 1
29193 90037 2
80402 25427 1
98459 12310 1
59335 24382 2
48560 47200 2
28746 75589 2
50927 2609 2
119 3271 2
78374 89675 1
52811 23528 1
3014 18004 2
15723 19313 1
48453 77942 1
22877 2638 2
57499 64031 2
42892 89903 1
27973 46658 2
34216 35015 1
22214 38837 2
36836 54992 2
77345 32753 1
34071 60582 2
37216 75093 1
96603 19431 1
82864 49892 1
40625 63769 1
58818 18626 2
80731 37892 1
11372 12634 1
91937 35764 1
6374 28443 1
67117 11960 2
90862 55990 1
92015 32838 1
30852 35778 1
93785 39541 2
33454 50297 1
51651 62657 1
49142 49592 1
22152 65034 2
6535 57123 1
34536 63477 2
36531 80894 2
15268 38858 1
7856 87733 1
33221 39252 2
79862 90453 2
64790 37124 2
66243 40112 2
59685 34735 2
30839 89054 1
51974 299 2
35704 80310 2
63952 43414 2
18895 88633 2
42590 20015 1
43562 52616 1
10287 80571 1
79480 77609 1
85702 5185 1
8016 94502 2
64522 31118 2
5482 63949 2
64519 85522 2
3012 13265 1
85324 49377 1
79070 70023 2
5420 51380 2
63454 55146 2
66237 8613 1
52814 49880 2
1019 31094 2
59929 38899 1
9830 54155 1
7025 85890 1
2143 15051 2
13580 74125 1
13647 17603 1
65666 26563 1
63265 58947 2
32977 31288 1
3235 50495 2
70489 92415 1
14409 90415 2
81505 64437 2
73066 46991 1
51472 36854 2
26241 70304 2
16756 72037 2
31533 90085 1
34591 74089 1
10161 56007 1
70052 86186 2
82709 3346 1
87711 79032 1
9891 4373 1
49162 25764 2
44267 28902 1
63369 13701 1
58943 1916 1
22911 75701 1
8408 12819 2
72342 13010 2
60207 77836 2
88060 44285 2
18180 63242 1
56512 79646 1
40731 74325 1
37753 65886 1
37178 86747 2
28287 75467 1
74189 54890 2
98928 79224 2
21090 56920 2
16877 1722 2
67853 11995 2
954 21708 2
7877 6961 2
80769 86988 2
48389 55642 1
62480 86428 1
88076 2232 1
97750 29730 1
51198 92086 1
6346 36264 1
67264 36414 1
84292 20060 1
98751 34914 1
63682 85841 1
50762 44820 1
55205 23133 1
42068 12205 1
68785 37241 1
90963 13962 2
78512 7140 2
72836 746 1
77744 55488 1
30532 60786 2
82080 8211 2
58520 50761 1
37975 83848 1
93510 30812 1
86894 46220 2
87386 76443 1
25216 56433 1
15490 44090 1
95057 38478 2
39986 52017 2
2948 94364 2
65 30461 2
43300 96187 2
73418 61884 2
88284 39979 1
13804 9141 2
44959 25011 1
2219 16494 2
80385 50942 2
10285 86644 2
48379 57401 1
6781 69751 1
23435 19895 2
51467 57866 2
7570 24365 1
89321 14343 2
37972 87894 2
8336 15050 1
10939 35823 2
81369 7889 1
82197 54300 2
86725 77538 1
61361 85986 2
90390 57797 1
38886 17035 2
58995 29382 2
33837 39813 2
65000 72148 1
15586 23939 1
85923 40485 1
55174 36154 1
56089 27568 1
57376 63173 1
64479 79729 1
88887 49122 1
75601 46024 2
54458 5939 1
40622 90106 1
73464 69918 1
62969 53199 2
360 47342 2
93562 53490 2
76323 98991 2
46715 90357 1
44485 84053 2
61964 89322 2
26959 54006 2
3648 29643 1
89960 86891 2
11854 82002 2
92727 51572 1
55472 51362 2
78411 39825 2
55079 44508 2
8404 54121 2
32693 62795 2
76935 21735 1
16513 12185 1
53341 7576 2
63255 85015 1
18068 53742 2
19365 33081 1
5485 11840 2
2976 439 2
58572 69896 2
96317 65582 2
9532 20163 2
1528 47773 1
76232 65973 1
66000 88457 1
86563 99778 2
8969 35417 1
84353 1334 1
34536 36122 1
91931 27774 1
94139 57308 1
11344 95309 2
45807 4083 1
8286 38584 2
5592 57143 1
42285 74330 1
75948 97956 1
78084 45457 2
76168 59131 1
44786 81215 1
12394 94559 2
83463 57450 2
10389 44569 2
95192 26940 1
58160 57685 2
13470 59459 2
64071 40707 2
58167 47346 1
57192 82582 1
33252 88703 2
58312 77608 1
3882 28259 1
69084 49940 1
44049 38013 2
13216 17243 2
2920 37199 2
15155 20288 1
67839 84095 1
65433 41228 2
29995 61112 2
62904 72842 2
25989 60262 2
48315 72940 1
61771 79357 2
70322 73316 2
86974 64851 2
87760 93004 2
28707 28386 2
45996 15359 2
89442 20807 1
5441 20157 2
68074 40134 1
54349 4651 1
40363 30851 2
25846 90641 2
37050 88970 2
33088 17530 2
62672 22280 1
61272 95223 2
43916 61615 1
16781 93788 2
91276 38870 1
10321 82562 1
66968 84791 1
33500 30788 2
30584 13840 2
36745 55298 2
18232 94274 2
88184 68896 1
64075 77781 1
44170 65864 1
74533 53970 1
35752 85380 1
83872 99655 2
11485 87269 1
19800 84167 1
11351 94559 2
43631 63719 2
91978 26026 1
11434 38691 1
13581 46371 2
53169 18902 1
90970 45000 2
9267 26725 2
26578 99872 2
2240 46869 1
41111 26801 1
44269 15281 1
62097 3784 2
788 63845 2
57610 245 1
10801 32037 1
70162 98668 1
45670 77767 2
74427 79973 2
98839 42244 1
94813 99708 1
85167 60763 1
43348 9458 2
35482 93583 2
61021 60266 1
13161 96580 1
67069 57325 2
24625 4837 1
62554 31142 2
78348 44129 1
35359 37799 1
62966 34986 1
88636 74403 2
77329 62197 2
37668 91793 1
36993 13276 2
67022 46319 1
91537 89279 1
77333 16893 2
51757 79518 2
97240 67710 1
6470 12481 1
87386 97338 2
79601 2609 1
23299 61759 1
63304 70108 2
55709 39067 1
99943 28436 1
36312 1444 2
63088 50097 2
14854 19600 2
89640 38794 2
68447 85629 2
56664 47680 1
77087 73610 1
4140 15732 2
48803 23452 2
21559 37804 2
31120 34043 2
9774 89554 2
11244 27506 1
60552 36724 1
48003 10994 1
34533 16549 2
90819 8559 1
52036 86235 2
78048 57633 1
51306 98991 1
35985 46501 1
34946 29216 1
89777 40058 1
46808 31792 1
52543 12357 1
87965 25221 2
11358 41485 1
13478 39434 2
66710 48191 1
34125 10347 2
64145 48843 2
76942 12828 1
40735 93573 2
67403 3923 2
74898 10693 2
46441 61610 2
26499 67207 1
18577 24958 1
41227 39308 1
3536 62162 1
1547 70808 2
40759 38573 2
35140 62834 2
16859 8567 2
9568 28806 1
36150 97664 1
83559 8166 2
28292 38650 2
6251 3461 1
39655 31194 2
16765 80155 1
26084 34395 1
23477 81444 2
83876 7546 2
20046 65088 2
37140 80539 1
92423 4917 2
83845 33475 1
78851 90280 2
13388 59644 1
75882 54184 2
24547 57748 2
50406 40675 2
12743 4606 1
35879 40047 1
91256 17871 1
81663 74403 2
36668 29282 2
20839 67003 1
75611 59605 1
26456 70327 2
23876 94410 1
60499 17532 2
35687 87495 1
67098 65201 2
32218 95446 2
81972 36836 1
14997 89541 1
65229 92611 2
52405 63175 2
20019 40419 1
13724 13458 2
5306 57501 1
7151 51647 2
70329 35500 1
36791 31726 2
71627 62960 1
73473 41087 2
54191 42989 2
67006 67449 2
33609 81389 1
39236 7718 1
41119 76538 1
27242 42517 2
19004 18789 1
8848 61624 2
94768 49218 1
52885 66148 1
29677 10217 2
53439 57011 1
59724 37623 1
97239 20293 2
15079 58315 1
56170 76666 2
77852 54345 2
51145 65882 1
53136 69050 1
77129 8141 1
88777 75946 2
47940 31107 2
14035 67401 1
52023 654 1
10013 55307 2
95842 4419 2
85721 5800 2
35179 89533 2
98143 2108 1
42235 61082 1
25162 36616 2
84447 16444 1
96313 57775 1
73480 91912 1
13232 91898 2
53516 91850 2
86517 11605 2
5795 70576 1
49299 5744 1
46282 64299 1
43162 52638 1
36451 68433 2
17949 85657 2
28339 30685 1
76594 46044 1
91555 43885 1
34518 30440 2
78368 74211 2
31878 10688 1
35772 95909 1
64199 83788 2
7178 81726 1
84032 86522 2
95557 5562 2
81531 59544 2
81802 49582 1
86247 12156 1
21401 14797 1
96536 94396 2
85880 17812 1
56198 60406 2
7120 72543 1
9930 98761 1
18862 54769 1
66500 91066 1
11427 4465 1
7416 20593 1
83813 81831 1
48459 47033 2
91628 93859 2
89291 62947 1
17973 92535 1
98885 45411 1
37507 50328 2
6701 2866 2
37817 26913 2
65305 73002 1
38305 63023 1
50566 89357 1
7464 70054 2
6930 25503 2
767 1866 1
20224 42183 2
30716 55975 2
95895 79122 1
81975 68683 1
5603 6288 2
85421 95654 2
86003 66933 1
27617 56593 2
42905 53113 2
28182 29668 2
47373 99897 2
93974 75389 1
96138 94804 2
33710 32512 1
39152 55630 1
24975 66514 2
29440 34384 2
5711 33245 1
69955 64134 1
13414 86288 1
17092 64800 2
52178 40060 2
55057 24273 1
70099 18231 2
606 99091 1
10831 56285 2
32865 99202 2
71791 7242 1
39799 10620 1
79008 63201 2
75870 89479 1
56308 43400 2
92825 35595 2
14462 77034 2
43120 36628 2
93466 77908 1
53037 45361 1
80226 3960 1
68543 4504 1
35098 80525 2
87003 95584 2
28485 14060 1
10998 59077 2
1805 52629 1
90988 12551 2
62751 95240 1
23325 30955 2
82252 74925 1
3722 85177 2
4746 81580 1
28860 38684 1
21201 48117 2
71198 27173 1
90655 79066 2
48734 66473 1
54644 26960 2
17040 28030 1
85527 99090 2
66027 63490 2
8783 78942 1
74857 26132 2
74474 20053 1
19787 5977 1
1465 66527 1
85844 67576 2
73426 98373 2
91017 32286 2
47021 49398 2
25591 1819 2
53928 31298 1
57133 94820 1
97347 94722 1
92477 71119 1
86533 96942 2
61216 60121 2
21429 90085 1
84239 30531 2
60481 78217 1
15146 46481 2
35995 17184 2
68117 51178 2
73494 1012 2
58294 99643 2
79949 980 1
66969 45620 1
80093 68337 1
48076 5673 2
9511 99618 1
91203 69362 2
28623 1696 2
94261 11083 2
65855 87211 2
28477 94933 2
44420 34147 2
17050 81107 2
31312 94575 2
207 60334 1
36247 89626 2
82500 76850 2
6898 51985 2
94051 21390 1
87231 81894 2
16347 58424 1
60030 38800 1
92705 88039 2
51414 78473 1
31850 30871 2
79054 98318 2
94387 53385 1
68980 31715 1
92153 54656 2
99834 59276 1
42561 65508 2
97715 22709 1
52561 73603 1
7611 61420 1
22165 70731 1
56748 65857 1
77339 91378 1
56458 95212 1
14359 36014 1
59544 17383 2
80704 27709 1
22849 34192 2
16753 66399 2
15056 88489 2
49385 78039 2
2103 85400 2
5259 14957 2
71596 20519 1
83103 34350 2
33736 48549 2
55919 97195 2
55654 13635 2
83531 3574 2
7786 19575 2
15622 90120 1
26775 86684 2
45046 66558 1
61752 9009 2
48823 69239 2
87416 12502 2
42057 64280 2
54698 89746 1
78254 66568 1
90882 28207 2
7981 69044 2
26521 39164 2
19378 11212 2
75853 48682 1
9707 41188 2
8830 64624 2
24780 2772 1
10867 44488 2
62828 82009 1
55091 48911 1
47622 20209 2
55852 8296 2
3225 58691 2
18512 21946 2
29865 40021 1
48403 74286 2
35835 71508 1
49486 13202 2
98397 31856 2
84863 17432 2
10172 80380 1
56999 36759 1
55915 31154 1
29386 80489 1
78019 12462 2
18323 49036 1
64221 96846 2
73869 28226 1
75450 16952 2
99563 99216 2
31036 57460 1
10177 7042 1
85706 18894 2
59144 15942 1
43856 13174 1
38014 5708 1
38236 89823 2
45252 59277 1
31394 26787 1
7998 41153 2
1081 69277 1
1431 4455 2
5340 53197 1
52058 88577 2
39307 51832 1
41530 27541 2
92519 26150 2
94795 85805 2
60633 44194 1
14502 92696 1
10123 55870 2
62889 80359 2
93357 8492 2
30581 79344 1
41074 67078 2
91502 87279 2
13744 11846 2
41663 62400 1
85316 39727 1
83091 76742 1
27148 30818 2
99613 36744 1
12459 97578 1
56433 93230 2
52936 37905 2
63944 11048 2
46479 11432 1
21312 66983 2
31246 82595 1
67546 17122 1
7417 47259 1
70843 28883 2
4968 25738 2
3083 47064 1
93844 47282 2
29209 78226 1
18045 60183 2
78932 36745 2
42022 62336 2
68883 80550 2
58551 20218 1
28015 41015 1
50779 31317 2
49124 94318 2
85792 99077 1
88724 52803 1
27609 59842 1
69315 26734 1
52543 90120 1
80988 35533 2
75852 71128 1
39562 900 1
53758 50933 1
46848 42296 1
76954 41608 1
12434 68435 2
2247 14237 1
71801 75300 1
80655 37732 2
48116 87964 2
28961 48464 1
95233 24433 1
78066 23515 1
38472 57566 2
73175 3264 2
46672 16161 1
4044 19840 1
13192 28029 2
71184 18494 1
53856 49974 1
3431 15619 1
26221 14071 2
40535 18490 2
78184 10095 2
49035 71573 2
53296 59055 1
98483 41126 1
50179 40718 1
88226 42119 2
6793 43685 1
14543 99379 2
54602 30548 2
78164 96842 2
66578 36923 2
34482 13969 2
42996 74337 1
74795 36400 1
59876 49137 2
75623 77938 2
38108 41464 2
43376 48392 2
80696 60873 2
97397 33542 1
49946 20537 2
37035 6181 2
72294 82947 2
76007 56064 2
36583 37892 1
35045 72727 2
73833 83648 1
49476 69454 2
90140 41628 1
80744 72943 1
14616 14882 2
71479 71140 2
11219 37696 1
91229 52350 2
25932 19753 1
99656 58993 2
42308 68626 2
50444 81301 2
10464 48566 2
39519 61351 2
13192 61779 2
31166 72710 2
71211 96619 1
51655 24502 2
68473 57444 1
56285 16320 1
64551 97352 2
61640 23344 2
82415 78886 1
8882 75638 1
75597 20143 2
59050 44678 1
58179 92473 2
7429 17560 2
59766 71360 1
93624 32968 2
19630 27584 1
3999 65335 1
39002 57436 2
37274 98920 2
61834 96346 2
27050 99236 1
47027 58373 2
72921 24150 2
29967 54186 2
48079 92880 2
21818 67195 1
95837 63301 2
7638 43343 1
75798 52716 1
59368 54048 1
25137 17219 1
37080 59851 2
70185 66090 2
6101 49972 1
58845 7428 2
77743 63391 2
76336 43770 2
12379 40664 2
62058 23895 2
98771 89324 2
7157 20108 1
71283 83246 1
55456 86190 1
62429 90131 2
34752 77651 1
44182 80598 1
95626 86425 2
57415 3701 2
76379 13343 1
65085 11410 1
8880 76426 1
48681 13906 2
13966 81954 1
53120 26881 1
75995 22866 1
4092 23373 2
16067 91531 1
53817 93735 2
66708 61441 1
17177 59365 2
51586 72973 2
84961 95074 1
51140 45833 1
32601 53885 2
94677 69591 2
1296 5846 2
61396 20347 2
42198 52148 1
78404 97372 1
95937 82241 2
86157 39399 2
73768 21452 1
69881 59628 1
28331 62374 2
63127 24415 1
44521 10886 1
9852 37656 1
60551 42501 2
44701 723 1
33264 58147 1
68663 46257 1
19888 11488 1
29895 62294 2
19416 51939 2
38802 63625 2
71069 22935 1
23902 58582 2
84345 38889 2
22807 58767 2
68777 24427 1
59435 41191 2
98573 78068 1
32078 62614 2
69163 42270 1
69207 34872 2
75307 26503 2
78081 97133 1
36060 8368 2
60331 85563 2
10766 30273 2
409 28167 2
14391 56003 2
61936 59776 1
42671 28164 1
414 35092 1
89491 69559 1
58416 86457 2
84165 36657 1
94617 44518 1
70666 71085 1
13650 25175 1
39083 9385 2
11860 56268 2
40405 98727 2
50464 86122 2
16025 77325 2
74552 64088 1
85484 88485 1
80099 45380 2
68296 77470 2
44237 7772 2
20265 17033 2
70948 22965 2
82130 41277 1
10012 98376 2
89829 41971 1
29036 84880 1
70958 87530 1
81071 42669 1
93401 67364 2
55204 55971 1
43095 5544 2
50159 64828 1
17086 26398 1
95861 62594 2
9350 25686 1
836 10310 1
78668 16609 2
11849 41916 1
60786 68662 1
86135 18716 2
70045 50415 2
43079 68291 2
11062 26409 1
49874 16080 2
68138 95176 2
89977 91879 2
554 40272 1
21662 93585 1
87852 38573 1
32648 13754 2
84584 63980 2
51747 44146 2
11771 26656 2
20925 27757 2
17767 43294 2
51979 49923 2
67025 1121 2
25090 16912 2
72482 39558 1
57470 69077 2
41895 82705 2
97054 181 2
42033 23207 1
35461 85529 1
86 51378 2
46075 8429 1
30542 4928 1
75979 97761 2
5590 19300 2
99171 44584 1
5617 12852 1
18198 43164 1
63682 46121 2
89245 3000 1
4627 95650 2
32882 5469 1
48241 92129 2
77363 47598 2
65453 47852 2
55173 58515 1
39196 92461 2
95023 47194 2
88120 59283 1
92730 86001 1
41470 71311 2
68664 37902 2
2766 56760 2
99770 56679 1
66734 74183 2
91320 15898 1
73287 42972 2
21166 65158 2
54118 28407 2
71641 18672 1
55997 60863 2
55069 4256 2
35423 74207 1
84034 41505 1
14279 452 2
74643 25604 1
9778 32288 2
87326 61213 2
74048 93866 2
96694 91269 2
35703 27868 2
50388 91478 1
90432 25876 1
73138 13426 1
57256 37459 2
51887 83293 1
27424 72833 1
91470 25598 1
79710 97287 1
76630 52002 2
41498 78771 2
63955 14329 1
52978 62904 2
64308 2999 2
99430 88619 2
39979 12404 1
34044 72775 2
87792 17869 1
81501 39754 1
96638 34913 1
73334 31286 1
59733 32148 1
61337 2961 1
982 83727 2
64953 38213 1
67882 23038 1
37393 3872 1
16092 64785 1
10206 10741 2
19418 40251 1
14752 47482 1
69592 30806 2
4157 68968 2
80524 24158 1
98495 87678 1
35379 30129 1
1169 68095 1
42187 93653 2
18149 56527 2
37623 57106 2
38833 19321 2
26334 90644 2
90733 32012 2
67916 92554 2
77846 46169 1
16400 62698 1
38095 61911 1
86428 97035 2
36027 70560 1
45673 56713 1
70724 68945 2
75696 90468 2
38167 60878 2
60049 51361 2
1030 14075 1
28976 72136 2
55140 62756 2
43251 2404 1
92333 1462 1
70438 65222 2
31323 82148 2
81623 58019 1
11378 20931 1
98586 4305 1
16213 59790 2
58885 4302 2
89998 92290 2
31541 47737 1
53706 80707 1
51560 37175 2
91931 35990 2
50817 73519 1
77204 48869 2
11496 49134 1
58577 92894 1
41063 13668 1
58732 21140 1
16078 44102 2
99241 19580 1
67183 82602 1
10603 18546 2
36290 35725 1
74140 38674 1
69667 13552 2
29257 82015 2
83599 70583 2
41124 82975 1
49003 43497 2
14561 18268 2
79197 47251 2
19801 1733 2
54865 12389 1
12426 75787 2
30069 75699 1
8404 90884 1
55005 40885 1
43357 52524 2
18848 39975 2
49262 41471 2
21176 90186 2
84245 17152 1
9030 75585 2
56833 66486 2
22285 67957 2
68617 75689 1
62034 97010 1
67141 75209 1
17314 73288 1
947 46152 2
54892 31050 2
90420 82075 1
54819 99122 1
35116 60380 1
19357 29755 2
7685 25931 1
14358 91910 1
77868 43240 1
82446 70134 2
44019 29019 1
45063 61811 2
56398 35469 1
3208 90475 1
43670 10476 2
35773 32140 2
15561 58443 1
58932 66060 2
35815 48095 2
82945 7713 2
48631 2019 1
54011 84553 1
33792 96469 2
43997 67108 1
43952 6391 2
61638 46101 1
50425 53807 1
61081 18564 2
44943 52679 2
52158 25246 1
27819 19021 2
91039 92596 1
53867 87732 2
70764 49624 2
46895 9938 2
46967 24995 1
87326 75232 2
74745 96242 2
78495 8893 1
1835 78884 2
52416 60363 2
89998 13246 1
48947 19888 2
81668 67911 2
89708 90263 1
85524 87756 1
36324 38093 2
32170 53917 1
31673 96196 1
44500 89902 2
39692 83219 1
96678 42807 1
36673 77843 1
7095 45877 1
22594 77092 1
37858 64295 2
40029 99654 2
89574 12753 1
96993 31744 2
79750 87804 1
47685 71453 2
7146 14356 2
20418 96522 1
22972 63977 1
26548 23610 1
9452 59726 1
71132 40610 2
34413 1117 1
88609 13341 2
60565 62066 1
83882 6408 1
98785 38507 2
65573 45927 2
99887 34798 1
70948 53087 2
89121 63075 1
88699 33754 2
17089 52790 1
7235 14342 2
59032 59767 2
42170 99030 1
43125 70617 1
8769 29695 2
76876 662 2
26236 31196 1
72788 71209 2
54486 91339 1
32936 73426 2
22554 1422 2
37799 37142 1
23163 87243 2
80949 24445 1
6157 91277 2
43320 21074 1
92137 50560 1
84827 21799 2
60077 78808 2
34030 17742 2
36666 56683 1
548 6145 2
57236 55122 2
88051 98106 2
91814 24653 1
38808 1532 1
57019 18844 1
20592 7368 2
98918 71942 2
6080 78313 2
15195 68790 1
94031 16169 1
87220 33113 1
42983 54969 1
19629 3585 1
64215 43053 1
50183 79045 1
62355 52894 1
24969 87519 2
71122 15174 2
26522 428 2
89167 72135 1
80329 62416 2
39690 1797 1
98086 71119 2
548 98791 2
26854 63029 1
4134 63482 2
29378 69679 2
56314 78030 2
14264 80432 1
39856 30839 2
29641 45805 1
94747 84013 1
33049 96449 2
19506 19884 1
10419 37290 2
2959 41493 1
16226 66730 2
20691 28075 1
20121 32359 2
20224 23383 1
55212 53739 2
30206 95205 1
96053 62436 1
3639 65989 1
34512 23845 1
62906 78506 1
84511 26980 2
93179 38606 1
56774 65562 2
84753 33228 2
16240 56390 1
76088 39941 2
28264 36266 2
26893 54844 1
26209 99020 1
43029 68730 2
9615 65303 2
14485 16362 2
93356 55031 2
6075 5470 1
14452 53889 2
17556 36648 2
57257 25032 1
468 69154 2
6703 81129 2
70609 8999 1
84689 30240 2
55144 26007 1
92634 3761 2
96151 98423 1
72285 71392 2
69057 71759 1
32526 99993 1
6926 92682 1
45799 66569 2
89543 43801 2
3716 31042 2
8318 81809 2
66663 64507 2
63236 80712 2
53237 2702 2
94514 48252 1
56438 65753 1
33121 50220 1
43097 1277 1
52433 3644 2
2606 61602 1
64870 75094 1
23210 24433 1
14374 81028 2
28006 63800 1
11004 70935 1
9697 59146 1
98968 81603 1
70937 3964 2
10669 2432 2
80278 64970 2
53522 58379 2
20992 89392 1
94690 13091 1
15203 13936 1
45052 73164 2
98386 19154 2
3427 99087 2
73058 92768 1
7966 18296 1
1802 38694 1
22233 65079 1
47561 40984 2
75843 36192 2
98112 14188 2
89679 57099 1
12724 56443 1
99123 71444 2
95246 2949 2
71723 24508 2
25498 83050 2
33271 71622 1
39531 22801 1
89528 59867 2
52309 67781 1
90903 33798 2
45170 11506 1
88959 99417 1
28638 86573 2
70238 775 2
8827 5322 2
54536 90407 1
46798 52995 2
7956 79927 2
79840 97144 1
35389 71255 1
31901 3977 2
33954 64330 2
71320 60606 2
38054 70201 2
66822 92384 1
24688 9711 1
87358 72733 1
2156 75389 1
72928 70567 2
93097 1464 2
44235 70966 1
4410 70454 1
59108 38786 1
37493 57973 1
17398 79113 1
40790 74196 1
68237 91919 2
61661 53112 2
62426 1881 1
69068 72905 1
47538 13489 2
53706 54610 1
46831 14085 1
26978 66756 1
46733 22504 2
32901 21747 2
48430 99152 2
93316 17880 1
52183 21750 1
70358 34093 1
27985 52281 1
37112 45556 2
25481 9947 1
8136 24689 1
83824 2466 1
33962 12171 2
33819 75481 1
71971 7503 2
46596 15116 2
65184 31597 2
98887 18479 1
23536 8441 1
46694 39768 2
83814 30955 2
52102 53665 1
30200 11391 1
69712 94983 2
83811 18358 2
31376 24077 2
32036 75476 2
29849 68474 2
52256 90688 2
42976 97526 1
23837 76838 2
41117 47089 1
73735 15256 1
86573 21437 2
7116 93225 2
49490 11119 2
75008 12433 2
73425 3394 2
52026 11980 2
30227 97715 1
27573 18363 2
5125 88518 1
18096 65569 1
43128 40288 1
88879 86982 2
4897 63723 2
96343 65816 1
71994 54005 1
9333 58853 2
28095 89553 1
4056 92835 2
44018 90676 1
93203 47273 2
85688 91609 2
45436 58195 2
75738 10078 1
56432 65857 1
30853 49989 2
43692 20536 1
37994 24628 2
99157 62752 2
33790 38869 2
19058 80516 2
42235 90998 2
11404 14613 1
83230 44971 1
20181 55815 1
97191 67111 2
83326 75891 1
70140 49382 1
575 87220 2
23270 20103 2
19347 4714 1
71954 37386 2
58329 55450 2
55761 59958 2
54260 54187 1
18840 3542 2
11756 75690 2
17953 51766 2
92491 43111 2
32552 67915 1
35233 33718 1
89264 23945 2
98177 75215 1
80092 46762 2
48994 34671 1
12853 45326 1
79838 97877 1
5706 75477 1
84726 33893 2
62924 84167 2
39372 584 2
17774 39116 1
34215 93226 1
91211 87189 2
70259 72955 1
79455 72529 2
80446 30767 2
74893 5304 2
45884 33342 2
74488 48996 1
21700 92804 2
61194 33939 2
87826 65410 1
272 77479 1
41091 38171 2
84763 6117 2
82043 11960 1
46496 85626 1
96770 29221 1
10169 77681 1
14146 7186 1
68099 96734 1
70379 50386 1
29374 66390 2
92848 71327 1
45072 82068 1
83464 83764 2
42050 52406 2
61549 93298 1
81921 88542 1
37952 68508 2
66974 86099 2
2307 29882 2
42319 15357 2
34237 26426 2
41068 60396 1
85018 23690 2
24114 95153 2
12169 3584 1
7331 44034 1
43836 68210 2
84485 68987 2
61067 45534 1
2943 93464 1
96913 36419 2
17247 1501 2
2638 21286 1
15030 1230 2
4227 56783 1
21913 57526 2
9529 27209 1
83554 69348 1
84186 56389 2
22350 41354 1
22166 60279 2
88093 19389 1
79040 47576 2
33909 1464 1
5519 4482 1
6527 59320 1
66910 67159 1
93704 98145 1
1323 37115 2
73698 70039 2
38779 94421 2
36896 94662 2
55733 35666 1
89085 28892 2
49315 1954 1
13878 66089 1
58900 67225 1
22955 36006 2
14397 5487 2
33122 75339 2
83347 82977 1
51172 92438 2
78866 88302 2
16479 48811 1
52249 47226 2
69314 1711 2
39916 2190 1
46052 97196 2
99121 62390 1
6205 94865 1
2739 41186 1
96490 62991 2
43970 46534 1
2382 10269 1
37617 19833 1
19692 27188 2
74423 22682 2
69294 75827 1
61103 51846 1
33153 17500 2
41848 53923 2
43446 83157 1
37653 10361 2
80835 36009 1
34957 90036 1
32512 9221 2
14988 19171 2
82603 51483 2
96033 40316 2
50628 8738 1
91678 74390 1
50321 57779 1
72636 98317 2
18939 98350 2
89300 28737 1
36176 26547 1
50886 21911 2
89247 53482 2
62454 4951 2
47391 59099 1
23946 78700 1
22984 98935 1
87213 64455 1
77240 74285 2
91888 58461 2
1935 90421 2
86339 75812 1
50099 73481 2
58656 2106 2
5293 66983 2
55649 63678 1
98954 4368 1
16229 96085 2
96156 95308 1
90543 7942 2
61879 29892 2
91207 9662 2
84180 81383 1
34263 38157 2
60593 68517 2
77294 74408 2
84814 67959 2
92353 40197 2
96497 28309 1
89189 87873 2
50979 55422 2
6103 73309 2
72722 62356 2
50516 37149 2
6189 23901 2
41601 89896 2
17803 31267 1
49284 70027 1
59236 97365 2
80264 97814 2
87446 31364 2
85822 93821 1
19521 95367 2
12407 78936 2
18412 31063 2
77930 72995 1
6302 65204 1
20948 17183 1
13893 52702 1
53875 41615 1
83698 19228 2
16970 18492 1
12763 58777 2
8545 64082 1
52024 64802 1
76770 54145 1
45063 31529 1
26493 10012 1
45385 86981 2
81860 95997 1
89538 46640 2
9712 23775 1
1340 24103 2
80506 38019 2
98181 97390 2
39363 88844 2
75916 53546 2
80813 46627 2
84104 50052 2
89311 22611 1
56657 26957 2
21668 20077 1
13605 6580 1
53389 31078 2
3205 35698 2
48683 48725 1
63989 90943 2
87510 21781 1
36415 83673 1
63592 40873 2
62609 42148 1
82819 87603 1
76570 48517 1
48519 93979 2
2481 55494 1
28797 91630 1
92526 79574 2
47375 58141 1
48847 98118 1
42253 63066 1
18069 13324 2
16969 21950 1
33092 70500 2
78812 53094 1
64518 63658 1
28031 25745 2
57385 48097 1
5427 72356 2
97852 35023 1
45625 73958 2
78518 41662 2
37915 83780 1
39567 83101 1
99009 47374 1
44005 5149 1
3837 50040 2
46137 53749 1
1120 31418 2
39343 93919 2
56322 77937 2
54674 83256 2
21886 26812 1
71117 82660 1
9715 83551 1
17331 71047 1
91428 10883 1
19576 99085 1
88281 60916 1
28213 3523 1
18332 99042 2
97096 28091 2
50973 56768 2
34673 32012 1
57135 23912 1
7991 83216 1
42120 73910 1
25665 83557 1
49701 40520 2
93406 33421 1
66755 55717 2
90813 81933 1
91079 74578 2
64693 7985 1
12600 53278 1
18239 10887 1
9151 81464 2
75831 99519 2
97646 40467 1
5406 66866 1
39158 52777 1
12123 58168 1
4239 89077 1
92693 15376 2
35988 85559 1
57563 83452 1
29156 24852 1
98236 66850 2
84675 76116 1
38991 21580 2
41462 38210 1
80685 35337 1
9835 48336 2
28946 51338 2
64527 22224 1
24479 69510 1
50165 96092 2
68795 33366 2
46294 93230 2
83213 10393 2
40555 67913 1
72068 78193 1
25749 60654 2
12399 74821 2
34550 21800 1
11941 57021 1
78133 31041 1
33663 35689 2
62974 5802 2
51577 4795 1
6496 70007 2
46965 69863 1
50189 65217 2
89463 73738 1
87901 24834 1
49866 56225 1
42091 50748 1
88345 84781 2
75446 12211 2
75351 97718 1
70114 32782 2
3864 92645 1
41493 38202 2
53525 1896 2
32026 65991 1
20300 2577 1
43233 95305 2
64990 76728 2
14109 17912 2
52784 91125 1
34533 68848 2
7594 35878 1
17875 39026 1
82427 73039 2
98088 15553 1
47026 43925 1
5478 99366 2
74919 22114 1
73044 42733 1
6416 16677 2
79006 90758 1
47084 33903 1
65459 19428 1
56508 26678 1
13317 3297 2
26596 59061 2
30828 89400 2
63823 27338 1
11203 93354 2
20361 80952 2
5674 3898 2
86050 42915 2
52066 38129 2
28849 13366 1
82228 57498 1
87087 1952 1
3915 87463 2
44280 7346 1
86805 50378 1
67534 7427 2
39942 11933 2
71222 63724 1
31860 73499 1
22648 2829 2
32540 77636 2
46563 56966 2
46236 5661 2
40455 41375 2
68471 50478 2
55961 25088 2
69588 51970 2
57394 86073 1
73023 84394 2
90384 11004 1
66215 76091 2
80468 62974 2
48158 41259 2
29059 43546 1
53692 70392 1
31717 15629 2
5501 30849 2
83753 36571 2
23518 57610 1
76383 76649 2
44612 88765 2
93276 37377 1
73493 59428 2
95994 89265 2
30940 94864 1
81717 20940 2
69737 10965 1
81519 17447 1
65103 87211 1
1324 36285 1
7141 61295 1
6903 1548 2
27270 80416 2
79228 20374 2
61329 51586 1
48492 44033 2
67753 64638 1
68540 88151 1
64309 95712 2
21381 59015 2
25601 88376 1
41766 39906 1
52188 7162 2
47454 62366 1
59288 52446 1
23154 24247 1
68654 20576 2
23949 51241 1
99927 50145 1
52539 9399 2
68147 57188 2
65453 67688 2
88614 67250 1
12312 47780 1
30134 40246 1
2581 46139 1
72815 31394 1
515 76958 2
14687 3881 1
77185 42020 2
7386 14242 2
46324 94279 2
35511 76491 2
97831 21060 1
30256 22308 2
25222 17119 1
14790 6000 2
95170 36252 2
93532 84920 1
58544 73543 1
61815 29351 2
65098 21581 1
9700 53870 1
78028 68129 1
978 49698 2
85048 89048 2
54611 51161 2
75507 70605 1
52576 50001 2
63525 72190 1
92210 63625 2
41533 7821 1
92874 38790 2
33451 88031 1
7529 3408 2
79844 84737 2
81880 98802 2
70466 40094 2
77826 91421 2
35329 2058 2
73013 87301 1
71235 87034 2
82917 80611 1
42957 45450 1
75529 23697 2
79880 61174 2
34364 12561 1
18497 88161 1
36445 71847 2
13481 57873 1
207 3866 1
68117 34224 1
79354 96535 2
74687 19853 1
54824 21518 1
7939 43033 1
73545 6163 2
80963 14283 1
47664 74238 1
92676 43132 1
84467 38379 1
66415 45324 1
77038 87099 2
18737 32763 1
76353 93426 1
71323 42960 2
36174 67799 1
3554 44694 2
94556 694 2
54752 37658 1
12311 9377 2
96401 14382 1
42605 50059 2
19031 92553 2
34930 140 2
30039 93893 1
39325 17856 1
68730 76704 1
23465 17672 2
42765 94203 2
75989 49479 2
25857 22750 2
71396 77381 2
61675 44050 2
56286 17520 1
33893 32261 2
15821 82199 1
38667 1578 2
22177 31277 1
51616 46038 2
71245 33452 1
70182 7365 1
70471 1135 2
92553 15826 2
77804 7574 1
60117 46114 1
90841 96518 1
9211 54554 2
56275 44935 1
16593 92836 2
79936 42980 2
20879 207 2
21580 70254 2
43410 7340 1
48965 71865 2
40220 4626 1
19584 87838 1
75026 54970 2
98514 93784 1
30685 5059 1
77175 79047 2
64138 92847 2
2446 33360 2
87594 1509 1
50042 30490 2
57042 36173 1
39747 62226 2
53308 12311 2
35699 45512 2
37189 62772 1
39674 11696 2
96109 33883 2
79723 64386 2
64698 81318 2
65628 64507 2
53877 49938 2
82570 4858 2
29675 97763 1
8659 10819 2
5837 98365 1
40377 23359 1
76720 77996 1
43590 44250 1
58734 82397 2
84387 46724 1
84452 10211 1
38303 15985 2
87698 30835 1
68238 65433 2
46366 88008 2
25031 65208 1
65425 74527 1
8133 93231 1
50360 43644 2
67144 13249 2
18148 96964 1
17073 29207 2
56747 51585 2
76937 75069 2
87876 71169 2
79290 89603 2
80879 65815 1
1908 44508 1
9803 1305 1
39978 57890 1
90750 9568 1
35346 88336 2
79121 98635 2
66601 84359 1
8689 10236 1
89357 93290 2
52207 48569 1
99681 10081 1
77825 4684 1
26892 282 2
68799 45412 2
46970 1283 1
74087 53010 2
65786 80946 1
44857 70349 1
75710 98333 2
48027 1358 2
90430 53218 1
97974 95381 1
16469 98368 2
40087 18114 2
96002 380 1
42671 33340 1
35849 37374 1
94676 16046 2
9456 97905 1
11134 18661 2
65794 5446 1
21514 12435 2
30799 77041 1
33179 48719 2
87594 86795 2
28212 40723 1
59594 78606 2
9407 49021 1
56841 33661 2
38761 52238 1
59720 71929 1
56419 80974 2
521 20812 2
14467 86534 2
6484 70882 2
40321 18756 2
48051 66315 2
34458 29787 1
21877 58619 1
9681 45280 2
33230 53163 2
25097 22542 1
99542 78005 2
90380 18275 2
71686 92251 1
30759 51137 2
80478 26208 1
42219 49422 2
38786 52045 2
60366 85236 2
85848 51598 2
98120 99362 2
60683 31539 1
90327 18664 2
26475 13328 1
67291 24319 2
34443 66684 2
80474 38943 1
17218 57270 2
39549 27720 2
48395 61947 2
81073 23130 1
11716 56433 2
52104 72636 1
23955 87616 2
9237 11160 2
83324 30804 1
13267 12317 2
40588 16924 2
96607 80252 2
97202 63630 1
95225 37900 1
86688 3137 2
17224 22215 2
86542 16241 1
61107 26858 2
55224 8926 2
92872 68537 1
35259 12237 1
39896 62072 1
97884 38566 1
61337 7507 1
66881 24372 2
4899 6007 1
71765 4808 2
3604 62839 2
88872 82839 1
77484 70024 2
85709 46135 1
95729 16645 1
53499 31526 2
66605 8619 2
33293 42403 2
10891 48926 2
93058 63411 2
43741 27715 1
61437 98877 1
80377 42372 1
74981 59438 1
55959 3695 1
59879 87095 1
30101 12663 1
55919 16970 1
66035 14833 1
92979 58560 1
25847 58777 2
43336 33077 1
74955 36043 2
85450 99722 2
71258 29418 2
30425 15107 2
14966 70748 1
85814 32711 2
66133 81323 2
41483 35011 1
23887 96294 2
69056 52199 1
78306 26590 1
1670 60583 1
77647 61129 1
88912 47067 2
30810 75651 1
7733 77439 1
6989 8296 1
87664 42164 2
35221 30683 2
15008 17981 2
1476 96003 2
97256 5219 1
12398 6952 2
64816 66034 1
17164 84698 1
81794 3034 2
25948 86955 2
80174 58542 1
67390 79952 2
5126 23816 1
70072 48675 2
82915 84131 1
18804 15812 2
87806 58624 1
20541 26323 2
75224 6978 1
39269 760 1
90898 62130 1
13314 93820 1
93493 65659 1
77165 22349 2
82732 19278 1
66433 91070 2
33093 22752 1
69058 96868 1
97044 1480 1
42611 23674 1
58480 81793 1
86782 72958 2
22804 43374 1
41361 54130 2
69023 46289 2
69947 34716 1
95541 78770 1
49779 84422 2
17115 34942 1
10737 23294 1
92382 9894 1
31123 79767 2
55373 51420 2
4826 41671 1
49595 34489 2
6858 43879 2
55454 74906 2
31406 28822 2
23571 48446 2
61425 79734 2
7127 4938 2
46342 27085 1
54159 46981 1
1376 48934 2
99233 36924 2
16411 97262 1
93145 37631 1
52274 5911 2
7781 60994 1
50182 9624 1
92058 55325 2
88414 33418 2
54381 13261 2
84385 13037 2
6938 93937 1
65629 36321 1
31328 89933 1
37412 78798 1
54722 58410 2
79338 48412 1
53704 84500 1
77736 35099 2
77308 96059 2
57404 3133 2
15982 63186 2
51239 8951 1
8016 97331 1
90285 60804 2
72347 21562 1
68729 45697 2
21481 82565 2
36566 13490 2
14936 63131 1
74455 83996 1
32525 71105 1
16112 69865 1
54382 87558 2
68218 76327 1
27431 58745 2
3795 98857 2
56135 4013 2
36060 38084 1
80544 78204 2
31097 81523 1
99274 38721 2
65972 90676 2
84928 90748 2
25051 14857 2
1697 95666 2
29054 75672 2
96592 33387 1
35825 19404 1
13685 90898 2
19440 1265 1
56858 71481 1
90358 49083 1
91471 14802 1
68005 49696 1
33831 13591 2
2689 61177 2
73913 24130 2
81972 4934 1
30847 66614 2
10508 40775 1
69434 89076 2
25721 34403 2
61964 42951 1
50000 28709 1
2364 31993 2
61610 76922 2
75446 38427 2
52325 64020 2
92809 22785 1
34434 27242 1
36295 39268 2
22437 15478 1
86408 78910 2
10425 88533 2
74503 63153 1
74025 80203 1
33731 99393 1
8808 37436 1
86016 60821 1
21322 38804 1
20036 93018 1
56073 51872 1
87290 84000 1
40897 30643 2
84818 9211 2
94131 56322 1
89567 22371 1
82022 3272 1
51543 22004 2
57377 97379 2
5175 58063 1
78515 86581 2
81245 66455 2
4012 17476 1
97996 52949 1
90241 23226 2
6763 60981 1
79979 90725 1
35718 64071 1
77192 71512 1
90092 54046 1
83673 12649 1
56655 35828 1
11011 55281 1
97191 65796 2
14126 47375 2
32463 63183 1
2921 27621 2
32807 59128 1
96708 29817 1
44720 82184 2
73812 11830 2
89075 10634 2
11442 85160 2
53114 90512 2
24796 66308 2
49814 236 1
48851 15517 2
22103 67064 2
24220 7472 2
87991 10255 1
64383 3833 2
22192 40625 1
57995 43676 1
12033 40227 1
75408 12157 1
49901 7405 1
60451 85672 2
66875 85338 2
45886 96970 2
51383 97307 1
37021 96533 2
11952 4165 1
82562 57856 2
13048 74542 2
17521 72261 1
88903 50388 1
60885 95170 2
45624 9302 2
17593 25432 1
80683 43577 2
10576 87727 1
77089 30404 2
90350 69136 2
78307 65860 1
58029 34441 2
21564 96937 2
92489 48461 1
67130 90375 2
14148 15570 2
80657 68022 2
98659 57393 1
84632 54067 1
59502 73865 1
36649 80445 1
75188 23035 2
67333 86296 1
99493 38831 1
75694 24813 1
87734 72015 1
65932 96712 1
76001 96807 2
33289 67225 1
79906 26155 1
18229 96276 2
39803 6193 1
97474 72593 1
15281 18546 2
90376 53100 1
81196 95086 2
42019 53798 1
13627 997 1
62928 12130 2
2446 50718 2
39508 89289 1
17946 35780 1
2741 4198 2
65145 77731 2
62846 24811 2
66823 12176 2
13504 18987 1
43590 33695 1
88652 16573 2
36347 75850 2
93241 87327 1
19182 69073 1
13988 12401 2
44142 85780 2
50475 60150 1
43467 62331 2
15377 11351 1
3162 13167 1
35966 83903 2
49109 39006 1
74588 86943 1
62968 69338 2
74491 53740 2
21541 82043 2
10861 12636 2
13505 34809 1
25483 38317 1
78101 10514 2
85230 1534 1
29933 9674 2
45526 36148 1
18620 99878 2
56135 61463 2
87127 75440 1
6535 10706 2
8309 15606 1
77986 51094 1
41654 53899 2
29446 88631 1
52249 35653 2
65479 78894 1
29700 69085 2
68956 10037 1
98687 95026 2
81408 23726 2
31097 21030 1
72434 82205 1
42210 77759 1
9717 23145 1
41711 8136 2
84305 67551 2
76346 88365 2
67760 6959 2
48735 20227 1
61346 397 2
25056 49085 2
86873 66833 2
67650 66104 1
44910 42999 2
72270 10512 1
38714 992 2
17713 82664 2
18942 47600 2
9052 32071 1
44604 24014 1
53092 36918 1
85147 86598 2
85827 20707 2
16390 86666 2
88789 27840 2
83950 86509 2
68413 34308 1
18788 65447 1
90301 42057 2
69184 94068 2
42273 54924 2
27325 65045 1
26997 82961 1
8186 26157 1
81578 38237 1
33338 85828 2
96086 80538 2
67333 79016 2
18928 94518 1
3525 23752 1
41720 3300 2
53642 39287 1
6669 3449 2
34310 22479 2
5429 9328 2
10322 32171 1
24473 87943 2
24423 91787 2
91205 90304 2
2694 2100 2
14989 81857 1
1137 27086 2
7939 33108 2
44367 77156 2
67874 80456 1
10700 42215 1
85894 64494 2
43286 99276 1
97809 77340 1
92321 99305 1
48456 55502 1
77796 69628 1
64756 93824 1
8794 47236 2
6050 42741 1
70083 38534 2
52003 50739 1
7040 81385 1
68429 26597 1
27386 23994 1
79736 40087 2
39483 71913 2
46977 53534 1
1811 75210 2
92618 2254 2
36181 43317 1
40920 32449 2
84919 84039 2
18644 54359 1
52694 24383 1
64907 44112 1
15503 60257 2
84974 41908 2
48391 33047 2
34643 6411 1
69125 45098 2
48210 52230 2
90034 82541 2
69928 18804 1
99232 97075 1
70039 86349 2
38752 60852 2
84708 26507 1
3498 88460 1
10072 10700 2
34489 59484 2
77824 77586 2
86348 55015 2
25965 84771 1
37351 62582 1
65365 37065 1
42480 45717 1
56592 45426 2
2418 10996 1
46395 26577 1
71581 27494 1
7768 55259 2
95492 85317 2
28013 10059 1
11933 66444 2
49760 65312 1
78437 74364 1
97698 56154 1
51898 90040 2
79905 2656 1
63679 52520 2
18739 10940 1
10491 80922 2
37330 90557 1
96474 6236 2
99643 83412 1
39210 24708 2
95790 46456 1
64672 7880 1
53969 39618 2
90225 85958 2
82573 20081 1
80089 28318 2
30287 82984 2
79735 21330 1
6856 73483 1
91023 55501 1
37806 83750 2
82119 8025 1
49913 35686 1
13834 7239 1
19431 7421 2
18312 73899 2
62840 79490 2
16340 27166 1
31410 66255 1
55300 47738 2
55134 63617 1
90197 44418 2
45737 61884 2
3973 62295 1
82020 3525 1
39255 28547 1
69605 76197 1
81362 33554 1
23076 41453 2
51810 87540 2
5247 88972 2
55606 33085 1
68662 44059 2
1536 36358 2
44239 25106 2
52152 85737 2
15987 55216 1
86938 16744 1
94191 94454 1
97795 82150 2
68084 41260 1
90136 54348 1
93176 4796 2
51742 63302 1
93299 40434 2
44259 54468 1
63843 83938 2
59412 28410 2
31496 47234 2
62405 73760 1
24680 48715 1
6285 21778 2
20012 13180 1
99206 60400 1
94146 96695 1
92049 46112 1
19033 39714 2
3376 72615 2
30792 75880 1
76715 86260 1
18951 59766 2
4844 51445 1
78867 1342 1
30082 34720 2
6863 12791 2
55394 13772 2
61790 52122 1
37057 29045 1
25674 19687 1
38107 88411 2
11648 4350 2
62448 95363 2
90578 46599 1
28993 71029 2
52627 70410 1
40023 96220 2
5630 46936 2
57309 32169 2
80496 86528 1
90433 69841 2
47433 96218 1
10615 77642 1
66928 83328 1
83734 96114 2
65068 65904 1
59097 95464 1
72619 10252 2
27263 50673 1
93758 85625 2
89099 46932 2
83739 85891 2
28068 69566 1
50650 63800 2
65430 42976 2
20825 15113 2
23984 54252 1
73785 92076 2
7684 47067 2
85566 16412 1
15371 68777 1
29202 7607 1
65022 94455 1
47010 1887 2
58654 55017 2
42720 12538 1
78444 78342 2
16383 37330 2
77105 84507 1
34651 42870 2
66040 46808 1
28686 87575 1
71119 33425 1
12828 91244 1
49898 27742 1
38664 55438 2
47872 16827 2
55932 69021 1
94828 17737 1
68998 68953 2
57741 95083 2
13525 17705 2
55334 2346 2
80416 46520 1
74975 92722 2
44255 49107 2
5282 97011 1
79440 68524 1
49823 41760 2
4179 39034 1
52680 76115 1
51023 65623 1
11797 57831 1
70475 63904 2
10434 82653 2
61109 65593 2
1004 19384 1
45119 45735 2
13176 93601 2
95421 81843 2
31628 29059 2
39176 66382 1
64948 81232 2
60670 97991 1
11646 10106 1
64607 88023 2
61886 8411 2
54193 63926 1
85419 33069 2
56094 98370 1
3488 42035 2
17841 20159 1
78236 81039 1
64413 48274 2
16322 39817 2
66325 17221 2
55802 11630 1
32629 49895 2
69326 60687 1
23928 55369 1
88302 39774 1
99199 67585 2
19085 436 2
8305 32171 1
22337 70542 1
96021 97731 2
32999 24139 2
26873 55916 1
83068 75664 2
22319 32460 1
16837 23716 2
45451 79949 1
96936 76724 1
98630 58654 1
3505 43312 2
35774 18448 1
59214 43244 2
73843 41146 1
14931 65312 2
40972 30422 1
33239 66505 2
12080 60449 2
86453 82662 2
86574 80863 2
96556 50747 1
18357 71636 1
672 81425 2
52636 268 1
91671 72596 2
11835 44308 2
22044 53364 1
33776 95294 2
6143 46469 1
9308 86433 2
38290 62270 2
29731 53271 1
45902 73854 1
98416 54654 1
11468 80802 1
55342 87960 2
78573 21553 2
52848 71306 2
15699 99088 2
57386 19808 1
1893 69326 1
30005 55720 1
90191 95738 1
82351 3059 1
26047 77639 1
1625 90231 2
1161 80527 2
74679 65839 2
49828 6669 2
35988 14329 1
90060 19457 1
66907 75831 1
15774 80016 2
31583 48559 1
24734 15778 1
6484 61483 2
2932 16194 1
60947 19610 1
64906 65218 2
39098 54381 2
62704 67924 2
87722 13979 1
3961 59506 1
40551 71101 2
68635 2038 1
19612 19666 1
85907 96067 1
1108 40956 1
85087 54938 1
71042 22690 1
36738 8294 2
98490 47468 1
41539 46193 1
90069 8330 2
57902 67212 2
79345 98862 1
68273 18955 1
879 80333 2
78881 81703 1
25108 69985 2
68275 59834 2
80104 38730 1
97891 32486 1
39226 45736 2
2160 67535 2
1817 24963 2
75037 53884 2
90236 45380 1
28882 15898 1
86012 93945 1
95002 43705 2
53109 82741 2
50115 58093 1
42505 67917 2
800 23630 2
86556 9724 2
74730 45272 1
19897 50048 1
49435 32812 2
79435 32506 1
4786 16845 2
45221 12402 2
13330 12516 2
74875 91057 1
53858 85469 2
55847 88902 2
87054 94312 2
68357 20866 2
26212 27192 2
35222 58331 2
8665 35527 1
55521 72940 1
2338 22384 1
31726 9332 1
54427 89428 2
13577 62611 2
40195 62390 2
18117 79920 2
92062 46975 2
74262 73045 1
56690 47898 2
57814 30449 1
36810 13657 1
79233 22645 1
58678 23214 2
86616 68408 1
19305 5075 2
10370 24979 1
22074 15843 1
94055 57414 1
20259 9150 1
75635 37105 1
7589 68681 1
75577 27292 2
38594 4812 1
55469 56783 1
98274 72594 2
48329 20442 1
5039 11564 2
39945 42191 1
17208 36239 1
38063 17155 2
27538 64049 1
70591 21041 1
21714 75472 1
87396 87990 2
79636 94059 2
4234 63894 1
15800 37287 1
68194 90678 2
58751 24971 2
5505 78240 1
96658 51332 1
65472 15906 2
53404 53186 2
92509 10575 1
61995 80697 2
53529 44700 2
6675 75361 1
33817 868 2
37546 3639 1
9126 49253 2
3149 18938 1
71884 82529 1
19514 17614 1
16958 96670 2
33268 3740 2
62096 72198 1
19171 93776 2
48892 76328 1
62833 73050 1
18270 98581 2
62509 59790 2
26328 71748 1
93964 64228 2
38863 74606 2
80419 39864 2
70411 40082 1
1134 95403 1
66331 10610 1
21069 82560 2
78223 79317 1
93346 29824 2
6460 5283 2
6676 55542 2
37564 79436 2
39278 48372 2
13835 10657 2
28320 8141 2
83915 65721 2
74941 15288 1
29313 38766 1
59964 70163 1
32310 74877 2
43896 48478 1
60534 3114 1
52144 59772 1
81076 27865 1
24583 98998 2
81701 92438 1
35749 31351 2
15296 98830 2
98516 73296 2
11300 6932 1
73892 46838 2
71474 46397 1
71239 34111 2
31215 28516 2
28533 86441 2
20740 59655 2
41738 35252 1
9214 94536 1
72643 82082 2
55886 8589 2
17477 26558 1
75113 39872 2
77078 28562 1
97065 39151 2
57250 82959 1
85866 42637 1
51223 62889 1
47726 36847 2
87977 90585 1
45498 33009 2
25359 7417 1
51703 25199 2
62820 21771 2
95121 97612 1
87207 339 2
98075 69902 2
62363 87992 2
90314 88095 2
43912 16199 2
82165 49166 1
49976 5360 1
49116 44652 2
9051 13671 2
16830 59376 2
35299 99556 2
22529 81011 1
86921 36836 1
94957 67701 2
59206 43141 2
67825 32150 1
60890 33358 2
57981 63165 2
48617 34725 1
38375 43445 2
32409 70582 2
49926 11627 2
43030 20083 1
86970 86386 2
24462 84559 1
65474 33183 1
17846 37666 1
69572 27788 1
59266 45704 2
97032 63705 1
35312 63170 2
92733 50311 2
57663 2035 2
70899 63003 2
15632 33380 1
60704 67137 1
73964 47136 1
39964 18854 2
78397 10649 1
9380 16573 2
70131 37345 2
98490 96316 1
8928 65138 2
12579 40092 2
43453 65959 2
37256 15163 2
91619 59680 2
83734 59677 2
21395 80322 1
21726 31687 1
56271 58357 1
24981 59428 1
28030 9860 1
58773 77632 1
73484 44512 2
35099 42191 1
8583 3646 1
30471 72839 2
20067 94292 2
8863 88961 1
43479 48992 1
23115 86204 1
29118 23553 1
35674 69978 1
58903 70076 1
88477 62786 1
88166 72216 1
19047 78460 2
44528 83202 1
38707 83544 2
12867 52522 1
18205 85543 2
55180 64836 1
36583 87840 2
65790 29384 1
81366 92317 1
78002 45203 1
27603 39995 1
43617 50980 2
96395 17022 1
24396 71423 2
11023 99914 1
73333 71470 1
49749 40971 2
36739 66874 1
64341 59438 1
26210 16406 1
41068 76870 1
37153 34197 1
4412 14120 2
68626 15183 2
29930 72847 2
54829 63393 1
59359 7353 2
32717 57321 1
32232 5159 2
23633 61869 1
64567 41537 2
48189 75381 2
53375 55952 2
40246 50765 2
731 84675 2
99018 94245 1
70504 62026 1
81414 91376 2
51430 24702 2
14365 17160 2
82267 85399 2
63240 59304 1
37776 47316 2
51649 27665 1
26610 52663 2
47782 64838 2
96530 36550 1
39996 36687 1
67558 53803 2
44842 58202 1
95654 51253 2
65210 8437 1
53647 77045 1
38363 41206 2
69891 55682 2
33505 50515 2
9319 3701 1
50852 39146 1
42948 4334 1
80861 36283 2
54279 76653 2
79948 51016 2
25250 81049 1
85300 37660 1
68104 99901 1
19197 8225 1
87380 81638 1
8882 53128 2
68131 96710 1
41409 50693 1
16821 62836 1
66430 24913 2
70096 1898 1
45727 23463 1
73693 21478 2
24641 47943 1
14281 1129 2
92066 93173 2
56934 10043 2
26053 74106 1
50983 2085 1
62161 47426 1
85639 20885 2
36562 62781 2
40963 99038 1
93271 67327 2
42203 94549 2
26258 60193 2
24821 19829 1
89659 94237 1
65658 77692 2
53485 7573 1
48311 18732 1
35272 62700 1
61022 86187 1
3533 87051 1
55842 89699 1
32773 68798 1
90814 96163 1
2523 37109 2
37551 2972 1
62845 29284 1
35925 47012 2
66943 41571 2
25079 86806 1
20087 96270 2
17660 10545 2
6978 98789 1
28754 49909 1
85118 41806 1
86442 31849 1
22638 5998 1
29946 60727 2
15674 95508 1
35514 11246 2
10988 47150 1
14472 40511 2
91603 86482 1
99556 53697 2
81732 38679 1
86772 95886 1
91412 3673 1
10273 19747 2
94079 88632 2
4408 41092 2
80389 78905 2
13483 8693 2
18695 7556 1
57998 10242 2
17006 52932 1
89498 13272 2
77061 42154 2
7308 28522 2
64698 84235 1
69575 81293 1
83489 73917 1
58446 84604 2
4817 1310 2
4107 68628 1
62276 1709 2
76299 77049 1
22299 5871 2
58784 52272 1
48856 55947 2
81789 4483 2
9091 28718 2
24574 83232 2
22630 585 2
27549 85786 1
53521 67214 2
14750 743 2
61462 73878 2
79588 42272 1
96014 44190 2
55641 14212 2
28210 47428 1
99274 48725 1
60130 34319 1
5929 40185 1
40482 43589 1
99850 99386 1
4888 61363 1
49862 12807 1
72912 99241 2
79035 81649 1
80504 37083 2
18633 65134 1
86276 32897 1
1974 8762 2
15659 51287 2
47340 56049 1
64328 67038 2
41270 99158 1
26586 70489 1
35494 62128 2
42180 44369 2
46738 64455 1
85037 34002 2
64722 32363 2
22018 81772 2
70692 65038 1
8655 29522 2
65513 12965 2
80010 56830 1
87781 74314 1
67848 29867 2
64866 80957 1
51878 78906 1
37933 71550 1
75521 11854 1
45720 70165 1
99134 76048 1
79927 37707 1
20931 84267 1
14499 54862 1
56060 12977 2
56858 52753 2
2647 86356 2
62300 17193 1
4488 93038 2
84112 28913 1
54118 9498 1
86621 37063 2
71820 68344 2
40081 16173 2
52761 68301 2
57886 70057 1
21808 57792 2
66200 26373 2
83545 97598 1
27288 52463 1
12958 40376 1
60892 35706 1
50031 33760 1
48612 75580 1
30494 35311 1
30487 78798 2
1860 12386 1
82236 99823 1
52474 26040 2
35138 41345 2
40129 47862 2
89624 94699 1
50395 31843 1
63317 87445 2
30511 34604 2
23281 7375 2
20361 67361 2
64746 48938 2
78199 42806 1
35745 35229 1
80589 80803 1
76954 27521 1
17858 53829 1
12031 57334 2
43473 84443 2
26270 27996 2
64569 78217 1
26566 81339 2
60318 61784 2
5006 68187 2
43941 93236 2
24975 49612 1
45372 29965 2
9413 64928 1
35407 8695 2
79793 8940 1
88788 59626 1
61786 7115 1
71233 37058 1
88167 42939 2
69168 97887 2
39335 413 1
60610 98727 2
91017 31705 2
27705 23871 1
9572 87544 2
83772 24566 2
86832 4136 2
71863 57243 1
491 54076 1
75512 50305 2
85974 49385 1
13043 6434 1
14934 25579 1
68255 93081 2
54547 446 1
46007 64326 1
16507 81156 1
33626 63886 2
47712 27526 2
27404 40921 2
12406 55915 2
76339 93714 1
59638 11906 1
48794 41355 2
28734 1342 2
26065 98646 1
16399 87061 1
14859 75917 1
53614 80001 2
96990 70891 2
11971 14367 2
13319 30512 1
34653 7826 1
64932 1632 2
64843 54784 2
36759 15717 2
86820 37588 1
47786 42025 1
44673 55355 2
12038 23549 1
16190 50567 2
45306 42037 2
88252 1391 2
51834 7690 2
76386 30605 2
7709 91798 1
20407 5086 1
77247 54459 2
28906 21542 2
2941 76221 2
59627 46601 1
63963 8483 1
99311 7859 2
60545 63994 1
33551 99217 1
97242 39186 1
13577 35382 2
55444 31263 2
958 22263 2
60194 1433 2
7986 20015 2
61789 23644 2
19344 16860 1
11039 99369 2
84324 42976 2
46982 21699 2
47102 20801 1
68375 61459 1
90613 16489 1
57625 61573 1
2594 31206 2
94678 98921 1
48417 28171 2
78909 58163 1
67924 63246 2
11714 1722 1
36991 96552 2
90845 10077 1
46605 7384 1
86375 3577 2
79561 4960 2
20416 64052 2
5094 41382 1
37740 90870 1
69816 95573 1
56465 36138 2
52185 29017 1
82586 24738 1
98117 95655 1
91575 71824 1
91774 12626 1
98619 65678 2
51656 63447 1
39485 62647 1
25134 62194 1
55607 4811 2
59932 94791 2
3306 52463 1
42786 28442 2
27096 96459 2
95480 65079 2
50025 10570 1
55284 79563 2
56967 19709 1
86965 21448 1
24737 3193 1
12092 65765 1
21388 44884 2
19822 84092 2
6397 32332 2
77011 74315 1
90576 76576 1
73978 96372 1
98436 26773 1
48339 21052 1
87933 14994 1
64403 43631 2
99233 20356 2
57780 95226 1
3611 44923 2
51186 8848 2
7612 14827 1
62063 9447 2
61684 25932 2
18063 82392 2
82845 9659 1
43005 79138 2
82897 20567 2
83109 64743 1
39727 94372 2
81591 5389 2
66906 80555 2
52555 91006 2
91994 62616 2
29911 97640 2
90553 60251 1
32059 12926 2
37478 38280 2
49141 14422 1
43766 22423 2
75021 70793 2
85726 64004 2
84619 83319 1
79066 62320 1
28347 4640 2
29002 71486 1
19152 47115 2
75727 89463 1
44575 81411 1
54066 82950 1
58591 53877 1
99902 10653 1
