100 100 44
73 87 2
28 96 2
18 100 1
19 10 1
7 66 1
63 10 1
63 22 2
52 9 2
35 39 1
17 91 2
79 46 1
36 88 2
89 18 2
93 84 2
98 89 1
92 72 2
16 89 2
58 75 1
62 48 1
7 18 2
59 64 2
63 77 1
91 36 1
81 4 1
87 57 1
43 19 2
38 57 2
25 82 2
99 36 2
54 5 2
76 38 2
56 21 2
22 46 1
28 1 1
18 70 1
36 29 2
54 85 2
28 39 1
62 79 1
58 90 2
60 89 1
5 85 1
56 46 1
70 46 2
100 91 1
2 16 1
21 77 1
45 15 2
1 99 1
24 71 2
58 1 1
27 74 2
79 36 2
99 54 2
73 51 1
74 64 1
7 96 2
86 91 1
70 15 2
44 26 1
5 83 2
41 71 1
34 56 1
35 54 2
49 18 1
24 49 2
63 26 2
86 100 1
81 54 1
94 85 1
36 56 2
1 43 1
71 41 1
86 12 2
96 57 2
24 89 1
64 13 1
13 93 2
52 60 2
51 54 1
80 26 2
17 62 1
16 12 2
74 23 2
74 6 2
34 44 1
78 88 2
39 74 1
2 74 2
49 84 2
74 64 1
34 87 1
29 18 2
24 70 2
70 37 1
10 24 2
56 64 1
94 45 2
46 16 2
54 68 1
