100000 5000 82085
76917 74704 1
13175 53781 2
23239 2386 1
86972 86902 2
95014 48807 1
83834 71493 2
21805 47086 1
40383 66084 2
65147 27308 2
10269 67321 1
98131 22057 1
10408 53006 1
70525 20752 2
84569 16625 2
33795 1138 2
31118 13589 2
36533 68995 2
4263 83632 2
80422 4028 1
43851 26459 1
61740 16664 2
32577 50037 2
4644 43447 1
59671 42528 2
82731 87005 2
90015 87011 1
60070 97908 2
57517 50086 1
48731 95814 2
52762 33241 2
53398 96836 2
17828 11597 2
16293 4290 1
47788 71289 1
21244 16280 2
12246 83734 2
24082 21154 2
33228 66660 1
20130 93793 2
60860 99971 1
36459 52409 2
77365 73339 2
73233 29201 2
46670 6932 1
8538 8118 1
4416 35774 1
3441 21367 1
19974 86475 2
92646 65546 2
69476 20464 1
18859 3814 1
38685 27208 2
34457 99047 2
59132 34353 2
30985 2510 1
65516 72044 2
53084 61310 2
71072 11233 2
58996 5088 1
66732 3449 2
98264 76480 2
49705 43426 1
77684 37293 1
18741 44367 2
94614 30365 2
19441 93909 1
10003 37511 2
20961 12368 1
97888 31527 2
12944 46012 1
59257 8701 1
33833 51963 1
11613 12750 1
49215 68150 2
51023 38594 2
21606 47572 1
34455 47556 2
68503 61220 2
71391 33957 1
81808 15129 1
99159 26074 2
370 72553 2
19762 24921 2
90081 6734 2
85991 16032 1
98664 22085 2
39792 96654 2
76626 98353 2
73550 58568 2
18322 57112 2
3523 8693 1
48796 10821 2
73654 355 1
90633 22501 1
9779 95904 1
29911 72458 1
32776 7617 2
22983 33387 2
71146 65310 1
16094 46722 2
72238 30612 2
66084 71148 2
41488 40738 2
36904 15213 1
1071 3564 2
97465 137 2
42543 13596 1
95470 8524 1
23765 60028 1
55968 59235 1
9647 17084 1
30283 25473 1
79786 14706 1
11857 31931 1
96922 38581 1
48182 8684 1
15605 68642 1
22213 66162 1
62840 20664 2
63401 55919 2
82465 91291 2
23253 10665 1
92275 76244 1
30877 50570 1
37653 5839 1
44091 7552 2
23443 71643 1
68171 10398 2
65723 72494 1
84751 35994 2
26018 39839 2
21131 64909 2
67933 53930 1
76042 14422 1
95432 52528 2
75607 44887 1
51874 48340 2
35749 93942 1
27919 78206 1
60712 5086 1
30645 29340 1
79866 35803 2
48799 17244 1
15607 1538 2
51133 18388 1
28481 1990 2
54626 52155 1
32380 58756 2
63173 31469 2
59507 43192 1
17121 74282 2
57233 11910 1
85748 60215 1
69897 70738 1
64323 69851 1
56623 29256 1
36629 73220 2
32605 34101 2
46036 64832 2
4591 52747 1
13935 38724 2
36967 95937 1
61051 30537 2
13257 95889 1
85901 2857 1
64768 44761 2
59777 42246 1
87512 35643 2
37239 61476 1
96770 20764 1
64880 71594 2
39859 11720 1
59829 76710 1
80100 18669 2
89393 62182 2
16500 46715 1
30290 88895 2
23265 29419 2
3756 47593 2
32755 25941 2
22262 44960 1
64146 64824 1
89162 93669 1
88810 59350 1
83945 19804 1
12622 83765 2
65781 71308 2
82706 53983 2
62038 50850 1
94480 93314 2
59862 5741 2
30052 91121 1
92741 31043 1
7664 29442 1
78453 16347 1
12729 58414 2
23678 52978 1
94760 81109 1
23964 38182 1
97161 73399 2
45068 10941 2
8591 29339 2
37395 18879 2
42894 44652 2
53783 52888 2
36032 19671 1
87043 73432 2
62817 53102 1
70599 32914 1
77779 68264 1
950 50720 2
43099 98494 1
48263 3613 2
22594 79952 1
11253 52042 1
44948 99166 2
31263 46730 1
86308 89872 1
74952 6117 1
75911 78351 2
97720 60521 2
66708 74569 1
92569 32388 1
84651 26417 1
32731 93963 1
53323 75868 2
90384 58391 2
64825 19589 1
12304 71203 1
20992 33097 2
34263 32079 1
4492 77676 2
47938 41216 2
75502 19475 2
72694 8125 1
41499 21768 2
76473 33524 2
28589 71802 1
43383 39379 2
11296 60857 1
36542 12687 2
49910 91070 2
10242 70400 1
82196 69921 1
90394 65667 2
57891 32033 2
18177 32727 1
85935 83456 2
83958 67936 1
39531 67108 2
86108 52488 2
78476 42104 2
45435 91865 2
63145 34568 1
94301 44836 2
87490 48809 1
1362 20221 1
59190 66510 1
34092 31804 1
70059 68788 2
29956 77085 1
39241 20279 2
29715 17057 1
15743 3643 1
62842 11 1
90781 86820 1
53978 87044 1
19257 96830 2
23229 57784 2
81258 50166 2
53899 29687 1
57776 32830 1
39670 95028 2
39050 54829 1
13711 43081 2
60510 15901 1
76974 46034 1
77813 87372 2
94510 17517 2
92507 92571 2
50862 76416 1
5571 90386 2
19345 84691 2
16930 69242 2
89183 31538 2
20784 60321 1
24866 38380 1
50250 10650 1
3914 9815 1
46386 74650 2
5417 45449 1
73293 20828 2
6136 63872 1
3428 14462 1
61456 94076 2
50788 6754 2
17778 89984 2
69342 38158 2
32160 48116 2
76711 55852 2
23041 53030 1
32185 2571 1
58465 18084 1
23889 83100 2
84014 89795 1
88463 22517 2
97852 70460 1
51737 99570 1
92578 91945 1
32248 25679 2
53275 4876 1
2104 79567 2
1350 33737 2
65709 35832 1
76391 34376 2
43785 3349 1
53988 95444 1
27655 62291 1
44136 99070 1
63875 56740 2
82787 44954 1
3039 51103 2
56359 14432 2
54464 39613 2
36269 92365 2
53679 67294 2
6350 58240 1
75769 15330 2
90699 30589 1
46159 39409 2
73158 24333 1
33735 46196 2
3814 47356 1
89913 68057 1
40791 17754 1
7106 35378 2
20936 38235 2
88453 35670 2
17739 88375 1
80293 79807 1
94520 65482 2
61355 12267 2
88906 6645 2
60582 23644 1
87104 94875 2
98631 3256 1
98846 94437 2
23681 53129 1
88585 53183 1
93839 98205 2
91087 9464 2
65806 48295 2
47933 26790 2
96510 77500 1
86023 92096 1
93125 26168 1
98723 51842 2
66220 41239 1
84974 72012 2
1696 90460 2
50021 52515 2
38226 51341 1
48845 11759 1
29304 76180 1
48333 37532 2
23850 54368 1
98575 98841 1
25285 16162 1
61826 34427 2
21835 34577 2
80954 67835 2
90977 65862 2
56911 27572 2
61456 85920 1
17370 69638 2
19141 74754 2
50075 12086 2
31282 86448 2
1686 54251 2
88714 46262 1
22320 97331 1
35720 2145 1
77591 38876 2
52201 93923 1
3576 72123 1
37389 71187 1
58439 65384 2
90522 31883 2
26138 79616 2
48345 67048 2
92270 79490 1
46775 87790 1
67873 61267 2
43686 46754 2
44470 37850 2
31993 66478 2
12468 1924 1
86891 74048 1
34279 51265 1
60633 77994 1
82846 50117 2
39683 99492 1
93931 46472 1
60655 71014 2
69958 79463 2
86694 39599 1
91850 79520 1
74133 95937 2
25175 59738 1
45166 29697 2
93678 72347 2
75396 61148 2
30008 86224 1
64563 59965 1
65568 9416 1
10965 78552 2
54452 97561 2
60749 73091 1
33384 55482 1
99393 90999 2
18834 11399 1
40472 82835 2
22159 90017 1
63936 40121 2
98749 97163 2
58634 80784 1
24063 85742 1
19884 18912 1
40477 9110 2
86046 24761 1
79745 78738 1
33566 51788 2
13818 69400 1
85292 72720 1
98301 35806 1
92110 82495 1
22015 53346 1
6413 18166 2
76924 4548 2
1591 51576 2
86228 359 2
80859 62540 2
48712 94611 1
51472 77371 2
25569 76374 1
67374 59347 1
57386 20670 1
70066 94022 2
12273 47040 2
8671 74763 1
16906 81973 2
39576 70492 2
2348 9912 1
10951 72087 1
91569 40457 2
60057 22430 1
52730 85132 2
37728 46070 2
88138 34763 1
17936 50827 2
70374 41360 2
68962 51467 2
32123 36684 1
49523 69703 2
32568 17331 1
95206 70517 1
24399 17150 1
68830 28784 2
30233 19623 2
24005 13430 2
88431 10000 2
17673 36105 1
95153 47293 2
26585 38319 2
41347 1269 1
77068 16115 2
92843 52965 2
3610 25345 1
38421 28189 2
68545 64781 1
32623 80720 2
36225 85453 2
49037 5080 1
91168 61178 1
7974 51185 2
28968 10708 2
42741 15130 1
3076 3803 1
57113 69015 2
27366 89398 2
84885 12689 1
57636 3216 2
71921 8916 2
48054 8214 2
77527 45327 1
54298 7066 1
91254 5176 2
38321 98003 2
71267 35078 1
22783 91291 2
46099 16853 1
34126 73616 2
71427 63941 2
74028 94419 1
61552 32635 2
40840 3532 2
42879 95231 2
95961 87236 1
182 76829 1
15895 91241 2
79905 88580 2
18464 46157 1
22926 87370 1
12916 4296 1
7825 95109 1
95002 70322 1
29121 10227 1
33113 51114 2
9977 2963 1
96223 73937 2
95192 55850 1
91550 11471 1
94113 99616 2
67882 29933 2
2428 62528 1
95708 64378 1
58579 58971 1
8434 99015 2
14486 8581 2
55693 37418 2
25015 61591 2
94865 67871 2
45039 79980 1
98440 97058 2
8311 60164 2
66080 85558 2
23248 97475 1
38152 62849 2
82428 73811 1
6743 5101 1
3138 12670 2
35237 57897 1
58638 27445 2
2000 1287 1
19598 62700 2
36633 38843 2
55830 51995 2
78116 64898 2
89405 28254 2
68348 11448 1
72606 74326 2
98924 61025 1
19352 69479 1
82503 13409 2
73039 27256 2
87200 49636 2
76744 25302 2
40819 72279 2
28081 70416 2
78491 57292 2
89718 64604 2
13017 23163 1
11405 84849 2
19316 17595 1
11532 73515 2
15283 13709 2
61229 13547 1
21605 44498 2
47089 36980 1
61017 63215 2
91386 53007 1
14214 60624 1
23119 24424 2
63781 34179 2
47932 7310 1
98801 83705 1
90351 47991 2
4814 79304 2
38492 43770 2
44224 65547 1
95226 1587 2
32271 73856 1
96612 8706 2
40745 98121 2
45402 1452 1
44768 37740 1
23037 11737 2
11112 72819 1
90902 91444 2
70619 71373 1
95599 92142 1
42805 13515 2
87512 24348 2
5303 7364 1
48804 92788 2
1736 92689 2
66153 61524 2
60655 57873 1
90596 9083 2
29595 95559 2
66387 68878 2
2939 88727 2
83417 85716 1
12838 55244 2
91837 46427 1
20277 46197 1
23691 78001 2
77956 54532 2
90929 50987 1
60724 53006 2
42915 69377 2
74988 65805 1
66425 9712 2
61811 90721 1
35020 1015 2
5816 54122 2
48092 51002 2
94347 33424 2
83436 84099 1
10433 53212 2
33476 68124 2
60467 64380 1
70735 60725 2
10175 71907 1
63835 66852 1
31654 57606 1
97371 38624 2
1997 39072 2
40680 23238 2
59388 97295 2
86716 21429 1
84226 76212 1
69813 72881 2
44046 16759 2
64312 29123 1
8823 49313 1
81036 61911 2
89750 70017 2
80891 65372 2
63175 64680 1
68916 71272 1
38924 45132 2
13804 97138 1
61705 66153 1
99256 81334 1
27881 3899 2
67636 10069 1
26520 52453 1
36543 62162 1
11846 28589 2
94877 53910 1
16618 94557 1
56916 43404 2
25405 6500 2
32559 82086 1
42651 42163 1
33982 53782 1
79526 27777 2
91220 79862 2
23618 34920 2
94728 58977 1
45594 72101 2
71124 32567 2
63834 24955 2
97081 14557 2
59378 30417 2
53753 21690 2
87898 39023 2
78300 25788 1
70312 57509 2
332 32241 1
12859 15141 2
5176 93198 2
95860 30884 1
13589 96204 2
27544 64893 2
39768 96901 2
46255 43789 2
57789 69627 1
2344 99992 1
62051 49938 2
29331 46627 2
70798 57329 2
62757 82936 2
97956 7686 1
25752 61925 1
20561 40479 1
4232 16381 1
52419 98321 1
78711 72821 2
63406 99348 1
90601 73800 1
32232 73764 1
10985 94964 1
73198 23938 1
91683 5115 1
574 81522 2
25992 12483 1
29211 69467 2
9965 78870 1
70285 39210 1
21867 75299 1
52830 35758 2
65985 8379 1
12541 11261 1
10893 17013 2
40415 82190 2
38263 54922 2
43385 59774 2
29127 69369 1
23815 47819 1
25898 73220 1
77833 956 1
67920 15570 2
12576 34518 1
65137 55723 1
56117 26376 2
20547 83199 2
30323 37665 2
51750 27999 2
48872 68084 2
14904 86882 2
57288 26715 1
65729 89826 1
55754 8625 2
5193 11004 2
64361 28695 2
18557 64756 2
27076 58384 2
54638 24783 2
71902 59172 2
51185 55190 1
4351 18049 2
2144 61817 2
84881 17653 1
22551 42666 1
4291 52885 1
21624 63742 2
72042 74714 1
17832 46992 1
36539 6879 2
11503 45118 2
41907 81828 1
97020 19562 2
15631 51790 1
84767 46202 2
70452 22148 1
62893 85528 1
37768 90804 2
91680 67186 1
76887 77324 1
25332 48987 2
87375 69697 2
54379 28456 1
91780 42251 1
16842 97301 1
9197 1511 1
65178 13086 1
13733 99636 2
23400 21158 1
38187 63478 1
40773 66579 2
9346 84215 2
32838 46607 1
77457 37441 2
63621 38825 1
45541 63653 1
18942 29426 1
64298 54487 1
40435 60193 2
93270 77071 1
82953 26927 2
89886 15017 1
66281 99420 2
97023 94214 2
8928 44872 1
35446 77321 1
36895 70363 1
53544 24187 2
89019 55773 2
83003 18696 2
85966 10782 1
64347 89888 2
96564 14352 1
31670 4823 1
94031 60040 2
72160 10404 2
66500 19648 1
75216 96838 2
8380 31032 2
51649 69978 1
75108 6929 1
9234 11526 2
93005 86096 2
40359 95762 2
80428 7969 1
97797 17450 1
60635 61298 2
94554 89789 1
76470 92851 2
37426 12769 1
87135 74429 1
67427 71756 2
29595 85896 2
355 70140 2
56883 96755 1
91020 30033 2
33012 75615 1
97023 22574 1
52207 5812 2
27262 83611 1
54618 14364 2
6320 51206 2
51020 17155 2
19904 38845 2
20197 96061 2
28447 93109 1
40516 44352 1
27518 18087 1
28943 18501 2
84693 47629 2
9007 86795 2
43039 24682 2
46801 7604 1
20219 83455 2
72742 78791 2
8429 99447 2
1315 15116 2
59514 77052 1
14722 53139 2
33808 93855 1
17152 91821 1
49788 14292 2
92125 68593 1
40561 28115 1
67679 18841 1
49224 64217 1
10959 90978 1
8858 98149 1
8762 6480 1
36456 8091 2
96721 47495 2
26548 38052 1
61673 79539 2
6469 89868 1
99260 31457 1
26023 8547 2
27847 8900 2
22472 45245 2
81642 49233 1
20445 91154 1
64875 20899 1
95771 71006 2
49587 75160 2
77822 8098 1
63983 82225 2
34309 64481 2
85616 43862 2
25363 66404 1
2219 81520 1
85264 60471 2
13434 72750 2
10727 68745 1
22650 88864 2
35238 4752 2
26731 91679 1
6688 75011 1
93267 16931 2
35790 58430 1
20859 33451 2
6154 89441 2
95312 48761 1
83218 25841 1
40291 7027 2
94667 89078 1
49322 95428 1
84444 9148 2
87805 8280 1
52046 43218 2
74265 24963 1
48883 66989 1
98209 23227 2
10172 77318 1
35448 71066 1
6561 57880 1
85352 68093 2
49949 63939 1
91230 75239 2
88400 81228 1
52491 2943 2
28987 99866 2
68741 34413 1
30951 75643 2
91524 21153 2
60287 93629 2
58021 11789 2
30097 84885 2
7722 3174 1
82672 60251 1
23801 22726 2
47349 64364 2
83289 74701 1
20538 20551 2
90840 88379 1
71518 63505 1
96423 88120 2
18596 8497 2
51228 57357 1
99667 34772 2
4239 66280 2
59319 68010 1
29309 83132 2
13727 40743 1
31624 53982 2
68893 35043 2
86518 74633 2
49321 37115 2
47406 55323 1
16606 86189 1
26846 7222 1
75388 72896 1
90327 49984 2
74084 84986 1
5007 75875 2
70847 75944 2
44350 31374 1
71768 32153 1
41761 69138 1
45981 86531 2
56571 42565 1
80098 28925 1
16783 43587 1
56765 26115 2
22087 50248 2
79083 43030 2
3568 39159 1
37162 46873 2
57180 70678 1
82141 66037 2
73054 2960 2
98923 26806 2
60305 91185 2
56608 29355 2
81106 75054 1
11787 86474 1
21825 92058 2
34878 70121 2
2628 87858 1
95186 65606 1
51717 56658 2
42656 21089 1
68751 92062 1
98632 95293 1
87124 48986 1
17518 8930 2
49290 98834 1
97048 33246 1
18505 25331 2
62130 31743 1
79247 85744 1
86826 11482 2
68572 90046 1
49332 80392 2
95798 23864 2
65030 56484 1
8806 88891 2
75997 61006 2
82362 56619 2
43799 60747 2
40961 86765 1
33879 64578 2
29042 70731 2
15269 94464 1
74821 92851 1
84811 98997 2
79640 43416 1
24697 53685 2
36907 12720 1
66401 3609 1
29636 6036 1
11867 17179 2
6061 18915 2
84419 93853 2
66417 28223 1
62358 85379 1
49538 85390 2
87033 64756 1
95286 63834 1
32722 74653 2
23493 94162 1
1005 79086 2
91725 65063 2
80504 23226 2
69518 41136 2
31943 66076 1
85583 49798 1
40049 8685 2
80375 64488 1
45456 16687 2
72756 16409 2
29509 8357 2
98648 23613 1
81651 90904 2
12854 63007 1
93567 94484 1
52650 21902 1
84118 98664 1
5710 9148 1
61063 94634 1
35238 69214 2
8869 37873 1
91669 27982 1
57830 60377 2
34694 48236 2
83462 9314 1
5124 75897 2
21381 47729 1
20929 61498 1
4197 1934 1
22707 78395 1
32909 45157 2
30162 93097 2
25833 49157 1
94748 85015 2
52743 25284 1
50770 73594 1
19483 8632 2
53016 64813 2
24604 26719 2
70072 38286 2
40261 98968 1
59840 63231 2
86005 91208 1
23391 66342 1
67119 97047 2
47404 15469 2
13595 71856 1
15039 52482 1
44291 93700 1
50614 50072 1
99575 23208 1
88082 54405 2
21321 95058 1
29431 21602 1
83250 17888 1
10831 14990 2
74955 95121 1
48200 79243 1
47317 82985 2
21009 44896 1
1042 52914 1
23841 8533 2
59785 2998 1
11057 18938 1
21862 47078 2
61213 27072 1
10359 30486 1
55398 29630 2
65648 542 2
23282 5229 2
9736 6682 2
1003 55693 2
72890 77323 2
25084 88734 2
7813 49429 2
41080 63144 1
77676 20223 1
52851 23795 1
67191 82390 2
72934 93615 2
51792 92201 1
64303 65294 1
78855 98542 2
2223 16229 1
79279 4092 1
11082 42575 2
77694 77583 1
6858 41642 1
60657 94408 2
84637 17463 1
69254 554 2
59570 12254 2
74911 57950 1
32800 63240 2
47526 90992 1
65728 98723 2
95908 77935 2
44942 38434 1
92872 79185 1
25003 50107 2
70598 45165 1
83038 76231 2
73909 72671 2
30862 40389 2
78096 57287 2
5994 25431 1
93078 25930 2
25409 11651 1
81835 53616 1
3050 62739 2
84757 91844 2
97022 99925 2
61439 60791 1
53977 39517 1
76665 15102 2
25180 84734 1
70646 68463 1
62830 73845 1
43500 89384 1
32630 39806 2
70936 76296 1
90243 29308 1
56183 75828 1
92197 69365 1
42382 80884 2
68561 62900 1
15012 33779 2
16096 71526 1
40834 81474 1
59248 45053 2
97114 91509 1
58434 72816 1
14461 60068 2
87898 47705 2
63171 12172 2
9315 34197 1
7463 84492 1
5512 14728 2
91401 44744 2
29564 87479 2
35306 47562 1
96947 87243 2
26579 52380 1
3495 60309 2
56366 23918 2
11828 95140 2
83115 89686 2
7547 24016 2
72637 92555 2
17795 85363 2
47003 40202 2
96083 62571 1
8127 1938 2
67290 62426 2
32938 56263 2
78600 80230 2
85598 68562 2
56242 20537 1
31619 60767 1
60273 83745 2
33506 91517 2
20931 41233 1
20173 70850 2
34409 94271 2
20853 72549 2
36296 25092 1
64370 85442 1
13864 82527 1
28480 33402 2
56792 75730 1
22204 22064 2
48168 66691 1
11274 4365 1
65133 43005 2
72850 16988 1
95584 46477 1
39935 34479 1
22143 51845 1
60415 47736 2
23883 82908 2
33510 4433 1
83081 41035 1
49994 82165 2
25313 55345 1
82632 61636 1
32162 19473 1
69790 37667 1
76316 78959 1
25263 29177 2
34052 16695 2
47906 1492 2
6547 39542 2
47491 50402 1
1416 53470 2
84001 38136 2
8065 75943 2
2126 77551 1
66566 71304 1
3267 51457 2
81535 5218 1
94521 71472 2
45432 22422 2
37168 44192 2
86404 15017 1
63756 98392 1
56535 17319 1
11219 25798 1
97131 83262 1
63152 9592 2
57852 75294 1
35155 52483 2
77772 88672 1
48367 91615 1
64448 8732 2
82299 62024 2
60544 71153 1
22226 25215 1
93915 63553 2
62291 76744 1
45761 16050 1
15201 25738 2
65127 44750 1
20195 86258 2
88199 1955 1
76709 944 1
3837 68837 2
14454 38551 2
57931 6599 1
28169 61953 1
36469 82150 1
91828 60426 2
86502 56286 1
33907 32208 1
97514 85746 1
35910 4506 2
25906 30728 1
61262 3757 2
36851 20331 1
55156 43736 1
34567 48232 1
23587 44490 2
98026 96625 1
16681 35318 2
52414 46077 1
76602 45782 1
4072 16806 2
93805 96805 2
93776 1609 2
80029 99556 2
93541 43369 2
79273 60918 1
52215 26637 1
31028 64419 2
8923 29054 2
12869 31097 1
93931 37514 1
21096 64390 1
39331 11108 2
21292 38943 1
22181 68673 2
52740 77789 1
59062 29756 2
29030 33467 1
40031 63571 1
90574 88377 2
9388 80359 2
97436 52092 2
47216 75456 1
60018 95339 1
98880 41543 1
51543 72532 1
53299 17803 2
80502 41125 2
41993 26781 1
84256 92243 2
12065 27155 1
95398 65686 1
67232 21160 2
38623 16459 1
77777 57626 2
92744 36241 1
512 1515 2
61599 44908 2
33278 39713 1
50536 11270 1
24544 47239 2
23368 54089 1
66624 38314 2
66604 77542 1
68570 91996 1
4803 94257 2
71152 7763 2
48064 46114 1
27367 61643 1
59097 97461 2
25384 9280 1
2571 67787 1
13024 71862 1
26259 8455 1
72992 55057 1
70870 26738 2
47325 25245 1
21722 34168 1
36721 21063 2
53771 42857 1
3992 95617 1
79351 40857 1
57748 20706 1
50258 72543 1
47370 47972 1
63763 17210 2
91267 39717 1
44981 97223 1
84332 41926 1
52983 91244 1
97078 59791 2
8156 61105 1
31190 78377 2
93932 94914 1
262 70402 1
27761 37838 1
6979 86733 2
59835 35339 2
5773 57247 1
60093 2639 1
42122 97107 2
15565 8376 1
33858 64359 1
51400 26342 2
52132 53949 1
62091 1660 1
80224 68955 2
97915 79138 1
52236 34347 2
31103 47494 2
24896 71548 1
68320 86710 2
10265 92735 1
63888 31399 1
30585 65002 1
83936 85522 2
81701 24665 1
8968 18001 1
81158 53288 1
70595 25031 1
67433 60314 1
52560 37653 2
59071 85973 2
72114 19622 1
44734 69892 1
53777 84132 1
34589 95316 2
2135 16448 1
57756 27063 2
85812 39310 1
9658 75076 1
8507 77574 2
22269 99956 2
6787 17317 1
3470 1895 2
76998 38826 1
97786 18877 1
87429 88473 1
86770 34494 1
43234 91419 1
83916 70259 1
14692 44380 1
37887 74026 1
87799 18348 2
53995 43445 2
21033 33599 2
79407 11083 2
21550 89133 2
69105 15622 2
48349 63570 2
15450 39620 2
81074 46255 2
84439 33383 1
57290 92967 1
10617 65237 2
41449 8771 1
32886 696 1
32183 64783 2
65606 66846 2
31806 63482 2
72486 38842 2
23470 60474 2
11064 34337 2
52922 13286 1
60129 91375 1
32185 8986 2
45930 60800 1
25029 71030 1
12800 41943 2
35903 83775 1
89269 15482 1
99177 62141 1
86940 12915 2
2090 9692 2
66480 43729 2
81166 97291 2
73326 17061 2
85476 73407 2
36502 29542 2
34110 23473 2
74798 72077 1
81716 76700 1
82207 54681 2
3361 8672 2
95734 3469 2
35493 20194 1
35140 14349 2
11425 48873 2
27583 45413 2
37150 15171 1
52895 39330 1
99046 76478 1
21601 39766 2
42569 31343 2
34984 59512 2
14650 30734 1
1079 32514 2
64912 19512 2
25208 31633 2
27430 63756 2
61528 70153 1
89466 28495 1
68744 51823 1
68241 86664 2
14910 21901 2
88978 83812 1
71314 57041 2
45959 59731 1
25761 69614 1
89375 81865 2
9582 44729 1
25519 2430 2
60508 43629 2
80140 39407 2
37877 91048 2
530 40122 1
84550 14092 2
68864 4454 2
66688 92063 2
91354 75897 2
97337 21835 2
27270 39104 2
81737 39294 2
61711 55498 1
20942 80907 2
3365 90861 1
8200 1896 1
13979 81344 2
7389 52238 2
22952 14623 1
55030 35580 1
86183 45355 2
33024 12532 2
41751 92135 2
67693 25885 1
78043 81436 2
46224 51743 1
64538 54774 2
15365 3434 2
14752 19012 2
67142 71055 1
53148 76828 1
10871 96549 2
35424 65396 1
73627 52870 1
55780 7754 2
39772 69551 1
46244 90910 1
48391 89315 1
701 27539 2
48653 90217 1
52436 61393 1
9732 11498 2
95119 70310 1
92356 52372 1
85945 9440 2
53835 13465 1
25666 8692 1
72057 58288 2
40317 61819 2
3157 4979 2
80865 31664 1
46790 57152 2
98313 76819 2
6394 56377 1
49140 69641 1
70690 643 2
73765 857 2
30740 16939 1
51588 42672 2
71048 764 2
69755 16702 2
12796 15818 2
51833 66839 2
15984 19274 1
5427 7764 2
37515 64599 1
11774 98319 1
79796 61199 1
70006 59978 1
71385 36756 2
84699 72329 1
47884 54316 1
95855 95731 2
36480 99170 2
89401 51733 2
46192 6306 2
25636 4511 2
81977 24640 1
20577 34628 2
81852 88178 2
59617 2495 1
60989 96594 2
60187 14665 2
84198 83293 1
79532 1348 2
32196 39830 2
43474 54451 1
13641 96611 1
29360 35327 1
41481 62799 1
59694 85716 2
55133 77319 2
88758 55233 1
57731 97853 1
19672 81244 1
85051 74408 2
41094 32796 2
3052 45314 2
85593 89213 1
99357 77897 1
22186 16351 2
76380 4094 2
22234 55591 2
94491 78025 2
4011 23165 1
76205 96659 1
76036 33325 2
14894 68426 2
6736 47846 2
31577 30624 1
53888 47070 1
56079 9581 2
52197 59307 2
80982 23689 2
79159 32171 1
504 87859 2
3024 64701 2
61696 99500 1
87058 68614 1
65729 78204 2
3901 29614 1
73454 21964 1
25689 63968 1
42467 23755 1
53107 45581 1
23995 41610 1
21591 36074 2
1975 29503 1
31291 33741 1
95613 22566 2
49045 94260 1
72823 19483 1
92223 85598 1
4464 79233 1
99802 4975 1
59323 95614 1
41159 70065 1
63276 78525 1
89232 47950 2
13884 70250 1
35229 93271 1
72873 21210 2
15648 2048 2
69203 77056 2
71946 21217 2
42817 19897 1
84339 69206 2
15866 45025 1
19702 21664 1
80045 81020 1
4114 50979 1
3817 85678 2
99274 67654 1
58885 67139 1
25030 28502 2
88601 52840 1
2000 86946 2
69123 38127 2
2936 45248 1
30308 73456 2
16817 2439 2
84032 9314 1
70705 95219 1
29602 91878 1
66485 42341 2
49493 49661 2
45210 9376 2
40812 35789 1
70597 31757 1
52059 16832 1
6749 32984 1
2299 61316 2
14955 22480 2
56554 88492 2
66529 6283 2
96585 65101 1
47664 79872 2
70140 41698 2
50064 72523 2
20654 99593 2
55228 50316 2
62954 91780 1
97971 56488 1
34531 23385 2
94233 16455 2
7245 23538 2
93555 68244 1
9313 76926 1
7919 5376 2
82685 70350 1
12570 27680 1
90882 54105 2
96487 52810 1
44596 51384 2
12527 444 1
56510 87786 1
72715 29429 2
8139 9778 2
572 57402 1
37166 71028 2
11812 9107 1
78075 88892 1
42186 87691 1
95211 82710 1
49114 29203 2
50172 78647 1
55235 95135 2
44271 65075 2
94263 42151 1
64553 96164 2
53710 81096 2
2802 75658 2
13411 48897 2
5145 88805 1
63605 9782 2
65261 59005 1
74664 7665 2
9125 30299 2
73282 85628 1
23642 45549 2
49838 43848 2
48776 92486 1
40156 44552 1
97681 85019 1
10911 67831 2
4473 57095 2
47278 47630 2
42699 67944 1
30563 20591 1
75250 93215 1
70527 63709 2
70657 93172 1
78308 4033 2
72908 6736 2
28921 30759 1
84365 44546 2
3082 98334 1
91584 50331 1
71078 90524 1
2438 82929 2
32639 65400 1
49190 72736 1
81773 51758 2
39783 94756 2
1035 29823 1
36760 90656 1
8057 78414 1
78569 56410 2
91288 77540 2
9935 3996 2
17137 73836 1
75171 38421 2
14191 49272 1
96228 89750 2
32800 49530 1
20880 5398 1
88440 6796 2
29359 46607 1
98253 90441 2
77545 32766 1
96188 22961 1
81450 82470 2
10755 28809 1
34821 92622 1
14501 13368 2
96046 99326 1
79529 23244 1
45663 60166 1
36571 70643 2
49556 17016 2
56682 56034 1
95599 14793 2
80616 44274 2
86068 42036 2
37837 25789 2
57166 74679 1
53013 32070 1
31401 81939 2
2845 8078 1
99797 73392 2
83306 87040 1
62538 69623 1
65570 51238 1
2494 76950 1
15120 43665 2
89872 90432 1
59748 84277 2
84737 59274 2
68657 73802 1
8662 60207 1
15502 7500 1
41272 69005 2
66294 27452 1
81875 35142 2
75816 11198 2
50746 47712 2
19367 70873 2
36545 86629 2
75002 41626 1
38722 49156 1
99309 21105 1
46393 97422 2
5935 75793 2
32648 77786 1
98738 26516 1
50484 91041 2
50543 86454 1
44229 55970 2
83455 18581 2
40106 77375 1
5730 408 1
70931 82239 1
50268 87332 2
86773 77386 1
7635 93640 1
24010 12112 2
14355 10995 2
6830 87810 2
47946 37880 2
79971 45015 2
83884 273 1
63950 11977 1
35952 36281 2
11351 14774 2
65840 81969 1
60685 20991 1
4269 97724 1
62816 94860 1
746 95554 1
40549 89637 1
11884 16433 1
26486 2907 2
61696 60887 1
35567 957 1
51157 78762 2
72754 13187 2
65149 96576 1
41348 14727 1
72497 67991 2
78478 81447 1
45258 47438 2
349 59013 1
62057 6986 2
78498 60839 1
59663 15698 2
3570 52599 1
77605 66676 2
84743 48259 1
85910 9726 2
81437 60734 1
76208 10853 2
13814 22110 2
90375 94369 2
99159 42524 1
67186 38607 1
6088 88631 2
31276 74862 1
59512 75761 2
82196 74371 1
93495 45904 2
83469 49749 1
56603 60958 1
383 63537 1
49243 28842 2
46580 45159 2
10711 96517 2
36476 41259 2
13390 84550 2
40842 57173 1
5702 10567 1
47572 64929 1
30855 35525 1
59030 70608 1
65664 60547 2
60560 52293 1
29697 44072 1
49604 51177 2
32448 93404 2
67673 95240 1
40596 30991 2
27 61554 1
96669 7827 2
83192 47131 2
67226 17949 2
89540 50298 1
11313 4967 1
60278 20750 2
21034 80689 2
79177 69236 2
17108 86460 1
43996 9714 1
86911 15149 1
15282 91376 2
37473 33200 1
78963 97242 2
40626 51923 2
21929 75071 2
38095 3750 2
1604 15029 1
36602 80706 2
63447 49010 1
49048 62463 1
40632 5140 1
67410 4124 2
92932 1883 1
22773 6971 2
22424 29066 1
97490 1121 2
13145 4649 1
54014 82843 1
26861 25606 1
65843 35828 2
74240 77583 1
87693 66176 1
71584 84441 2
96879 15157 1
42530 48253 2
21275 57932 2
60059 68117 2
52957 76580 2
33287 20196 2
43201 98304 1
28741 36651 1
5400 12516 1
4280 65525 1
53880 88891 1
30824 75372 2
92793 99284 1
73823 72865 1
55768 20096 2
57101 39784 1
10039 82838 2
98309 80185 2
7867 50928 1
88605 91697 2
65453 62539 1
5394 16015 1
24602 67307 1
99233 64343 2
4691 59444 2
71119 47058 1
67182 88466 1
4131 30380 2
3331 58514 1
67015 55733 2
96015 10951 2
42154 73857 2
64244 1478 1
40768 93576 1
62327 13546 1
93088 70086 2
7489 58801 1
4357 29948 2
24639 19996 2
15567 85741 2
22818 15187 2
87007 46850 2
72512 67647 1
91870 15591 2
94897 64719 2
47510 2763 2
40082 24340 2
31671 1124 2
1862 26116 2
64020 37769 2
70736 4858 2
39811 3510 2
94426 16276 1
80513 64107 2
14801 18676 1
57708 89293 1
68102 54496 1
46055 84356 2
15182 82915 1
45401 29020 2
95075 67753 1
74510 5412 2
92898 57062 1
20629 6513 2
49867 12656 1
23936 34428 1
17924 52353 1
78055 55232 2
17430 58262 1
94885 98173 2
38414 3506 2
84761 27064 2
38654 78172 1
24679 19256 2
63129 87708 2
75701 76971 1
7322 17890 2
64046 21887 2
44702 5152 1
46082 1321 1
48517 27435 2
37956 84674 1
2453 68061 1
90699 20164 1
98807 71894 2
70609 59505 2
15384 19447 2
93495 82413 1
59913 61829 2
74879 78559 2
37120 39756 1
43281 76564 1
48693 37529 2
28951 58172 1
7814 94719 1
77568 5195 2
84499 66643 1
1568 19161 1
41090 21968 1
43599 84803 1
67804 62420 2
96678 62920 2
57966 89761 2
36677 77868 2
51882 75293 2
5328 74648 2
44835 60274 2
59437 29432 2
41204 63695 1
75943 25499 2
44826 11525 2
58414 48055 1
99669 8682 2
88981 90947 2
35467 16442 2
95859 11995 1
31142 75953 2
53923 15872 2
17201 94258 1
14787 19093 1
15358 73443 1
23897 81091 2
65059 40815 2
79081 28342 1
35288 47266 2
82944 6717 1
19867 67441 2
22541 75246 1
69836 82288 1
8066 71039 2
64753 99833 2
3735 44846 2
14707 85964 2
95432 85179 1
71327 62729 2
50770 45929 2
4935 34743 2
66106 20736 2
72766 69281 1
26118 50990 1
82560 16340 1
62049 16673 1
58631 74147 2
48539 27630 1
95831 74755 2
95271 86734 1
61683 38703 2
38012 2908 2
2245 99493 1
94357 34040 1
8634 27974 2
63697 99143 1
94500 48634 1
15827 61232 1
55158 75242 2
79170 2080 1
3564 96740 1
25962 6887 1
67968 26139 2
68986 41145 1
46294 73669 1
76869 38991 2
74097 88635 2
39585 33059 1
28347 92892 1
80202 58423 1
4449 85674 1
6016 68559 2
45269 25611 2
11108 28018 1
92075 44521 1
61888 85293 1
90716 4787 1
38204 41136 1
88262 24634 2
71881 15471 1
25577 5461 1
90266 72610 2
85899 81117 2
61510 44933 1
45045 84305 1
66856 92249 2
2165 39764 1
35007 87297 1
86106 18890 1
54798 66662 1
66811 13759 1
16317 11796 2
26800 40287 2
31638 59386 2
89303 18879 2
48809 71342 1
54417 81235 2
71816 72167 2
33122 20118 1
19788 55649 2
71220 82341 1
4878 51964 2
3956 59556 2
57519 49182 2
3380 2103 2
7600 63116 2
75144 65610 1
52058 93877 1
98793 19658 1
18872 58983 1
79093 55274 1
90232 90936 2
8460 85695 2
15630 37950 1
89813 96868 2
88977 87895 2
88983 66583 2
4316 59074 2
22400 69082 1
38766 12356 1
16482 17523 2
42827 86501 2
82417 37580 1
61720 88688 1
76550 3987 2
42082 70550 1
2079 15227 2
81016 80780 2
23996 41946 1
23885 50056 2
79300 23241 2
34007 59176 1
63294 98759 2
56275 20491 1
37080 34550 1
11774 21493 2
56804 56669 1
95325 79024 1
77622 67812 1
82454 51526 1
89287 67611 1
71989 1672 1
597 55283 1
64040 84074 2
67361 49123 1
68548 90340 2
44079 68516 2
89789 50898 1
37481 25078 2
58097 83125 2
68029 71897 2
91615 27569 1
6298 38869 2
55080 34381 2
63671 22514 2
533 92342 1
20269 85441 1
6128 35963 1
29656 10065 2
67401 72210 1
61561 34042 2
7954 77682 2
97815 88502 2
90500 26071 2
22361 98819 1
10648 14722 1
46989 58594 1
81135 81462 2
52741 45851 1
39467 31260 2
77909 90999 2
39827 65984 2
56726 63236 1
62483 52241 2
79526 32725 1
39577 59461 1
28966 19552 1
90778 49587 1
5562 12894 2
79147 75767 1
78989 8686 2
38312 23537 2
31210 23858 1
98128 92742 2
69028 31984 1
61638 19774 1
74735 39122 2
82546 66212 1
70436 54727 2
6750 46217 1
42625 10656 1
69146 46434 2
65991 98963 2
30361 55205 2
77051 38940 2
1778 40528 2
31109 4695 1
20543 53122 1
44755 24839 1
59073 39424 1
45815 74226 2
53914 52594 2
43205 33315 2
44401 2627 2
83255 48295 1
31314 11364 1
91177 38320 1
62028 88489 2
30716 26229 2
64721 46474 1
89143 71824 1
46841 14596 1
38369 64990 1
66239 31158 1
58185 18403 1
85026 28004 1
23711 91204 1
62886 28216 2
57976 32874 2
689 74748 1
45709 67014 1
50126 83777 1
8476 76935 1
58445 31162 1
1414 80837 2
16065 68386 2
74319 55290 2
23392 59826 1
9634 1796 2
95495 30508 1
93450 81829 2
29492 96691 1
65850 96067 1
50826 5136 1
51430 49064 1
50832 239 1
41000 13634 1
42770 63391 2
59868 36292 1
45631 40534 1
72356 32932 1
72617 66507 1
61572 83195 2
28744 81466 1
37511 7336 2
34455 90948 2
81752 48973 1
19381 40364 2
27050 76720 1
11270 97211 2
66993 32988 2
87248 65660 2
22855 16638 1
22782 72001 2
12328 45864 2
27424 42492 1
50646 22865 2
4169 40455 1
45109 62354 1
53392 49565 1
64144 87307 2
7952 38142 2
89714 71484 2
97544 68335 1
14414 47660 1
12123 84919 2
4152 18854 1
624 12068 2
41738 49079 1
97715 63204 1
10496 25745 1
15699 65484 1
9788 32460 1
18690 88373 1
56931 43871 1
30456 89561 1
38909 21995 2
59408 27195 2
92441 9169 1
47562 33020 2
24007 14198 2
19271 82823 1
71836 98374 1
66288 76230 1
5489 69967 2
93488 25898 1
50789 89441 1
60565 11463 1
27415 48021 1
73619 67893 2
17484 66211 1
24609 20240 1
59311 98730 1
20313 36409 1
51787 11308 1
55836 78708 2
49619 29903 1
78540 51304 2
69468 77341 1
45777 1986 2
87485 56837 1
38165 45362 2
36149 49880 2
74024 11947 1
3237 13548 1
47132 3655 1
92242 33885 1
50793 84514 1
81541 39431 1
99787 27002 1
33546 66285 2
16831 69366 1
62068 98325 1
29386 4763 1
24728 45386 1
99602 47192 1
77901 18681 1
50146 30076 1
7538 95796 2
80107 3226 1
61160 48274 2
41950 32268 2
97684 83693 1
40210 72877 1
41055 86082 1
87620 33150 2
59158 99285 2
35506 77602 1
53193 42666 1
93535 51809 2
27088 92045 1
82835 42441 2
27329 1003 1
49592 83528 2
27516 71031 2
16702 95188 2
1504 358 2
183 48131 2
14290 29843 2
60060 75859 2
88349 64316 1
41638 39043 1
49453 23106 1
50613 49976 1
25075 21357 1
4685 86905 1
89860 27974 2
20756 11476 2
93242 13980 1
67894 11799 2
89905 56672 1
40225 64567 1
2091 15560 2
66793 47916 1
68013 62415 1
83397 14963 1
65792 10163 1
98224 68619 1
75345 17270 1
17577 13465 1
91249 1439 2
23699 28036 1
4597 89046 1
98294 68057 2
98967 71627 2
14428 68264 2
92115 29071 2
64405 23301 1
96491 55481 2
57075 68360 2
37924 96194 1
27311 20493 1
90375 79497 2
34466 58357 2
71776 29969 1
27149 85283 1
23842 2590 1
95409 93856 2
58466 13820 1
2648 92952 1
56280 48792 2
51658 69211 2
63233 85956 2
72985 88061 2
73279 68983 2
79382 406 1
16791 60139 2
54457 40514 1
9266 31774 2
14461 74913 2
30653 80497 2
4833 792 2
52425 87212 2
86984 16143 2
94955 40312 1
45754 43570 2
35805 53123 1
83009 63216 1
24923 58592 2
46701 13535 1
58535 45508 1
96848 11381 1
47334 89962 2
95235 16304 2
66401 77360 2
41759 99728 2
9829 27480 1
71781 58232 2
20131 17064 2
90199 90384 1
99408 75274 2
2652 14246 1
25222 61165 1
57920 77096 1
70274 87138 1
29009 42027 1
58692 66719 1
63043 45288 2
31506 33984 2
87629 8025 1
32437 32289 2
70218 26337 2
68986 30565 2
63994 6977 1
18514 35858 2
90142 18180 2
51698 69139 2
86591 29876 1
89588 35797 2
74919 17506 2
94900 54090 2
40294 92770 2
75253 17961 2
15375 25740 2
48698 60523 1
76216 1309 1
43436 30128 2
37054 49780 2
50010 66552 2
32222 59509 1
61173 74763 2
20125 57193 2
7504 74962 1
74626 12348 2
82726 71867 1
35382 65214 1
57203 31736 1
90571 36579 1
6906 71201 2
54706 19139 2
98750 88429 2
86115 10298 1
24521 61117 2
23897 66121 2
1448 28050 1
32179 99987 2
83692 50034 1
83029 62849 2
95498 78695 2
23461 40063 2
42620 50591 2
35342 17980 1
65887 78093 1
87936 42926 2
35795 71975 2
24270 87820 1
52382 87206 2
82606 15922 2
12169 30857 2
42877 16000 1
30593 53714 2
60441 10491 2
31767 84295 1
37893 35211 2
36545 64434 1
32968 65500 2
44887 51458 2
49966 89085 2
80566 18088 2
96741 39939 2
72256 83323 1
57442 98439 2
9819 14804 2
3002 48996 1
1422 50194 1
84905 25434 2
77191 80088 1
21102 70606 2
99607 2186 2
25517 80616 2
69875 10964 2
10316 6963 2
74997 87235 1
27350 69600 2
46650 69833 1
38555 77635 2
79554 47677 1
21038 64501 1
21811 68889 1
32805 10608 1
1366 72635 1
7741 23606 2
81528 46788 2
84692 34411 2
59339 29820 1
33773 47830 2
31938 97196 2
58159 60964 2
43448 68130 2
51558 8869 2
55594 84913 1
64993 77037 1
39896 71534 2
36690 24948 2
62536 28884 2
79665 21495 1
33635 76577 1
44314 16053 2
55927 7447 2
97610 63090 1
35827 60252 2
8549 24599 1
51694 42042 2
36019 2544 2
70208 10079 1
11903 93485 1
92710 48254 2
69559 78593 2
9891 87821 1
50543 73926 2
30682 44197 1
12734 65591 2
501 60101 2
24126 97653 2
5313 73743 1
48144 81187 1
2511 17706 1
93846 34954 2
55221 18302 2
30808 46902 2
83723 92763 2
80096 1206 2
63695 98482 1
18237 49216 1
54497 23066 1
45252 9034 2
63079 49709 1
64522 54226 1
34282 95304 1
60139 44248 1
30552 86702 1
3399 56191 2
60864 68518 1
11039 67983 2
33913 60697 2
49500 49654 2
11675 81365 1
75273 83650 1
17220 58124 2
62900 98472 2
56468 58357 2
60817 1825 1
45329 36106 2
19895 46344 2
45892 80297 1
9025 18141 2
63675 18900 2
17005 28069 2
76581 57073 2
85665 22119 2
6841 94954 1
34337 73264 1
85583 33133 1
16634 72848 1
31429 34029 1
8315 55675 1
56827 23455 2
74358 98154 1
24407 50014 1
15332 65335 2
17826 84168 2
63806 87620 2
96266 71359 1
75429 52053 1
77086 12489 1
7290 92209 2
77685 87697 2
53926 59397 2
98375 99363 2
92020 65345 1
2642 42771 1
46834 33593 2
37366 80919 2
54676 31461 2
85722 39817 1
83633 49217 2
91717 8902 2
35940 85102 1
8709 47857 1
19148 99183 1
31692 33648 1
84748 97101 1
67149 42190 1
23244 64468 2
90564 74744 1
89430 91411 2
30987 71424 1
90874 19648 1
58374 48829 2
89226 90738 2
2680 75721 2
5822 25605 2
34603 84546 2
59218 3865 1
21581 62153 2
98339 59284 1
58637 41510 2
63222 20859 1
25922 59106 1
80081 22461 1
34756 90987 2
75520 49736 1
32433 75860 2
83889 48210 1
88874 66866 1
95256 86993 2
75283 23872 1
72556 43459 2
60214 84316 1
51528 46280 1
63905 23719 1
82091 7394 1
33699 82185 2
46456 91484 2
98771 58988 2
76055 80160 2
77865 32764 1
89074 89951 2
82019 71309 1
12921 97550 1
39554 10837 1
69567 49123 2
71658 20557 1
78106 41916 1
33701 44276 2
68551 11000 1
65281 42604 1
45123 2491 1
92973 14715 1
40403 76655 2
86752 25356 2
83933 34750 2
17426 8011 1
86477 90905 2
89089 83853 1
63697 70964 1
49582 44645 1
17917 53415 1
15517 85168 2
14952 31822 1
31609 24458 1
86797 37482 2
72845 16183 1
7179 41151 2
7756 72059 1
89926 21172 2
32746 62242 2
83843 24918 2
81312 9881 2
94832 6772 2
53292 32947 2
17018 54084 1
91086 28677 1
93524 27613 2
87885 20010 1
95255 55995 2
48176 70783 2
57788 74207 2
28902 34344 1
24964 46732 1
76062 73386 2
18353 35595 2
88303 80879 1
40810 70984 2
96562 52933 2
47515 73234 1
45955 37279 1
69746 44703 2
73315 56562 2
98179 83974 1
54745 31705 1
85797 4867 2
23084 40562 1
65075 64310 2
9547 22655 1
12685 27300 1
14053 14054 1
73172 48501 1
15345 88113 2
20753 56852 1
67528 56751 1
64238 34995 1
35750 89265 2
61531 85028 1
40172 51182 1
56043 9216 1
55617 18783 1
31284 43172 2
61868 75843 1
30515 21615 1
82364 39677 1
89318 24070 2
34624 69873 2
89680 69361 1
44975 65067 1
53368 36571 2
9634 85207 1
51146 26645 1
17429 93290 1
9108 37523 1
35530 2456 2
8235 3885 2
5989 99227 2
33796 52000 2
29137 467 1
4859 37387 1
33785 17601 1
29487 81298 2
1648 61866 2
59459 54111 2
32202 81946 2
87519 99196 2
35712 57822 1
97422 86170 1
97296 56201 2
30110 43565 2
76891 65328 1
86690 63565 1
77446 24078 1
29267 13398 2
10681 59681 1
6411 76297 1
53731 41515 1
27432 53289 2
81843 13713 2
51408 38239 1
43201 79616 1
85255 89047 1
83075 54115 1
41658 45344 2
20920 85198 1
22839 48688 1
97697 17718 2
69363 59518 1
45027 28695 2
89187 84262 1
12838 40525 1
51811 24073 1
27513 83515 1
36466 34090 1
60171 49703 1
76884 44050 1
67412 75035 1
95791 48908 1
21514 39622 2
8974 67114 2
60972 85977 1
87873 82526 1
62107 30219 2
85755 77826 1
5820 92374 2
98483 31921 1
62103 82999 1
62467 11755 1
14171 68241 2
26636 69301 2
8408 80459 1
45264 73398 1
78243 20846 2
86487 99388 2
28437 72456 1
14571 55221 2
47852 77323 2
48411 14390 2
55625 67630 2
27196 77656 1
86513 491 1
69987 98645 2
49420 25504 1
55532 75728 1
43177 5422 1
35767 56778 2
90840 19485 2
54309 69486 1
34286 18998 1
46623 10566 1
57477 56583 1
11888 46115 1
99609 75779 1
43046 53145 2
25100 9791 2
81781 25184 1
50562 32022 1
18067 18804 1
10406 1350 1
97309 76758 2
98532 57937 1
93393 17706 1
98893 98845 2
53746 23863 1
78326 93108 1
95752 34538 2
41912 31685 2
91901 85011 1
18994 92353 2
74560 22181 2
3299 17663 1
73478 72762 1
80688 13240 1
89796 16942 2
13764 57259 2
36310 93215 1
73227 94683 1
29564 66004 1
61622 19116 1
6648 99763 2
36346 68361 2
46577 82664 1
74864 8385 2
51058 13541 2
76023 18598 1
71403 69212 2
61454 89612 1
94703 75335 2
62714 14224 1
12821 31617 1
71302 83823 2
20248 87467 2
52318 55722 2
65207 11240 1
72531 76649 2
14709 31072 2
8346 50164 1
14330 8865 2
48173 33052 1
21072 20601 1
39944 12848 1
93862 31870 1
36589 2440 2
99025 52902 2
80993 21950 1
22822 6799 1
6956 53552 2
44706 86328 1
65181 36992 2
26530 52550 1
90308 77908 1
97675 48576 2
44566 52758 1
23235 81108 2
86573 13492 2
33942 17232 1
97957 3393 2
58034 8105 1
57344 7859 1
26635 36887 1
13507 98883 1
91448 16727 1
84311 93584 1
12756 29416 2
45257 11868 1
38846 143 2
35690 57197 2
69209 21011 1
18031 11981 2
49997 3169 2
44498 53963 2
73028 62409 1
78607 35864 1
2190 66303 2
51688 18187 2
63325 77115 1
36834 11550 1
63305 39257 2
33926 83758 2
33038 46842 1
1697 12958 2
70217 80097 2
4964 9589 2
36255 30167 1
82564 9243 1
70614 44424 2
68539 91744 1
3546 19876 1
61509 97686 2
38809 21439 2
52260 87634 2
35240 43665 2
54973 15695 1
53563 57398 1
26329 53610 2
31312 84238 2
11493 80231 2
30085 44830 1
86930 69258 2
81214 46062 1
82293 17855 2
62977 81002 2
65960 46804 1
84249 53601 1
29191 40409 2
66806 13353 1
55605 50471 2
97226 59449 2
68532 24086 1
92430 3020 1
96592 40101 2
24027 61061 2
62517 44214 2
53650 99494 2
51028 83151 1
17013 47511 2
5571 9498 2
31051 5638 1
73306 9125 2
81376 76961 2
92822 3683 1
50114 97725 1
86937 17674 1
45093 67795 2
90952 37299 1
10528 70077 2
13452 28733 2
89134 49214 2
32498 29611 1
55982 21655 1
13707 43841 1
33828 84147 2
40332 86858 2
42549 16732 1
75503 82613 1
30127 13283 1
47121 33171 1
1631 50748 1
6194 49627 2
25240 9311 1
94520 43207 1
94259 99977 2
80172 25940 1
33897 86265 1
40091 94918 2
48635 20083 1
92982 30977 2
81259 30944 2
47410 97969 2
27904 75180 1
46185 44131 2
30022 96583 2
25720 75850 1
72908 6117 1
55295 35099 1
93476 94110 1
92708 97009 1
35558 43822 2
54960 6346 2
79981 15222 2
10928 2311 2
68536 4633 1
49589 82992 1
26315 47488 2
67189 6510 2
70571 87671 2
27784 1520 2
7398 80397 2
93579 17703 2
54409 62232 2
41024 1065 2
83367 94287 1
80204 74865 2
45177 54734 2
36472 13213 2
9817 6741 2
10417 63023 1
901 86154 2
66600 60365 2
1474 11218 1
72435 68642 2
43511 33180 1
23146 3770 2
71918 84150 2
82571 45834 2
21622 36918 2
29110 24869 1
92003 98642 1
67889 25864 1
93452 10280 2
58373 34543 2
16781 52087 2
4031 46461 1
7107 71204 1
3504 21593 1
11922 75127 1
31918 79979 1
16994 40123 2
305 65475 1
34942 5697 1
63798 4211 2
73460 62013 1
81632 52464 2
82072 85224 2
87634 74516 1
95936 81628 1
21654 11007 1
61897 87547 1
95705 58930 2
21041 43369 1
83852 36658 1
64379 94061 1
56549 16971 2
72302 36564 2
46972 5450 2
13942 84782 2
70030 47202 2
84834 61807 2
12798 81736 2
30660 90319 2
24527 1175 2
47220 13355 1
79659 14573 2
77581 53826 1
89151 22796 1
82735 61272 2
79132 81978 1
34779 38294 2
20760 17985 1
91098 46760 1
92011 34224 1
51351 53886 1
93619 5784 1
25504 87275 2
48976 34735 2
76809 8489 2
89992 78097 1
44872 34675 1
28868 38938 1
55642 56074 2
93073 62701 2
94365 21457 1
30145 51120 1
43124 49073 1
6439 89230 2
69991 23478 2
36222 15283 2
17952 83791 1
26819 48724 1
67982 49202 2
9686 63365 1
56998 54869 1
78526 42368 1
67389 52566 1
94242 48997 1
39599 49685 1
48368 52660 2
82331 95253 2
66329 79381 2
56773 1182 1
73011 46288 2
4307 40126 2
38742 31829 2
83025 30179 2
42784 98838 1
36877 55170 2
97969 52744 2
52763 36756 1
21423 10150 1
6162 64020 1
20484 13678 1
45452 34050 2
80699 42049 1
36714 28611 2
10598 49063 1
82798 78846 1
43995 25385 2
99360 29216 2
80050 83093 2
89290 40185 1
8361 2910 2
636 88157 2
23456 86714 2
67880 77605 2
28862 64258 1
60935 63275 2
77866 46421 1
12722 32209 1
3026 60885 2
17865 72827 2
42791 38568 1
46608 89424 1
8927 52984 2
56013 33917 1
5202 65748 2
80268 89618 1
84478 96653 2
47451 20355 2
34980 95322 1
45646 51112 1
61672 67924 2
62780 51709 1
2740 98458 2
10560 27235 2
5301 81967 2
68377 53085 2
53757 37591 2
30314 90452 2
53504 10878 2
50682 64404 1
38519 38000 1
91926 28364 1
61728 28610 1
77866 30610 1
30875 44840 2
40300 59741 2
77518 23549 2
9905 51369 1
7075 80062 1
35190 95863 1
43525 16623 1
70808 97770 1
4006 31444 2
87772 98698 1
14524 19641 1
39496 61221 2
1760 10923 1
46856 78761 1
84845 30077 2
72650 22508 2
83559 2340 1
90338 81572 1
98577 68411 2
15687 84367 1
59861 42400 2
93812 52525 1
15329 39349 1
24744 62880 2
15300 53056 2
66950 84019 1
60789 98539 2
29686 20912 1
80909 96005 1
94242 44040 1
64743 67134 2
2106 1072 2
92295 6895 1
18384 36062 1
72368 40912 2
22653 16752 2
38733 63168 2
35610 85893 2
32489 17826 1
96328 81825 2
90455 78714 2
93129 14830 2
58922 12403 1
19236 72150 2
62782 71420 1
3557 46890 1
53582 26886 1
7098 59006 1
5179 66216 2
32791 26634 1
36524 2044 1
46803 38538 2
91432 97311 2
16265 60511 2
83581 92884 2
42680 85037 2
98781 32706 1
36740 79067 2
59068 84178 1
14834 53046 1
73363 77330 2
19728 56493 1
9440 8340 1
31146 53078 1
55204 10351 2
16246 36232 2
58883 74525 1
62602 74239 1
21704 93788 1
79712 21276 2
17534 80621 1
8953 7522 2
74456 87320 2
68279 1594 1
49290 16198 1
46849 23696 1
94637 54661 2
11779 81075 1
79423 1000 2
17995 28665 2
95937 47205 2
75277 29721 1
83127 2581 2
30752 13647 1
38795 57719 1
78527 32571 2
74443 25261 1
3881 59778 1
7719 28637 2
97538 22156 1
14708 68209 1
40720 18436 2
24203 43864 2
41694 21500 2
8458 2307 2
51356 3622 1
35794 44520 1
77565 50299 1
60039 58051 2
77975 21496 1
58004 87088 1
59943 52252 1
35940 9458 2
26634 95948 2
13450 14288 2
34821 17424 1
23194 16946 1
31615 6291 1
15661 96584 1
67202 97926 1
10593 33187 2
76189 18589 1
54167 38586 2
41796 29552 1
73203 20103 2
99182 79516 2
2016 25352 1
32247 88832 2
44201 28446 1
76092 75745 2
64449 67697 2
99681 16454 2
34300 16105 1
26286 91932 1
64948 97591 2
33805 33203 1
28773 60298 1
54446 89983 1
80368 63035 2
83556 90008 2
79644 19489 2
12198 12250 2
66640 56061 1
72079 33382 1
96443 83632 1
83837 67679 1
62381 21184 2
21141 62542 2
56507 6839 2
66974 82431 2
39294 84100 1
61410 51234 2
67988 151 2
66576 84010 1
76990 69513 2
41052 67953 1
93441 72946 1
83486 94034 1
30341 28369 2
43471 69198 1
78969 47912 1
36207 92936 2
65453 64734 1
26498 74537 1
49462 37211 1
97134 16508 2
21325 65871 1
7518 23251 2
99984 36555 2
49218 70528 1
81888 39398 1
34861 56733 1
45762 64953 2
90518 35973 2
33278 2788 1
98999 30808 1
74051 13255 2
94513 72731 2
82529 58761 1
47686 22166 1
51981 39125 1
40382 71636 2
42817 16888 2
41475 65318 2
57945 10629 1
81892 47424 2
98231 15729 2
3190 90331 1
61375 71510 2
19214 79601 1
16476 56916 2
8744 77637 2
48505 73900 1
45539 48472 2
61417 28195 2
24739 20373 2
34336 86245 2
70638 67270 1
11704 55264 1
38959 80348 2
97229 32100 1
36279 25195 2
59105 25002 1
58166 8875 2
67545 73322 1
14726 25144 1
9213 43971 1
5025 11155 2
58204 27127 2
26022 22016 2
3462 50892 2
6008 67686 2
75664 30956 1
27487 28786 1
67668 24038 1
4133 2964 1
85806 23691 1
35801 36671 2
49408 35121 1
15888 20397 1
29647 64372 2
66111 66874 2
61347 80464 2
79138 28772 1
66443 25736 2
89145 27922 2
73655 29730 1
73061 33066 2
5372 44009 2
58799 54136 2
77844 57770 1
99202 35374 2
17467 40055 1
18060 63294 1
34035 903 1
86049 97634 1
35553 25716 1
20312 77237 1
11309 95195 2
72652 67544 2
20550 84800 2
85596 2158 2
28796 61639 2
93771 67167 2
51556 86396 2
55104 59897 2
63032 91788 1
20936 62282 2
32212 36842 2
10735 54760 2
90490 24395 1
11371 17545 1
16591 29386 2
38225 60811 2
37020 31749 1
74461 85005 2
27085 83933 2
94991 55380 1
65653 49498 1
65417 12903 2
45993 57029 1
48626 55028 2
44544 69517 1
15733 13481 2
36154 89699 2
63523 80507 2
48118 25437 2
35789 41026 1
42650 35926 2
81739 89019 2
79214 77548 2
49047 56869 1
63105 57121 2
96306 87493 2
89475 62172 1
95679 55170 1
74377 46725 2
64195 81545 1
6029 61260 2
61740 53546 2
73836 78786 2
53030 71993 1
32518 37598 2
96679 25870 1
53216 99545 2
19044 65509 2
34597 84242 1
88218 62271 1
36161 61260 2
94246 32095 1
70981 78635 1
1997 40782 1
27334 76347 1
70389 73400 2
3358 9833 1
90442 77997 1
82026 79495 2
69242 87489 2
24170 68812 2
64057 17900 1
44451 84242 1
47294 94058 2
32192 86039 2
41572 43003 2
61837 19004 1
93930 3268 2
21563 72137 2
52532 10701 1
8960 42759 2
40519 82178 2
87059 78340 1
66193 92274 1
49108 77683 2
45886 46867 1
67394 65481 2
18532 61020 2
50819 19329 1
76088 8873 1
99552 84473 1
65879 4762 1
11141 27667 1
34367 82100 2
40902 31701 2
91922 8158 2
63573 25129 1
2202 28486 2
79021 6686 2
13247 1594 1
30026 53861 2
28051 94831 2
11310 21012 2
81127 30590 1
50750 83559 1
69907 40130 2
2147 8826 2
59954 35803 2
26730 47536 2
28451 21005 1
95876 83087 1
37577 34050 1
77319 39074 2
75724 58148 1
56075 10486 1
81175 23108 2
9933 9693 1
34775 56182 1
62543 48910 1
22914 58674 2
36854 20451 2
98190 79349 1
92875 83001 2
47445 93918 1
79835 58675 1
34904 33393 1
43511 2808 2
78233 63639 2
5237 98289 2
96511 99036 2
67053 62252 1
48726 53136 1
27164 39419 2
26604 87623 2
57860 43958 1
82070 24633 1
63818 21557 1
49161 57698 2
59639 81686 2
73025 75683 2
33464 85661 1
56189 69151 1
21310 63759 1
54880 41759 2
27391 49302 1
83826 18287 2
34803 58624 2
22270 7614 1
72119 45088 1
24593 24994 1
35310 26860 2
80609 96530 2
71099 81981 2
1732 2378 1
63432 4722 2
35924 99339 2
9634 62573 2
51026 32760 1
70682 17396 1
15200 24569 1
25349 91025 2
45350 87324 1
3037 12819 1
15149 27791 1
88255 6795 1
78887 93384 2
52491 56560 2
96901 14781 1
88743 62363 2
37919 96492 2
41788 68876 1
59408 12340 2
18071 22499 2
44696 40730 2
19625 9575 1
7960 44966 1
57544 79011 1
87417 30883 1
11948 48420 2
39973 4514 1
37779 68284 1
29805 16855 2
51389 6722 1
30721 39003 1
12720 50544 2
81563 20616 2
49781 96868 2
71829 75648 1
81753 9503 1
67149 75335 2
15693 69833 1
5064 89412 2
92327 63051 1
13997 30884 2
87135 66771 1
26662 9143 1
98547 73460 1
82562 27697 2
62531 24867 2
14614 79178 1
28629 42939 2
35959 77759 1
65842 9626 1
27233 56623 1
49447 52130 2
88531 66558 1
37125 90649 2
76561 19221 2
37314 40841 2
93345 83104 2
60694 57312 1
34830 1135 2
11167 87057 2
25897 70389 2
63133 55410 2
21730 62444 2
53462 76412 2
29523 75120 2
8083 77006 2
98806 53119 1
55778 46762 2
53834 52127 1
40466 21143 1
13170 17592 1
94106 61853 2
52181 33270 1
87250 84908 1
75551 78888 1
66359 30133 1
59647 18500 1
13484 61295 2
84135 14849 2
30868 89716 2
75792 65595 2
98841 89953 2
14131 15762 1
85064 52570 1
85232 93035 1
34739 3555 2
55819 66765 1
62733 14568 2
49994 72582 2
3889 5782 1
27032 45252 2
43228 52031 1
53734 93308 2
93807 70203 2
50437 60519 2
20814 51105 1
11052 75168 1
51747 29426 2
38136 32647 2
68891 44911 1
68039 96609 1
15751 69854 2
74044 7829 1
3869 69353 1
50431 80912 2
74101 49246 2
7130 25986 1
74637 96208 2
50685 83071 1
58150 10996 1
9850 27936 1
72484 99845 1
27241 39999 2
17681 80641 1
51558 66430 1
12282 74826 2
1358 8865 2
50353 18950 2
50054 67279 2
23721 95488 2
14996 66837 2
30206 62084 1
80451 55747 2
23946 62118 2
18852 2381 1
46577 58908 2
45576 62411 2
25366 14176 2
30054 24441 2
17315 51247 2
69499 74488 1
36902 31980 2
30437 6699 1
66062 73918 2
85576 58907 1
81874 63693 2
99657 36052 2
17770 20073 2
57013 74725 2
55188 68835 2
69211 60836 1
28176 6098 1
37422 89736 2
31941 40432 1
34340 47245 2
64442 57275 2
19257 24180 1
70813 12020 1
18605 76512 2
59040 36579 2
94914 6105 1
57751 77969 2
16703 48909 2
52699 83788 1
46159 4714 2
79850 45223 1
2819 74342 1
91044 72727 1
20940 77911 2
72496 70007 2
93762 79099 2
93717 2309 2
21536 31602 1
33217 91907 1
83493 86078 2
86630 84918 2
53076 53290 1
34168 3179 2
4405 10496 1
16944 92077 1
76658 21457 1
56460 27280 2
26747 9266 1
33036 9354 1
18498 64377 1
48407 45300 1
33696 66468 2
71060 19469 2
10510 42578 2
65105 17751 1
53357 20935 1
85664 86936 1
30366 95693 2
46709 81691 1
32843 74350 1
15913 54828 1
12156 72571 2
61082 960 1
81603 77192 2
42376 47243 2
56721 20909 1
54330 18631 1
89886 26919 2
89879 80755 1
21029 3796 1
14862 3314 1
16069 86587 1
18190 13256 2
35073 24514 1
25198 71041 2
16353 38134 1
90887 25162 1
25263 52647 1
22516 96598 2
23739 9256 1
66585 30554 2
92760 17011 2
11673 24625 1
26524 42468 1
4095 67640 1
41060 42777 2
38582 69939 1
54957 36856 1
82129 42791 1
17564 16905 1
89092 99262 1
29688 37816 2
75400 25382 1
55786 21652 1
68923 46930 2
83268 65715 2
89214 9047 1
77207 14604 1
90741 34704 1
24859 83355 2
94955 17371 2
40587 48384 2
491 3354 2
33958 1696 1
43688 85043 1
91152 68771 1
91158 47633 2
76878 80852 1
84494 37600 2
97038 41733 2
36622 19828 2
96861 31560 2
24951 2339 2
63022 77430 1
1421 87398 2
72282 67820 2
42523 34141 1
59515 86569 2
34252 11656 2
52847 6962 1
55667 79470 1
43035 70479 1
93476 11354 2
95174 38955 1
85752 99353 1
15769 23895 1
38541 27229 2
15014 46023 1
47492 48093 1
63486 11219 1
26594 211 1
15321 17560 1
39311 79132 1
89202 48501 2
13594 66908 2
22857 1743 2
6962 60407 2
44927 84333 2
94190 66937 2
21789 56604 2
90919 60655 1
90957 44 2
33465 45324 1
39263 47441 2
56198 67685 1
70662 73955 1
1714 96053 2
93401 29470 2
77512 27706 2
95986 22179 1
31123 23318 1
9138 62133 2
42694 34766 1
25307 6429 2
51253 21615 2
35508 76039 2
78234 58180 2
39497 67139 1
96209 10337 2
88553 39716 2
80795 18652 1
97350 44644 2
43807 33166 1
5944 79262 2
61221 56534 1
67099 33619 1
16857 83510 2
74700 75782 2
61614 16468 1
12271 3936 1
61816 21466 2
62668 92204 1
39761 53879 2
94382 80668 2
62997 96092 2
39363 27810 1
71206 36800 1
13439 15000 2
88808 32029 1
4056 85721 1
54662 86512 2
62091 56773 1
80075 62172 1
21846 32897 1
81706 10440 1
87740 84981 2
88343 41565 2
87876 86316 2
14764 5449 2
35994 31031 2
61285 2526 2
12013 10602 1
13124 25843 1
16303 28798 1
13069 6690 2
39577 12494 2
21515 27273 1
79780 8698 1
90346 45225 2
86320 18438 2
45243 65482 1
47809 62332 2
11443 34453 2
45501 43846 1
84939 36088 1
21039 68693 1
83745 94566 1
26791 96989 2
48726 50420 1
72920 10134 2
90095 41885 1
83161 59709 2
84181 2207 2
56485 96976 1
18516 58684 1
13403 56150 1
70111 73882 2
96350 5013 2
25642 36292 2
36917 51930 1
15279 90854 2
97676 53621 2
34090 42740 1
91282 20186 2
33949 50788 1
20985 1760 1
23469 55247 2
85466 5158 1
25827 14644 2
79790 45225 1
5355 5046 1
42133 44336 2
84664 39481 1
5843 56897 2
8926 99336 2
44622 89608 2
32759 72690 2
42098 66167 2
40447 75209 1
59405 80224 2
78968 5506 1
59891 24221 1
54727 28407 2
27707 24361 2
76917 47272 2
17823 68421 2
78830 98581 1
13088 72948 2
7653 45446 2
62113 85406 1
20719 23140 2
59175 77713 2
42531 28733 2
16287 98747 2
85985 84803 1
62168 80082 2
29351 19565 1
19621 81420 2
81085 45493 2
28860 1415 1
85035 99065 2
63193 58210 2
28510 14491 1
36444 24674 2
13255 70817 2
34694 57487 2
72443 67093 1
63361 33492 1
8980 72069 2
96565 29218 2
93838 23300 1
5715 45005 1
97963 46344 2
22318 43469 1
45424 106 2
51293 96415 1
67526 50441 1
45179 71394 2
93433 23175 2
17959 52795 1
77436 99946 2
25285 48497 1
88548 27260 1
73786 71409 2
62536 97836 2
35059 17355 2
72936 98923 1
99711 78579 2
35619 54448 1
15185 48545 2
25951 29013 1
69919 433 2
32772 99319 1
57669 93028 2
80097 18105 2
8835 15837 2
55750 23298 2
87899 97861 1
22537 60186 1
4724 15912 2
33217 2769 2
12506 75318 1
82606 28377 1
5979 11299 2
46447 48647 2
46699 28231 1
67882 26774 2
29121 74494 2
38440 58499 2
74104 64296 1
55925 59634 2
63535 53067 1
27332 80616 2
7273 20716 1
37930 82894 1
14350 59610 2
46559 12021 1
67496 65155 1
84384 24972 1
90215 39677 1
43343 89356 1
71614 59711 2
25745 61389 1
45475 81221 2
67119 33806 1
74547 30799 1
6806 89553 1
523 73282 1
40471 18684 2
45968 64581 1
82055 13401 1
80168 90694 1
2240 72310 2
32575 59731 2
92511 6534 2
52580 83809 2
51108 36735 1
38057 90249 1
32565 45338 1
68934 83238 1
78586 72375 2
81910 91864 1
65474 93334 2
54872 7363 2
80318 74142 2
12687 57425 2
16417 12409 1
40291 35116 1
31558 71094 1
61278 68677 1
74217 63591 2
7856 6544 2
2092 41888 2
56908 20517 2
65332 94814 2
93736 75681 2
26186 55294 2
8801 16995 2
26811 56929 2
53269 80143 1
76952 8079 2
45159 40206 1
66615 35632 1
82174 63532 2
56656 21684 2
47526 19257 1
73888 42765 2
44493 73961 2
86698 53840 1
81415 6292 2
17904 61912 1
40331 11542 2
59678 55427 1
10612 56336 1
42816 79763 2
13442 19365 2
57096 81357 2
67414 20702 1
24425 19069 1
84537 24487 1
99710 57745 1
565 70895 2
17764 92986 2
76314 47436 1
88027 69998 2
283 58101 2
28169 36488 2
19311 48454 2
63063 79462 1
75792 82336 1
4018 59818 1
33023 63014 2
83851 41690 1
30046 30560 2
92504 40865 1
67476 17788 2
98961 60107 1
87149 15976 2
60883 72205 1
536 98650 1
9056 29018 1
27623 16200 1
29661 82223 2
26802 11536 2
75859 81448 2
97364 74993 1
59663 47528 1
61868 58352 1
7395 82422 2
54718 59733 2
98146 98938 1
61104 88683 1
88903 64580 2
74637 57411 1
31023 23942 1
66181 9297 2
85466 49301 1
60971 75438 2
73934 34604 1
73590 51060 2
74516 7368 1
22624 86693 1
68793 41741 1
39786 91077 1
4399 86015 2
18390 41979 1
10249 13194 1
56524 48756 1
3714 19099 1
24470 11808 2
50583 79749 2
32579 71827 2
48424 20029 2
2120 29349 2
7227 89086 2
28954 76691 2
5657 66982 2
22133 27132 2
99151 60151 2
68376 36996 1
78927 16023 1
34951 36820 2
23116 11184 1
44136 67192 2
91009 67825 1
25190 29664 1
7083 49867 2
52817 65439 1
60586 59060 2
63452 46703 2
7653 21064 2
88254 13484 1
64035 11427 2
12466 12948 2
51154 20616 2
87607 92045 1
42979 44413 1
24624 46559 1
18348 51597 1
8740 4982 1
46949 28612 1
80319 29825 2
91596 68471 1
53680 26486 2
79905 39034 2
43305 78252 1
62730 23111 2
94786 66879 1
45712 17982 2
48375 48239 1
11328 55551 2
78949 257 2
72876 28882 2
53521 54268 2
55496 76351 2
1409 93422 1
64269 13686 1
16320 8805 2
66328 25065 2
57406 20759 2
53388 45325 1
43566 43994 2
67724 13149 1
67719 69548 2
51618 60567 2
57508 75756 1
61627 42268 1
79844 71551 1
63401 52948 2
17706 37100 2
53184 34952 1
12926 34048 2
72441 45959 2
83082 76651 2
92337 16673 1
40893 45569 1
299 12495 2
1068 41499 1
69610 68521 2
60364 37555 2
44600 8622 1
53305 31819 2
14818 80256 1
42323 77479 2
16250 75365 2
636 75278 1
23892 37607 2
95291 44109 2
90505 26101 1
28859 21204 2
13111 22176 1
38860 2519 1
76126 28255 2
95649 80526 2
26404 37323 1
19793 19029 2
62355 27555 1
75863 55277 2
21046 88330 2
51730 76505 1
49663 63524 2
10021 81954 2
28676 94237 1
7672 58868 2
27037 9090 2
49077 83358 1
90312 42917 1
31500 90582 1
27334 41469 1
60271 41555 1
95259 49700 2
78039 82545 2
6705 22135 2
28701 90321 2
76502 83898 1
86754 40086 1
58969 92113 2
84519 93768 1
31185 78472 2
99606 38069 1
16278 19180 2
26583 29355 1
29606 83184 1
14075 5440 1
40673 16873 1
13750 42634 2
41198 70066 1
27164 45863 1
53780 13769 2
81963 52823 2
68993 33136 2
31457 5052 2
88711 48237 1
65506 23073 2
24474 10794 2
95795 57520 2
87763 96502 2
52162 43546 2
99312 27938 2
54619 34932 1
21105 94212 2
42260 14996 2
58237 22135 2
68226 44536 2
35643 71930 1
46306 99423 2
13178 15597 2
69585 86382 2
47721 5239 1
1556 24620 2
47679 49474 1
84913 96966 1
79284 65629 1
26740 5484 1
9798 82937 1
22796 63026 2
31574 86541 2
69739 71344 2
26024 10227 1
15497 90819 2
20135 77320 2
94529 67305 1
50494 34991 1
62322 58025 2
21984 95759 2
15967 65449 2
70592 79473 2
47184 31190 1
52538 13059 1
92367 50464 1
77609 90775 1
20652 506 1
28846 74980 1
74298 95166 1
30096 42884 1
30063 41416 2
60278 33365 2
97960 63382 1
14351 35480 2
21314 76942 1
52362 17237 2
3042 95256 1
37278 33717 2
16078 72032 1
87492 32455 2
29778 66389 2
27639 73915 1
74909 63725 1
45531 87082 1
68161 66399 2
75732 65228 1
4662 29831 1
51882 16608 1
13175 82085 2
64171 4424 1
22051 57950 2
41161 66506 1
88125 64762 1
97624 1776 1
55149 39396 1
78641 9225 1
17662 97102 2
73810 86342 2
61565 4810 1
40412 65021 1
23616 91473 1
37204 32202 2
23837 10400 1
63970 28393 1
95054 90295 2
51061 54557 2
60180 76312 1
69244 45933 1
78417 19246 1
79950 94881 1
65356 59843 2
12836 18953 1
82865 18920 1
26042 44630 1
20975 30769 2
52177 3231 2
7320 65942 1
67376 67486 1
85732 85044 1
76446 13585 2
11406 72234 1
73130 73145 1
65909 99965 1
51460 9278 1
87389 64660 1
57473 64521 2
31948 69276 1
28026 37032 1
9069 1573 1
90317 43181 2
2768 41187 2
52123 98544 2
43368 52046 1
74857 44393 2
30571 18690 1
10591 78678 2
19606 68384 1
39340 4635 1
5799 48523 2
9631 46557 2
20673 1676 2
27215 47526 2
25643 30927 1
30485 78789 1
56497 75908 2
88429 8459 1
4258 76318 2
21433 97358 2
47920 35415 2
14205 95369 2
90739 58154 2
56260 17850 1
45766 33144 1
78809 42051 2
68713 91780 1
39407 11307 2
64061 12919 2
83962 26362 1
6891 25820 1
78612 53632 2
28510 28005 1
21625 64974 2
17572 63780 2
30603 68955 2
71536 16531 1
69230 80672 1
85691 45037 1
98509 49821 1
37503 45842 2
99860 79698 1
5115 30151 2
1139 79046 2
66482 26004 1
31394 72388 2
38859 21348 1
93623 35129 2
87058 46792 2
43793 36888 2
22742 58996 1
13809 7190 2
77385 17761 2
47068 55245 2
35075 65098 2
6106 40989 1
75872 53199 1
42106 53415 1
1597 20116 1
76012 46097 2
11455 20323 1
25861 35940 1
28652 55206 1
32319 41713 1
85551 61102 1
69782 23528 2
35160 60207 2
13260 57951 1
15258 43777 2
26245 20689 1
47500 20257 1
17260 62076 2
7817 31469 2
8941 13218 2
17263 44748 1
14137 4041 1
61604 49572 1
66885 69659 1
37004 41858 2
33386 64903 2
90068 51510 2
20135 39838 1
15755 61684 1
922 66550 1
2691 36116 2
86379 88427 1
46420 4530 2
226 8505 1
186 62638 1
42252 47395 1
7666 26766 2
21017 83215 1
52897 14968 1
75745 26760 1
29965 45048 1
61338 64283 2
67138 64224 2
17444 44378 1
19086 55970 2
27133 31900 2
68645 5688 2
93357 26875 1
10045 61917 2
80732 27252 2
14963 53938 1
90519 88331 2
56933 20506 2
49775 65476 1
73430 57597 2
39961 25899 1
66766 24073 2
71087 69325 2
10711 4492 1
77645 8381 1
8961 59996 1
41461 68720 2
97662 8079 1
99884 84417 2
39463 56035 2
53722 72686 2
22389 10167 1
79822 66936 2
31881 58000 2
88088 30055 2
32292 4918 1
55725 51012 1
63727 61364 1
18471 76574 2
99605 25819 2
25762 58406 2
51204 23615 2
6240 38226 2
39824 15448 2
53030 83933 1
4304 16739 1
8029 7813 1
51135 83007 1
35378 23277 2
66396 52913 1
86422 11001 2
25194 18976 2
22334 49748 1
77073 9625 2
65028 7885 1
46139 71276 1
15652 85589 2
10840 10093 2
57632 23267 2
12826 85684 1
57437 12048 2
1722 10621 2
15332 63036 1
97169 63433 2
79650 67943 1
63456 81691 1
48680 41464 2
65033 988 2
66571 16218 2
5139 9496 2
85989 72154 2
37193 33183 2
29586 82698 1
84092 57285 1
23412 89345 2
98621 47074 2
752 21305 1
69828 72978 2
82735 64336 2
73452 18101 2
95966 16551 1
54292 45265 1
16462 38246 1
13791 86763 2
70164 47894 2
99637 44722 2
7050 69029 1
96000 23572 1
84844 31558 1
73360 43079 2
88444 55502 2
69208 73602 2
88383 41240 2
20270 13921 1
82078 14818 1
76174 82244 1
21030 82798 1
94264 85264 1
18024 3842 2
77486 9036 1
67770 72168 2
15223 20966 2
4723 8783 2
66783 56876 2
54963 44360 2
1172 7955 1
1433 42026 2
84138 87668 1
11723 93326 2
7544 66346 2
64594 38099 2
43833 33557 1
60635 49915 2
74669 10649 1
82327 29036 1
4501 33408 2
72059 84977 2
66778 82132 2
60993 61271 1
55270 12902 2
37478 26416 1
61033 23498 2
93034 97747 1
25462 89912 1
53907 91162 1
3651 87789 2
81642 32738 1
59085 10152 1
31420 42447 2
31377 30637 1
86970 7717 1
24660 71653 1
6777 2416 1
17437 71132 1
93619 78557 1
81109 96354 1
36485 23231 1
20910 37579 2
96879 74315 2
28793 53743 2
58903 91836 2
70318 59690 2
53894 6255 1
58568 39933 1
43561 24104 2
30630 90155 1
73425 7788 1
83020 39101 2
8499 48613 2
86848 55743 2
79497 83105 2
68173 87841 2
39600 54803 1
39011 14422 2
86120 2737 1
81685 28760 1
93847 42132 2
30905 44578 1
48486 54619 1
51308 3061 2
30018 38024 2
69100 95284 1
52572 95361 1
5500 49895 1
60714 22160 1
43619 47132 1
52740 87268 1
86893 10081 2
22503 65454 2
37480 32972 1
48438 52997 1
96553 63731 1
30356 5378 2
5509 48916 2
12203 84837 1
82520 1678 1
46856 76014 2
33121 11750 2
62172 58308 1
8964 70116 1
70525 22130 2
72839 84979 1
59875 66661 2
90197 74660 2
45291 57263 1
51198 67147 2
80503 38503 1
82485 43585 2
92588 33511 1
68209 1568 1
36244 749 2
77228 79594 1
27162 29690 1
70855 22051 1
13296 55670 1
99620 48114 2
32907 22858 1
3978 67428 2
98502 20932 2
59141 48713 2
65051 16183 1
23460 51989 1
5613 89560 2
19033 37440 2
27298 76418 1
74684 19015 1
91777 69587 1
74121 2633 1
30072 35213 1
10237 18346 1
61752 34358 2
45597 20659 2
96151 73240 2
79439 28560 2
80141 97345 2
73374 99313 1
17559 62564 2
79834 1417 1
54840 54903 2
38902 20562 1
68435 37619 2
40745 95240 2
78162 34327 2
90061 95657 2
994 14886 2
20259 60059 2
64212 1092 1
75821 71334 1
27134 39292 1
89939 87734 2
68568 64861 1
11295 16026 1
80448 48280 1
15649 21736 1
19734 1188 2
77227 85975 2
61184 56347 1
22421 99171 2
82216 41402 1
89946 20172 1
82169 25605 2
44122 41559 1
61445 75904 2
69686 10124 2
58562 26775 1
85303 35254 2
78920 58999 2
59912 66726 2
33781 75570 2
14135 93777 1
27881 38784 2
94456 58061 1
27594 81816 1
14594 68280 1
45825 61083 2
56976 26545 2
35388 71210 1
68961 73469 1
5450 48875 2
13304 43075 2
53378 80008 1
4252 99600 1
13820 27471 1
49529 31572 2
56246 76115 1
86398 27299 1
6864 83753 1
47454 19158 2
15664 54444 1
21551 17447 1
55552 31354 2
28781 45720 2
6699 73557 2
41496 22061 1
83043 5892 1
17457 38733 1
38846 93231 1
94017 56421 1
94708 40133 1
68403 74277 2
35523 78746 2
9493 74817 1
84491 91297 1
69755 60497 2
41811 86103 1
32284 68177 2
18274 91064 1
51539 60034 1
30118 51303 2
19871 75207 2
42513 84203 1
30435 97321 1
82614 46380 2
69127 7028 1
63697 38170 2
42901 82935 2
56444 39654 1
70653 66056 2
43387 68871 1
12721 84542 1
561 38583 2
45194 6165 1
76968 35604 1
67009 37006 2
11342 12799 2
27446 43468 2
88754 95424 1
97677 22775 1
37835 93120 1
31500 46653 1
4177 47501 2
68703 44044 1
8450 36666 1
9620 43610 1
10175 68892 1
94111 26685 1
91404 30414 2
10199 34227 2
85715 5550 2
32759 13084 2
79202 30462 1
76894 59770 1
93384 75492 1
58288 41336 2
54300 1034 2
9842 70048 2
10838 2366 2
7121 9348 1
40724 74771 1
37820 22070 1
93527 18399 1
5126 93039 2
11939 65115 1
7429 19948 2
962 84582 2
97942 96940 2
54722 82690 1
17302 6900 1
42354 77173 1
75050 36459 2
95497 77002 2
74936 71422 2
84672 73390 1
55148 86557 1
28754 78995 1
50740 80092 1
34499 95216 1
58500 80339 1
21142 86718 1
50483 65311 2
4854 75741 1
28316 69918 1
61998 34221 1
64798 50903 2
95473 94965 1
1949 78448 2
55507 90304 1
87071 50518 2
76973 18267 2
46575 8953 2
1021 70137 2
11645 51212 1
4388 25935 2
44795 59977 2
18790 24184 1
14370 65452 2
46125 25361 1
6539 21555 1
15527 5150 2
71095 9316 2
52067 8900 1
85736 50375 2
8280 99565 2
10469 83144 1
57247 89735 2
91162 12790 1
63476 15397 1
36853 77063 1
8888 74684 1
79083 74898 2
62322 27527 2
94801 72307 1
95433 78052 1
39299 94954 1
7372 84469 1
30400 26268 2
71498 33952 1
55275 95057 1
76634 64272 2
25100 63828 1
87157 71761 1
51085 63479 2
57911 16887 2
69118 75020 1
94145 66328 2
87570 44909 1
11194 40685 1
19968 34932 1
96969 29622 2
49954 89284 1
32157 93331 2
83961 69694 1
15654 13099 2
70471 45933 1
98233 65737 1
90899 87611 2
15919 6906 2
85865 33305 2
22054 66512 1
13111 62971 2
18687 24642 1
38674 79577 1
29470 17162 2
74223 80080 2
66414 59685 1
39658 98847 1
38458 71639 2
96642 93515 2
5077 67908 2
38171 83419 1
26643 37048 2
80474 74812 2
42285 6336 1
95629 14846 1
29890 92399 1
50881 50133 1
67504 6234 1
65674 12537 1
16479 49852 1
58718 34086 2
65878 99251 1
70618 33629 1
79012 40833 2
60060 47233 1
72345 40140 1
39815 60987 1
52810 77342 1
68386 58423 2
24752 517 2
49881 68901 2
31273 56404 1
59994 95544 2
47158 89473 1
35130 58506 1
95132 52581 2
64878 99190 2
36931 63391 2
94034 75069 2
2458 66769 1
82853 34402 2
5265 97409 2
85643 76878 2
7677 96954 2
73770 18796 2
34551 32136 2
28973 62414 1
18013 78175 2
92836 1638 2
21296 63477 1
22722 66446 1
54005 32004 2
37406 79681 1
22900 48233 2
55987 33407 1
76828 56072 1
64991 81325 2
61565 49349 2
33352 78195 2
25196 58252 1
20786 82076 1
770 51306 1
43722 53529 1
60574 57873 1
28863 71326 1
65406 17368 2
99171 68132 1
36138 51257 1
44846 19366 1
79114 43698 2
31675 21508 1
1386 20580 2
9322 5058 2
71741 60599 2
57116 78090 2
25559 47348 2
33882 98854 1
5202 74921 2
52751 64967 1
64618 44745 1
75337 25441 1
23617 86793 1
20732 9484 2
30364 71909 2
76319 16837 2
19875 64600 2
15148 72010 1
15301 91207 1
12964 30018 2
83538 61911 1
73193 66707 1
77343 43763 2
45987 89962 1
79142 70439 2
24924 99415 1
24419 79239 1
53156 69038 2
8120 94697 1
42221 70151 2
16521 50790 1
97807 3134 1
96481 33053 2
50630 84052 2
49836 273 2
4879 80108 2
46907 70246 2
81039 92207 2
5251 51399 2
14668 48456 2
93822 29891 2
30353 65545 2
91624 41804 1
60622 62981 1
7523 49943 2
90806 77491 2
44979 20958 1
65056 58033 1
16291 70721 1
88679 32927 1
70591 91648 2
33546 62144 1
4344 55747 2
76140 33244 1
33411 65459 2
16213 13857 1
57306 14814 1
81711 91997 2
47641 23286 1
4746 41542 1
70658 25203 1
38296 71474 2
84602 41388 2
66545 79679 1
13098 83586 2
6641 20908 1
69086 16022 1
53237 21566 1
62697 89326 2
2018 19005 1
63744 14676 1
26558 38900 1
54714 24662 1
51253 23444 1
19383 59623 1
49013 63889 1
98390 84413 1
45682 34819 1
63964 88433 1
53475 55783 2
11124 21026 2
94595 25916 1
6986 11890 2
33137 97831 2
35983 63239 2
93392 8783 2
40920 25868 2
41544 40225 1
78687 61133 1
32451 6669 2
16032 81758 2
69201 4743 1
62493 86677 1
99268 95399 2
43451 39788 2
32949 16169 1
65763 19840 1
12765 48078 1
72450 54004 1
79613 38810 1
7817 36303 1
52854 30836 2
40813 56793 1
50194 90184 2
20360 57570 1
7769 40232 2
94582 75548 2
22973 24455 2
36697 53116 2
67983 3741 1
10038 4637 2
62887 77574 2
57750 284 1
27264 58722 2
92678 49181 2
45657 89527 2
58071 38309 2
48949 81514 1
68638 99006 1
18556 82730 2
9365 15542 2
81848 78981 2
60601 74304 2
44697 96465 2
52138 99217 2
32561 46309 1
37582 75396 1
94617 52445 1
68973 16247 1
64202 19193 1
27222 77900 1
7461 12702 1
15769 91529 1
50220 49459 1
89484 41048 2
97510 78822 2
55399 26055 1
38015 1765 1
86791 46601 1
79269 93541 2
494 43380 2
43180 87935 1
64897 91585 1
78507 40718 2
40233 81616 1
69149 66642 1
82899 91681 2
94017 48879 2
41392 76827 1
49851 94639 1
80982 27720 1
71537 45596 2
17212 22295 1
61774 51399 1
4386 64314 1
5538 82212 2
27751 85670 2
90879 13547 2
45713 96373 2
52574 62329 2
3881 79719 1
36025 66029 1
61628 47036 2
22958 49899 2
16955 66044 1
31938 51420 2
45947 39439 1
71323 51724 1
10070 28325 1
96997 34219 2
42441 9648 1
5583 4045 1
45364 85637 1
85131 86762 2
73725 52383 2
50641 2974 2
92717 69756 2
43388 26794 2
83377 75358 1
43083 66129 2
97178 7882 1
8898 41180 2
60638 76012 2
55175 82327 2
29109 3250 2
45701 70930 2
45372 65165 1
97676 74880 1
42069 86931 2
93423 61659 2
52325 69951 1
3556 54270 2
13909 71567 2
92872 24522 1
89490 70053 2
46872 42274 2
47502 47687 2
76857 51662 1
23964 21888 2
78578 73724 2
59863 6620 2
97677 30266 1
60572 51152 1
97529 85662 1
2699 96143 2
74858 59422 1
89322 55158 1
62552 57528 2
1090 93505 2
99452 59307 2
68384 10803 2
64150 54012 1
43381 86227 1
3274 50995 1
26071 30953 2
29437 5019 1
34654 15877 2
58717 6405 1
13703 45273 1
48727 26725 2
437 13178 1
61823 44660 2
21355 88675 1
40811 64812 2
73459 5777 1
58712 8143 1
13402 59688 1
