2000 2000 1212
786 645 2
1639 840 2
650 1490 2
88 1996 1
1120 1044 1
739 316 1
1447 222 2
737 211 1
306 1125 1
609 402 2
1611 1842 2
1303 1547 2
1790 100 1
1113 423 2
139 1627 1
145 66 1
663 846 2
1278 1818 1
571 262 1
1186 163 1
484 1201 1
709 1845 2
1233 896 1
1857 1660 1
1481 1465 1
644 440 1
354 469 2
97 1467 2
1451 1059 2
63 1598 1
515 964 2
216 1403 1
1327 1629 2
11 900 1
1304 1016 1
1131 1675 2
139 51 2
606 120 2
1879 1919 1
1983 1207 1
690 226 1
861 1271 1
1141 117 2
1722 1340 1
1659 855 1
1580 1069 1
1238 265 1
431 1942 2
1866 864 1
1008 760 1
464 711 2
804 1268 1
1893 666 1
1311 260 1
1144 1515 1
734 642 2
863 1168 1
1854 655 2
1682 1075 1
1314 1533 1
111 481 2
992 1813 2
373 1212 2
933 1683 1
1209 857 1
893 1237 1
116 675 2
1707 735 1
1218 566 1
663 169 2
1428 4 2
1003 1071 2
1695 1236 1
678 192 1
219 222 2
1865 209 1
1862 1920 2
380 1623 1
1134 1980 2
1882 1392 1
826 1639 1
416 1611 1
1634 252 1
1362 779 1
1122 1255 1
311 1000 1
1644 1867 1
1208 1549 1
1234 1741 1
1349 27 2
1920 1814 2
416 949 2
1584 1236 1
751 50 1
1555 713 2
958 1695 1
1743 283 1
571 698 1
748 1571 1
169 200 2
1574 398 1
381 367 1
798 1007 1
292 365 2
1209 427 1
1579 671 2
1279 1643 2
1029 1723 2
909 1533 1
1609 183 1
852 628 1
802 1759 1
8 1108 2
1021 547 1
1985 806 1
1246 166 2
605 282 2
699 272 1
828 1616 2
1279 925 2
1923 1710 1
73 813 1
762 941 1
138 274 2
174 1660 2
939 1892 2
143 988 1
1637 1856 1
419 1042 1
1062 1861 1
273 568 1
627 950 1
1495 219 1
1968 59 1
1541 286 2
298 287 1
1520 806 2
222 643 1
1760 1613 2
1599 1290 2
1298 160 1
1203 331 1
374 993 2
55 787 1
1058 821 1
1799 384 2
109 1478 2
1031 1942 1
373 82 1
1117 1070 2
1674 954 2
1091 482 1
384 1700 2
1178 307 1
1521 1658 2
786 179 1
1465 1001 2
931 1035 1
296 243 2
1112 1158 2
1460 1629 1
175 660 2
308 1202 2
586 152 1
1334 782 1
160 1179 1
1401 515 1
1884 535 2
1428 1527 1
1981 1532 1
1582 1188 1
1477 878 1
1747 39 1
603 1893 1
1701 994 1
1385 251 2
217 123 1
1774 642 2
934 282 1
76 1084 2
490 591 1
1099 881 1
1860 473 1
245 764 2
1195 512 2
456 302 1
1893 700 2
279 1786 1
593 715 1
825 871 2
1294 1935 2
856 594 2
1073 510 1
1908 953 1
995 1441 2
1326 32 1
401 1013 1
989 896 2
154 1581 2
1900 3 1
1957 1101 2
1450 1898 2
1928 1585 1
1128 215 1
530 644 2
1887 1635 2
962 1177 1
1240 1609 2
1773 1654 2
481 409 1
620 1108 2
1759 86 1
747 992 1
1718 1288 1
92 1741 1
483 1899 2
1090 1296 1
1843 1790 1
1398 1443 2
313 358 2
1430 114 1
1436 24 1
1185 1457 2
1286 866 2
1740 755 2
422 498 1
224 1732 2
1119 1229 1
1817 529 1
1879 906 2
1624 859 2
761 1845 2
1155 600 1
307 301 2
432 1970 2
1513 1525 1
1597 934 1
1728 166 2
347 1125 1
1556 732 1
254 1334 1
482 1957 2
607 1362 2
766 1174 2
426 823 2
975 1189 2
1184 1350 2
590 863 2
1318 198 1
1227 1892 2
869 238 2
424 230 2
1608 1614 2
619 1534 2
1553 1959 1
128 183 2
1283 1326 1
1941 1793 2
1193 429 1
477 255 2
926 1346 1
1934 1849 1
244 335 2
1299 1259 2
349 1688 2
394 1172 1
1973 472 1
1318 696 1
230 636 2
1054 1151 2
1553 1398 1
621 1140 2
716 187 1
1728 166 2
1775 278 1
283 490 1
1590 1955 1
1396 1111 1
1954 852 1
38 1464 2
1560 1296 1
1808 894 2
1952 1919 1
1700 1292 2
151 303 1
1064 89 2
1069 834 2
440 97 2
1112 1086 1
1410 1556 1
1264 347 2
1160 838 1
81 1593 1
1234 1629 2
460 871 1
1641 1239 2
1445 893 2
1725 561 2
742 515 2
1072 1552 2
1563 248 1
1481 524 2
1317 700 1
675 608 2
23 1157 1
1147 748 2
1644 1294 2
197 899 1
1167 1044 2
919 1405 2
33 392 1
1884 262 2
1254 1807 1
66 973 1
472 181 1
1981 1318 2
1379 1829 2
1170 905 1
695 67 2
1836 273 1
522 1522 2
1419 1037 2
739 78 1
1440 1618 2
384 212 2
1779 1687 1
481 709 1
685 1799 2
1418 1351 2
1662 995 2
533 1075 2
136 782 1
1726 1704 2
897 1199 2
1141 1319 1
1574 1874 2
1055 1093 2
835 103 2
6 1340 1
1611 50 1
324 602 2
342 969 1
1964 448 1
1182 1641 2
1266 708 2
1601 786 1
829 319 1
1074 1254 1
300 1488 1
408 974 1
1534 8 1
222 325 2
1336 44 2
241 1659 1
516 1718 2
1413 483 2
1836 372 1
1313 53 1
435 1272 1
1918 893 2
1980 294 1
1867 1354 2
1633 361 2
1868 112 1
1261 1598 2
1255 70 2
434 230 2
293 1545 1
1845 1001 2
1239 1495 1
525 1614 1
1455 1301 2
199 36 1
1570 346 2
1397 205 1
845 1585 2
1274 717 2
1741 1675 2
1887 15 2
725 267 2
402 48 1
44 1832 1
866 1186 1
652 1742 2
1076 1499 1
661 989 2
1985 1667 2
55 1225 1
773 1082 2
892 1144 2
1250 1455 1
1676 1223 1
1691 1674 1
1654 1494 1
905 355 1
302 1895 1
90 1768 1
697 419 2
1245 1387 1
1138 533 1
1095 1986 1
1337 588 1
961 1142 1
111 1725 1
391 20 1
1036 144 1
1034 1167 2
921 1230 2
159 732 2
614 601 2
1823 1780 1
37 212 2
1509 1717 2
221 1415 1
659 850 1
536 1740 2
1757 78 1
1125 1861 1
1851 405 2
135 211 2
380 980 2
371 528 1
942 1164 1
1526 1239 2
695 851 1
1389 150 2
1951 1570 1
876 1507 1
819 648 2
1944 660 2
612 661 1
1948 1301 1
758 448 1
1720 438 2
1506 370 2
557 1227 1
1348 1769 2
1826 826 1
1549 694 2
210 2000 1
1058 1535 1
348 1725 1
1483 222 2
1282 963 1
1685 15 2
1850 619 1
1153 1142 2
288 528 2
1826 935 1
1138 1905 2
163 1788 2
1955 1843 1
735 99 1
680 1917 2
519 1837 2
1566 555 1
672 1024 2
354 380 2
754 1430 1
151 372 1
1482 44 2
260 586 2
1848 532 1
1379 1163 2
834 115 2
1684 1813 1
575 1844 2
808 925 1
173 467 2
550 250 2
1740 802 2
1881 1607 1
1217 967 1
1919 357 2
676 684 1
1404 294 1
322 606 2
69 1460 1
1739 1215 2
1158 1400 1
1221 661 1
1868 1123 2
1799 840 1
1004 296 2
1263 391 2
234 1408 1
141 1476 1
179 437 2
246 1651 2
692 1607 1
1681 495 2
1152 1882 1
573 54 1
957 1830 1
938 1384 1
503 1798 1
123 1803 2
1420 505 2
1514 1978 2
223 804 2
1684 1249 1
630 1167 2
761 803 2
956 483 2
189 1093 2
1087 498 2
1130 160 1
1539 271 1
812 114 2
1997 1010 1
947 958 2
1064 229 1
469 951 2
980 1017 1
521 1865 1
1666 594 2
1324 1425 1
73 519 1
592 959 1
372 163 2
1545 315 2
258 375 1
1134 286 2
1237 69 1
782 388 1
963 950 2
1144 1953 1
1752 1542 2
33 1481 1
1074 1027 2
498 901 2
484 289 1
1592 1045 1
68 1688 1
131 953 2
1404 1220 1
807 1367 2
1132 37 1
1549 1065 2
1478 1629 2
627 491 1
193 308 2
104 193 1
1736 87 2
865 63 2
376 1205 1
1399 1103 1
757 289 2
919 703 1
1989 1987 1
1296 592 2
611 183 1
1224 968 2
1102 172 2
1400 49 1
743 1461 1
1547 344 1
1319 156 2
419 1103 2
566 1530 1
756 651 2
1749 417 1
311 614 1
85 1666 1
809 462 2
1758 983 2
521 52 2
473 1690 1
1981 159 2
1686 684 2
206 694 1
807 1727 1
1831 489 2
1091 476 2
1370 1593 1
420 1967 2
1467 1052 2
57 1013 1
1939 1658 2
693 485 1
1726 1570 1
1502 1300 1
1821 1814 2
223 1439 2
1589 522 2
342 1189 1
1247 281 2
151 1739 1
150 160 2
1143 1398 2
684 737 2
993 260 2
949 34 2
101 1092 2
1705 1867 2
900 201 1
1238 28 1
757 1083 2
141 644 2
276 1941 1
49 267 1
1549 312 1
1787 185 1
1589 1911 2
328 796 1
434 1097 1
1977 1463 2
1582 283 2
1841 77 1
488 1483 1
1243 90 2
66 206 1
722 346 1
212 1786 2
1175 1920 1
968 701 2
959 289 1
1020 468 2
18 694 2
563 1909 2
589 702 2
452 6 1
1329 953 2
585 371 2
1234 654 1
1586 1388 2
520 198 2
384 1636 1
1697 638 2
1754 499 1
1677 1641 2
1531 517 1
737 620 1
977 1673 1
757 769 2
464 676 2
1686 1220 2
1901 1643 1
1124 185 2
1924 652 1
117 1812 1
1507 1318 1
433 943 1
428 268 1
403 1768 1
1543 421 1
1406 1184 2
157 1055 1
1478 653 2
1262 24 1
1795 233 1
92 36 1
786 1360 1
1006 650 2
563 70 2
158 1751 1
364 1247 2
1307 217 1
52 597 2
264 1492 2
1401 1350 2
491 721 2
1371 1220 1
1615 1450 1
734 691 1
738 992 1
1964 1245 2
1832 1637 2
673 1937 2
1766 898 2
589 608 1
1368 1458 1
182 832 1
1803 741 2
1939 937 2
1619 942 2
1650 1482 1
1847 646 1
1571 356 2
1488 375 1
634 590 2
862 1185 2
1073 560 2
83 840 1
1843 504 2
1013 1796 1
243 1416 2
1072 959 2
227 1973 2
418 1563 1
141 186 1
190 522 2
542 899 2
298 1236 2
485 1939 1
768 1076 2
1081 1406 1
928 1595 2
64 1823 1
141 1916 1
89 340 1
1692 174 2
579 1981 2
1560 510 1
1075 160 2
1009 1546 1
1538 1320 2
1175 1094 2
765 593 2
1972 795 2
724 1950 2
784 1043 2
443 100 1
1770 383 1
11 12 2
310 1121 2
354 1620 1
9 402 2
1903 495 2
1759 1853 1
807 448 1
374 722 2
323 147 1
560 548 1
64 1797 1
1141 1643 1
509 631 1
159 1459 2
1488 1647 2
620 1595 2
1282 790 1
1839 1639 2
1822 1739 2
814 1535 2
822 334 2
1574 1982 1
238 1542 1
1955 67 2
463 1996 1
1465 339 2
1125 718 2
1198 1349 1
930 1885 2
829 709 1
1641 1183 1
1892 913 1
419 557 1
262 1743 1
461 886 2
443 821 1
1000 811 1
859 432 2
1576 81 2
983 1742 1
1894 1010 2
1376 1635 1
1278 668 1
621 840 1
1522 1264 1
1098 471 2
757 964 1
1492 1905 1
864 1970 1
605 1352 1
1344 247 2
622 1157 1
854 468 1
1024 1715 2
838 1393 1
1698 1554 1
648 1621 1
279 149 1
251 943 2
629 324 2
1677 1680 1
1270 1547 1
532 478 2
26 73 1
728 1971 2
948 770 2
1062 60 1
1865 1998 2
959 1355 2
1332 1335 1
1398 1494 1
1397 95 2
902 1173 1
925 664 1
1994 1127 2
1459 442 1
307 670 2
594 1648 1
1222 1406 1
985 1675 1
27 898 2
1305 1486 2
1983 120 2
1339 976 2
1619 1344 1
8 1837 1
538 1568 2
670 277 2
783 547 2
178 252 2
1133 501 1
664 600 2
357 1177 1
333 1751 1
1019 739 2
414 534 2
1417 735 1
750 1050 2
587 1176 1
1796 1931 1
866 961 2
538 980 1
81 1712 2
1599 1061 1
499 1438 2
6 1377 2
787 1304 2
1893 816 1
1810 1729 1
1847 1230 2
1108 1086 2
75 362 1
1203 1336 1
1090 136 2
1627 1262 2
212 240 1
1948 304 2
1228 1020 2
1468 1589 2
1176 558 2
578 806 2
10 520 1
380 896 1
1721 1890 2
1754 230 2
1649 903 2
1760 189 2
1263 1192 1
40 1199 1
1109 663 1
1486 1161 1
1452 1086 2
1250 668 2
1501 1798 1
202 991 1
695 1536 2
781 1147 1
61 1520 1
169 1550 1
1813 668 2
413 633 1
425 161 1
1808 1730 2
1386 383 1
88 1283 1
760 1496 2
484 201 1
219 997 2
787 837 2
1854 1297 2
1627 62 1
878 971 1
419 894 2
1183 1433 2
1240 1297 2
199 624 2
1500 1433 2
481 669 2
1458 1980 1
1868 1743 2
68 1028 1
1738 362 2
1197 846 1
449 933 2
1375 860 1
1229 1053 1
335 1811 2
1980 1552 2
20 1294 2
1904 931 2
299 1753 1
337 1421 2
374 1510 1
1497 1993 1
1384 172 1
470 1272 1
1131 210 1
1067 445 2
394 57 2
495 303 1
1207 1664 2
1116 922 2
1958 1981 1
273 830 1
1568 1547 1
1329 830 1
834 1286 2
626 147 1
1323 1 2
895 919 2
1633 48 2
199 1226 2
317 1070 1
91 1969 2
746 697 1
499 226 2
618 1937 1
874 360 1
1793 396 2
1134 1781 1
1768 1125 2
1649 1499 1
43 936 2
475 306 2
939 936 1
405 1702 1
157 650 2
159 438 2
634 711 2
411 470 2
1085 190 1
1183 254 2
1224 1359 2
1783 120 2
1039 625 2
610 1462 2
1211 589 2
1424 1673 1
1784 1024 2
522 667 2
1767 813 1
1642 1895 1
1357 1081 2
254 91 2
786 1213 2
330 909 2
35 1176 1
1987 1715 1
1153 1291 2
1716 25 1
992 1514 2
301 1935 2
1065 1042 2
959 505 2
280 1485 1
721 1581 1
686 1839 2
1902 312 2
1264 845 2
693 330 1
1894 81 2
1880 1173 1
1885 1160 2
1469 866 2
854 1043 1
48 219 1
356 969 1
703 418 2
2 964 1
348 1401 2
763 176 1
1007 1336 2
1712 607 2
338 891 2
1062 1175 2
867 1969 1
1493 1826 1
341 78 1
634 1885 2
1119 281 2
933 1145 2
363 255 1
1900 398 1
1992 606 2
279 355 1
1193 667 1
370 631 2
1476 1213 1
174 27 1
1588 1551 2
479 1782 2
1480 1714 1
1855 768 2
65 1400 2
1178 1607 2
488 906 2
1344 605 1
821 1796 2
407 1127 2
601 484 2
1463 1856 2
1797 1278 1
1739 1428 1
1441 1242 2
1318 981 2
1078 885 1
780 1690 2
196 892 2
1797 1867 2
1085 4 2
1693 1782 1
1880 1221 1
1207 509 1
815 1194 1
1285 1446 1
1825 914 2
1010 1817 1
113 962 1
1944 278 2
869 1537 2
538 1548 1
632 939 1
1436 1907 1
1288 1087 2
1525 131 2
1976 1681 2
916 155 2
1119 488 2
184 1819 2
1000 1425 2
1063 1722 1
512 410 1
584 1489 1
620 1096 2
1881 1981 2
672 162 2
1289 1425 2
1288 1507 1
607 98 2
1475 1500 1
1265 1865 1
1411 1487 2
862 1861 1
1054 261 1
437 1462 1
672 1769 2
1339 323 1
1175 411 2
10 1717 1
117 1103 2
188 1322 1
690 1691 1
980 1859 2
1000 332 1
1605 534 1
613 177 1
121 396 1
1452 1039 1
1883 852 2
1332 1803 2
1373 1038 2
1559 1283 2
1763 1105 1
501 278 1
374 1815 1
1535 679 1
1795 1179 1
540 1038 1
153 1905 1
503 1623 2
207 287 1
446 1376 2
1563 764 2
533 399 1
235 280 2
1137 571 2
48 84 1
494 670 1
223 1109 1
794 1385 2
590 101 2
1991 1088 2
829 1122 1
1645 1530 2
346 702 1
5 1362 2
875 333 2
799 281 1
1961 218 1
605 1025 2
1791 50 2
1318 1779 2
31 7 1
964 362 2
509 174 2
598 950 2
866 1473 1
223 1467 1
1882 1407 1
437 1007 1
1654 1287 2
1379 1343 1
443 1136 2
823 1610 2
1426 1028 1
1396 1300 2
1542 1073 1
1217 1077 1
1481 839 2
1593 1192 2
1967 652 1
730 157 2
800 75 1
1446 1447 2
139 1056 2
1860 606 1
1902 718 1
1759 829 2
1743 1257 2
774 149 2
1590 460 2
1275 1849 1
448 1541 1
1732 1360 1
62 1476 2
781 663 1
148 1776 2
452 1580 2
314 753 1
396 708 2
366 199 2
1355 805 2
1249 1138 2
1979 1741 1
1349 999 1
1644 1849 1
1061 1426 2
385 415 1
1741 750 1
975 1349 2
1982 207 2
545 1511 2
572 824 2
918 501 1
1311 1317 2
1937 1634 2
149 1907 2
152 1302 1
158 1763 2
1847 1853 2
1599 1355 1
1994 502 2
1920 1508 1
838 997 2
1582 1533 2
512 962 1
26 310 1
1748 1720 2
1511 1318 2
528 1174 2
1936 614 2
982 737 2
208 1364 1
1566 656 2
1528 561 2
721 1663 1
924 723 2
495 77 2
1318 1060 2
698 814 2
1602 305 2
393 137 2
1872 491 2
1222 634 2
566 1498 2
224 882 2
795 1077 2
314 1970 2
1245 59 1
138 948 2
1276 301 1
331 1618 1
1981 1137 1
955 1933 2
1719 881 2
558 551 1
457 1178 1
1753 1513 2
562 1582 2
1511 398 1
88 882 2
888 1254 2
50 1632 1
797 1812 1
1854 550 1
301 209 1
1308 1542 1
1412 1719 2
688 1940 2
1806 646 2
1188 267 1
1728 1922 1
1699 1736 1
1392 274 2
1376 621 1
1928 355 2
1997 1376 2
1591 228 1
516 425 2
1119 1576 2
338 1943 2
1560 807 2
343 1052 1
1452 924 1
1303 29 2
953 1736 2
924 835 2
1106 1646 1
145 1804 2
270 1621 1
136 730 1
696 1529 2
998 1731 2
1005 1339 1
898 1231 2
865 860 2
1097 1118 1
1498 134 2
893 1247 1
1987 1411 2
1089 298 1
1691 68 2
655 439 1
1460 1627 1
450 1557 1
1620 785 1
844 148 2
1143 1441 2
337 507 1
363 427 2
1610 1603 1
194 690 2
1732 409 2
1956 1198 1
1390 240 2
138 891 2
1726 1981 2
1108 1096 1
893 297 2
1012 153 2
518 1971 1
897 1174 1
1659 603 1
453 666 2
1904 408 1
1679 1748 1
1710 579 1
1874 1193 1
1937 1818 1
884 544 2
987 1262 2
608 340 1
399 53 2
1157 1942 2
950 809 1
1940 1737 1
190 1974 1
325 676 2
805 1984 1
131 1524 1
1218 1067 1
587 1095 1
1005 1777 2
1218 561 1
1362 256 1
364 587 2
1107 1561 1
1685 1279 1
1939 1042 1
572 318 1
507 1541 1
579 218 1
1528 431 1
993 796 1
411 1810 1
160 1775 1
1464 1155 1
1599 1267 1
1000 636 1
560 907 2
1303 1755 2
843 287 1
1254 418 2
1082 923 1
1066 197 2
1275 254 2
939 1615 2
49 684 1
1542 1949 1
83 173 1
988 401 2
1932 971 1
897 992 1
649 1416 1
1517 1621 1
1534 1670 2
1214 636 1
1666 1549 2
116 1351 1
1390 1944 1
1700 1517 2
1345 392 1
934 1206 1
751 1744 2
1175 416 1
397 39 1
520 1725 1
1175 1337 1
236 1427 1
1371 358 1
126 1610 2
1803 1426 2
1833 1810 2
1247 1635 2
1806 1322 2
385 662 1
1314 442 2
1199 1387 1
1693 410 1
1532 148 1
1212 1560 2
1215 1914 1
543 1511 1
306 1016 2
348 1674 1
68 1326 1
1658 141 1
1816 1327 2
759 61 1
820 1395 1
1267 1242 2
1523 134 1
1618 1612 1
579 167 2
1262 1931 2
1096 1514 1
931 742 1
1607 135 2
1346 1773 1
700 776 1
462 775 1
36 1263 1
513 925 1
516 1582 1
1624 1421 1
1408 492 1
515 1960 2
1988 823 2
1959 1764 2
1615 1821 1
315 794 2
947 385 2
990 537 2
1239 1069 1
1311 721 2
165 330 2
1604 281 2
156 441 1
1284 1595 1
1646 1117 1
1901 626 2
3 1471 1
510 818 2
1349 409 2
1438 1121 2
1650 1724 2
324 630 2
894 298 1
1100 1313 2
110 1916 1
1960 883 1
541 1277 1
1309 1825 2
1419 348 2
402 533 1
121 239 2
852 397 2
1454 347 1
549 1578 2
1445 156 2
8 467 2
925 452 2
375 719 1
1143 788 1
974 862 2
1996 532 1
1629 225 1
21 193 2
745 974 1
257 329 1
1691 157 1
1202 737 1
1695 509 1
432 192 1
1879 944 2
292 1025 2
1606 1178 2
494 165 1
1222 1926 2
1825 1454 2
466 1681 2
1105 38 1
1020 445 1
1020 1830 2
1960 1680 2
1774 271 2
1455 1170 1
203 1972 1
1742 754 1
25 30 1
292 626 1
1443 407 2
1463 1750 2
263 1711 2
1232 1770 1
1865 763 1
1146 1289 1
1502 464 1
1783 182 1
402 428 1
1435 871 1
962 1790 2
1343 692 1
483 985 1
287 1261 1
409 597 1
1997 1202 2
721 1790 2
1676 1672 2
487 1475 2
485 1435 1
1856 1256 1
1877 1878 2
434 677 2
589 1884 2
1255 52 2
353 1123 2
590 1318 2
730 1204 2
1162 159 2
756 269 1
977 934 2
1120 751 1
1726 630 1
1587 943 1
239 1056 1
773 313 2
1847 1655 2
772 1032 2
1341 1042 2
814 784 1
1116 701 1
1658 1125 2
161 1784 1
192 705 1
1408 1207 2
1756 1442 2
848 1040 2
431 1657 1
122 1008 1
1454 908 1
765 886 2
177 1812 2
701 1591 2
309 272 2
960 1752 1
667 1185 1
224 167 2
1303 1484 2
1547 195 1
1473 587 1
342 847 2
1783 1868 1
950 867 1
489 704 1
533 1883 2
972 1597 2
659 1894 2
264 1069 1
1251 40 2
842 1597 2
1049 1144 2
1299 223 1
419 1107 1
374 1672 2
477 615 2
1502 1778 2
1883 457 1
1062 539 1
1011 1792 2
1791 213 2
720 855 2
765 1332 2
1360 1103 2
266 1427 2
759 858 1
50 1775 1
522 1601 1
1638 890 1
1589 1632 1
985 858 1
1046 1861 1
1382 1463 1
1135 324 1
1095 256 2
328 917 2
1391 71 1
1146 1556 2
1682 432 1
1701 1585 2
680 374 2
619 1694 1
1918 775 2
707 900 2
724 1299 2
951 238 1
1919 1584 2
374 1083 1
105 809 1
243 768 2
716 826 1
851 1380 1
123 1862 2
1315 1427 1
1834 210 1
1153 236 2
1425 1191 1
510 1811 1
1020 755 1
1442 255 1
189 936 1
744 1757 1
1593 908 1
1133 299 1
1943 1832 2
261 910 2
1669 89 2
1959 1533 2
1106 34 1
204 1635 1
53 1576 2
867 33 2
213 916 1
1968 985 1
750 1381 1
505 1636 1
1090 1963 2
1064 1629 1
1366 1853 2
636 1812 2
1729 740 1
1047 1981 1
608 1534 1
1937 1678 1
165 1260 2
1411 1924 1
163 116 2
558 1646 1
1188 351 2
1106 513 1
483 28 1
1431 50 1
450 12 2
7 191 1
742 1076 2
1953 279 2
630 1118 1
568 621 1
255 1224 1
434 329 2
995 51 1
42 1702 1
1077 1845 2
1007 741 1
926 312 2
579 1609 1
924 1897 1
60 346 1
382 1689 1
38 610 2
1913 112 2
158 658 2
1126 1765 1
153 1534 2
961 1527 1
395 1693 1
187 1591 2
1361 474 2
730 1515 1
328 1142 2
1972 1229 2
1379 1827 1
327 362 2
1208 858 1
1556 1716 1
38 543 2
800 1459 2
711 769 2
1161 680 1
1457 758 2
1003 955 2
426 1968 2
600 54 1
431 1858 2
1735 1992 2
367 805 2
864 1698 1
1614 1702 1
369 1868 2
1748 1046 1
812 481 2
684 1625 1
823 910 1
661 1416 2
346 231 2
228 815 1
405 1427 1
1024 591 2
1799 779 1
1893 157 2
1832 1423 2
194 913 1
384 1536 1
427 56 1
909 1367 2
87 595 1
737 1917 1
883 326 2
1330 1585 2
1901 889 1
1385 1525 1
1929 123 2
883 433 1
1232 1994 1
19 271 2
1100 1563 1
78 1581 2
1694 649 1
1821 1454 2
168 1614 1
1247 601 1
1667 1595 1
1716 745 2
1579 918 1
1139 763 2
269 1815 2
1205 1091 2
32 426 1
135 567 2
1833 1280 2
1260 1218 2
5 829 2
1289 195 1
1843 1211 2
1784 971 1
791 1958 2
517 883 1
1945 1679 2
1908 1923 2
1188 553 2
505 1724 2
919 1407 2
478 688 2
343 1916 1
497 1060 1
347 1777 2
1619 453 1
527 1650 2
1338 256 2
1666 953 2
943 456 1
88 962 2
433 995 2
1240 1966 1
257 910 1
782 336 2
1732 1493 1
1131 1762 1
1156 140 2
320 433 2
1439 1593 2
471 1389 2
662 1542 1
1514 1323 1
64 1684 2
1722 1843 2
244 1747 1
249 1697 2
1714 763 2
1440 936 2
491 1511 2
1690 474 1
308 613 2
551 305 2
1832 23 2
1354 1434 1
1251 1108 2
907 1829 1
279 1463 2
1718 1622 1
1051 1327 2
1755 7 2
743 542 2
172 4 2
969 827 2
337 461 2
1667 1872 1
1367 1175 2
1594 796 2
1933 779 2
1609 417 2
758 1478 1
332 199 1
1273 696 1
1157 1032 2
324 245 2
1611 162 2
421 1927 1
406 1336 1
1360 601 1
340 1185 1
1404 1757 2
1175 1335 1
741 344 1
1637 1050 1
1163 1329 2
199 1995 2
610 229 1
138 1521 2
561 1654 2
1761 295 2
1059 23 1
864 780 1
248 338 1
755 1889 1
773 1602 2
1061 799 2
672 1625 2
970 1103 2
1077 299 1
277 1711 1
788 977 2
1058 1684 2
1824 1640 2
590 466 2
97 479 1
1961 854 1
1491 1068 2
395 205 2
1461 520 1
93 1466 2
155 1054 2
1739 1108 2
157 160 2
1465 1253 2
1670 402 2
1723 124 1
661 1565 2
91 1500 1
1215 382 1
1510 1051 2
283 276 2
1135 196 2
356 1109 1
539 1445 2
1179 1977 2
308 994 1
1603 1838 2
775 928 2
291 163 1
1189 667 2
408 589 1
613 272 1
672 1300 1
1921 307 2
1311 855 1
1412 875 2
286 948 1
1715 1041 1
1143 1185 1
1297 757 2
1659 598 2
1448 649 2
972 432 1
1383 227 2
1683 1760 1
639 559 2
1467 218 2
1045 939 2
1444 839 2
1476 1850 2
129 3 1
1864 1298 1
298 1631 1
259 1774 1
779 720 2
1979 860 2
179 830 2
1162 655 2
902 1990 1
653 638 2
1612 409 2
918 1476 1
1215 507 2
1467 222 1
161 1076 1
628 1984 1
948 882 1
1792 960 2
1232 1461 1
1761 1897 2
800 690 2
1355 42 2
341 1649 1
1737 1013 1
1169 799 1
1160 1104 1
558 573 2
602 663 2
1797 1615 1
165 392 2
663 365 2
1698 1541 1
1464 565 2
1966 774 2
798 263 1
1692 1508 2
1046 1960 1
96 591 1
64 1472 1
1077 1257 2
1086 1644 2
937 121 2
1913 796 2
1212 26 2
1884 1766 2
1301 569 2
951 1217 2
124 858 1
93 299 2
1217 627 1
1142 372 1
468 751 1
1278 1377 1
715 1020 2
868 1913 2
1935 749 1
1340 1627 1
926 298 1
1054 1703 1
171 1531 1
1300 576 2
474 1937 2
1712 1985 1
677 941 2
580 1444 1
1625 391 1
503 1404 1
1545 408 1
1783 1229 1
1466 288 1
690 142 1
1174 1953 1
1579 494 1
1545 1249 2
555 956 2
1927 1068 1
990 1918 1
292 1905 1
482 1179 1
1642 1456 1
43 1 1
1111 1490 1
1778 1088 1
108 785 2
273 1932 1
1583 1499 1
40 655 2
1786 899 1
1004 1748 2
1865 1888 1
1459 894 2
1104 637 2
1129 255 2
1475 199 2
829 1585 1
1645 770 2
1444 97 2
953 917 2
1030 1966 1
44 585 1
764 1135 1
105 173 1
680 298 2
1419 1749 2
1805 1454 1
415 743 1
371 1402 1
1751 860 1
1365 1763 2
1768 1637 2
674 1106 1
476 260 2
1679 1236 1
1938 126 1
915 248 1
1001 864 1
153 660 2
1224 1703 2
1682 1937 2
1577 1094 2
1248 1210 2
137 1652 2
1948 865 1
186 1691 2
914 27 2
34 1547 1
1104 750 1
1306 804 1
1386 906 1
1839 400 2
57 1213 2
1043 1382 1
1783 1837 2
701 1352 1
116 1363 1
1701 86 1
853 314 2
1193 1033 1
95 132 2
1612 1689 1
1104 485 2
977 359 2
1431 1926 1
1364 276 1
1911 1539 2
1393 1784 1
1352 510 1
1019 60 1
1126 186 2
279 560 2
416 1824 1
542 1158 2
378 1149 1
943 1845 1
1163 1442 1
1050 1047 1
32 1619 2
406 1547 2
807 1977 2
203 1252 2
453 400 1
361 935 2
1265 729 1
1568 1 1
1318 1417 2
806 431 2
501 617 1
596 341 1
1201 1316 1
345 1112 1
673 363 1
517 1971 1
961 212 1
1519 22 1
193 823 2
144 434 1
356 1504 2
1526 1006 1
995 1856 2
978 437 1
8 588 1
1434 982 2
259 1852 2
1192 35 2
1593 1293 2
1289 1762 1
1535 1792 2
1374 1583 1
835 1977 2
1166 1016 2
388 240 1
594 400 1
1653 435 1
1208 60 1
1630 1762 2
98 1641 2
1883 1026 1
868 1108 1
1387 171 1
1368 704 2
114 1194 1
269 1636 1
663 656 2
788 1258 2
23 704 2
