100000 100 83786
30613 33705 2
4569 37325 2
61741 2490 2
5550 66938 1
2946 94089 1
76038 96592 1
77386 34949 1
85804 84963 2
97181 88701 1
21501 98747 1
12764 76149 1
34445 17449 1
74005 38591 2
94794 49854 1
61857 91764 2
62748 51156 1
41612 40979 1
94114 13911 1
42261 92951 2
40523 58096 1
83994 13732 2
21993 17406 2
99692 96679 1
95944 97795 1
70895 98434 1
1813 83128 1
1 83786 2
13410 19958 2
717 95020 2
65933 23643 1
10957 18959 2
31976 37891 2
75863 67760 1
58995 80375 2
84725 4585 2
61913 34027 1
35031 6366 2
70260 6877 2
35555 68457 2
76928 32960 2
88465 9335 1
17568 41415 1
5644 27279 1
64195 28539 2
72762 47226 2
38397 5883 1
10848 89883 2
63358 6143 1
94590 98733 1
31355 33051 1
62880 29188 1
16618 56728 1
36694 42451 2
59205 63022 2
36454 83985 2
4025 15544 1
52704 69510 1
71675 73882 2
10353 53105 1
63292 73965 1
9628 80275 1
57935 18903 2
64785 38721 1
52263 7220 1
83716 11765 2
67971 397 1
29139 99278 2
36389 28350 1
54588 49300 2
71934 43184 2
9031 60621 2
5528 93114 2
3977 48012 2
66691 3931 2
53973 27877 1
98882 61831 2
92722 94426 2
77880 62511 2
81032 29123 1
20091 17635 1
64634 19291 2
38033 64565 2
28939 64839 2
5673 52257 1
23192 53622 2
70720 54427 2
40259 70526 1
40163 97979 2
50575 91394 2
24164 60775 2
22232 5756 1
22830 11761 2
80979 62567 2
804 47449 1
43336 67408 1
87558 80949 2
50415 35003 2
1415 47687 1
34259 8923 1
34346 31873 2
