1000 1000 510
447 361 2
763 457 2
40 350 2
899 837 1
508 457 2
934 147 2
818 154 2
748 965 2
532 996 1
683 571 1
691 460 1
198 960 2
715 684 2
799 704 2
635 760 1
312 240 2
592 148 1
869 42 2
737 348 2
934 357 2
121 754 2
191 344 1
917 566 2
745 927 2
467 612 1
479 549 1
315 159 2
118 378 2
62 57 2
880 975 1
686 444 2
863 113 2
789 616 2
357 624 1
626 653 2
681 606 2
616 516 1
833 611 2
227 951 1
665 397 1
60 212 1
725 170 2
958 6 1
819 984 2
699 734 2
220 429 2
158 452 2
513 66 2
308 811 1
624 3 1
730 577 1
876 983 1
152 146 1
1000 660 1
684 915 2
283 373 2
385 262 1
165 84 2
125 944 2
447 48 2
961 431 2
767 213 2
321 214 1
491 170 1
599 774 1
554 459 2
249 272 1
219 823 2
479 203 2
999 946 2
598 581 1
566 386 1
368 796 1
411 827 2
405 174 1
420 611 2
502 731 1
740 395 1
682 536 2
665 325 2
768 721 2
863 811 2
267 383 1
420 391 1
830 527 2
418 811 2
613 30 1
164 940 1
660 153 2
882 324 2
543 399 1
618 654 1
719 886 2
545 805 1
216 852 1
228 789 1
944 183 1
607 151 1
683 867 2
294 586 1
147 205 1
392 50 2
721 525 1
541 999 2
128 628 1
154 654 1
615 568 2
346 541 1
740 824 1
312 622 1
91 968 1
163 707 2
511 608 2
383 362 2
11 995 1
351 277 2
328 419 1
941 229 2
421 420 2
737 11 1
76 794 1
283 836 1
69 533 2
246 581 2
726 734 2
93 561 2
2 3 1
715 316 1
775 383 2
769 594 1
58 166 2
466 50 2
326 231 1
29 94 2
961 153 2
525 487 2
614 650 2
743 826 1
176 331 2
45 615 2
846 415 2
586 404 2
40 283 2
62 786 1
902 495 2
119 161 1
805 747 1
344 798 2
551 497 1
803 87 1
38 64 1
539 26 2
178 273 1
353 451 1
791 651 1
731 900 1
430 71 1
742 893 2
217 986 2
476 704 2
873 271 1
638 206 2
263 772 2
821 353 2
838 195 1
350 834 2
168 908 2
207 275 2
251 690 2
13 405 2
167 273 2
737 833 1
73 2 1
761 408 2
769 432 2
179 37 2
994 26 1
261 79 1
791 39 1
81 357 1
167 948 2
305 800 2
556 115 2
450 897 1
374 743 1
252 787 1
709 642 2
413 607 2
767 734 2
525 287 1
317 399 2
916 575 2
158 231 1
128 337 1
42 853 1
932 539 1
935 675 1
939 568 1
655 639 2
82 593 2
229 802 1
351 579 2
372 286 1
447 780 2
560 724 2
926 578 1
921 228 2
699 55 1
855 704 2
596 852 1
753 539 1
17 852 1
527 111 2
302 692 2
934 50 2
569 496 1
603 728 1
197 910 1
862 305 2
558 716 1
212 607 2
984 578 2
502 650 1
717 764 2
114 349 2
973 641 2
861 318 2
603 769 2
966 302 2
11 507 2
51 142 2
816 604 2
514 619 2
69 308 1
694 795 1
247 989 1
87 840 2
875 652 1
267 146 2
411 179 1
198 898 2
79 198 2
379 139 2
462 323 1
401 724 2
296 462 1
93 741 2
185 500 1
24 753 1
289 668 1
750 702 2
766 304 2
873 46 2
450 741 2
363 974 1
393 11 2
438 524 2
213 110 1
241 143 1
252 629 2
429 129 2
682 316 1
243 127 1
99 407 1
671 332 1
743 385 2
247 625 1
158 379 1
917 734 2
50 643 1
631 786 2
374 642 2
309 45 2
801 459 2
702 536 1
670 936 2
644 956 1
902 396 1
415 298 2
715 286 2
595 222 1
32 233 2
229 563 2
221 293 1
269 292 1
367 19 1
574 308 1
337 485 1
112 707 1
804 784 1
902 252 2
488 509 1
398 224 2
628 456 2
233 101 1
923 174 2
663 465 1
451 513 2
308 201 1
220 793 2
451 162 2
202 723 2
925 907 2
239 382 1
115 972 1
303 26 2
25 323 1
569 534 2
567 422 2
85 752 1
114 446 1
955 219 1
897 787 1
839 272 1
145 602 2
349 434 1
332 614 2
551 883 2
928 464 1
91 731 2
551 373 1
607 447 2
954 35 1
1 510 1
211 726 1
360 420 1
152 984 1
686 426 2
938 394 1
345 629 2
916 912 1
869 861 1
262 971 1
578 919 2
644 10 2
743 886 1
739 590 1
631 904 1
721 604 1
322 375 1
100 426 2
849 76 1
242 963 2
26 3 1
467 28 2
213 138 2
786 562 1
100 315 2
465 666 2
9 862 2
819 252 1
702 38 1
760 28 2
793 772 1
279 205 1
27 997 1
493 742 2
791 349 2
441 15 2
73 288 2
489 134 2
994 700 2
364 65 2
438 795 1
570 344 1
870 415 2
550 873 1
675 545 2
33 848 2
60 812 2
111 530 2
139 425 1
496 64 2
248 393 2
608 216 1
480 862 1
408 442 2
795 164 1
868 482 1
137 450 2
283 734 1
757 663 2
246 285 2
35 982 1
145 258 2
313 628 2
673 686 2
557 327 1
697 843 2
222 801 1
235 275 2
712 383 1
880 950 1
607 142 2
48 8 2
173 887 1
717 81 1
907 163 1
998 14 1
602 440 2
815 485 2
1 12 1
713 949 2
88 941 1
256 752 1
637 794 1
77 530 1
638 195 2
568 954 1
253 691 1
247 973 1
332 707 2
107 332 1
140 909 2
15 907 1
962 811 2
274 556 1
642 366 2
171 382 1
431 516 1
738 990 2
387 322 2
285 325 1
516 189 2
404 228 1
250 293 1
122 261 2
387 691 2
284 231 1
907 754 2
432 153 2
284 452 2
321 445 2
758 815 2
839 924 2
183 87 1
194 854 1
105 747 2
59 280 2
516 652 2
320 821 1
940 179 1
208 544 1
196 438 1
444 288 1
323 472 2
273 866 1
393 16 2
243 785 1
702 480 1
134 456 2
493 465 1
516 48 2
871 914 1
926 225 1
226 214 2
484 602 2
280 843 1
499 84 2
240 679 2
963 889 1
961 282 2
592 373 2
692 798 2
447 919 1
205 241 1
174 177 1
584 653 1
47 461 2
245 682 2
652 629 2
81 199 2
253 46 2
275 72 2
677 495 2
424 768 2
249 436 1
833 917 2
42 608 2
295 54 1
886 678 2
727 317 2
41 225 1
719 712 2
714 751 1
816 326 2
932 515 2
136 176 2
349 170 1
884 276 1
523 401 1
841 184 2
706 509 2
949 967 1
812 645 1
265 322 2
154 318 1
959 934 2
844 959 1
106 299 1
804 251 2
200 76 1
989 127 1
319 855 2
257 642 2
508 24 1
858 456 1
353 389 1
399 991 2
315 540 1
218 38 2
160 113 2
757 313 1
451 310 2
535 143 1
524 383 2
310 977 2
150 633 1
950 852 2
693 450 2
462 228 1
545 935 2
678 20 1
69 668 2
214 860 1
961 552 1
194 600 2
604 244 1
813 234 1
486 610 2
652 24 1
242 925 1
715 544 2
632 328 2
223 207 1
108 574 1
392 166 1
452 897 2
906 98 1
433 718 1
614 806 2
857 264 2
188 938 1
59 380 1
965 677 1
431 565 2
403 46 2
165 866 1
1 924 2
578 50 2
131 5 1
782 744 1
941 22 1
938 531 1
877 485 1
457 366 2
655 20 2
296 387 2
262 435 1
432 794 1
964 822 2
771 919 1
184 541 1
737 511 1
877 271 2
901 289 2
528 966 1
553 662 1
761 247 1
259 738 1
317 485 1
495 582 2
480 732 1
907 133 1
717 677 1
811 416 2
640 947 1
311 906 1
990 206 1
294 580 2
258 586 1
21 676 2
307 149 2
438 188 2
746 546 1
917 268 1
858 416 2
177 629 1
241 331 2
465 577 1
31 512 2
48 340 2
633 124 2
774 481 2
365 670 1
802 993 2
354 208 2
863 504 2
455 181 2
972 493 2
89 214 1
109 53 1
536 493 1
984 520 1
987 124 2
324 525 1
537 842 1
698 659 1
282 244 2
258 984 1
322 761 2
350 131 1
118 929 2
838 241 2
598 845 1
377 88 1
711 680 2
461 596 2
493 389 2
964 839 2
545 488 2
609 89 2
326 285 1
596 682 1
835 590 2
578 851 2
156 408 2
291 750 1
657 542 2
780 860 1
441 651 1
678 526 2
433 812 1
148 275 2
146 982 2
705 258 2
920 506 1
997 504 2
609 437 1
684 986 2
821 921 1
136 721 1
793 519 1
470 994 2
488 27 1
303 918 1
166 31 2
628 705 2
507 974 2
572 351 2
798 118 2
750 303 1
136 436 2
910 114 1
333 359 2
306 892 1
5 265 1
396 344 2
773 893 2
182 998 1
499 416 2
313 394 2
538 533 2
105 766 1
616 44 1
797 36 1
244 312 1
693 651 2
673 784 1
736 221 1
32 635 2
346 264 1
411 741 2
222 873 1
289 531 1
679 55 1
392 478 2
298 828 2
248 426 2
383 365 2
233 999 2
827 418 1
892 312 1
117 813 2
261 277 2
555 353 2
915 934 1
642 217 1
962 968 2
695 370 1
745 785 1
577 303 2
407 288 1
975 623 1
805 688 1
184 886 2
44 937 2
382 198 1
854 479 1
896 670 1
100 701 1
823 943 1
758 324 2
765 611 1
395 186 2
114 88 2
828 207 2
893 114 2
718 745 2
424 6 2
938 933 1
239 374 1
879 380 2
70 157 2
503 474 2
171 534 2
853 96 1
838 501 1
859 397 1
487 921 1
143 991 1
639 670 1
100 38 1
263 117 2
721 261 2
689 213 2
567 432 1
255 119 1
874 260 1
404 52 1
954 822 2
928 428 1
297 338 2
779 696 1
268 253 1
711 640 1
618 686 1
456 548 2
595 220 2
311 994 2
124 188 2
814 93 1
486 187 1
738 925 2
757 182 1
812 648 1
597 164 1
880 159 1
399 100 2
740 326 2
48 179 1
737 193 1
114 695 2
107 812 2
639 862 1
650 257 2
897 187 2
326 344 1
479 339 1
80 332 2
772 495 1
535 563 1
477 518 2
929 665 1
447 507 2
823 296 2
777 650 1
837 678 1
267 643 2
293 279 1
824 805 2
944 869 1
736 493 1
518 171 1
341 203 1
125 857 2
723 2 2
184 892 2
184 711 1
253 251 2
503 967 1
68 549 2
381 481 2
617 139 1
850 934 1
347 468 2
417 439 1
691 734 2
12 906 2
252 748 1
168 707 1
166 783 1
389 654 2
447 793 2
49 930 2
516 356 2
429 99 1
852 327 1
330 337 1
578 838 1
161 686 1
790 107 2
49 838 1
409 287 2
709 102 2
759 691 1
117 811 1
334 602 1
331 498 2
310 875 2
609 805 2
469 549 1
630 636 1
553 347 1
458 761 2
606 453 1
751 354 1
487 807 2
393 169 1
584 307 1
952 71 2
612 232 1
25 572 1
355 570 1
135 211 1
270 964 1
394 858 2
536 147 1
418 20 1
30 305 1
363 192 1
123 714 1
509 812 2
782 128 2
682 200 1
159 920 2
333 662 1
188 79 1
287 423 2
259 483 1
427 888 1
490 685 2
90 874 1
424 506 1
734 284 2
663 876 2
849 753 1
105 434 1
656 405 2
119 371 1
104 563 1
688 115 1
483 320 1
437 120 2
763 193 2
123 646 2
608 39 1
148 20 1
720 25 2
751 923 1
705 254 1
864 652 1
895 143 2
630 207 2
523 490 1
209 715 2
392 938 2
248 277 2
615 440 2
19 307 1
200 616 2
243 18 2
107 876 2
442 735 1
144 153 1
296 873 1
770 781 2
137 637 2
881 672 1
665 339 2
503 9 1
20 439 2
48 885 1
930 902 1
89 534 2
696 133 1
81 986 2
552 25 1
778 165 1
69 457 2
616 868 1
914 791 1
911 301 1
396 842 2
366 689 1
924 393 1
239 540 1
141 930 1
565 720 2
525 874 1
134 201 2
820 723 2
842 396 2
871 358 1
971 302 1
534 375 2
477 571 1
119 770 1
429 659 2
79 941 1
371 438 2
464 419 1
157 831 1
858 175 2
514 415 2
635 569 2
757 541 2
949 692 1
955 353 1
430 772 2
487 542 2
495 557 1
464 339 2
671 403 2
788 237 2
629 163 1
20 697 2
677 6 1
177 700 2
945 342 2
868 262 1
14 517 1
664 852 2
787 789 1
182 506 1
7 447 1
403 98 1
447 348 2
841 813 2
958 882 1
841 742 1
234 765 2
651 557 1
362 295 1
310 778 2
854 972 1
808 665 2
551 191 1
422 895 2
589 67 1
501 921 2
612 251 1
787 304 1
372 960 1
268 140 1
32 726 1
1 840 1
580 503 1
817 204 2
527 895 1
891 445 1
563 269 2
413 839 1
127 439 2
827 128 1
275 934 1
438 366 1
500 565 1
944 667 1
736 842 2
633 247 1
541 882 1
769 765 2
803 110 2
578 337 2
227 537 2
354 991 2
538 30 1
40 901 1
833 924 2
630 560 2
287 336 2
407 876 1
301 516 2
890 987 2
732 134 1
261 409 1
810 903 1
719 465 1
508 400 2
413 756 1
739 283 1
540 472 2
795 503 1
421 680 1
104 195 2
518 993 2
707 404 1
87 409 2
505 87 2
