3000 3000 657
2552 1451 2
2109 2149 1
1912 168 2
1800 2539 1
1164 87 1
2406 2289 1
495 48 2
2467 1333 2
2112 1114 1
2513 146 2
1653 2561 1
690 546 2
2011 2781 1
2989 858 1
2285 1390 2
906 1729 1
613 2704 1
1338 391 1
842 1626 2
526 2174 1
2789 2540 1
443 2255 1
323 2901 1
1918 424 1
756 2860 2
1103 1135 1
2958 319 1
392 1468 2
1616 639 2
131 2217 1
474 1867 1
1394 2505 1
2189 1485 2
1131 2437 1
1451 37 1
2035 2024 1
1472 2425 2
1714 1915 1
1621 2650 1
2013 788 2
1811 2727 1
2348 2390 1
228 2505 1
2118 2807 2
2202 1772 1
1610 2949 2
1235 36 2
1884 1962 2
1249 430 2
2094 930 1
1550 815 2
2710 2518 1
2519 2549 1
1985 1696 1
897 1335 1
1778 2686 1
1355 1535 2
973 511 2
2058 1924 2
2185 2358 1
2840 1863 2
2316 1660 1
2906 2974 2
2767 1810 1
458 2630 1
110 486 2
2337 2172 2
640 2201 2
525 1221 2
39 2106 2
372 1381 1
1610 615 2
2249 1004 1
1348 2722 1
1514 2791 2
1285 148 1
336 2829 2
1001 1196 1
578 2136 1
478 2490 1
1438 1960 1
1508 1531 2
1972 799 1
863 2515 1
54 1842 1
2971 995 2
2295 273 2
1680 1827 1
2754 2117 1
355 2928 1
2571 2630 1
1989 169 1
1041 472 1
1683 637 2
600 2836 1
2085 1735 1
46 2735 1
1513 2534 1
1791 1843 2
372 1231 2
954 249 1
301 555 2
901 1766 2
1158 720 2
2606 1253 1
1531 569 1
2655 872 1
2094 1293 2
1446 876 1
572 750 2
186 1753 2
2387 336 1
271 88 1
2538 1122 2
76 985 1
2521 1563 2
1164 1967 2
2462 2331 2
1132 2597 2
898 732 2
2662 2435 2
735 177 2
561 256 2
2792 1657 1
2801 544 2
1542 992 2
517 1968 1
295 1439 2
1781 831 1
2817 735 2
1701 2924 2
2198 1334 2
2618 2863 2
2427 2040 1
535 2583 1
2967 1949 1
1183 1032 2
1927 1093 2
1620 1090 1
1029 725 2
2609 2014 2
1313 2713 1
758 594 1
906 663 2
1454 403 2
2941 277 1
2003 656 2
1523 2 1
2534 2145 1
419 1826 2
2107 803 1
1971 2794 1
2328 911 1
1537 1003 2
366 538 2
2384 511 2
943 1670 1
2978 2370 2
1484 2542 2
980 1765 1
1940 1222 1
657 2506 1
2042 814 1
170 2149 1
1669 720 2
2575 864 2
2471 2185 1
415 197 2
2849 148 1
1638 2395 2
2562 1261 1
863 2730 1
744 294 2
2581 1997 1
2763 1058 1
1754 2467 2
2689 2660 2
950 534 1
1232 1824 2
2984 1009 2
36 2195 2
2879 1400 2
915 45 2
2680 2100 2
125 2567 1
775 2051 2
2984 2112 2
1394 93 2
798 1984 1
2025 831 2
2799 2624 1
844 1761 1
1139 2151 2
1254 970 2
2777 1253 2
1419 1782 1
2800 2097 1
2039 39 1
2983 2213 2
2467 222 1
304 1699 1
1673 58 1
2428 2192 1
348 970 1
608 400 1
390 1359 1
1843 1578 2
1550 813 2
1493 1296 1
1363 1437 2
2810 2627 1
1092 858 1
689 261 1
1221 2339 2
139 2455 1
1933 1971 1
1626 248 2
2280 1883 1
2499 539 2
569 781 2
795 449 2
369 1942 2
762 292 2
517 775 1
1986 447 1
541 1983 2
2392 2777 1
242 1643 2
1024 2337 1
452 2254 2
1798 235 1
2669 885 2
994 1778 2
266 1715 1
669 1109 2
161 1545 2
2059 2130 2
118 2025 1
2418 1527 1
315 239 1
471 2397 2
1799 2605 2
1467 2617 2
176 1451 2
1310 817 2
485 2171 1
1782 1563 2
928 2273 2
1288 453 1
2362 90 2
2476 2216 2
1544 1421 2
898 463 1
2771 2783 2
158 3000 1
1222 2262 2
1996 2110 1
1120 351 2
2525 907 2
2660 789 2
92 834 1
340 2698 2
1565 814 1
2752 1779 2
1965 1624 1
1990 1242 2
2669 2930 2
1909 1165 2
96 2265 2
1707 119 1
1758 1578 2
806 1932 2
141 2554 1
1633 1327 2
1663 1389 2
1915 887 2
779 1220 2
956 2751 2
1365 2206 1
40 2923 1
1943 1679 2
1332 1342 2
1265 797 2
1174 215 2
393 1194 2
2724 530 1
173 1873 2
992 446 1
2505 2372 2
2006 1431 2
2136 2802 2
1003 901 2
2963 2560 1
2766 2149 1
2205 2664 1
2966 741 2
1703 2732 2
2545 2896 1
1404 1736 1
1908 1860 2
1474 298 1
959 2157 1
2227 1913 2
2918 1826 1
2285 2164 1
1660 2648 2
802 1658 2
1029 854 1
254 2025 2
2790 2673 2
1790 2591 2
395 824 1
592 2870 1
580 2678 1
1060 433 2
1554 2555 2
575 2869 2
2777 928 1
522 343 1
394 2530 1
989 2399 1
1317 711 2
277 1340 2
1675 895 1
1876 2767 1
1985 87 1
1445 73 2
1664 2976 2
1209 2167 1
636 1412 2
2695 2398 2
873 2702 2
252 946 1
2291 552 2
1146 2673 1
1271 2943 2
554 1009 1
439 2414 1
1108 1587 1
1934 2998 2
2215 1304 1
2880 2078 2
2246 2109 2
1526 2255 2
1536 260 2
505 2634 2
2594 2084 1
1791 679 2
1495 1577 2
340 1515 2
1696 45 2
587 2469 1
2532 894 2
2877 2517 1
1743 2254 2
521 514 1
1796 2297 2
2557 2935 2
2200 917 1
920 2114 1
4 2916 1
859 1259 1
2748 1728 1
1496 570 2
2068 1023 1
2407 2171 1
2275 1022 2
2942 370 2
2017 2534 2
818 1408 2
894 1508 2
1208 1758 2
2518 2298 1
1330 2015 2
1856 584 2
1453 2114 2
1088 1813 1
2182 83 2
2644 2702 1
259 976 2
799 2279 1
2263 2566 1
1684 2399 2
561 1266 1
664 2518 2
284 1506 2
425 582 1
605 1481 1
2390 2096 2
451 1493 2
2226 2385 2
2837 975 1
25 698 2
693 2467 2
135 148 1
2856 239 2
2668 216 2
1914 2056 2
2569 2980 2
1410 2133 1
1490 258 1
1597 560 1
847 2811 1
288 45 1
1665 1040 1
2199 1540 2
1841 1991 1
988 221 2
1730 1339 2
517 2662 2
1129 1425 2
538 2235 1
903 2874 1
852 385 2
1449 2381 2
85 76 2
2546 709 2
2904 2718 1
1639 888 2
919 2720 1
2892 1617 2
2129 51 2
2003 2971 1
1133 2086 2
1871 2399 1
950 977 2
1501 2856 2
501 1774 1
1211 2003 2
1885 2714 1
206 2849 2
1158 2480 1
258 1938 1
2165 225 2
2891 523 1
2311 1163 2
2030 2433 1
1890 144 1
1015 1320 2
2238 2058 1
2283 2754 1
1886 1806 1
1041 2978 1
205 342 1
1647 1298 1
1470 850 1
1531 1410 2
1736 205 2
254 2752 1
1655 2758 1
2753 2275 1
1937 2920 2
639 574 1
1246 1810 1
1656 1633 2
1766 2492 2
238 1807 1
1257 2352 1
2604 2240 1
323 123 2
1234 1206 2
2532 1100 2
1777 2044 1
820 47 2
1136 908 1
142 1901 2
251 2991 2
1998 118 2
180 1487 2
1996 861 1
358 2479 1
1536 1401 2
1426 789 1
583 1347 1
641 2375 1
1903 1517 2
1752 2334 1
1969 2517 1
430 2775 2
1086 1211 1
2261 1773 1
521 744 2
1101 1819 1
522 851 1
1636 2984 2
2619 1470 2
2670 1418 2
1380 914 1
1283 2131 1
594 1703 2
1674 1453 1
751 600 2
366 2048 1
2224 41 1
2051 2752 1
377 1408 2
1012 616 1
702 1404 2
948 848 2
1528 1254 2
1108 76 1
1705 2048 1
615 1653 1
1477 242 1
2996 2931 1
2022 1154 1
1889 212 2
2917 362 1
573 202 2
961 2338 2
787 2524 1
1996 2445 2
1105 1651 1
1698 560 1
1488 1663 1
2114 2364 2
653 1977 1
1704 2195 2
623 1599 1
483 1137 2
2595 1313 1
2587 2809 1
92 2966 2
912 1653 1
967 140 1
2834 2207 2
992 1644 2
1658 660 1
273 2506 1
2364 1125 1
1304 558 2
130 2213 2
2495 2020 2
1646 952 1
475 971 2
1897 2093 1
1748 2483 2
2174 2463 2
1851 2623 1
2231 2465 2
2204 2966 2
105 1191 2
2738 2120 1
1819 2583 1
265 2759 2
2206 234 1
1944 2838 1
64 2315 2
726 1382 2
557 472 1
20 148 2
867 2176 1
826 73 1
170 1997 2
1790 1114 1
1316 2113 2
667 1730 1
2294 20 1
1548 2789 2
1925 2579 1
1883 611 1
1762 2473 2
822 2777 1
2529 1221 2
2432 2177 2
2429 2280 1
1652 2037 2
1356 1362 1
1495 836 2
2640 1130 1
1026 1691 1
2297 256 1
223 1751 2
1955 1317 1
664 1821 2
6 904 2
1413 1235 1
2380 872 2
2590 701 1
131 2575 2
343 1503 2
1613 701 1
2483 2530 2
1511 2636 2
698 2904 2
1835 2179 1
2508 1255 1
747 1439 1
20 993 2
451 1641 1
2827 2728 1
1648 1807 1
1942 2742 1
2708 1148 1
152 2937 2
1147 2793 1
917 948 1
1372 2344 1
4 2345 2
2343 2412 2
1250 1052 1
346 1577 2
32 2162 1
2102 393 1
1397 1021 2
1012 2835 1
2675 2691 2
2321 304 2
1914 1001 1
660 2565 1
1198 925 1
160 870 1
1499 1647 1
2883 1961 2
2560 781 2
2074 102 2
2626 284 2
2240 1386 2
2823 1802 1
514 2743 2
966 854 2
1232 969 1
2194 2627 2
2613 1283 1
1218 198 2
584 1903 1
187 2004 2
272 1009 2
226 2254 1
2677 1693 1
346 2539 1
1000 2284 1
2435 2767 1
1207 677 2
2427 2621 1
1349 303 1
2605 550 1
2438 834 1
1685 873 2
1469 1388 2
2532 121 1
1451 2031 2
477 1472 1
1452 1888 2
2842 2173 2
1543 67 1
664 2328 2
977 1891 2
1617 2586 1
1309 448 1
1982 1852 1
1698 2090 1
756 937 2
929 2689 1
154 1680 1
1581 1402 2
486 2778 1
748 2257 1
1952 1635 1
1467 2506 1
2558 569 1
2144 1208 2
1085 1591 1
2240 319 1
2954 572 1
1090 2139 1
2567 323 1
143 1176 2
2711 598 1
51 2058 2
1327 1029 2
1051 193 1
2477 2973 1
1641 17 2
1565 2006 1
1361 1863 1
2161 2109 2
165 1723 2
930 666 1
716 2115 1
1537 2064 2
1348 1819 2
2280 1463 2
857 18 2
762 346 1
2405 1031 2
2803 1043 1
1681 914 2
572 2731 2
805 1490 1
211 421 2
1476 2389 2
1732 1083 1
1051 637 2
2826 1388 2
10 2802 1
2105 2879 2
1062 1023 1
1318 213 2
2705 5 1
487 210 1
383 1597 1
1122 2446 2
2993 1999 1
1523 2450 2
2416 2424 2
392 645 2
800 1993 1
2240 2370 1
1165 1453 1
200 930 2
1664 2489 1
2167 2798 1
1412 655 1
108 1454 2
1638 742 2
1081 1633 1
1688 1436 2
2060 1524 1
1847 771 1
121 1473 2
2202 1589 1
2871 2784 2
1064 658 2
1483 196 2
2904 1300 2
809 1980 1
2808 2563 2
2547 1192 2
1140 148 2
1624 1691 2
2360 2263 2
327 2398 2
129 1716 2
1360 2293 1
261 1699 1
1726 1108 2
1255 1163 1
1546 466 1
590 458 1
2101 1015 2
435 2042 1
1760 1697 2
1535 1883 2
1877 916 1
2722 1152 1
1697 528 1
2522 188 1
864 1968 2
2016 1573 1
2316 1658 1
2786 1593 1
1786 1808 1
2884 340 1
505 985 2
2675 1023 1
2635 529 1
1218 1178 1
1233 2022 2
2469 2389 1
823 1307 1
682 2522 1
2576 1155 2
1281 1925 2
437 2245 2
760 1181 2
117 110 1
2160 689 1
1461 2667 1
535 1872 2
1968 2116 1
1552 1821 2
780 1484 1
1753 1609 2
909 1589 1
1972 802 1
2058 663 1
1897 529 1
533 1814 1
608 731 1
1138 324 2
2120 2671 1
1763 454 1
886 1885 2
391 871 1
185 2942 2
1536 1615 1
185 2167 1
1295 104 2
2850 2239 2
543 1803 1
517 1405 2
237 1181 2
1745 853 2
2566 2927 2
1476 2524 1
2323 657 2
1157 558 2
2117 1512 2
1372 1180 2
2383 270 2
518 55 2
1292 804 1
720 1277 1
774 1789 1
923 1093 1
342 2568 1
895 1639 1
1986 2088 2
1872 263 1
2117 1059 1
1082 2137 2
795 2980 2
2746 863 2
1798 1403 2
1149 430 2
124 1887 1
2275 955 2
797 1330 1
2154 1855 1
133 2673 2
1032 1189 1
615 1625 1
1325 820 1
1241 510 2
2764 1973 2
1560 2158 2
2625 1739 2
25 2530 1
2765 1526 2
1359 2730 2
858 1378 2
73 3 2
570 707 1
2850 184 2
896 2302 1
973 622 2
2844 1783 2
1724 797 1
2125 2683 2
2907 2490 2
1440 1514 2
2804 1386 1
2026 2310 2
1808 1372 2
939 2446 1
2542 108 1
2147 1161 1
2623 279 1
38 1807 2
409 1022 2
1999 1034 2
2908 1833 2
1703 1441 2
2526 642 1
403 474 1
1783 1786 2
506 1619 2
469 1823 2
2462 2606 1
1375 591 2
897 2698 2
821 368 2
1409 717 1
2546 2366 1
1722 2228 1
734 1455 2
323 2565 2
1562 2719 2
1715 1852 1
653 2950 1
714 2092 2
1455 683 1
1779 2137 2
1794 1663 2
252 2304 1
918 1357 1
2440 2426 1
1793 2766 2
313 1988 2
1929 473 2
1971 1964 2
2293 230 2
545 2247 1
275 1412 2
4 2172 2
1300 1311 1
2234 337 1
112 2336 1
1786 253 1
2190 658 2
2010 1680 1
286 1604 2
420 641 1
2418 1968 1
2517 845 2
2345 1569 2
454 2465 2
1703 2055 1
1801 227 2
1200 1888 2
1279 1747 2
956 521 1
707 1504 1
1545 1181 2
1602 1714 1
1758 365 2
2020 158 1
2186 1655 1
2625 2660 1
1359 1353 2
817 2569 1
202 813 2
1183 2325 2
950 2129 2
2223 1667 2
329 2683 2
1485 776 1
1573 2543 2
1443 668 1
1972 632 1
520 54 2
224 2710 1
2041 1645 2
1515 281 1
293 691 1
2653 1481 1
2893 256 2
434 1909 1
1851 1039 2
2237 2336 2
2045 2207 2
169 857 1
1905 1168 1
1928 2966 2
2949 828 2
2985 2671 1
860 2159 2
2945 2668 1
617 404 1
2423 1062 2
1612 607 1
1296 46 1
2713 114 2
556 2931 1
1065 193 1
351 1404 1
524 1259 1
259 2882 2
2151 2341 2
2490 771 2
2047 460 2
2491 2845 1
1582 1337 1
2240 666 1
1058 581 2
1833 1153 2
496 2913 2
2837 2087 1
1613 121 2
286 2329 1
1397 1976 1
579 869 1
1812 274 2
910 2738 2
781 1068 2
2941 1950 1
444 2543 1
277 1332 2
130 1510 2
2624 65 2
1481 118 2
1130 305 2
1064 1881 1
23 77 2
1614 1556 1
2143 2770 1
2288 958 1
1020 1172 2
2246 145 2
2505 1139 1
173 1075 2
2524 143 1
2909 900 2
214 4 2
2489 2713 1
389 2139 1
1906 2098 2
131 1688 2
1530 2616 2
588 162 1
2749 268 2
2930 1872 1
2652 2354 2
80 151 2
280 1455 1
1483 2340 1
597 2482 1
2308 1429 1
2528 2857 1
1671 2068 2
852 718 2
1685 613 1
19 2357 2
930 1705 1
1440 194 2
660 273 1
855 2780 2
1764 2305 2
1117 569 2
179 1744 1
868 1201 2
296 2205 2
1160 2366 2
249 2671 2
2508 2931 2
2308 2214 2
1601 1820 2
1160 1435 2
452 2098 2
275 1337 2
2136 1975 2
1117 1417 2
2584 2667 1
2050 2468 2
2155 1690 1
1846 1103 1
596 2082 2
1498 2185 2
2289 1261 2
278 2288 1
2226 1498 2
864 1675 1
1259 2065 2
1569 1843 2
1174 2482 2
65 115 1
2446 184 2
611 2059 1
1802 2389 2
1213 1795 2
480 1968 1
174 2640 1
630 1136 1
1361 1351 2
56 1185 2
1269 335 1
1771 1132 1
2302 1568 2
261 1565 2
2219 2385 1
2081 2274 1
2926 1479 1
2168 2845 2
2703 2724 1
1721 1160 2
2170 1938 2
2845 2680 1
2413 786 1
904 654 1
2391 1427 2
2206 1807 1
377 1915 2
2413 1580 2
1768 783 2
613 407 1
926 1127 2
2657 169 2
2606 2052 1
128 1866 1
2285 1189 2
148 1661 1
1806 2594 1
2646 884 2
2500 2495 2
2227 47 1
1944 1377 1
1878 1215 1
1329 2286 2
664 2935 2
1841 2489 2
345 1360 1
257 1520 1
2897 458 2
1060 1097 1
2566 2799 2
1943 2103 2
1024 2634 2
331 360 2
682 2703 2
2579 1635 1
971 1323 1
1740 1647 2
2973 2344 2
903 499 1
1206 1922 2
1200 2449 2
2852 1538 2
2313 2794 1
1181 1498 2
1041 1969 2
52 2259 1
1277 805 2
261 2772 1
190 2760 1
95 1610 1
577 1739 1
2482 2018 1
283 409 1
1149 1759 2
687 2314 1
2981 2664 2
1385 1899 1
2135 2483 2
2163 2126 2
1395 2293 1
466 1964 2
869 2107 1
1545 24 2
875 769 1
1204 2575 2
1339 2605 2
1381 862 1
2009 1000 1
917 380 2
131 1895 1
753 1636 2
2160 673 2
1714 1778 2
565 1887 1
2956 2104 1
2891 1033 1
341 312 2
2647 1313 2
2288 1842 2
1207 1621 2
1992 1505 2
2824 2336 2
931 2372 1
886 2643 1
1780 2297 1
551 2624 2
1785 488 1
1698 1689 1
1278 2202 2
444 334 1
1352 1080 2
1816 96 1
2886 797 2
2724 57 2
478 883 2
748 2596 1
2612 1914 1
2530 1105 2
2434 2462 2
1055 2293 1
1718 838 1
953 195 1
1704 1910 1
167 1104 1
1770 2339 1
100 1508 2
83 1051 2
2726 134 1
1783 1928 2
2109 1588 2
2313 1955 2
2718 2539 2
1612 296 1
363 324 1
2240 2865 1
1735 619 1
1586 2491 1
1544 1957 1
1093 1070 1
966 1091 2
37 257 1
1292 2389 1
2124 1373 1
2439 488 1
1394 86 1
122 1969 1
871 1604 1
1061 419 2
1258 18 2
2327 953 2
2587 1012 1
2294 344 1
94 723 1
1935 2966 1
2548 2524 1
1812 83 1
2532 2445 1
412 2542 2
2300 2444 1
2285 613 2
2715 451 2
2444 1214 1
1177 493 1
123 2658 2
112 2476 2
36 2090 2
2590 575 1
2809 2537 1
468 1793 2
995 1072 1
579 1820 2
2965 429 2
2079 2263 2
2332 2889 1
498 2449 1
2920 2768 2
2323 1813 1
2238 1356 1
450 1919 2
191 640 2
490 2657 2
2474 2731 2
2836 2313 2
1912 51 1
316 2308 1
2331 1246 2
1716 426 2
1036 71 2
1996 1995 2
241 2821 1
1310 2278 1
1086 1601 2
2386 2948 2
2877 202 1
2572 575 1
1887 683 2
2407 419 1
2412 2500 2
1155 1457 2
2088 949 1
474 356 2
2455 464 1
1582 1417 1
2423 2122 2
1471 2402 2
2861 2525 2
2110 1396 2
1696 2711 1
557 2519 2
2807 1068 2
674 1340 1
1063 1536 1
2414 2969 1
547 2344 2
1945 2978 2
589 1141 1
1020 756 1
1344 1711 2
995 2567 1
1658 215 2
2171 2439 2
1125 1168 1
520 1984 1
2452 1753 1
978 432 1
851 2899 1
2275 2569 2
1306 2876 2
558 1083 2
482 606 2
287 2801 2
2834 1868 1
2533 2410 1
2898 200 2
1769 793 1
652 2839 2
2403 2203 1
2234 2153 1
1810 667 1
605 955 2
774 2393 1
2476 2955 1
2778 738 2
1634 1365 1
1917 698 1
468 1550 1
1831 15 1
1733 1607 1
1823 2124 1
1538 1913 1
741 448 1
1261 2799 1
2103 2153 1
1200 111 1
326 2382 1
2669 2816 1
2283 2487 2
1169 2577 1
1169 1852 1
936 1301 2
855 1509 1
1023 2056 2
621 12 1
2712 1528 1
2116 2663 1
662 1941 1
2725 1887 1
2905 318 1
1818 682 2
1293 1489 2
1911 1437 1
32 2440 2
782 1234 2
60 641 1
994 1236 1
1411 1956 2
1296 462 1
232 282 2
2497 980 2
845 72 2
2606 2837 1
1705 976 2
1869 1126 1
334 2786 2
2785 1475 2
1485 1808 2
832 2756 2
1127 705 2
1051 2469 1
53 2653 1
26 1209 1
2977 2542 1
646 2549 1
1990 943 2
2344 199 2
1710 1572 2
1368 2300 1
1165 2039 2
2767 2618 2
1084 1996 2
1220 2316 1
201 804 2
471 2683 2
1565 1623 1
405 1449 1
2220 2340 1
157 1197 1
696 2578 1
44 2465 2
1872 638 1
2130 889 2
1214 232 2
2977 2833 1
2006 1522 1
132 1457 2
2274 1304 2
2835 1542 2
125 1673 1
2584 556 1
1774 1847 2
2730 2529 2
1894 488 2
2854 2024 2
1288 2421 2
2864 251 1
1074 1511 2
1402 435 2
1503 912 1
1189 1162 1
910 2667 2
718 78 1
2005 1353 2
2730 1406 1
2430 1637 1
1883 1649 1
800 2923 1
2798 404 2
1149 1179 2
741 1299 1
227 1397 1
1923 1719 2
1263 168 1
1644 839 1
2318 2976 2
1333 999 2
491 362 2
1395 510 2
2183 2069 1
992 1334 2
2060 2389 2
176 1241 1
2571 836 1
2257 130 2
1848 43 1
404 109 2
1107 1781 2
1595 201 1
1776 489 1
1371 1963 2
2838 1263 2
278 1350 1
379 2412 1
1613 2944 2
1098 2462 1
1262 1267 2
967 1632 1
2608 124 1
651 2723 1
2263 796 2
2270 2739 2
2669 548 1
2129 21 2
314 969 1
1531 2661 1
2843 673 2
2727 2864 1
125 409 2
2061 1416 1
2779 1525 1
953 34 2
147 1804 2
1371 1752 2
316 708 2
2923 1731 1
1728 2561 1
583 605 2
2097 2479 1
2176 1614 2
535 1532 1
134 651 2
2151 706 2
1788 1271 1
1424 303 2
446 599 2
2424 2125 2
538 2335 2
81 885 1
1660 2031 2
3000 1566 1
272 928 2
844 634 1
1839 1555 2
84 273 2
644 2679 2
2751 2246 1
438 2257 2
422 324 1
1327 145 2
722 1938 2
876 1343 2
1690 1369 1
2371 1582 1
2981 2759 2
415 1248 1
875 2203 2
128 220 1
2952 1523 2
1276 1063 1
727 1293 1
1553 324 2
1494 2864 2
1151 2054 1
375 2185 2
592 1933 2
1640 2657 2
342 1094 1
1172 1192 1
1791 169 2
2079 923 2
2920 320 2
1156 976 1
2477 570 1
1657 272 2
420 427 1
585 2028 2
1875 393 1
2306 2667 1
882 1374 2
1784 138 2
1993 646 2
945 393 1
133 837 1
2195 544 2
1762 2968 1
1979 6 2
422 2570 2
269 1518 1
1443 1353 1
1112 1777 2
2473 770 2
1476 1798 1
1227 851 1
2745 2425 1
116 1790 1
364 2641 1
835 743 2
2336 2324 2
1614 2328 1
330 2032 1
515 1450 2
1813 1998 2
1058 741 2
638 1406 1
2205 369 2
1549 800 2
2943 299 2
829 169 2
1937 1074 1
1870 637 2
1704 953 1
351 1912 2
2748 2700 1
2727 2626 2
262 923 1
2967 138 2
274 167 1
2968 1385 2
1003 1732 2
2267 1792 1
564 1122 1
392 2114 2
1705 2087 2
1338 895 2
581 2637 2
2050 1097 1
2562 1350 1
2527 1232 2
2712 488 2
2217 2832 1
1385 2365 1
1748 2878 1
2484 1914 1
1630 2254 1
765 2157 2
2405 2486 1
2662 2954 1
1113 789 2
2314 2735 1
890 1526 2
2845 1526 1
509 2224 1
1215 1853 1
2600 1128 1
2784 621 1
1203 781 2
2154 493 2
280 916 2
2420 1211 1
2694 2638 1
316 1829 1
2704 2751 2
293 807 1
1371 2232 2
1718 2862 2
1828 2397 2
2932 2887 1
2079 1232 1
1497 2699 1
1858 422 2
1218 565 1
1547 1771 1
1566 2562 2
791 528 1
383 713 2
787 159 1
2089 2054 1
949 2936 2
990 1446 1
1679 2461 1
376 2498 1
316 1405 1
1815 2481 1
101 885 2
1328 1954 1
1959 2536 1
1717 1184 2
2466 316 2
1364 493 2
320 2127 2
2843 2301 1
2771 1004 1
992 2096 1
2090 968 1
190 2171 2
1896 1327 1
1312 990 1
1755 2114 1
1928 725 1
2662 570 2
2603 1313 2
1118 1432 2
857 310 1
1868 1422 2
526 2418 1
2651 1660 1
1704 1413 2
610 878 2
2682 319 1
1331 2576 2
2155 460 2
2924 1184 1
1072 631 1
1855 122 2
1545 2173 1
2806 2961 1
140 2814 1
1321 1533 1
1676 2835 1
2041 2718 2
535 1827 2
507 313 1
1372 1103 2
648 902 2
2053 27 1
1480 1445 1
2139 2436 2
697 2954 2
680 1397 1
2126 425 1
1566 2528 2
2990 383 2
494 993 1
965 2675 1
1783 1477 1
2578 2310 2
2121 564 2
1505 314 2
344 212 2
1162 1594 1
2490 283 1
2130 104 1
2491 982 2
1902 914 1
2729 1686 1
2644 1371 1
2439 2483 1
2440 1446 1
2216 2436 1
2342 965 2
509 322 1
1133 530 2
2902 2157 2
975 2205 2
4 1209 2
2386 2790 1
1692 527 2
2045 2754 1
1673 2670 1
2503 893 2
2995 1496 2
1094 462 2
1192 301 2
90 2038 2
1976 2359 1
1243 426 2
2832 84 2
136 2725 1
1697 249 1
187 780 1
2353 1364 1
2872 2938 1
2963 2739 2
725 2853 2
921 886 2
481 438 2
35 143 1
508 1198 1
515 1082 1
377 1885 2
2387 2759 2
462 209 2
2762 281 1
347 2312 1
927 289 2
129 894 1
2067 1538 2
986 2952 1
2004 1888 1
1429 1545 1
1 657 1
1459 2103 2
448 136 2
318 1739 1
466 2579 1
2890 2483 1
1690 485 1
1117 1170 2
2078 2042 2
522 1775 1
824 1449 2
465 1326 2
403 100 1
765 1759 1
1688 1887 2
2479 2993 1
1541 1360 2
1883 181 2
612 2391 2
299 2684 2
10 2944 1
2882 536 2
1750 1205 1
1827 1761 1
2054 2972 2
2096 1676 1
286 1327 2
523 596 2
2537 2737 1
2726 1476 2
2247 1069 2
130 2688 1
2676 1514 1
2050 1108 1
630 629 2
401 2622 2
69 169 2
712 2812 1
1308 1771 2
1112 1131 2
784 2516 1
1172 1761 1
2924 1515 1
2675 502 1
364 68 2
1456 2173 1
881 1888 1
745 174 2
36 1722 1
1828 1817 1
614 1545 1
2425 1471 2
2131 2108 2
534 2178 2
1678 155 2
1445 6 2
1913 2868 2
1315 2083 2
845 332 1
878 1679 2
67 670 1
1738 1258 2
1899 1006 1
2589 2494 2
2805 87 1
432 1705 1
956 255 1
2894 333 1
1930 603 1
2968 2740 2
2921 472 2
2334 222 2
2915 1849 2
592 2838 1
2045 1074 1
90 1431 2
1191 355 1
2556 1798 1
260 502 1
296 2522 2
1949 604 2
1225 2256 2
1496 1909 2
1392 1770 2
2716 363 2
1160 222 2
1457 1540 2
2176 490 2
1135 981 2
2524 810 2
1528 191 1
2758 1783 1
1265 2800 2
1125 1957 2
2933 210 2
1655 2804 2
1520 1640 2
2116 1635 1
1974 857 1
476 2575 2
1367 1711 1
1374 1511 2
2585 297 2
497 1146 2
1913 1801 2
1200 1987 2
576 2281 2
2085 2186 2
1628 811 2
2177 2807 1
2958 643 1
2697 2293 1
2784 1255 1
2471 2090 2
2982 1564 2
2359 718 1
1554 407 2
1281 2334 2
1001 2431 1
627 2855 2
979 142 1
2105 1071 2
1876 2769 1
1327 1588 1
2393 774 1
56 901 1
2052 760 2
2606 2603 1
216 1816 1
1455 1011 1
1195 320 2
2773 72 2
2900 704 2
2299 703 1
435 2188 2
2083 817 1
2267 1934 2
1762 1782 1
2108 120 2
2928 297 1
1417 1272 2
2960 905 2
668 312 2
371 2453 2
2773 636 1
1481 658 2
1765 2909 2
1053 2425 2
1060 2507 1
376 1432 1
1150 2815 2
1030 1648 1
1107 2920 2
2882 1132 2
2270 998 1
51 1189 1
447 2710 1
15 956 2
2872 660 2
2040 2701 1
653 603 1
603 1981 1
2745 671 2
1501 102 2
1943 225 2
2655 1715 1
2632 2732 2
1093 1859 1
1213 2340 1
649 2741 1
2326 2558 1
476 1408 1
1157 2908 1
840 435 2
866 251 1
2122 932 1
841 555 1
2783 1493 1
1075 1097 2
1051 1067 2
2915 1822 2
1433 2291 2
682 1870 1
1333 831 2
999 2400 2
2321 1596 2
2248 2099 2
1205 775 2
2376 453 1
904 1910 1
1420 1446 2
941 840 2
1186 2546 2
2029 1641 2
2568 1602 1
242 2535 1
1225 2542 2
497 1345 1
2429 2695 1
509 1882 2
2982 112 2
2102 2650 2
1058 2957 2
1262 867 1
1884 2161 1
2423 1154 2
1037 1672 2
629 1074 2
2461 1103 1
1291 1266 1
2429 784 1
1183 2618 2
1886 649 2
2585 2890 2
2438 571 1
2875 1333 2
975 2214 1
2107 2315 1
1893 2205 2
472 2128 1
1216 1295 1
2973 1002 1
2579 774 2
500 1455 1
919 322 2
690 2039 2
2336 2714 1
2334 661 2
1550 2912 2
503 209 1
2870 1116 2
2027 1114 1
1786 2490 2
2326 1575 2
11 2421 2
791 2796 2
2904 1120 1
2579 327 1
2582 1991 2
2010 2857 1
1487 181 2
516 254 1
2060 1053 1
806 2921 1
2025 684 2
285 696 2
1981 2570 2
749 1130 2
2146 1132 1
1534 292 2
2690 742 1
1978 348 1
928 2561 1
2020 2235 1
1285 291 1
152 1223 2
555 680 1
1705 2846 1
1778 2946 1
971 2814 2
274 2158 1
1303 445 1
2003 1085 1
2965 1459 1
1345 1856 2
1115 1960 1
427 2572 2
2699 1725 1
784 1285 2
898 294 1
1184 2565 1
1849 1858 1
574 1888 1
2038 1873 2
778 796 2
54 1588 1
1583 172 1
1709 2175 2
1067 2521 2
859 2387 1
2790 2753 2
105 1473 1
1038 1948 1
138 29 2
1041 237 2
185 1448 1
1092 2017 2
1049 1555 2
300 2524 2
67 2272 1
2567 1467 2
316 1581 1
483 2004 2
2406 1946 1
1816 307 2
776 1203 1
2916 1290 2
1364 2203 2
938 2005 2
1424 872 1
327 2550 1
1411 2498 2
2071 2038 2
333 178 1
928 1169 2
2983 2803 1
607 2042 2
2784 490 2
2464 1419 2
2441 610 2
1945 2293 2
2993 509 1
1689 1740 2
1852 1816 1
1380 1392 2
2193 7 2
212 2192 1
809 175 1
836 25 1
1523 2969 1
263 1545 1
2770 2491 2
2048 2435 2
507 2569 2
2591 2870 2
1945 2049 2
355 1970 2
310 730 1
584 1685 2
2840 844 1
621 25 1
2688 2433 2
682 2731 2
1821 1353 2
2289 2089 2
1672 872 2
1961 2418 1
1738 2531 2
2255 2819 1
561 2491 1
2640 1325 2
17 347 2
1449 1371 2
770 2750 2
2108 1671 1
2561 1187 2
648 1238 2
1313 2225 1
691 2711 1
805 1265 1
1516 1260 1
1340 1062 2
305 166 2
406 2419 1
1004 2433 1
2756 2540 2
1561 629 1
311 2871 2
2687 72 2
2545 1220 1
541 74 1
1945 2759 1
2201 2473 2
1842 799 1
332 420 1
1926 1071 2
491 1817 1
2126 2623 2
864 1229 1
1196 74 1
1178 2132 2
1074 2741 2
1883 1654 2
2004 1491 1
1989 2470 2
2607 364 2
1731 837 1
2405 2985 2
450 1647 1
676 1552 1
151 2692 1
2641 1620 2
2228 2306 1
1953 2139 2
2056 1580 1
24 2788 2
2664 2594 2
464 553 1
1604 659 2
205 2207 1
1539 2127 1
1932 1084 1
2625 953 1
173 2142 2
1145 2907 1
2311 1651 1
1492 724 1
54 1625 2
1849 652 1
953 1923 1
1333 1235 2
2204 540 2
606 1332 1
1417 1862 1
1591 1315 1
2846 2536 1
86 2220 2
1809 1660 2
2674 2427 1
2107 407 1
1982 1133 2
2150 2090 2
903 1182 2
1691 1597 2
2123 113 2
1917 775 1
1089 2087 1
2926 1617 1
1489 392 1
1340 1819 2
2954 1131 1
306 1601 1
1192 677 1
1664 328 1
2432 638 1
2895 1342 2
1301 889 1
449 1226 1
2450 1153 1
5 976 2
981 393 2
1488 1797 1
2187 2958 2
1832 496 2
803 305 1
1069 353 1
2400 1629 1
983 2376 2
2457 905 2
975 1392 2
2249 1634 2
646 67 1
1901 1822 1
2351 1672 1
1446 1755 1
834 2775 1
502 845 1
1099 823 2
617 60 2
2748 981 1
1334 24 2
356 1407 2
1701 1196 1
1068 843 1
2681 1850 2
688 1456 2
1677 697 1
653 820 1
1429 1741 2
1726 2759 1
2654 1465 2
743 2474 1
1838 1382 2
1850 2432 2
1222 2252 1
284 1445 1
2626 552 1
2694 1432 1
9 490 2
291 1993 2
2316 1346 1
2717 1688 2
2138 2601 2
527 2112 2
128 781 1
1056 2602 2
1119 1431 2
1426 1511 1
774 144 2
1610 2891 2
1820 2234 1
226 1470 2
1565 2979 1
1090 2264 2
2703 1841 1
1697 391 2
1325 2486 1
1562 1278 2
496 615 1
1777 2279 2
1568 893 2
1139 2933 2
2120 2132 1
2174 2701 1
2866 2641 2
1794 1191 2
1063 1577 1
2996 406 1
429 76 1
1076 1378 1
1166 2741 2
1631 855 1
1608 2551 1
1191 2894 1
1293 2743 1
319 1714 1
2539 1037 1
662 1890 1
2610 213 1
1125 616 2
2476 414 2
2937 1485 1
368 1716 1
2047 823 1
1770 2891 2
2154 1081 2
277 481 2
1576 982 1
2281 1040 1
1059 2315 2
2273 493 2
1032 1323 2
1187 2679 2
992 347 2
1542 653 1
10 2313 1
2235 2616 1
1941 2546 2
2872 1864 2
590 2615 2
2884 2703 1
1124 667 2
1041 396 1
28 316 1
2338 798 1
425 1159 2
2714 2743 2
586 829 2
176 2970 1
628 2508 2
2421 961 2
2782 1527 2
483 581 1
2884 1391 1
711 1002 1
2117 1406 2
364 2316 1
1213 1543 1
1491 1140 2
1017 1376 1
2541 2812 2
158 450 2
2931 1713 1
2992 1935 2
1971 2295 1
2862 2117 2
226 2180 1
1266 2906 2
478 2988 1
639 1645 1
2689 1797 2
229 1601 1
314 2199 2
2708 1922 1
1650 2095 1
980 1249 2
2912 870 1
2622 607 2
2082 2939 1
1394 1261 2
9 2326 1
735 1788 1
2070 2319 1
688 2269 1
366 1356 2
533 2798 1
331 2324 2
794 2171 1
1668 2618 2
2575 2232 1
2484 1813 1
2160 935 1
1325 1232 1
932 1729 2
426 2428 1
40 1245 2
2437 1201 1
2631 2861 2
2692 1494 2
330 1115 1
1524 1387 2
524 1317 2
1997 596 1
2028 546 2
2234 695 1
381 764 2
160 336 1
2161 733 2
2114 1037 1
97 446 2
965 781 1
2077 928 1
445 675 1
402 2818 2
2639 49 1
264 2537 1
1488 2753 2
2415 688 1
2007 2298 2
692 889 2
534 2247 2
1705 505 1
1832 771 1
2868 2503 1
2466 2290 2
1400 1019 1
1386 1611 2
813 2888 2
285 1759 1
2820 1809 2
2154 1585 1
926 2731 2
1255 1689 1
1632 1683 1
1049 2856 2
754 1854 2
2640 2234 1
1922 1697 2
1886 2348 2
504 1357 1
1433 900 1
2487 18 1
2094 2101 2
304 2855 2
1569 1756 2
2022 2429 1
345 1481 2
802 681 1
114 12 2
2788 2333 2
392 1821 2
2390 1387 1
698 212 2
2428 811 1
1493 220 1
610 766 1
2169 1943 1
1829 2870 1
1867 2246 2
1904 783 1
553 1772 1
1311 463 2
895 2336 1
2471 182 1
1048 1354 1
2046 1252 1
1043 1984 2
842 1703 2
1586 2612 2
2361 2966 2
1824 2341 1
1372 1791 1
1048 2027 2
172 2580 2
197 1571 2
1829 776 1
2849 1931 2
2223 482 1
724 2264 1
2824 591 1
1658 1512 1
1687 1414 1
2220 210 2
247 2165 1
2523 2298 2
1706 77 2
2228 976 1
2121 212 2
1812 1734 1
598 2355 2
1446 1291 2
2888 2753 1
1362 897 1
2267 429 2
2340 1486 1
880 1888 2
486 788 1
2360 2280 2
288 1169 1
268 37 1
225 692 2
1782 2094 1
165 1135 1
642 1375 1
1808 2250 2
1211 760 2
1969 517 2
2399 99 2
2775 575 2
2156 618 1
496 1633 1
1520 1178 1
262 2480 1
2245 14 2
1943 832 2
1017 1673 2
2646 2515 1
1975 1538 2
1427 150 2
1649 2625 1
1875 2213 2
2365 757 1
2678 739 2
2693 631 2
819 2742 1
1314 212 1
440 1341 2
1996 2949 1
2008 2266 1
2278 2238 2
768 1781 2
1413 705 1
436 1567 1
693 293 2
2346 25 1
2778 2790 1
1045 1956 2
2510 2411 1
641 2647 1
1642 2409 2
1405 1801 2
1521 1826 1
902 1165 1
550 1671 2
1552 1462 2
2695 2524 1
2017 793 1
266 389 1
2028 1365 2
429 2195 2
882 60 2
2489 1041 2
593 1548 2
1760 363 2
993 2918 2
2723 101 1
838 1669 1
2395 405 2
2230 877 2
422 2430 2
2391 1673 1
1859 2368 2
215 2625 1
2414 1644 2
2381 1234 2
108 1056 2
570 355 1
749 2627 2
92 883 1
2096 40 1
1162 124 1
2334 451 2
2575 1879 1
1194 2865 1
1718 999 2
1455 1199 2
1644 200 2
1243 1073 2
549 1576 1
1121 152 2
2261 2769 1
488 1598 1
310 189 1
2602 2570 2
950 1377 1
625 2615 1
2197 1345 2
2587 1922 1
1822 399 1
284 1494 2
2967 171 2
110 1555 2
1418 2639 2
653 564 1
2283 1668 1
2553 2883 2
45 1312 1
2151 921 1
1575 873 1
1080 203 1
1160 1430 2
2070 1573 1
2314 2581 1
2992 2966 2
466 2530 2
975 897 1
2814 852 2
515 2694 2
616 752 1
2250 2796 2
728 1392 1
523 2188 2
2106 847 1
581 1966 2
2195 1193 1
721 2154 1
2934 1691 2
233 2616 2
115 1372 2
931 2807 2
218 2780 1
2835 2351 2
2714 2759 1
2389 2977 1
649 669 2
2102 1175 2
2594 2076 1
1545 2179 1
1415 2948 1
299 981 2
1083 774 1
207 1065 2
2451 476 1
2977 2396 1
1223 2128 2
2550 1471 1
230 781 2
481 2688 2
2466 1581 2
782 540 1
2863 33 2
2304 2892 2
630 1455 1
2705 2813 2
299 2792 2
1851 811 2
559 1613 1
2896 2893 1
176 6 2
1734 1231 2
937 2706 2
1219 2594 1
343 1097 1
1236 336 2
2275 2520 2
442 1360 2
73 2641 1
1107 2654 2
2094 1025 2
71 2340 2
2546 2104 2
1702 1245 2
2377 1542 1
2816 1192 2
928 574 1
1831 2565 2
2763 519 2
1559 248 2
1699 2037 2
2118 2526 1
1803 2264 2
2168 1049 2
104 2775 2
152 1026 1
2775 2245 1
234 2769 1
1273 948 1
1822 2466 1
313 2394 2
2892 297 1
1377 2922 2
468 1998 1
2285 1355 1
1717 1220 2
2991 2679 1
1403 598 1
996 884 1
2756 634 1
1647 801 2
239 920 2
2843 898 2
653 1978 1
295 26 1
2860 1755 2
2427 2005 1
149 2663 2
2266 1961 1
2687 1220 2
2503 1588 1
339 2595 2
15 1260 1
2951 2966 2
2957 1099 1
1338 1186 1
1937 86 1
2930 1774 1
2012 365 1
394 2378 2
1225 203 1
1684 1834 1
193 961 2
2664 1245 1
2610 2334 2
165 149 2
1910 2181 1
1726 1955 1
2008 409 2
255 1075 1
1244 899 2
479 2223 1
1047 2499 2
153 2042 1
1013 533 2
1368 2548 2
1638 1746 2
183 1037 2
2129 1972 1
2782 36 2
5 1414 1
625 1699 1
2077 2921 1
2462 1594 2
647 2073 2
731 1073 1
2564 2234 1
1159 2790 1
415 41 2
2445 2384 2
1714 2831 1
1368 1199 1
1127 2333 1
849 1723 1
433 2302 1
2306 886 1
361 1179 2
2890 899 1
2201 1552 1
2236 2702 2
2661 2829 1
725 2990 1
2523 1356 2
1224 1904 2
1422 2006 1
792 395 2
1521 60 1
529 2823 2
2382 2179 2
1672 2391 2
2698 260 2
992 593 1
821 136 1
2258 213 1
1011 253 1
1720 2529 1
1642 2066 2
2156 1931 1
2036 2694 2
490 2932 2
391 2624 2
1037 1686 2
1968 1933 1
766 1156 1
1864 928 1
2585 2859 1
1843 1784 1
469 62 2
2486 1058 1
421 1824 1
2724 2224 2
1863 1404 1
2353 2910 2
903 2294 1
1799 1739 1
642 2924 1
1535 2251 2
2641 2392 1
398 1035 1
2402 1180 2
398 992 1
269 2234 1
1103 127 1
952 2735 2
2016 801 2
607 2179 2
1465 876 1
606 2712 1
936 1117 2
262 1204 2
374 560 2
1708 2811 1
995 1987 2
353 484 1
1973 428 1
2350 1437 1
42 1439 1
994 2362 2
190 1392 2
2641 582 1
1631 1779 2
2290 536 1
775 2522 2
1462 806 2
1703 1441 2
2942 2051 1
898 2739 2
990 1578 2
1427 661 1
2885 346 2
2376 1119 2
2465 67 2
910 1744 1
2941 996 1
615 13 2
2913 1795 1
2677 1677 1
1386 2458 1
709 443 1
2439 1502 1
2541 4 2
515 2683 1
1861 968 1
1778 1532 1
2430 376 2
473 2706 1
493 905 2
2327 816 1
2682 599 1
2020 2445 1
310 2081 1
1489 1373 1
455 1567 2
315 2087 2
2528 957 2
825 2004 1
389 629 2
1159 1378 2
2212 2945 2
1723 2853 1
214 1765 2
1468 716 2
2767 80 2
1949 1678 1
2954 2152 2
1479 82 1
2122 2905 2
1119 166 2
807 1062 2
1441 609 1
1495 2362 1
1958 1052 2
1259 2008 1
1193 662 2
2519 2781 2
121 1293 1
1532 86 1
1011 2322 2
1437 374 2
2122 1679 1
2755 2350 2
1968 2890 1
710 2704 1
2007 2687 2
2996 2657 2
2855 332 2
2768 2838 2
2759 218 2
571 1731 1
836 2874 2
126 1799 2
275 2877 2
2815 1790 2
2460 2705 1
271 1667 1
1087 2998 1
1556 1735 1
1882 940 2
2735 2219 2
1274 780 1
1951 1220 1
2126 1621 1
1743 2138 1
117 397 1
370 658 1
2477 969 2
1416 63 2
154 1460 1
741 2227 1
1885 1810 2
1807 2011 1
2336 2454 2
2059 138 2
2521 816 1
1546 679 1
2149 2890 2
2243 2182 2
509 1531 1
1204 20 2
334 1645 2
2363 2901 2
2932 2607 2
2370 1355 2
1878 865 1
2207 1116 2
2277 613 2
65 2836 2
487 2642 1
2310 1297 1
2742 1743 1
993 1653 1
476 595 2
818 1046 2
1012 2579 1
2979 2076 2
434 2292 1
1487 370 1
854 2442 1
577 13 2
723 718 1
2357 1561 1
2507 2888 2
2688 1195 2
908 1483 2
513 654 1
2299 715 2
1042 2236 2
1549 100 1
1060 1677 1
979 192 2
1635 1066 2
1255 495 2
2219 2301 2
1232 2135 1
1932 1045 1
696 1592 2
2941 822 2
2735 1383 1
2080 363 1
794 2182 1
2821 1698 1
2413 2161 1
562 2543 2
2488 1134 1
728 2274 2
1596 521 2
2455 1510 1
1454 2692 1
1335 69 2
2708 779 1
1015 568 1
93 732 2
1087 1824 2
646 1528 1
718 878 1
2785 1722 1
180 398 2
585 1477 2
266 528 2
1722 1874 2
750 1455 1
859 1306 1
2053 1861 2
761 2521 1
969 875 2
353 1829 1
577 153 1
1120 2794 2
1449 2436 2
1274 1298 2
2305 522 1
142 800 2
1386 2130 2
437 2742 1
2183 1885 2
303 2452 1
2505 2755 1
2207 1734 2
2660 2929 2
2531 787 1
1671 1428 1
1952 1183 1
1134 2199 1
2517 384 2
2825 2639 2
1246 1951 2
1701 1180 1
2971 2960 1
195 608 2
1865 2898 1
2593 2641 1
1791 2591 2
1306 101 1
1473 2402 1
723 1285 1
187 2365 1
378 2686 1
926 2211 2
1855 2648 1
2277 835 1
1263 2176 2
1648 2396 2
2706 916 2
2169 2264 1
698 511 1
2183 356 1
2308 1682 2
97 1034 2
2697 448 1
476 1647 1
2567 1638 1
768 2961 1
1396 1540 2
2044 650 1
1957 2154 1
1780 1425 1
761 2267 1
1382 1617 1
2849 2993 1
1582 2927 1
1877 802 2
2146 711 2
1281 1929 1
814 2759 1
2888 672 1
1985 1725 1
1360 2278 2
890 14 2
646 1172 1
2991 2010 1
2560 2824 2
262 2845 2
1096 274 2
1059 1250 1
1292 2987 2
2632 1738 1
499 446 1
939 383 2
2871 1825 1
2486 1074 2
1728 602 1
1725 409 1
2084 813 1
2184 1174 2
2763 1780 2
1558 2791 2
1063 298 1
1562 1353 1
2324 360 1
2273 2386 1
2724 479 1
1343 2597 2
243 931 2
2316 224 2
79 1625 2
525 752 1
348 1710 1
1707 212 2
2414 1993 1
1680 1306 2
2480 741 1
2289 2085 1
2344 2888 1
286 1008 1
2934 2454 2
1987 1331 1
96 2160 1
1616 2149 2
2135 724 1
1589 1055 2
1138 1448 1
1863 989 1
2091 567 1
2560 2227 2
2053 2653 2
2966 318 1
1325 1844 2
1869 304 2
838 1756 1
458 1536 1
601 340 1
893 196 2
33 89 2
416 794 1
1319 2337 1
2316 767 2
1282 2169 2
834 2366 2
2080 21 1
894 2331 1
2085 1295 1
1050 1345 1
1991 2310 2
509 1656 2
2640 1008 2
415 2463 2
541 76 1
2624 1903 2
2362 2139 1
1416 1113 2
2909 228 1
1702 943 1
2892 1083 2
1032 665 1
2481 998 2
1644 59 1
2517 267 1
98 2617 2
1094 763 1
1628 967 2
1067 295 1
1128 625 2
2595 2056 1
1624 943 2
1043 1621 2
1269 2235 2
910 243 2
200 1537 2
664 1425 2
762 2390 2
1758 1988 1
2809 1930 2
2669 1987 2
701 1796 1
1414 1512 1
2975 2147 1
2051 1162 1
