100000 100 66762
89524 13653 2
83932 83867 2
14888 97103 2
8527 26421 1
79781 65202 1
95463 27830 2
25963 50750 2
60241 49841 2
38839 13918 2
19627 8862 1
95099 14245 2
40775 67706 2
13340 48368 2
49832 80041 1
11908 43194 1
57977 44583 1
3809 61450 2
11755 50807 1
23072 31871 2
55767 94424 2
61761 13731 1
27623 32691 2
6519 55013 1
74297 95785 1
31899 90350 1
9097 45387 2
97346 89476 2
26208 85786 1
51059 39628 2
95577 42117 1
30530 9033 2
746 34729 1
46093 20413 2
12352 77005 1
90250 51340 1
67922 68590 2
25430 84353 2
79999 50925 1
29141 80092 2
90776 10281 1
72621 92634 1
85570 80364 2
37642 30958 2
30694 13337 1
91003 15786 2
25420 8927 1
1 66762 2
3054 13108 2
97570 89179 1
46199 89395 1
7353 12869 1
92328 1637 1
97372 92942 2
45962 32108 2
98854 37434 1
88974 38241 2
7507 89975 1
64448 91398 1
66203 26002 1
44414 19697 2
18864 61548 1
49805 23422 2
54877 71008 1
76380 91670 1
20733 69427 2
16952 34886 2
80111 38340 1
41606 83156 2
45684 42888 2
29404 89573 1
34920 82151 1
52883 17703 1
78595 36748 2
57138 52866 1
92960 62406 2
77631 41665 2
6311 62440 2
30031 99732 1
206 48906 1
86080 48634 2
90583 77146 1
57117 93460 2
71667 82836 2
33426 94301 2
64652 69284 2
66199 54849 1
14789 66113 2
36635 25895 1
91249 14979 1
63296 1662 1
33132 87994 1
65436 78183 2
89420 57940 1
72888 47031 1
19284 37935 1
86741 65056 1
48190 84086 2
67145 29448 2
57382 92924 1
83050 89421 1
