100000 5000 54695
48486 85968 2
68019 99561 1
38653 65992 1
3766 29858 2
88291 7519 2
33380 86133 1
61105 45395 1
14757 832 2
20448 11011 2
32936 97060 1
35664 27443 2
71261 52041 1
51653 63085 2
85849 60216 2
78117 4571 2
36117 97375 1
44443 14062 1
82640 59569 1
62295 90522 1
10216 60515 2
98764 35831 1
60069 40529 1
13393 82946 1
91343 80631 2
12193 4474 1
79122 72695 2
98779 67203 1
33825 39737 2
50114 86150 1
84657 87527 1
76765 67951 1
65849 47309 2
49336 77166 1
81656 16607 1
19266 23639 2
17743 43347 1
39726 19842 1
39107 57634 2
43410 14155 1
37309 68524 2
74474 3315 2
6985 32017 1
58678 95837 1
92602 49016 1
85815 12466 1
89988 16140 1
67702 60765 1
52385 42841 1
98174 81840 1
34861 93876 1
16637 76254 1
53450 63185 1
87047 79198 1
13597 99786 1
17523 51278 2
36143 44415 2
95644 48174 1
13516 272 2
48353 641 2
96839 35141 1
15173 14096 2
14389 71175 1
50063 61798 2
53293 1156 2
30795 54932 1
2351 28142 1
39240 50831 1
11706 80349 2
35961 86765 1
55955 85993 1
5780 7308 2
32229 63408 1
6229 19851 1
28508 21046 2
62396 12047 1
39433 65824 2
32491 75584 1
57505 19736 1
15881 15561 2
98334 72812 2
50817 67643 2
50652 71183 1
75524 91306 1
37661 97431 2
15203 95919 2
50182 43357 2
73909 71748 2
93888 9600 2
75831 77803 1
83512 89186 2
65959 42536 1
97215 64105 1
4617 418 2
49706 89760 1
63554 40646 1
14643 91475 2
98463 99684 2
40726 10934 1
35151 58832 2
32117 23871 1
26501 64706 2
66005 67016 1
50967 8854 2
3295 83214 2
30818 89453 1
36831 83412 2
69763 42667 2
50920 43009 2
84095 10711 1
92687 67485 2
31964 349 2
67980 51320 2
1862 8015 2
14300 22180 2
85739 52544 2
56865 25238 2
45567 94024 1
8512 88105 2
96281 12131 2
58370 22714 1
82900 49554 2
56756 12013 1
45743 46680 2
647 25799 2
56590 49565 1
76528 48146 1
28214 25295 1
38665 6812 1
90772 94716 1
67758 52632 2
63351 17306 1
20961 88827 1
37874 40896 1
42503 81056 2
7835 77354 1
46153 80677 1
83631 8056 1
11476 80908 2
94411 68879 1
59417 91515 1
56788 65399 2
39149 30364 1
48433 42363 1
97898 50173 2
68619 80524 2
64333 38162 2
58100 10334 2
23734 17870 1
98877 31594 2
13675 34093 2
91582 33515 1
2453 36206 2
64562 77825 1
27265 38865 1
43416 72401 2
89536 15005 1
33491 19106 2
64519 59901 2
63819 78721 2
93616 90845 2
85066 58046 1
90103 77458 1
32128 70093 2
62175 77744 2
77440 60102 1
18987 22641 2
49889 5350 1
91364 30613 1
81661 39180 1
11961 7836 1
2677 16732 1
13083 30670 1
66923 59007 1
90973 31155 1
38534 88001 2
27290 40444 2
56370 77522 2
84782 32984 1
10013 35558 1
80092 37535 1
84379 10773 1
18311 36395 1
90243 21915 2
71225 56282 2
45137 69273 2
62399 11854 2
68546 882 2
45514 24972 2
5370 54415 2
70415 85281 2
59873 87100 2
77288 71480 1
80033 17129 1
87474 89093 1
21418 20713 1
9389 94973 2
73103 90518 2
53663 82523 2
48231 37035 1
29457 77917 1
81356 38761 1
21232 29733 2
9279 38547 1
20813 35802 2
94722 40785 2
48734 47460 1
38268 46193 1
95067 14547 2
98489 97185 2
53505 1848 2
40744 86999 2
91954 68745 2
61467 85033 2
8212 51586 1
99146 62133 2
18574 70271 2
47856 12730 2
61422 70404 1
11437 16733 1
53541 85173 1
27074 60390 1
19816 32349 1
41016 36960 1
77777 64395 2
29209 62844 2
56061 27185 2
92821 63278 1
63724 87268 2
46143 81455 2
85700 70143 2
82382 8761 2
44366 88799 2
221 8910 2
78295 57832 2
12714 56818 2
80145 79614 2
72634 34956 2
7375 9965 2
26548 9833 1
29388 80579 2
27522 87801 1
46437 8240 1
96275 62256 1
65146 12429 2
99260 13318 2
79953 94418 2
88786 22456 1
51955 8253 1
31601 42181 2
97198 86962 2
97592 85937 1
36049 40502 2
46219 82629 2
40787 74163 1
56880 63501 1
52844 75896 1
81650 26105 1
1849 51830 1
77953 35677 1
60317 85572 2
74736 80848 2
51771 90555 2
38230 45745 1
85533 81914 1
69934 23133 2
87216 41667 2
60119 79994 2
61509 73564 1
35060 8656 2
42514 62352 1
12748 68171 1
74063 37900 1
75051 94746 1
93722 72194 1
59712 81203 1
43731 3497 2
32413 81101 2
96224 59578 1
97307 19620 2
39498 81205 1
76723 95480 1
66239 82682 2
28389 36078 1
94862 38609 1
85077 34158 2
92686 36098 2
57897 18531 2
2423 35390 2
64364 90238 2
25415 42804 1
16431 24564 2
49342 50172 2
56770 75771 1
6242 11888 1
43583 45681 2
99996 76206 2
2560 72917 2
1753 58295 2
36324 19180 2
24235 21939 2
46734 90141 2
78054 40491 1
2918 2869 2
81315 37966 1
13302 88708 2
56544 38700 1
36941 27455 2
17117 54686 1
80032 77212 2
25632 46204 2
73764 57816 2
48306 12773 2
22326 32564 1
57985 28699 2
42547 49812 2
30204 68036 2
48544 39167 2
48538 58186 1
44483 85442 1
89363 10684 2
6759 36621 2
901 1611 1
85597 68276 2
51344 87502 1
26486 79279 1
37339 95774 2
36265 51962 1
43117 40411 1
29715 70262 2
84084 29477 2
42354 60262 1
58241 67171 2
31497 8211 2
86122 30464 2
13024 75657 1
71047 51657 1
77857 19832 1
54486 98288 2
49084 11571 2
28888 12108 2
66883 28692 2
77617 89655 1
92015 24214 1
13035 8782 2
68569 6778 2
34164 35189 1
11810 13891 1
4539 38385 1
99404 26490 1
88343 52971 2
14334 40778 1
79616 76788 1
62947 48708 2
57972 36923 1
65772 19101 2
79860 35961 2
10666 97964 1
32324 17926 2
70197 91596 2
90958 82816 2
48135 8992 1
39328 29963 2
55170 98346 1
73417 13644 2
92166 16082 2
1184 58317 1
4348 22885 2
4541 77149 2
206 71316 1
77758 46765 1
66380 69649 2
59716 73395 1
57448 94261 1
93331 10059 2
11003 97949 2
88533 87121 1
64222 28872 1
52920 94792 2
99186 38715 1
61963 42646 2
43608 13213 1
24933 84869 2
79450 38395 2
97182 56900 1
81728 69413 1
62292 5956 2
23644 21615 2
24328 7452 1
74591 13905 1
88382 73030 2
51329 2472 2
33441 16287 2
5725 30259 1
74652 47787 1
33586 40534 1
41314 32046 2
89027 44602 1
87271 22388 2
22808 69419 2
42372 54666 1
36123 20889 2
58199 94050 1
15772 72631 1
22016 79347 2
70510 15615 1
75974 25719 2
42855 16333 2
77040 54252 1
95716 76703 1
79693 66548 1
66370 84508 2
84876 43028 1
57542 39369 2
35812 92088 2
25175 20501 1
36718 61902 2
33086 20815 1
41926 8966 1
65229 64938 1
27725 5369 2
36629 66016 1
71338 39775 2
88334 96972 1
65764 11543 2
27507 49262 2
54218 78211 1
30179 12939 1
43851 59529 1
36066 26123 1
62494 8595 2
37205 75609 2
21340 2192 1
73642 36007 2
90017 10129 1
58062 97479 2
58926 88973 2
89012 74035 1
67882 40445 2
64085 37349 2
45852 73088 2
93226 9120 1
83763 92696 1
23476 93317 2
20542 70188 2
88597 77631 2
10772 17604 1
6420 81272 1
59694 8880 2
38845 61537 1
92552 82242 1
33439 99054 1
71748 35310 2
88492 14584 1
84614 79121 2
35004 985 2
50905 15688 1
24682 19795 2
39368 87956 2
21013 15626 2
14470 92861 2
10273 84197 2
4263 31436 1
78932 657 2
30916 48335 2
41017 95070 2
55803 38616 1
69792 24416 1
85453 19359 2
98844 17487 2
78431 604 1
47908 23431 2
4793 68429 1
90258 39561 1
43306 67478 1
29831 11800 1
39265 65148 1
44453 2589 1
61430 55273 2
57523 42340 1
98655 55500 2
35645 52797 1
88187 99222 1
50642 69499 2
55403 56317 1
40644 85016 2
30003 85692 1
96491 93871 1
97246 91857 1
51778 82881 2
4088 7647 2
91689 6225 1
54129 4522 2
21793 42728 2
52832 2781 1
25363 9169 2
18686 69927 2
23210 84510 1
87143 41369 2
87700 73665 1
50973 55466 2
20997 5876 2
13829 8531 2
80563 81266 1
6695 80084 1
97019 58459 2
77234 38797 2
39931 64436 1
95382 35270 1
73238 89509 1
58440 73639 1
32371 28857 1
13889 48000 2
15614 31617 2
36127 9987 2
26086 21778 2
93987 56453 2
13789 23490 2
28242 40897 1
58075 26671 1
39444 42868 1
57724 22648 2
29816 41986 2
60221 90177 2
50158 39632 2
54435 30388 2
37483 71368 2
21460 84795 1
43401 67448 1
26747 25671 1
47364 27571 2
54120 49196 1
87390 42958 2
83438 47618 1
99195 68644 2
64164 95142 1
11238 67379 2
24069 8343 2
70507 50941 1
54512 12409 2
63291 25096 1
11208 42933 1
98315 5694 1
43732 20247 1
62548 1902 1
72320 57807 1
68757 17225 1
69691 44721 2
90093 28229 1
23447 2709 1
55585 21214 1
96365 94615 2
80668 30064 1
49366 8344 1
80234 96958 1
59698 83387 2
57820 69231 1
41093 85993 2
98983 5003 2
48565 76653 2
84356 21698 2
72014 45433 2
18226 24037 2
89022 30688 1
64624 41643 2
7897 79865 2
92835 37326 1
470 85026 2
86774 5931 2
50415 65403 1
33397 14886 2
35141 90727 1
48177 46787 1
7899 64079 1
31743 39598 2
17558 28158 1
31833 50004 1
92899 90405 2
50651 40872 1
25009 25017 1
85159 23775 1
370 3632 1
55874 82676 2
61343 96712 2
88596 96965 2
66193 15232 1
92524 60916 1
11273 80157 2
3322 42854 2
74952 88999 1
43187 4360 1
86679 29449 1
27537 40293 1
6497 36180 2
41072 68209 2
22004 48252 1
9842 55745 1
4420 70650 1
27772 31217 2
64264 70024 2
27831 64573 2
50555 36360 2
44528 83880 1
14076 91294 1
87832 45688 2
68526 84177 2
2436 8279 1
11513 76686 2
71470 81876 1
21735 9285 2
12946 1088 1
81512 73002 1
26706 73522 2
45391 52053 2
44403 63875 1
15538 12034 2
8190 38227 2
81677 62258 1
29088 60706 1
42528 25865 1
82954 86967 1
96653 31630 1
74065 30173 1
43931 66925 2
70831 26081 1
40182 81432 1
1632 33461 2
1772 55490 1
21190 49904 1
10161 19363 1
89382 90732 1
70108 71607 2
97993 43495 1
78088 26943 2
75388 27362 1
78036 13822 1
59760 42661 1
20355 32956 2
83386 95833 2
89693 87335 2
44468 12268 1
65836 61582 2
91802 62641 2
24736 66948 2
65807 90941 2
81452 17891 2
74997 97484 1
230 95238 2
80536 51033 1
40171 39181 2
22852 15337 1
54232 66365 1
33546 49569 1
23058 51262 1
38624 65035 2
91423 9691 1
64062 65014 1
58795 38117 1
83841 5075 2
28292 90256 1
25003 84185 2
47231 16341 1
41409 28225 2
62737 80847 1
44716 30218 2
39254 55614 2
50393 18998 2
34573 10919 2
63929 72620 1
46745 69393 2
21409 22004 1
60450 18985 2
811 81278 2
8626 56255 2
43860 55323 2
22489 32743 1
28668 51522 1
54954 25689 1
49001 41613 1
95195 6514 2
63588 39833 1
11753 76785 1
1402 88874 1
76146 65274 1
10108 16996 2
77528 30678 1
75231 28691 2
45669 84209 1
7197 66980 1
78114 45563 2
33299 91754 2
7646 4776 2
29249 31962 2
56589 55088 1
83181 68815 2
2726 88527 1
22752 58534 1
71428 30182 2
89127 65059 2
27047 95896 2
4179 15915 1
22544 56974 2
65594 55592 1
19912 39604 2
83219 84776 2
51961 62298 1
75486 95870 2
18483 16563 1
81402 6560 1
61289 48633 1
79117 73927 1
92465 11687 2
43040 88690 2
75624 78494 2
75008 60963 2
27148 67009 2
39806 44736 2
97888 35032 2
48528 67251 2
55755 58193 2
90382 79755 1
26009 24410 1
4630 75513 1
79865 88425 2
37800 49524 1
42109 72948 2
30634 45269 2
57053 85785 2
18821 33820 1
58260 33143 1
45446 54473 1
9889 68947 2
72638 55939 2
77064 31477 2
78819 8949 1
86031 90408 1
96109 62284 1
62081 70045 1
17721 88282 1
18158 6856 2
38474 34550 2
91593 34722 1
89891 3546 2
90121 47461 2
37390 74532 2
28456 13684 1
23320 85013 2
60647 69616 2
94322 91413 1
83720 31011 1
6258 42957 1
47251 58105 2
66448 41739 1
43634 37218 1
52361 80098 1
51636 8242 2
38304 24775 1
70029 34018 1
35544 49013 1
77973 67980 2
58555 91434 1
4389 58418 2
96054 86408 2
40509 76567 1
15834 12789 1
28129 67012 1
5693 55163 2
92759 40005 2
26487 94697 1
41482 22634 2
41190 19503 1
58666 80935 1
97226 30406 2
77738 88499 1
56809 75942 1
67553 19469 2
39628 89775 1
24682 32658 2
55424 69281 1
50243 40936 1
46679 79459 2
75410 55319 1
88100 35295 1
66651 47659 1
37058 33732 1
65579 74131 2
7598 62627 1
5617 74981 1
72808 12787 2
55967 61144 1
82231 90798 1
70893 69928 2
41570 99729 2
83287 64949 2
81655 78016 2
84410 91236 2
53159 94655 1
39771 83293 2
27720 15386 1
73984 43275 1
61298 83646 1
14196 7967 1
32931 61086 2
43879 83310 1
76187 44943 1
68556 16686 1
85024 93516 1
10458 41437 1
99996 81106 1
96748 16474 1
23962 47173 2
47969 70858 1
80620 83946 2
39420 95700 2
46568 61419 2
56260 7493 2
51686 95734 1
98758 70382 2
12004 26462 1
34478 84801 1
69442 63000 1
55474 53591 1
3014 56832 1
99335 61420 2
70170 13714 1
21033 2081 2
62825 9585 2
5592 76122 1
94757 37859 1
19797 98430 2
47716 38194 2
72682 42554 2
89246 59629 2
19967 92222 2
99025 91653 1
37605 12542 2
4990 22480 2
50095 97458 1
49961 23722 1
1780 64598 1
43484 72111 1
66319 2315 2
60196 11074 1
12127 1428 2
97171 80586 2
38279 93626 1
98941 91599 2
74447 27305 1
98491 95745 1
90273 32625 2
58155 26642 2
34701 78853 1
20045 10871 2
46853 92799 1
23687 72458 2
31842 49050 2
77795 20779 1
12797 4375 1
88588 25658 2
94935 33561 1
24436 79839 2
29649 6729 2
71601 64611 1
13108 434 2
77084 24884 2
60203 53029 1
96816 33957 2
8612 11479 1
20529 42219 2
79667 43263 2
17090 737 1
81295 56184 2
30445 16389 1
50515 59781 1
21632 67897 1
71198 15048 1
4554 13187 1
85044 44777 2
94498 45453 2
87930 88917 2
68704 79269 1
71709 79293 2
44706 83294 1
94124 55667 1
34953 23438 2
60346 49808 2
94265 70958 1
38589 10257 1
56381 11389 2
20402 73877 1
10528 17629 2
33558 38785 1
72021 47572 1
55886 95004 2
33487 10701 2
6720 23091 2
85066 37877 2
19576 12822 2
39585 41246 2
4932 19513 1
35125 29759 1
20857 1300 1
45261 74801 1
46572 84228 1
13264 50292 2
71609 72232 1
58444 84808 1
84927 50788 1
2995 46389 1
27073 1185 2
32025 3619 2
8679 86379 1
36151 41890 2
44955 5298 1
85003 55172 2
71949 25289 1
35510 96254 1
66383 18826 1
51324 67243 2
62330 60561 1
46280 40872 2
21512 42236 1
9349 61337 1
95671 93682 1
41254 72323 2
38956 25656 2
8831 58832 2
22317 43517 2
58377 74542 2
93062 46640 1
58882 62448 2
9126 38628 1
46315 94699 2
82687 5939 2
95528 41850 2
17673 20248 2
87107 98363 2
30559 37811 1
51242 15312 2
43232 72329 2
46669 62047 1
98991 72258 2
44448 92083 2
37012 10377 1
29215 23384 2
89625 63056 1
69413 51714 1
58862 58313 2
75604 16519 1
20838 95342 2
64976 4352 2
97976 99353 1
259 12013 2
26654 85133 1
6011 54670 2
33689 58635 2
44328 99818 1
63755 97982 2
2079 44844 2
16155 53200 2
83001 19937 1
84853 33842 2
32596 84891 2
43560 46328 1
89489 56337 1
46662 8667 2
89876 92861 1
98791 3253 2
12008 52156 2
64550 33608 1
83416 5266 1
14434 4536 1
32279 90211 2
97567 42060 1
78521 26555 1
12131 47537 1
59672 50823 2
88601 15447 1
63920 64026 1
98257 12050 2
96194 56073 1
88670 60922 2
28245 25263 2
25174 81067 2
43952 41578 1
38262 93990 2
31938 60828 2
84860 76974 1
93691 31627 2
12427 70956 2
31312 25665 1
66154 47532 2
30106 69356 1
13477 2398 1
60535 39199 2
93355 13301 2
40520 14512 1
53774 12779 1
59922 51448 1
46342 47547 2
70237 90646 2
81198 43718 1
59192 74348 1
32038 56399 1
67635 11968 2
37903 94527 1
3107 52349 1
75090 86177 2
26817 74447 1
75321 49543 1
41259 46923 2
85685 76163 1
48898 77796 1
31094 39407 1
33355 69655 2
30998 22438 1
82958 53856 1
36495 10664 2
26906 34979 1
13280 38010 2
32799 41796 1
79116 94852 1
16434 69871 1
32826 29521 2
40845 21329 1
89910 79250 2
83820 54460 1
85199 34876 2
39473 12199 1
50455 90245 2
77664 27148 2
9638 93099 2
52292 17993 1
59351 85965 2
48008 75583 1
39018 16944 2
23743 69782 2
39264 63835 2
20061 60631 1
63522 18459 1
44412 53488 1
19451 53600 1
56664 63700 2
89113 17918 1
8595 23865 1
25840 85101 2
85842 50840 2
41559 57194 1
90877 47024 1
68136 98772 1
65059 29698 2
49220 63503 2
84820 26902 2
71309 67108 1
39621 95830 2
26027 88831 2
85456 30894 2
15144 99472 1
19409 88658 1
32980 43947 2
88106 74200 2
48161 40040 1
57696 15577 1
95751 81987 1
11035 42197 2
2050 86461 1
7146 36716 1
88783 74233 1
48925 25733 1
63699 3840 2
57545 85355 1
29076 8157 1
79944 30250 2
48637 58914 2
1846 49815 2
75423 46722 1
32309 16326 2
77963 21396 1
75018 41745 1
16344 65078 2
54237 22392 1
23363 84040 1
63901 35803 1
12234 75597 1
47834 74306 2
22384 63950 1
19721 94966 1
24829 87542 2
40516 57061 2
443 1622 1
41511 16545 2
85786 23523 2
35060 55938 2
69324 20531 2
29712 7520 1
67082 5924 2
26884 73913 2
23149 56053 1
65180 46033 2
72053 24683 1
81035 78317 2
15654 83822 2
75078 36919 1
3206 12265 1
75908 31229 1
83905 45197 2
34245 39922 1
85669 74894 2
96808 88620 2
85094 94917 1
39859 62628 1
12923 90444 2
26478 58329 1
71679 25637 2
77448 68333 1
83025 85556 2
44497 70982 1
50004 16672 2
32990 77071 1
73584 87414 2
93033 42708 1
40719 68262 2
79630 5066 1
99233 19492 2
73903 99172 2
70840 9864 1
61137 96639 2
78637 9742 2
70301 6231 2
56377 34071 1
95680 57423 2
83613 89607 1
54027 43694 2
73435 88741 2
39827 31805 2
826 31357 1
90802 7146 1
97509 385 2
66948 16039 2
65741 30756 2
21932 24523 1
38403 33054 2
69324 77616 1
80735 92235 2
39632 18547 1
20956 49356 2
11844 43864 2
33881 66436 2
72633 49476 1
75833 7163 1
71813 69377 2
29220 25791 1
5791 24061 2
10212 33215 1
71047 80427 1
57225 3054 2
66300 58656 2
98149 43078 2
10564 12919 1
32497 85410 2
95112 29006 2
96262 50978 2
50388 14023 1
62597 16971 1
9212 94632 1
32464 23653 1
50578 88411 2
81934 91163 1
44753 49039 2
59115 74398 1
22293 93365 1
73941 13571 2
73216 99523 1
63264 6080 1
407 789 2
28387 98675 1
72099 50375 1
18937 32731 1
77457 63260 1
74306 69405 2
5170 36058 1
43903 91232 1
14204 20108 2
33273 58001 1
74567 52766 1
23962 51232 1
74000 21093 1
95602 23361 2
41401 47285 1
38580 91788 2
22951 71048 2
44022 53598 1
43555 14302 1
5845 4982 2
49146 53271 2
92174 54840 1
91421 32699 2
93638 43118 2
45378 50866 2
52804 96865 1
24417 66285 1
46769 72612 2
68119 56539 2
2591 36490 1
80326 54516 1
8159 35499 2
1427 61906 1
25801 20995 1
79783 64915 1
67672 34995 1
23247 36825 1
5643 81118 1
18044 17642 2
88870 29517 1
28484 15120 2
74703 83532 2
14431 35769 1
59569 76107 2
35850 12408 2
46044 37085 2
5223 35330 1
78659 77276 2
15772 30322 1
55644 50691 2
79471 61159 1
7876 55347 2
53745 18817 1
83097 82447 1
14736 10727 1
74686 64287 2
30242 8259 1
13434 86705 1
17665 84324 1
61881 25683 2
24874 50203 1
39657 33275 1
31325 93919 2
78335 78463 2
58176 71433 1
98544 1117 2
16828 18296 1
76632 51221 2
59550 91087 2
23766 10729 1
95255 67474 1
73294 37060 2
36317 88621 1
6534 74096 2
84104 26029 1
92585 16542 2
97750 75684 1
16615 29858 2
40583 91817 1
55731 84213 2
63809 92918 1
33731 15089 1
29837 83304 2
31316 92377 2
1496 27043 2
10980 30670 2
40659 39052 1
11510 94970 1
45428 93708 1
70641 33161 1
32819 25364 2
52865 5867 2
28110 74035 2
78613 30004 2
74885 16258 2
56063 87197 1
5214 78937 1
87415 60128 2
10018 51159 1
63513 671 1
37598 27357 2
75266 21181 1
39747 60051 1
93719 66211 2
84519 28867 2
58941 31709 2
70370 5113 2
90850 89915 2
47122 23369 2
71763 73809 1
8919 58057 1
75780 51447 1
7991 85938 1
35500 15817 2
36315 62051 2
98341 92903 2
16913 93310 2
77776 22967 1
13992 19881 1
40079 4798 1
89559 41423 1
68330 86155 2
48854 72061 2
25963 78732 1
85154 39269 1
44769 17751 2
11710 90142 1
17121 44227 1
84429 24481 1
42624 64716 1
65721 15310 2
94906 11762 2
63087 93765 1
68975 7706 2
11169 73166 2
88640 52428 1
25122 78865 1
57622 38515 2
95565 74303 1
53116 75072 1
38015 27303 2
45952 62792 1
55896 92961 1
78294 81153 2
69119 35655 1
13589 83977 1
38715 48183 1
70296 20927 1
15578 55219 1
50558 2472 2
6413 2304 2
28586 96555 2
62666 91594 2
73155 40981 2
79241 15519 1
52245 23255 1
73704 66416 2
56911 83075 1
15272 25907 1
57283 97074 2
49293 55811 2
16234 46336 1
37665 36446 2
18461 69582 2
90033 48550 1
33501 72224 1
77967 92257 1
70667 57469 2
70318 28441 1
47056 44178 1
33034 2749 2
53655 50415 2
19389 41342 2
95694 64104 2
24971 46035 1
22089 6229 1
29271 82645 2
47679 80690 1
83275 45668 2
74571 33536 1
76885 14144 2
64364 68738 2
97348 37072 2
54053 8705 1
18671 58815 2
83998 70313 1
11758 23706 2
60865 61386 2
72959 33811 1
69854 61239 1
68770 73889 2
99335 11050 1
13982 74462 1
2676 34942 2
33338 20007 2
13953 50740 2
65156 98048 2
1547 79535 1
19214 17198 1
89495 8408 1
68588 66010 1
46699 92058 1
67351 2741 1
1299 98151 2
5197 23118 2
9949 24945 2
14766 11198 2
29053 96594 2
87136 36573 1
8010 45956 2
55853 94633 1
89887 69098 2
29792 19174 2
45691 518 2
84844 48633 1
63969 3584 2
28292 73452 2
22745 81029 2
13924 97006 1
6349 15974 1
74503 85360 1
75245 97909 1
86670 26088 2
20908 31531 2
42496 81874 1
14176 95717 1
32036 27146 2
30182 77346 2
40648 3091 2
1819 26599 1
52350 98547 2
53508 75579 1
99898 80244 2
52327 19851 2
76117 31525 2
89168 68615 2
96045 92599 1
82957 88035 1
75618 93153 2
62962 12951 2
25243 60669 1
4566 7424 1
56159 86280 2
11540 56957 1
64093 41190 2
80747 75474 1
14820 76667 1
78975 38728 1
85739 13971 2
2550 67179 1
79594 29083 1
70747 14251 1
21407 60005 2
23326 80220 2
22891 3336 1
62449 67413 2
36146 26046 1
76269 8757 1
93311 96645 2
88203 50521 1
61661 44415 1
89676 65480 2
57471 85009 2
17490 5767 2
99833 59143 2
60644 17125 2
83012 56175 2
2638 29137 2
46046 23194 2
15582 4702 2
15176 52702 2
28776 19718 2
37862 12566 1
84483 38852 1
87843 31680 2
96811 84824 1
26570 8574 2
10973 62151 1
65870 75158 2
33533 5881 2
95651 94802 1
13491 68697 2
98306 21217 2
73641 761 1
64265 51636 1
73999 70507 1
94233 34818 1
37624 31625 1
18358 52772 1
89434 74989 1
50123 1977 1
80242 54266 1
75843 91235 1
99710 43697 2
67089 89001 1
7073 83677 2
88841 90739 1
98594 53384 2
73796 8913 1
32045 64675 1
85824 6773 1
12880 21186 1
75486 62708 2
16704 42014 2
62147 45960 2
29778 92369 1
71511 71953 2
2402 82397 2
2409 29679 2
67247 42918 1
35400 43914 1
97692 3123 1
32363 10571 2
689 98289 2
80907 2336 1
19833 72592 2
69476 72764 1
51298 37764 1
48152 98740 1
45471 30821 2
14187 70819 1
52585 32335 2
68104 36743 1
7130 76899 2
88122 33953 1
74513 75556 2
21620 17625 2
51441 64571 2
33226 56664 2
90913 42612 1
87734 21165 1
17133 21567 2
73684 95209 1
31395 55631 2
92805 30562 2
72184 61566 1
69552 86035 1
61921 23847 2
10205 29499 1
42522 14827 1
62008 23258 1
71074 47309 2
72660 31031 2
88285 7126 2
21317 1660 1
21041 48529 1
23941 63384 2
34345 29744 2
40528 28060 2
99573 39205 2
11463 10367 1
87432 95882 2
27953 33018 1
60249 57850 2
14134 12941 2
48290 49685 2
29826 31768 2
93060 53184 1
24712 15011 2
4545 13443 2
60380 37814 1
4737 42185 1
91832 64161 2
87726 82083 1
91736 96054 1
6583 63590 2
62238 11594 2
9137 75592 1
30222 61944 1
26961 36647 2
19059 80349 1
42963 930 2
55641 76861 2
22711 54558 2
77329 67645 1
71774 71362 1
16144 53831 2
18097 75483 2
911 75849 2
49979 32665 2
16044 61014 2
65546 53776 1
3528 42435 1
1394 30392 2
14248 49291 2
43625 66862 2
24117 27884 1
33228 33137 1
79963 83368 1
90969 10533 2
5197 65701 2
53459 96595 2
55711 63469 1
41890 20103 1
24427 40975 1
35216 89265 2
50029 31644 1
11852 16901 1
88487 48555 2
43467 45819 1
10878 22485 1
88514 59407 2
29946 55513 1
35661 32194 1
29610 74585 2
40876 28279 2
28766 69052 1
36129 69847 2
27115 16906 2
2451 95565 1
17771 31251 2
77453 97611 2
83898 75848 2
78687 3428 1
71706 77888 2
92764 56271 2
55568 64501 2
33563 28746 2
80453 37892 1
65175 69813 1
87301 40497 1
47663 74451 2
26083 30912 1
88134 21997 1
47444 51165 2
58596 56718 2
63759 28853 1
98227 63079 1
89299 89787 1
58179 79597 2
84289 33412 2
82118 35606 2
45982 31563 1
73012 10752 1
92915 84014 1
98985 87755 1
58733 8047 1
44642 45081 1
67421 8788 2
32996 91157 1
96888 28583 1
78773 91849 2
61080 59830 1
38913 80262 2
79641 18228 2
33110 58656 2
99805 13430 2
2312 21040 2
41833 78488 2
49614 31632 1
26310 22358 2
58371 98754 1
98432 90387 1
36902 31914 1
76362 9781 1
95418 57103 1
23577 4582 1
91175 33886 2
75332 52757 2
84375 2567 1
58219 25971 1
95290 8542 2
27245 39671 1
2114 45979 2
44688 39418 1
17544 44379 2
30012 64380 1
29605 6908 2
8832 6397 2
30201 32645 2
94764 83652 2
1192 78396 1
69462 43516 1
65528 17389 2
34965 61522 2
94805 63914 1
9289 13401 1
14605 42758 2
2737 87110 2
69941 91833 1
63699 4467 2
17857 5183 2
86359 56896 2
14831 52185 1
14828 10542 2
52862 84874 1
61890 39522 1
91375 31227 1
77359 45704 1
89387 87767 2
45899 30669 1
97148 90256 2
67219 36356 1
12082 95832 1
60137 61859 1
57599 68585 1
48050 83747 2
93500 77662 1
22935 84418 1
93730 34903 2
15877 74884 2
56370 76025 2
52813 17262 2
83342 85228 2
16356 91723 1
18621 29275 1
3620 39623 2
72811 70679 1
5994 73782 2
24134 73845 2
98070 68494 2
89698 65899 2
74510 43272 1
62390 53943 2
80346 6883 1
27037 39128 1
61577 13345 1
94870 63987 2
9644 17353 1
18693 39567 2
82870 8131 2
62543 11353 2
63522 5375 2
96994 86977 2
52492 23886 1
95403 55099 1
49654 51783 1
91965 61983 2
32357 11620 2
58993 69610 1
48482 16514 2
84640 54235 1
35066 83109 2
78411 5462 1
52030 85201 2
23284 13957 2
9348 97266 2
45986 88561 1
676 11509 2
85665 60077 1
82139 31981 1
40800 41132 1
83115 38959 1
82993 28678 1
65081 22134 1
3692 40952 1
84238 19520 2
58476 16736 1
96759 80430 2
51568 67236 2
5478 96872 2
58044 19660 1
14574 3831 1
80149 63076 1
88042 93002 2
58057 72924 1
34551 40625 2
83813 62023 2
98613 69221 2
99100 39999 1
30250 81534 2
53191 29855 1
24447 95483 2
22304 40840 1
81601 86558 2
40549 77149 1
10977 54669 2
27707 64934 1
23797 12466 1
91913 37265 2
56725 69884 2
23993 36844 1
60478 14716 2
19418 8973 2
14994 78089 1
58336 70922 1
30550 82716 2
82819 95009 1
14483 95061 2
63356 76978 1
11382 15796 1
24171 64351 1
30545 44576 2
81043 69043 2
10999 86436 1
83804 92184 2
11683 84141 1
34001 12607 1
23986 99661 2
8416 1308 1
23588 56699 1
37821 63848 1
27423 12369 2
29822 55934 2
46412 24973 2
64576 93502 2
58968 84048 2
30209 23052 1
13685 34210 2
42756 93713 1
38966 83084 2
92304 27929 1
70166 31164 1
82801 58196 1
40018 47333 1
79574 43574 1
68810 57596 1
38225 34872 2
29860 36124 1
49914 78452 1
69545 27267 2
80940 47436 2
32550 93427 2
79431 72707 2
87309 41522 2
52556 58178 1
64433 29098 2
43012 16533 1
5869 14538 1
54618 13868 1
14078 50691 1
92700 12475 1
76196 52203 2
90110 6682 2
67686 52733 1
55126 88773 2
74059 46264 1
49761 65852 1
69281 99388 2
86205 69125 1
16057 18096 1
8493 83941 2
62153 96158 2
16441 1963 1
71209 47157 1
651 82693 2
44183 95174 1
21938 25385 1
64051 98952 2
67107 79758 2
21251 31317 1
27571 44848 1
42288 3562 1
76222 93295 2
5415 71627 1
2052 23920 1
8378 61980 2
35814 96507 1
75133 4649 2
27053 99035 1
12649 45407 2
33252 21761 1
79931 29905 1
11193 38178 2
54774 13684 2
15584 72756 2
82749 38979 2
10320 25237 2
15802 34651 1
66211 84036 2
20378 62624 2
65114 1350 2
46895 19031 2
37943 79522 2
36172 47626 2
86146 5797 1
75309 82375 1
88581 48736 2
46828 54689 2
76272 4741 1
42381 83790 1
29365 41229 2
58003 51495 2
20301 47989 1
42440 26955 1
96113 24987 1
70265 31580 2
61601 67718 1
11992 30656 2
11745 7004 2
71289 18625 2
38647 63978 1
29333 43182 2
4239 30688 1
554 18008 1
44855 80402 2
47960 11509 1
675 29272 2
92165 41697 1
89386 17262 2
73723 52184 1
90151 33557 1
3301 1149 1
12761 44080 2
64021 22935 1
38307 8744 1
97537 87886 1
18508 86025 2
52673 51634 1
12801 69379 2
53651 23733 2
64238 18569 2
31320 41388 2
86985 20085 2
64020 62097 1
68839 30786 2
65873 45124 1
54725 40209 2
54492 20613 1
26944 41381 1
99911 66748 2
33821 14919 2
73798 87922 2
34210 90498 2
53586 47381 1
99515 85832 2
86761 88600 2
72982 28523 1
427 49040 2
52807 65797 1
81343 4824 1
68837 27505 2
7564 84302 2
61899 68431 2
46432 27028 1
60824 94724 2
31117 90448 1
91503 81687 2
8135 63180 2
6264 81749 2
45383 45750 2
4285 11215 1
43883 84161 1
55214 48887 1
39603 52067 1
38909 1446 2
80806 36501 2
96643 20089 1
42763 41526 2
70809 60879 2
69137 32904 2
52064 25613 1
39367 28722 1
10106 84506 1
59716 61372 2
79662 16995 1
43872 10646 1
87944 72440 1
17593 47281 1
7094 33869 2
93904 65636 1
46348 51258 2
68393 73224 2
57281 33212 2
29774 50973 2
68688 36018 2
51213 26755 2
57912 90336 2
88181 13442 2
65373 63279 2
13949 77378 2
37668 73227 2
60542 86323 1
39035 70276 2
19796 1607 2
71566 72206 2
11968 20883 1
53043 78081 1
93321 31602 2
75552 27865 2
41302 88674 2
60431 83126 2
64214 48964 2
80641 14142 1
24632 25824 2
64568 36534 2
21363 73023 2
60283 20429 2
2367 20655 2
53814 98514 1
11322 33155 2
21367 79544 1
11013 74640 1
88818 10937 2
82693 30290 1
89214 58224 2
10722 60197 1
34678 96573 1
37770 31563 1
74841 37029 2
44847 27085 2
30699 11920 2
67141 52274 1
33778 96137 2
91557 91145 1
45785 83234 2
60845 38725 2
54704 94221 1
19614 51548 2
91786 68068 1
75069 50952 1
51869 34274 1
88978 71942 1
2790 33863 2
8236 47161 2
22275 8919 2
5306 63239 1
74134 49628 1
21267 91483 2
93961 3712 1
6096 89346 1
6309 87316 2
94029 98190 1
50041 89580 1
8171 26678 2
81017 36961 1
9265 76756 1
77980 7661 2
1318 49157 2
60126 65106 2
98201 25549 2
55164 21172 1
78810 29872 2
28922 79578 1
13278 9786 2
6304 32369 1
76318 91000 2
33689 5577 1
51416 86333 1
60915 30198 1
77165 6494 1
47041 72336 1
77857 57206 2
1628 31411 1
39263 27171 2
16030 13984 2
84915 81191 1
40581 19418 1
1389 30920 1
75158 11818 1
59780 97936 2
64696 64988 2
81329 56461 2
65173 53280 1
38448 35762 1
78364 87818 2
74307 71285 1
64321 82321 2
20078 10063 1
61724 48148 1
4028 18271 1
26118 79312 1
67192 38823 1
16511 94731 2
18741 59597 2
76715 52685 2
88839 95772 2
91504 97665 1
92936 60640 1
19353 37945 1
99668 846 1
10934 75591 2
22189 23897 2
70874 94213 2
16215 9342 1
75580 70286 1
35997 88665 2
76950 2402 2
10507 86702 2
91433 43814 2
85233 24001 2
36791 80130 1
42855 12638 1
30568 72193 2
36611 49298 2
30694 75764 1
96068 30543 1
31104 74896 2
35915 41548 2
2571 33547 1
82877 96387 2
47292 71971 2
48610 77458 1
58895 3447 2
98697 67931 2
54787 44172 2
85826 47971 2
15708 12521 2
51394 7606 1
85728 63771 1
55747 26913 2
97370 9586 2
19105 22967 1
2651 36546 2
91486 37870 1
11059 96963 1
44062 69279 1
40828 77298 1
82508 18281 1
32368 17198 1
47924 86350 1
62286 38811 1
5126 63924 1
67065 96738 2
26426 62533 1
47385 40047 1
5798 49775 2
50072 98610 2
67178 29349 2
46469 54431 1
49028 13853 2
74901 72014 1
15164 71920 1
56189 89211 2
6234 65214 2
51993 32903 2
48298 56167 1
10921 12437 2
83839 98098 1
90606 60430 1
41710 83562 1
1233 6749 1
93486 54748 2
43965 4692 1
12671 63674 1
58944 19750 1
20863 1307 1
30798 99146 2
64502 27736 1
39454 1055 1
38156 55313 2
33163 7362 2
99662 41030 2
99060 80409 1
35885 7519 2
45052 85836 2
28638 63301 1
59082 71366 2
63675 20134 2
53355 63064 2
20672 54005 1
52715 50679 1
74799 76839 1
79936 55513 1
38604 67063 1
70367 50524 1
58594 85666 1
65316 68064 2
50845 49132 1
30447 97159 2
78126 85978 1
21058 88604 2
73130 5654 2
95492 20073 1
37323 91919 1
54816 13151 1
47693 83413 1
13351 47090 1
7794 58497 1
3050 26875 2
56383 39947 1
13121 45876 2
84221 84914 1
84806 89919 2
73913 20184 2
33019 23328 2
2980 59459 1
4640 66558 1
17075 66014 2
42173 44454 2
5856 73237 2
65983 3560 1
60871 66909 1
14098 59448 2
83370 94537 2
24684 27022 1
40558 31734 1
16162 3335 2
1628 22528 1
31601 34561 1
80097 59371 1
69590 83043 1
20110 20411 1
50998 32883 2
1240 35900 1
76727 42142 2
62009 15003 2
46021 1875 2
34861 50122 1
33166 38888 2
49014 41088 2
52934 92308 2
82585 56471 1
99140 77555 2
82463 31084 1
21283 91622 2
55189 74531 2
45250 84080 1
39756 23649 2
59525 86330 2
28409 16880 1
97649 70095 1
34550 96382 1
65300 49441 1
43935 77822 2
52474 8866 2
90134 90853 2
56857 88300 2
91040 9454 2
96294 57338 2
40166 19799 1
67230 83756 1
20149 76930 2
8511 51975 1
15070 77205 1
15243 85139 2
61623 31610 1
98252 18139 1
67831 55232 1
92714 2992 2
42334 94392 2
84311 38567 1
51563 66776 2
75876 3990 2
9572 28252 1
59401 89403 2
92626 64960 1
769 89077 2
40738 76359 2
28523 34985 2
1157 71639 1
75242 71230 1
88336 64187 1
75014 20161 1
92125 4576 2
36746 36802 1
52649 60664 1
39747 3125 2
64724 83930 1
79303 58771 1
26980 479 2
32044 18230 2
23010 70983 2
66956 17184 2
30363 56690 2
31688 13524 2
4512 92328 2
48962 5820 1
87366 79218 2
16545 47970 2
57703 11902 2
58001 35446 2
28928 38398 2
63488 97774 1
8369 17161 1
57699 897 2
48768 90553 2
66831 6124 1
342 92524 2
68448 33965 1
56000 97540 2
67445 63051 1
50255 34119 1
13073 52715 1
91096 74943 2
17692 77980 1
45365 6106 2
4129 1165 1
79331 47851 2
40430 2321 2
6754 45895 2
96502 76162 2
34168 39818 2
92018 55803 2
66894 74256 2
75387 58109 2
22449 6236 1
21714 98411 2
25266 62868 1
7929 24974 1
74791 75362 1
24920 40945 2
99656 59157 2
9432 60485 1
9298 33662 1
92363 70239 2
93448 71572 1
85986 78453 1
37741 71632 2
67573 66085 1
87595 43985 1
78815 55023 2
65487 26170 2
44384 15605 2
30762 51919 2
65593 45410 1
9266 84764 2
59251 88704 1
82015 56622 2
47993 75680 2
22382 49527 2
24729 5911 2
84129 61422 2
23334 72955 1
26237 66829 1
74585 71178 2
32779 9393 2
87788 67459 2
67961 85470 1
43613 7530 1
52534 90457 2
5426 40616 2
42168 7755 2
32015 23050 2
71770 9125 2
68193 34461 2
78614 33078 1
72022 98232 1
79407 19511 1
88867 82163 1
11051 83456 1
7325 46952 2
45489 85680 2
58112 27481 1
48527 9448 2
35691 6217 1
46550 34800 2
21378 62081 1
89500 99538 2
11755 93197 2
80441 57946 2
21714 30141 2
29866 42236 2
36261 99845 2
39986 54766 2
90359 87421 2
43252 84329 2
46113 23681 2
53210 44940 1
72381 8369 2
20529 58009 1
28074 32851 2
19274 99254 1
87499 24876 2
23035 90734 1
42343 56491 1
12380 44782 2
51658 26111 1
52203 47592 1
32163 6587 1
40616 21523 1
3652 57017 2
93561 16584 1
3366 96180 2
18632 64295 2
66338 15308 1
39456 72208 2
17784 998 2
84275 5835 2
31916 29258 2
22999 12065 2
62532 35139 2
12804 88512 1
20523 10946 2
64696 67738 1
26642 63836 2
89395 84806 2
70154 86567 1
58651 14558 1
14890 37953 1
1977 78816 2
22223 98441 2
88763 18766 1
95095 72388 1
88560 27757 2
1605 29529 1
50831 48009 1
29665 29942 1
72016 52432 2
79477 55401 2
26161 9715 2
23377 98055 1
24754 70408 1
67239 54216 2
34969 39946 2
64271 1801 1
74800 86231 1
88997 18345 1
94306 1553 1
56038 95596 2
89121 49246 1
34551 20731 1
25027 20745 2
70654 70338 1
72960 63262 1
97606 35121 1
86198 80465 2
6016 94684 2
93605 99672 1
59741 80411 2
50260 71916 2
1109 5130 1
78218 67629 2
95074 8490 2
32789 41563 2
44933 830 2
19463 40157 2
85121 71343 1
39923 84702 1
39675 72809 2
84021 86571 2
88160 42172 1
89575 62902 1
66879 69083 2
91917 43030 1
30699 89248 2
72298 12197 2
77626 81702 2
32296 84512 2
54280 41582 2
72757 49707 1
21429 39483 2
10272 12075 1
19395 35734 1
52416 97033 2
55033 34506 1
64493 54614 1
49218 74729 2
91653 57697 1
56303 72325 2
233 44867 2
52081 41688 2
34813 31220 2
16864 12413 2
50155 86738 2
43127 65076 1
40001 53601 2
24309 8706 1
25614 60710 1
14525 61646 2
15401 2795 2
34071 92518 1
13258 51295 1
8781 64056 2
10671 30355 1
99919 97209 2
20377 85885 1
78191 56161 2
10764 82041 1
34470 64269 2
8658 70179 1
64525 2972 1
46585 47582 1
87941 40371 2
88400 65968 2
45648 8249 2
32814 63715 2
38485 87163 2
9708 55206 1
21855 42921 1
59333 76874 1
42399 8311 1
29021 56422 1
81862 75517 1
61271 55060 2
72780 82872 2
8382 57297 2
60684 871 2
39709 87809 2
23973 26510 1
30695 64840 1
70810 36278 2
50832 52370 1
62419 64043 1
30353 64780 1
54938 56573 1
71880 7624 2
6431 11840 1
56630 98494 1
70485 48620 1
89663 21893 2
5106 93341 1
12077 25278 1
61619 13107 2
96206 2890 1
25013 79988 2
82225 84494 1
73917 64390 2
29069 93718 2
66898 77525 1
73595 11152 2
88317 98771 1
599 6861 1
41104 76306 1
15810 62403 2
76732 50476 1
11139 71501 2
54617 49212 1
83361 46409 2
16482 65698 1
61323 48793 1
88566 67267 1
61584 92547 2
33113 1383 2
46439 7185 1
30416 12186 2
30697 44306 2
96681 62155 2
21234 66007 1
69617 58799 1
8707 90071 1
18715 97023 1
89315 41835 1
3424 78038 1
72537 7218 1
18906 32756 1
75060 63439 2
28199 32286 2
75460 59942 2
2956 21147 2
45790 36770 1
56272 67448 2
15931 67762 2
85148 65861 2
23737 61064 2
17730 17462 1
65433 61721 2
56595 75972 1
82719 35487 2
45031 57641 1
38742 25146 2
92313 34343 2
24265 17354 2
98505 47266 2
24651 93175 2
35064 59425 2
6192 43882 1
5807 13553 1
70705 6833 2
13464 89570 1
83404 3935 2
45315 44072 1
15298 57385 2
7651 89403 2
83160 66538 1
38511 9623 2
73110 1248 1
66561 91069 2
21451 65516 1
29978 63536 1
85255 96310 2
26556 28793 1
53855 73063 2
53103 82340 2
32972 45518 1
89788 80385 2
46188 22748 2
90965 80772 2
24768 67015 1
89579 31268 1
48493 73451 2
31542 5952 2
59387 77220 2
98162 85685 1
38457 31573 2
17820 83625 1
55415 43940 2
344 20388 1
52458 98651 2
68270 14226 2
8171 2409 1
13481 14402 1
43800 74175 2
58071 37833 2
42290 63028 2
64172 49920 1
23902 59618 2
33982 21730 1
86212 62086 1
27146 25007 1
31283 38403 1
78798 95532 2
83483 62592 2
33805 57185 1
9809 3973 1
54798 33945 2
41550 56706 1
43677 87429 2
93137 79785 2
32329 59802 2
43192 92367 2
8900 80302 1
91371 28079 1
66119 58335 2
6706 3334 1
17611 9164 2
69497 15512 1
44688 41114 1
93331 92810 1
93594 3760 1
58644 2790 1
71695 20539 2
94870 68250 1
97562 84587 2
35253 75321 1
62219 80212 2
53779 23832 1
89045 1518 1
45333 59186 2
41615 86262 1
6787 28421 2
32084 32523 1
60044 99251 1
26243 54065 1
67200 23202 1
48959 79377 2
72820 36540 2
52239 46679 1
59298 46960 2
84415 73395 1
9574 53199 1
80766 5625 2
96706 71984 2
4766 65313 2
68698 14828 1
64632 52647 1
17241 20002 1
54181 8652 2
46315 87732 2
52645 95123 2
49025 73801 1
4348 27813 2
86960 77737 2
2960 14702 1
54898 36068 2
38797 24669 1
98627 76715 2
2017 66248 2
86469 18453 1
58272 37094 1
64540 5212 1
95265 93235 2
84947 18749 1
95039 3631 1
24470 97308 2
17432 19839 2
69526 84637 1
79538 89291 2
94600 53772 2
90705 48254 1
81574 96214 2
45218 2154 2
51884 66126 2
6004 70017 1
67452 80777 2
20986 76508 1
283 738 1
67946 92536 2
61233 3223 2
59712 33909 2
77965 99050 1
46396 88885 1
831 87681 1
72031 55651 1
97789 30918 1
77075 41801 2
87678 91431 1
22080 20920 2
1666 17111 1
60279 29508 1
65128 91467 1
66987 73254 1
66325 80735 2
467 4376 2
86420 60463 2
97578 52252 2
87345 3678 2
45871 47478 2
2685 22514 2
51462 87213 2
6093 11029 2
47188 63150 1
70203 65366 2
55718 73001 2
20707 48550 1
71147 15154 1
80135 2620 1
15510 52321 2
68716 71889 1
62173 42803 2
17019 82021 1
37053 10534 2
24801 49176 2
47475 23873 2
81487 17265 1
85412 24362 1
83834 23195 1
38518 96654 1
22108 58787 1
4821 46012 2
18513 16188 1
56495 47466 1
20091 5563 1
59736 72303 2
82559 11642 2
38471 21607 2
65606 89465 1
95255 46163 1
83517 17561 1
85223 77110 1
9941 43519 1
14042 7321 1
1731 11447 2
63896 85287 1
70817 18190 2
22507 72498 2
21708 9655 1
70883 12364 1
21412 87560 1
63667 94223 2
3791 75738 2
93265 86934 2
69461 91180 1
99802 64801 2
17701 54175 1
31691 98261 1
31567 78811 2
83401 31322 1
93129 45802 2
86778 8763 1
80235 22840 2
8266 19945 1
722 34457 1
88840 75225 2
28800 80067 2
97222 42337 1
65242 74799 1
36380 45919 2
96169 19132 1
56389 31442 1
83738 37100 1
23200 98527 1
19198 10950 1
17680 89549 2
20843 83410 1
85533 91497 2
43608 66112 2
76433 87811 1
22245 32161 1
51772 87215 1
11697 95884 1
47217 25606 1
87938 38299 2
59846 79362 2
68673 83307 2
47416 24293 1
58011 12992 1
69253 42162 2
42529 47710 1
80592 95123 1
97768 70225 1
64320 27282 2
82634 99398 2
2785 57023 2
70564 70032 1
83905 1168 2
71286 20996 2
19284 87612 2
58310 67005 2
24849 62336 2
35421 60729 2
56787 54298 1
65672 8729 1
54010 96273 1
60344 9893 1
40359 10890 2
39075 93958 2
43235 62036 2
89729 43627 1
79064 1278 1
46575 84388 1
78582 48123 2
97679 94506 1
72176 40805 1
52934 76213 1
99837 28535 1
2909 71556 2
38743 44082 1
45441 59225 2
24607 52313 2
36772 13114 2
93751 65109 2
61529 83922 1
82662 79089 2
45179 74861 1
84472 2974 1
26087 4351 1
11292 64625 2
19549 66206 1
49476 78912 2
76355 80420 1
49832 66633 1
94946 3726 1
7587 28076 1
5319 51135 2
37940 2443 1
31139 91998 2
59519 75633 1
17100 9075 2
8874 14312 1
91098 80494 1
80544 29825 2
3754 66369 2
28881 55793 2
77631 36321 1
97744 43566 2
12924 54600 2
78004 94710 1
13643 48310 1
13623 11144 2
74617 38059 1
15802 91368 2
63639 5679 1
37887 26751 1
52091 49259 1
80078 46042 1
96317 93549 1
67985 80198 1
67130 55848 1
17111 34202 1
66005 95025 1
56149 25678 2
72657 66243 1
14752 31388 1
59832 50556 2
25780 95110 2
96247 12158 1
43920 17743 2
12671 66415 2
25432 66272 1
36486 17113 2
16818 82725 2
25860 53131 1
98089 24654 1
58103 74870 2
51821 64911 1
81087 66448 1
6289 96064 2
97058 47509 1
54220 50333 2
6825 60609 2
49241 39334 1
9473 89399 1
69175 91777 1
93276 93789 2
99625 28371 2
89357 71389 1
77398 24939 2
79119 24614 1
90730 60824 2
27007 51594 2
96020 46413 2
3806 4221 1
79878 92708 1
71408 44348 2
71288 18360 1
57791 24739 1
38406 50857 2
82392 26806 2
38029 60348 1
62668 27161 2
48370 72921 1
15857 30840 2
90811 27819 2
44671 44896 2
48147 97027 2
40084 41540 1
99754 71830 1
93360 91193 1
99027 12378 2
38074 13338 2
98437 13773 2
7289 88164 1
48635 51502 2
78299 58843 2
94228 21826 1
68177 70500 2
10579 66096 2
26865 59081 2
5440 86406 2
56499 5464 2
96645 87762 2
22165 46532 1
54577 23177 1
93271 50339 2
47513 10819 2
67104 64110 2
51154 77789 2
31671 36068 2
27000 34294 2
90922 46343 2
92011 40466 1
51914 88669 2
41165 32474 2
79853 26384 1
33029 57722 2
56843 24911 2
43966 5506 2
84066 30635 1
22408 42086 2
7091 48187 2
73174 40222 2
70178 22040 2
17183 20102 2
66777 14465 1
51102 81471 1
60037 91224 1
34706 62092 2
68920 42340 2
29790 19094 1
32646 34349 2
7306 1609 1
4520 75427 1
59840 84245 2
9404 15928 2
1264 12493 2
91138 19041 1
77452 30987 2
70016 49976 2
74445 83082 2
67200 1021 2
5708 54475 2
62189 22769 1
23402 42609 1
92154 34873 2
65000 40453 1
40154 51521 2
43952 818 2
9865 9846 1
22474 56202 2
39201 43915 1
28520 35775 1
84742 15221 2
20859 42507 1
67515 44879 2
3290 75785 2
46315 20311 1
80834 83353 2
82721 88623 1
94129 42560 2
66255 72989 1
43979 32645 2
13899 90859 2
44853 61270 2
21230 4839 1
78781 4353 1
11891 98244 2
30639 667 1
74526 8664 1
54209 76604 1
21650 53404 1
328 83617 1
83066 35919 1
40193 40905 1
737 94259 1
88361 70137 1
68570 21135 2
52677 92056 2
39065 72715 2
5980 68947 1
94999 96791 1
88343 7194 1
82994 35940 2
3656 93857 1
39466 66217 2
14944 70560 2
2726 38367 1
39927 58772 1
25037 50886 2
70568 20124 1
13389 68766 1
57010 40828 1
94968 29935 2
40120 96477 2
94626 17889 2
23842 16715 1
74980 50212 1
28314 90390 2
47068 46922 1
22960 82290 1
70891 32264 2
31415 68311 2
12245 45305 2
55813 89153 2
52997 25179 1
28983 30544 1
36838 2895 2
11946 81034 2
2443 71165 2
82371 63189 2
78600 90830 1
9128 55613 1
55734 84624 1
47877 70516 2
70163 75862 2
92649 35564 2
32352 28277 2
73734 66111 1
99041 62953 1
86420 86440 2
83104 80238 2
9422 3752 2
47627 88839 2
66003 42081 2
71762 97882 1
7590 2302 1
82698 93169 1
56751 81322 1
27052 86554 2
79129 63124 1
31702 81225 1
71858 76017 2
83881 84145 1
27725 27866 2
99625 97295 2
22915 84810 1
97729 2175 2
87789 92481 2
48188 71044 1
40524 63812 1
77005 2724 2
14530 4634 1
45320 83594 2
1558 14864 1
37990 12707 1
80660 14678 2
92549 95425 2
395 39968 1
65030 78075 2
82733 79495 2
83725 79403 1
62034 7717 1
53797 65486 2
45045 89052 2
41241 90248 2
86773 58096 2
5596 71741 2
91286 6472 1
67106 99833 2
52382 66289 2
43877 15657 1
23544 30939 2
33985 12480 2
69204 85722 2
20696 43251 2
82789 84070 1
20078 41053 1
65537 19259 1
53966 19932 2
77893 18170 1
48483 91666 1
60303 28294 2
41152 56165 2
36322 24968 1
99545 31711 2
97541 59500 1
71367 66574 2
52644 61538 2
59337 42245 2
96590 60414 1
21917 15386 2
16405 42327 1
91787 39910 2
14065 31148 2
33690 73096 2
97405 17050 2
21945 10146 1
98393 31655 1
56408 38842 2
87142 42523 1
17740 89947 1
36525 82626 1
79950 12594 1
11609 4651 2
37373 31409 1
65656 62924 2
82711 81455 1
91293 16507 2
7588 63749 1
10017 39958 1
76364 7634 1
78014 87484 1
40859 3193 2
45011 18002 1
74788 56766 1
79619 22560 1
46523 5773 2
2997 89681 1
43706 50675 1
24117 78806 2
79261 49954 2
49234 28388 2
81894 97457 2
82078 18257 2
59289 58394 2
39601 92827 1
93697 36315 1
17831 12769 2
65642 9014 1
94685 45320 2
83268 60016 1
12280 61527 1
94375 39125 2
33438 88283 2
4233 61427 2
77978 25188 1
14985 11130 1
41180 29958 1
66600 89251 1
76183 76441 2
53515 81190 1
38754 38394 1
58106 1218 2
78104 84872 1
88900 96473 1
6583 74311 1
63609 31377 1
68677 34048 2
74734 82516 1
45222 12479 1
4093 65296 1
55783 43828 2
81890 2040 1
99895 24851 2
65119 59426 2
57384 96596 1
4217 94984 2
28083 30963 1
23288 90887 2
19825 86673 2
58923 16770 1
93698 75953 2
78114 46687 2
25258 24220 1
57010 48745 1
64367 38910 1
64949 89581 2
92445 74630 1
36551 33405 2
66146 80778 1
56298 30384 1
96786 69089 2
92323 37983 1
36707 92327 1
77882 31082 1
15282 75964 2
59678 2481 2
36221 85861 1
16063 53180 1
22983 30250 2
45266 79572 2
59096 4150 1
86193 1447 2
8218 92827 2
24728 3880 1
37085 38155 2
42025 27884 2
11859 5248 1
42633 79438 1
56981 86516 1
95041 86572 1
88380 24106 2
72766 41063 1
47401 10659 2
40785 10599 2
79997 88810 1
41999 80949 1
81441 38377 2
9522 72576 1
65216 83857 2
39414 32313 2
98728 67254 2
9149 36886 2
6509 5329 1
59756 1874 1
50438 62652 1
57099 53067 1
29646 63065 1
37865 62627 1
36164 92044 1
76118 29024 1
59947 45564 2
66216 54701 2
73707 59542 2
47350 24950 2
25646 93738 2
41376 72112 2
95716 94956 1
64453 46414 2
1279 64308 2
98858 40621 2
4888 8959 1
49274 95817 1
52008 64427 2
94369 5254 2
80624 64287 1
85328 46568 2
99698 28225 1
82940 50459 2
15669 71966 1
51647 51372 2
47173 41861 1
18070 11981 1
69392 38188 1
26913 18549 2
24714 28426 1
65190 15294 1
94730 87419 1
28461 63366 1
98315 9984 2
84453 80142 1
91564 46204 1
19262 61598 1
90576 47960 2
51790 80255 1
56799 40575 2
24460 8767 1
31619 29667 2
96856 53169 2
6284 2614 1
8689 11466 1
90765 73074 2
50557 47493 1
32060 20978 2
28197 92576 2
52182 21110 1
81942 28733 1
66168 51299 2
61537 38722 2
53447 91841 2
3835 68633 2
91369 71067 2
26782 36721 1
3786 11362 1
31654 21627 1
18968 77387 2
2581 39053 1
37671 30348 2
76976 64003 1
1775 57731 1
72928 3801 2
57193 39279 2
69778 80370 1
85077 5333 1
79063 31636 2
63926 59868 1
34149 43914 1
45044 23377 2
75124 46945 1
33593 46020 2
26081 37227 1
94325 92937 2
72558 65343 1
18139 17689 2
56480 36150 2
6913 75470 2
21600 83280 1
12132 68202 1
61787 9901 1
31041 72081 1
52578 26069 2
66077 66794 2
83083 62705 2
99551 15170 2
7598 36751 2
48624 19592 2
93320 66113 1
162 46066 2
94235 75710 1
11654 87799 2
99532 90656 1
40884 20820 1
12484 78629 1
61895 25895 2
13328 46479 1
84574 77591 2
35201 96196 2
36701 19497 1
65613 9358 2
27818 9708 1
29740 57083 2
15376 88975 1
9435 84862 1
68927 91461 2
59677 63116 2
56906 24904 2
87765 61761 2
583 30483 2
92109 87545 1
17235 13383 2
52434 61495 1
36844 63847 2
2357 48609 1
36149 40636 1
48523 55937 1
26837 15473 1
21486 7014 2
56600 74071 2
74107 82881 1
57932 89955 1
32530 21129 1
95782 98539 1
96505 77399 2
1083 10957 2
36537 86858 2
1543 30345 1
73119 69349 2
7305 2145 1
42717 72588 2
86885 53504 1
94406 17547 1
87873 18160 2
59125 65359 1
3720 76802 2
69863 63690 2
17450 76875 1
85052 56723 2
27610 18113 1
32986 82500 2
99791 36226 1
77770 16986 1
42851 16173 1
64953 43833 1
63543 51014 1
31128 9126 2
94189 65495 1
10237 83467 1
90861 29162 2
50880 8342 1
33952 94448 1
87583 24537 2
40856 9277 2
98330 24044 2
22822 79049 2
24759 19399 1
57155 79952 2
7135 53225 2
45512 63411 2
84543 9364 1
54101 20341 1
73705 64237 1
41582 65727 1
25264 32673 1
76601 73437 2
22287 2363 1
32801 57247 2
8899 63279 1
4438 71257 2
75020 44851 2
64427 10819 1
93360 52160 2
87223 88665 2
17689 40789 2
82292 67227 1
52626 62164 2
20835 23535 1
95949 68068 2
84422 78170 1
576 62061 2
63365 42635 1
79683 48223 2
29610 25041 2
19091 48619 1
27461 63967 1
67635 27464 1
20936 51919 2
57542 28400 1
31275 86844 2
22806 8896 1
40041 71110 2
89232 52923 1
29634 78226 1
83046 44616 2
78904 8520 1
76651 82192 1
94034 1171 2
56891 30305 2
33659 86020 2
70896 39757 2
74467 35440 1
93646 77835 1
64509 2157 1
88344 63413 2
37216 80441 1
568 66409 2
40071 54771 1
6683 16553 2
57457 35648 2
63731 40890 1
31681 41447 2
15315 80424 2
78718 77654 1
31574 78689 1
70580 73307 2
96921 42358 2
41906 31755 2
94493 24637 2
29771 70686 2
17126 40849 2
9493 61105 2
30782 10160 2
29452 38563 2
33874 33020 2
11472 13016 2
99828 79707 2
14594 81337 2
27192 64568 1
38571 65202 2
98103 86271 2
46902 75123 1
27438 60036 1
65233 88560 2
21856 69181 2
66480 39553 1
11920 75011 1
70602 68802 1
76712 94198 2
64442 13620 2
45686 83126 2
4287 35834 2
93449 58890 2
74908 72701 1
97112 56509 2
32825 89705 2
63163 16732 2
94112 15758 2
45584 61209 2
69921 85951 1
54423 55979 1
15438 95734 1
79863 52268 1
49696 40718 2
80983 41818 2
95472 42408 2
20037 26966 2
83166 62631 2
34291 53320 1
49710 60852 2
36789 59833 2
92102 50490 2
87588 375 2
22162 56203 1
65758 33332 2
96608 12089 1
17891 73416 2
25700 24478 1
49146 19915 1
13909 77589 1
3722 88252 2
32686 22046 1
55329 59644 2
85166 5438 1
43793 49363 2
18233 51164 2
686 94730 1
34196 48230 2
9073 75280 1
66060 79530 2
91576 71190 2
15152 34077 1
9763 23826 1
15123 92087 1
49625 44288 2
28907 36725 2
86081 6012 2
26677 87766 1
57993 21961 2
91566 10943 2
93987 44397 2
13339 87799 1
31043 23539 2
18114 57291 1
24898 97799 2
12271 51179 2
67870 97950 1
31728 41803 2
90360 85323 2
32249 73379 1
96340 98443 1
45697 65168 1
21308 1562 2
15971 76721 1
54174 57148 1
7679 97130 1
80105 71861 1
14742 79236 2
79508 40977 1
37617 33867 1
88888 88509 2
88474 79119 1
95857 69451 1
7137 42532 1
30944 20179 1
30168 29666 2
63820 22796 1
13816 73733 2
92508 96695 1
46074 89582 2
56798 76885 2
8287 41920 2
33284 97868 2
75145 27748 1
30882 4486 2
24127 59877 2
78513 56817 1
65709 33557 2
19407 82112 2
28449 54790 2
18429 89832 2
2256 47634 1
77247 15716 1
7375 6164 2
68384 69170 1
83930 32685 2
64651 42292 1
50480 31776 2
34451 85104 1
36628 99605 2
20332 51024 2
87086 55738 1
45455 29027 1
51048 54845 2
54330 70106 2
28178 75219 1
93038 8748 2
81631 61461 1
66831 49874 2
38886 22718 1
49576 42123 2
90945 19982 1
9892 95834 1
18769 81482 1
28310 47907 1
16056 66617 2
35474 95569 2
83837 95432 1
49522 51507 2
51436 8263 1
99698 84283 2
69235 71434 1
69715 58398 1
19527 29994 2
89308 36438 1
97917 31809 2
59604 28579 2
81425 57649 2
11114 39397 1
59202 56350 2
75277 24452 1
10580 22511 2
74325 95433 2
22860 70033 2
61848 97090 1
73304 91060 1
11413 86978 2
59301 51084 2
16909 66334 1
65927 74065 2
62916 67985 2
5812 17727 1
32101 32281 2
58793 96791 2
6363 40183 2
59556 17052 2
88633 43795 2
28520 37239 1
89459 99350 1
89692 4020 1
73603 31119 2
48108 65795 2
95333 38575 1
67623 63064 1
29691 91724 1
71487 66442 1
78441 48962 1
70892 59512 2
72602 15757 1
65833 29087 1
96505 50480 1
67829 46085 2
3961 92465 2
99668 82738 2
50382 74842 1
4140 59314 1
8722 41178 2
62280 16244 1
29697 12258 1
87672 77294 1
51165 49897 1
24591 40310 1
85866 56649 2
36484 43850 2
42227 56639 2
15314 68329 2
1571 52398 1
17367 38072 1
62861 68989 2
92313 38527 2
64357 44692 2
95452 29609 1
83365 85091 2
34861 68519 2
50761 93724 2
89979 93966 1
17139 628 1
24440 66836 2
93992 5734 1
78908 28087 2
83856 89327 1
61506 55446 1
58650 92851 2
53546 29142 1
56630 55831 2
94293 69566 1
99929 56229 2
2316 36923 2
45596 14507 2
93466 45405 1
41502 58044 2
17005 44760 1
68157 23597 2
99513 52228 1
95553 64761 1
75285 31454 1
51122 1886 1
69659 14597 2
87612 19710 2
35564 81085 2
42354 10879 1
21834 98671 2
79305 54379 1
22269 13159 2
28696 85937 2
30095 81333 1
50814 85122 1
35504 2957 2
3548 2261 2
20594 60935 1
78647 23459 2
84973 10687 1
67128 18059 2
43549 11222 2
69227 31983 2
87807 14831 1
26787 34582 1
95960 1875 1
18580 90888 1
38798 750 2
34968 61013 1
9324 90575 2
55819 5678 2
64579 47692 2
4335 93162 2
55651 54780 1
45161 1699 2
59622 57947 1
98754 12215 1
35526 57385 1
51078 52935 1
47650 97675 1
93864 74747 2
47997 51049 2
85853 52699 1
37183 74734 2
77628 76951 2
11346 1068 1
81541 9057 1
25670 47125 2
7767 12718 1
36845 15683 2
23767 82713 2
78975 71792 2
7728 1280 2
21592 18687 1
25198 93029 2
79861 66673 2
37826 65230 1
80251 34865 1
99745 8133 1
70288 51273 1
68869 92664 1
74688 79018 2
15690 4026 1
19481 60040 2
16914 40097 1
1295 59740 1
10978 37094 1
84249 83392 1
6659 75304 1
25714 89270 2
74337 10281 2
75001 36194 2
8239 48783 1
62673 59595 1
24642 13988 1
38946 88062 1
33298 96183 1
45942 65643 1
50716 23673 1
42621 43686 2
41474 49089 2
7337 3527 2
92169 68936 2
99283 76907 1
17978 97966 1
18452 89744 2
88449 25843 2
87149 87357 1
46577 95807 2
56415 40824 1
93727 90170 1
1876 61006 2
14595 75444 1
32020 5486 1
72442 37887 1
50033 63566 1
79078 16176 1
44412 89989 1
5964 71521 1
73293 55887 2
41397 11538 1
42303 39277 1
36013 9412 2
95345 12930 2
53864 62652 1
38566 70519 2
88056 98342 1
34630 79287 2
37656 91184 2
76283 29172 2
81380 45898 2
58325 96 2
77758 4493 2
92102 59957 1
4107 91505 2
97767 35758 2
51316 45429 2
40113 80075 1
29382 36506 1
57317 71153 2
5970 47496 1
32229 98824 2
493 56745 2
86488 23355 2
93425 23849 1
9930 87867 1
4539 81660 1
52169 45245 2
49099 93336 1
15753 33111 2
71719 35734 2
58753 67591 1
40952 51477 1
9036 83756 2
4139 45976 1
53577 80043 2
85649 69923 1
75004 4427 1
66879 18529 1
57995 74489 1
2607 79841 2
65633 55429 1
44637 97012 1
31758 31555 1
50092 20273 2
40580 30092 1
99935 96594 1
71804 79290 1
24543 95412 1
71408 79375 1
7771 49915 2
25790 73583 1
23044 21035 1
23851 73057 1
39341 83664 1
89373 39634 2
33521 43607 1
86144 81457 2
16172 79667 2
1315 35732 1
32289 64793 2
11416 69618 2
92051 61348 1
40247 82408 2
14668 6002 1
86075 57588 2
89753 7172 2
2979 81213 1
42923 68258 2
57683 26153 1
19031 8949 2
35857 3172 2
84407 39212 2
92456 35520 1
70376 16599 2
86056 41391 1
10506 37775 1
388 7691 2
7171 58988 2
27250 94351 2
25308 80621 1
82479 37532 2
12578 55092 2
23737 71797 1
84166 31463 2
94611 72259 2
27870 86897 2
25764 7249 1
96482 78334 2
76408 10960 2
34191 42370 2
90365 33653 1
74855 55603 1
61480 8567 2
45071 72107 2
42542 35665 1
98576 32039 1
77963 90758 1
76536 69866 1
38718 10903 1
26262 75387 2
21483 5519 2
6368 57954 1
98327 23480 1
95888 8911 1
87696 7971 1
72739 51764 2
28227 29669 2
49529 44454 1
74212 95924 2
39096 55455 2
76009 15822 1
63657 84063 2
22735 81330 1
4025 30343 1
86036 36836 2
94138 98684 1
21211 72110 1
35967 84746 2
1163 79130 2
28739 5374 1
33552 31257 1
49411 22507 1
45625 63679 1
94495 99590 1
37048 38884 2
93117 71210 2
81125 13412 2
64390 9333 1
29148 2368 2
48328 25897 1
78394 15163 1
41874 13036 2
29667 95294 2
43003 48680 1
51263 29461 1
91099 13036 2
90585 89648 1
56271 88105 1
33087 80579 2
43802 33781 2
86021 56390 2
63711 38988 2
94274 25365 2
88040 63818 1
70256 43633 2
56098 6930 1
24656 3869 1
36798 71434 1
7524 58017 2
25458 45469 2
97012 29771 1
56918 66775 2
95722 86282 1
63272 40237 1
62741 9713 1
8296 21938 2
59146 23930 1
46204 6723 2
43390 25472 1
2253 68189 1
60077 78435 2
30665 69953 1
71351 53736 2
93407 6710 2
51837 32215 1
74822 85447 2
88552 11995 1
8502 68993 2
10275 97734 1
37612 37047 2
25532 10922 2
15339 38110 1
89031 59488 1
64502 91537 2
2363 45285 2
72951 96846 2
49938 52504 1
50395 79254 1
79725 11582 1
29012 5137 2
55919 40510 2
93302 23368 2
18525 66278 2
70586 265 1
81508 86020 1
53725 34535 1
59283 72045 2
59298 57880 1
93852 8601 2
64780 81909 2
83512 11365 2
3653 13277 2
60832 81200 2
36251 14866 1
65428 73662 2
33661 11386 1
17048 25336 2
6850 7967 1
1426 63050 2
74530 40080 2
49326 47940 1
67163 27486 1
77722 91546 2
26189 19232 2
13546 85060 1
33598 55375 1
95701 59742 2
12632 55370 2
56982 52265 1
34694 16212 2
41292 36648 1
96410 305 1
38746 20164 1
78922 68972 1
21032 97641 2
82862 24692 2
50080 65383 2
33956 82267 1
29041 35665 1
38029 80278 1
72720 39041 2
51949 94016 1
81490 32434 1
73646 43670 2
82068 39589 1
40158 67036 2
96019 87229 2
94220 49110 2
73396 1123 2
59119 86768 1
39549 3362 2
17855 63223 1
39258 98796 1
47546 51358 1
96473 70291 2
12001 3290 2
95182 62737 2
83992 87334 2
69104 36033 2
69385 33120 2
21754 21155 2
52353 68682 2
74315 30684 2
25330 36106 1
75654 23955 1
65648 80266 1
40787 68630 1
68180 10712 2
5372 95251 1
29852 23495 1
62449 29151 2
28521 83181 1
9093 99218 1
59775 77699 1
25582 54761 2
69160 44488 1
92712 46243 1
61778 36606 1
43763 86245 1
76876 13900 2
47601 59638 2
20109 25818 1
90057 50915 1
10381 5496 1
39463 53628 1
61898 82871 2
185 83029 1
36421 24846 2
5299 166 2
40962 69366 1
11660 4428 1
97548 46447 2
64255 73862 1
26958 21561 2
59339 38456 2
14523 26172 1
49908 68299 1
71015 28544 2
61183 31915 1
49515 11925 2
22970 96904 1
1445 87181 1
64402 78966 1
9589 58333 2
88666 46157 1
87010 864 2
63371 31049 1
69459 63828 2
41598 90699 1
90295 90746 2
1300 27158 1
48829 62842 1
23663 47603 2
27772 10909 1
49046 66029 2
85293 17393 2
26645 26614 1
70028 72841 2
14746 90240 2
74938 92059 1
59193 3909 2
69982 97760 2
99017 83008 2
59647 75703 1
26117 86354 1
19692 46242 2
71533 34078 2
11956 63527 1
19746 12812 1
44974 75056 2
70989 65322 1
64531 77580 1
75640 88998 1
16607 85676 1
93587 6165 1
15443 95750 2
91633 88272 2
53654 7926 2
28264 13394 1
92303 73048 2
87573 99899 2
64749 97711 2
98262 2608 2
70047 43297 1
93934 48088 2
64572 43481 2
51844 1728 1
83325 33796 2
50788 93688 1
19678 39956 1
10588 31316 2
48865 73056 1
97760 15213 1
50954 44930 1
59592 38429 2
76452 38775 1
23341 30566 2
86010 58467 1
62191 46220 2
31775 80715 2
93649 30134 2
81959 1976 1
22043 66257 2
97803 92763 1
59832 22797 1
35849 92035 2
13014 37982 1
62082 61576 2
88360 14940 1
40987 5252 2
47847 55427 2
2236 18165 1
78157 55860 2
4628 63645 1
45336 74387 2
95634 58466 2
3021 5894 2
56078 32270 1
3667 70332 2
27166 367 2
56756 82628 1
57825 89304 2
36575 81938 2
20536 50559 1
55977 84029 2
36935 40125 2
20519 98852 2
16505 16945 1
9493 13412 1
25850 80125 1
30610 54979 1
63290 16487 1
8994 40617 2
21360 81370 2
73323 47618 2
51285 22467 1
27672 62013 2
19813 43188 2
57305 62928 2
93186 71780 2
46817 28337 2
8689 66604 1
86055 18078 2
35258 57451 2
2501 47926 2
13740 10852 2
42620 81086 1
70327 99707 1
47406 83038 1
15888 63068 2
81923 64353 1
73392 48436 2
26853 59512 2
85045 17269 2
12451 77016 2
40128 16375 1
33042 19927 2
16630 91889 2
5607 42291 1
20639 99492 1
98974 47563 1
99626 35633 2
92727 51300 2
98727 29597 2
46483 54725 1
11371 84660 2
26715 41659 2
3024 97572 1
47258 12758 2
16914 84925 1
36350 16298 1
45043 66072 1
67163 37071 2
74199 1389 1
68167 84002 1
81577 49147 1
85183 77186 1
51061 10660 1
45441 25107 1
18732 39150 2
26352 47102 2
99075 95651 1
42836 21199 1
9171 19345 2
16375 64502 2
81147 23596 2
74632 78631 1
55994 2375 2
58588 27322 1
76341 2815 1
25352 83467 2
84887 91440 2
87272 45467 2
2092 29245 2
14236 68269 2
78309 55308 1
74757 13002 2
33111 86184 2
64077 19710 1
53979 88926 1
95740 89592 2
65008 65472 2
62723 37550 1
77141 57573 1
21877 68951 1
51183 59719 1
51337 1327 1
6505 65027 2
73754 73750 1
72431 48445 1
42055 31377 2
86706 24569 1
40979 16872 2
42375 5955 2
78982 44070 1
59208 25864 2
32106 68669 1
45201 98715 1
39182 38687 1
1348 99025 2
35239 69478 2
69094 38501 2
35562 82956 1
93503 73045 1
89748 97684 2
59422 25922 2
83010 51103 2
12339 94772 2
66873 79928 1
35539 16468 2
11935 16841 1
21336 58737 1
33792 10883 2
76734 94972 1
47370 45018 1
46567 68747 1
98321 62727 2
42680 54713 1
57708 3204 1
78202 420 2
86038 75475 1
20090 49486 2
36878 57208 1
44681 44574 2
49111 71482 2
13852 88284 1
24185 66662 2
5133 57304 1
54078 57772 1
41976 8227 2
16949 11456 1
97439 25844 1
3475 19578 1
28743 30948 2
29261 56343 1
17017 31026 2
66624 16085 1
93058 97281 1
38825 2235 1
30451 78549 1
50829 27151 2
49185 78874 1
13522 87518 2
12742 65309 1
78436 73911 1
23774 61584 1
66193 36400 1
44427 36458 2
66989 46432 1
87538 30917 1
76143 92771 1
83292 22207 2
90674 12538 1
71222 54393 2
82645 49128 1
78129 90235 2
2172 9846 1
56482 11278 2
76460 26223 1
55971 46752 2
62451 75845 1
12816 37124 2
17598 50826 2
59148 56943 1
37312 71064 1
85593 26172 1
81138 11338 1
45795 43753 2
13933 98560 1
66134 73528 2
79986 61535 2
15587 87183 1
31875 96143 2
32960 90968 2
84583 51227 1
74629 35394 1
78314 63476 1
687 7614 2
2394 72367 1
47776 71714 2
5003 15714 2
19517 27978 1
64148 49067 2
92591 46290 2
2640 89545 1
53731 42909 2
77982 11361 1
54250 13649 1
22338 93850 1
40089 7673 2
70049 58529 1
26314 13250 2
14281 22054 2
77306 55358 2
8007 78237 1
10601 52164 2
52654 90591 2
7933 20301 2
11863 63558 1
37823 14905 2
71483 83156 2
54876 15112 2
50331 77101 1
12997 98818 1
60601 68024 2
31375 39312 2
92412 89346 1
16724 74208 2
45840 70106 2
77009 80740 2
61283 64918 2
83622 11604 2
72874 77037 1
82905 28647 1
37690 92924 1
16595 86942 2
10831 66721 1
25601 27066 1
1448 36739 2
74452 11873 2
49832 47656 2
99266 39325 1
50679 93788 2
12066 6940 2
36192 74193 2
19572 38417 2
69809 31162 1
69815 90737 1
19613 4334 1
93457 88664 2
79581 61355 1
20907 75138 1
4747 39665 2
12050 21394 2
72901 68451 1
63255 74062 1
23344 72170 2
64080 29184 2
82355 76977 1
60373 87351 2
40984 1098 2
26499 4324 1
57614 67463 2
2781 63358 2
77865 86850 1
96358 55166 1
88800 11957 1
72552 51843 2
40335 2307 2
47408 65936 1
51 66670 1
41199 51273 1
11568 6558 1
23291 31578 1
88270 12128 2
42380 13584 2
80344 6180 1
83327 42205 2
50620 26303 1
4183 72952 2
79917 19431 1
76759 14875 2
99076 81178 2
78985 59395 2
86747 55127 2
53658 6228 2
73969 31906 1
2203 86035 2
95305 3077 2
72674 65450 2
49674 97386 2
23175 49767 2
34240 30882 1
56935 48253 1
42298 22497 2
63557 35489 1
46986 67199 1
75524 42798 2
12840 24952 1
60750 50210 2
72847 877 1
6832 65791 1
11391 61761 2
31291 32171 2
14937 84541 1
33765 98960 2
74886 96013 1
47046 97820 2
10097 16289 2
18844 19042 2
64840 97677 2
11335 23544 2
831 45577 1
11693 31671 1
91660 97393 1
49047 91006 1
90892 35814 1
17490 83791 1
477 39723 2
9648 10129 2
81058 41257 2
62244 62572 1
44291 35467 2
15689 17648 2
59594 53283 1
53148 95310 1
38118 16547 1
55485 18333 1
88844 58149 2
97043 67575 1
26481 28612 2
85253 37017 2
11537 90496 1
10081 7302 1
71243 3006 1
90136 99397 1
4003 16518 1
74528 51423 2
80703 84387 1
23953 26434 2
19723 62375 1
15433 82528 2
53781 71556 2
24744 49712 2
53809 55251 1
99284 67564 2
75413 79153 2
70967 50482 2
38270 15037 2
75516 19972 2
82058 95740 1
57685 98088 2
25916 50101 2
70648 61416 2
90108 47574 1
76349 32946 1
27220 13517 1
94530 19193 1
19956 93807 2
27079 83826 2
90830 27316 2
40082 14552 1
69050 41689 1
81805 54921 2
88852 79549 1
37219 69351 1
87321 33092 1
9766 74616 2
36814 57079 2
8364 30599 2
44793 9250 1
44461 46368 1
11718 41557 2
1927 78007 2
48099 18884 2
63930 17090 2
64068 40295 2
14125 91067 2
7904 58330 2
79143 32191 2
72914 87838 1
28918 73745 1
35224 87638 1
69260 33975 1
22008 6379 1
13277 1820 2
29846 1481 1
86530 39053 2
40511 37600 1
56697 59388 2
62242 19587 2
10498 59584 1
80594 19852 1
31267 10835 1
36037 74422 1
12486 88339 2
27768 56034 1
11286 64737 1
55368 38675 1
67301 40421 1
68634 68850 1
1641 49288 2
70804 20490 2
75866 51096 1
57730 96141 1
53622 70280 1
52114 27789 2
72222 26669 2
28568 48100 2
43638 19362 1
85483 19597 2
75176 97477 2
62598 72296 2
30338 41399 1
74568 77178 1
34323 88000 2
1108 72906 1
65970 35625 2
36018 30534 1
42103 36929 2
72684 31644 2
51840 38521 1
59218 43681 2
57422 24743 1
27382 44333 2
62181 78151 2
49233 34301 1
86992 91189 2
10268 72528 1
29434 52628 2
67512 33291 2
72565 66026 2
96391 75125 2
83031 30402 2
19792 62331 1
74713 41064 1
94783 65869 2
32087 96881 1
1506 30847 1
79250 40496 1
29261 70345 1
42065 91842 2
75063 56616 1
19515 31171 2
347 68411 2
29342 84119 2
24664 42438 1
56108 29922 1
85169 4306 1
62105 11152 1
42926 98347 1
84030 33646 1
67737 59649 1
33241 76143 1
63714 7464 2
91531 53224 2
44348 10296 2
34296 8979 2
45629 52237 2
46890 88400 1
56002 63848 2
42607 3200 2
92425 20172 2
14103 8937 2
78549 53506 2
71415 72533 1
53741 87765 2
16200 74930 2
88093 28279 1
4392 46899 2
93587 47898 2
53047 85229 1
75491 24728 2
94300 87451 2
42884 29036 1
41406 89755 1
54801 43607 1
80716 82767 1
56809 86588 1
41045 35293 1
66864 18339 2
99152 55791 1
77484 88346 1
95606 10644 1
81512 34287 1
4803 42973 1
89844 8599 2
75353 44321 2
25827 95371 1
9020 2105 2
12971 73350 2
57430 30532 2
34985 97960 2
86517 80229 1
26234 94774 2
42889 26304 1
20771 72471 1
24039 27425 1
69995 93624 2
66920 52308 2
39196 4233 2
3338 43566 2
93765 33951 2
87534 42691 1
51450 93424 1
52312 17133 2
97074 10009 1
41651 45964 1
25384 36219 1
17514 22208 1
59164 76890 2
69936 94129 2
82959 25853 1
59801 87528 2
7850 58609 2
17759 16883 1
66423 30630 1
63934 38757 1
7334 9648 1
31383 53523 1
53962 8743 2
87377 19288 2
6234 24359 1
88563 38546 1
87856 29585 2
40524 25571 1
21453 63785 2
57516 16464 2
14707 50806 1
93896 14726 1
72362 95300 2
52249 2832 2
59164 81093 1
98845 73346 2
55032 86060 2
80693 67217 2
20754 13329 2
69670 79001 1
31714 60752 2
79704 10710 1
27265 85833 2
56122 66507 1
55119 81281 2
35548 286 2
34576 5344 2
79347 16601 2
84649 28178 2
35512 14955 1
23624 14918 2
13929 48773 2
61242 84242 1
92295 17822 1
63027 32204 2
84247 14736 1
50313 35026 1
53249 60312 1
59929 72068 1
20788 75961 1
34273 84292 2
23200 33690 1
54468 9853 2
12474 79043 1
63786 92633 1
61244 15396 1
38749 3114 2
2626 52847 2
81708 82338 2
81389 88505 2
34411 34938 2
24164 2557 2
63570 72399 2
59407 86361 1
56378 30304 1
27386 67982 1
69507 49554 2
94872 14980 1
24081 88460 2
16541 50244 2
31370 5115 2
64355 13404 2
75289 84367 1
230 93343 1
11279 22460 2
68168 69666 1
19964 63354 2
49102 85952 2
12058 87174 2
79808 18615 1
82691 37183 2
1549 29929 2
73750 55209 1
56421 4028 1
62166 49965 1
24285 44570 1
21770 45015 1
18351 68978 1
90943 7863 2
86071 42389 1
48929 94337 2
30519 73946 2
26502 68525 2
78420 33722 1
6563 35831 1
78102 65012 1
61300 73536 2
18316 99147 1
42393 90891 1
70790 50883 2
52659 44417 2
77721 85831 2
36651 58382 1
607 84454 2
56108 40385 2
36596 22705 1
6532 45104 2
81402 46975 1
15175 47058 1
83510 20394 1
21484 57891 2
13744 57808 1
11470 90787 1
19799 9586 1
5036 63063 1
2555 41944 1
9129 59655 2
95857 53226 2
92012 70142 1
72243 6329 1
6785 99598 1
50877 81940 2
81527 37577 2
7825 81363 1
99841 32073 1
22932 52432 2
949 92040 1
65487 43241 1
55951 99913 2
30798 24896 1
79055 57741 1
36868 95931 2
83671 13887 1
36198 6724 2
86990 68041 2
7403 85001 1
98399 66908 1
87699 61245 2
59387 52716 2
87069 81974 2
18483 26738 2
61870 40077 1
85407 3688 1
95921 65185 2
38297 40208 1
68978 93492 1
36002 66958 1
61890 53484 2
27645 75017 1
59158 51443 1
38127 82478 2
91560 78584 1
97925 77165 1
24084 51180 1
32302 1882 1
6684 91334 1
56253 4621 1
26661 23072 1
39400 39939 2
568 6743 2
12428 26555 2
62850 38606 2
93638 93881 2
72692 84172 2
21307 2470 2
20291 15129 2
44305 68622 1
20457 70949 2
10772 30496 1
21378 29954 2
85650 41906 2
25393 15525 1
83711 42747 1
95800 90409 1
74066 94647 2
89923 45611 1
29190 67047 1
68094 96815 2
84538 12846 1
78202 29113 1
39346 38613 2
50860 52885 1
73267 76327 2
59566 36529 1
20266 5334 1
70461 12221 2
38758 9876 2
52569 38706 1
23450 60411 1
33192 32072 2
67260 84678 1
60371 76286 2
42889 95445 1
32902 75702 1
12254 49805 1
34485 72534 2
93824 15926 1
94194 52136 1
68630 46907 1
56344 91706 1
20681 38413 2
72483 59839 1
5899 58945 2
30197 96365 1
56653 19053 1
80019 78717 1
64231 79503 1
80486 98446 2
7924 62406 1
75451 55971 2
97715 77431 2
34755 83360 1
75463 26185 1
33620 51472 2
1336 32297 2
10566 90338 1
31664 24487 2
69974 16391 2
40927 63159 2
13766 42486 2
76792 13170 2
62939 9833 1
22418 99122 2
38782 23165 1
46855 58393 2
62556 61494 2
40824 87531 1
86630 20344 1
27463 77839 1
79410 32463 1
49723 92306 1
52856 34408 1
32128 78435 1
27509 32758 1
41700 61080 2
44523 58414 1
72635 33224 1
59007 57803 2
58525 10096 2
6682 139 1
3875 10510 1
33961 22959 1
18701 9865 1
22077 36863 2
36030 42023 2
27212 33284 2
91710 58452 1
99022 71917 2
32599 12194 1
5984 52235 2
79097 76996 1
50084 51156 1
88471 21489 1
1343 37507 2
76776 70823 1
92026 53686 2
81734 80902 2
11490 67855 1
49650 25297 1
61897 62708 2
54414 28369 2
92354 35184 1
32225 79921 1
92968 56783 1
16599 73155 1
67800 35237 1
10591 80697 1
9042 1640 2
5707 94221 2
14268 46514 2
28371 54137 1
66975 9120 2
73234 59328 1
69192 68917 1
60520 12132 1
41672 25048 1
98230 9197 1
67253 3761 2
83973 34760 2
97991 23568 1
32927 48997 2
156 86503 1
55124 73785 2
43764 41739 1
21687 12154 2
41749 57174 1
80863 95494 1
29544 52840 2
6343 20668 2
61882 38914 2
26541 12672 1
72156 27849 1
22134 49468 1
56740 81033 2
33865 66458 1
15178 1903 2
46576 49259 2
54188 45262 2
96762 93251 1
49706 16251 1
92284 44922 1
73546 95153 1
66187 43852 1
73205 56910 1
86563 85818 2
27672 78068 2
8355 52775 2
78372 63305 1
6959 78716 2
17423 85975 2
83437 28709 2
54609 62221 2
31880 64306 1
84424 21052 2
95569 51543 1
18548 57946 2
59576 68492 1
1563 15907 1
82039 41709 2
66470 85011 2
42920 62651 2
86019 12973 2
40170 46713 2
15489 9303 2
54976 39056 1
26199 75292 1
45073 23019 1
66141 84712 1
8777 98844 2
96112 272 2
76055 88437 2
47411 88552 2
75053 86960 1
78217 554 1
30212 28616 1
76060 32214 2
93653 90749 1
39385 60172 1
11840 85268 2
7442 34707 2
63721 83669 1
47098 52950 1
73046 66635 1
8780 51074 1
62514 34344 2
74437 81674 1
85582 6302 2
16133 99395 1
72762 27622 2
92723 33384 1
36016 87485 2
4662 32919 2
49962 95138 1
34332 26065 2
57511 68826 2
79350 29054 1
32682 30956 1
74202 54279 2
38299 10214 1
22208 32858 2
20644 97078 1
89926 970 1
30548 78001 2
78988 34349 1
81632 58511 2
38457 95516 2
43037 94125 1
72564 22294 1
27720 32042 1
67435 47869 1
26270 65514 1
89616 82615 2
3396 81078 2
6134 3246 2
15520 22458 1
26905 97873 1
20093 35750 1
15283 25425 1
67980 12334 1
80264 26501 1
67742 11914 1
44315 18534 1
50602 46998 2
35862 38611 1
44525 24563 1
81831 61295 1
58021 29476 1
6845 99710 2
86070 53938 1
73199 97036 2
72581 23785 2
23157 8613 1
59103 9465 1
86125 63806 2
77331 14741 1
60791 85739 1
42932 33591 1
35226 3751 2
82936 17082 1
40605 77999 1
6747 1759 1
51470 33319 1
89213 59657 1
29983 84755 2
704 25121 2
72643 5567 1
51467 64818 2
94102 83992 2
92745 53390 1
68723 41585 1
34027 64007 1
27899 16991 1
11330 31511 1
11572 22813 2
7622 37977 1
42568 68873 2
80178 15469 1
83810 45221 1
11205 29880 1
68693 77399 1
91746 56385 1
15732 71273 1
91281 34038 2
39259 12425 1
59644 94373 2
56581 970 1
73235 42083 1
66195 60450 1
58024 67145 1
72204 84330 2
81044 66641 2
91031 53249 2
58480 69309 1
54658 86346 2
38493 18641 1
41663 92713 1
69276 39636 2
6978 7049 1
12087 45267 1
73860 20409 2
51478 16926 2
52451 51434 2
55755 28041 2
40863 2163 1
97959 10508 1
77695 56846 2
39906 24100 1
61482 1368 1
