10000 5000 7638
4785 386 2
4243 5707 2
965 2909 1
4178 4508 2
3670 8530 2
6460 8327 1
7624 7394 1
9751 7647 2
5860 9394 1
1165 1547 1
3606 8779 1
5261 119 1
494 6636 2
40 4578 1
1088 308 1
2404 1806 2
2228 4008 2
7725 9540 1
9734 1939 1
6671 1389 1
2135 1953 2
8301 7929 2
8282 1987 2
2638 7132 2
2248 5198 1
5498 4828 1
6684 731 2
8289 9701 2
7144 1977 2
2212 773 1
3375 8951 2
1114 8928 1
792 4746 2
8061 2141 2
1057 1965 1
9114 5494 1
1898 7548 1
9941 1068 1
2150 7384 1
5266 7922 2
1134 4454 1
9549 5213 2
6189 4544 1
2531 6554 1
1108 5618 1
5735 4088 1
8024 462 1
9726 9017 2
9455 5465 1
5651 38 2
8519 1195 1
388 2744 2
31 7299 2
9475 5952 1
1868 5537 2
869 5455 1
8966 7962 2
2983 270 1
3624 1192 2
308 1640 2
6867 2119 2
9552 2795 1
2299 7113 2
4736 651 2
377 3795 2
2144 6783 2
7319 3198 2
6092 2594 2
3047 4599 2
9271 7955 1
5597 2111 2
9223 7173 1
288 1915 1
6598 6496 2
621 997 2
6403 9966 1
8324 2969 2
4863 5839 2
6329 3097 1
4097 822 2
7236 3546 1
4530 8729 2
7089 1125 1
8130 3956 1
9153 7911 1
6545 3431 1
3864 2961 1
5142 932 2
2701 1720 1
6556 866 2
1452 7958 1
7760 8349 1
6727 9271 2
6516 8083 1
1569 6781 2
9775 7240 2
8690 2205 2
8411 2067 1
4934 9488 2
3958 543 2
9534 7491 2
8097 75 2
5981 9719 1
4100 2026 2
2171 4481 2
9512 3844 2
5782 9355 1
3931 3891 1
7325 1297 2
2048 6215 1
5155 7510 1
9404 3587 2
290 3388 1
8251 3421 2
6389 4943 1
9640 6306 2
3516 7227 1
5832 95 2
1820 9985 2
1168 3977 2
8205 7911 2
5162 7078 1
170 5157 2
1733 4914 2
7636 984 2
1506 555 1
9519 7778 1
6312 4070 1
4772 2616 2
4352 2360 2
1534 7315 1
8745 1149 1
6797 8320 1
6837 3524 1
4774 960 1
8875 5472 2
7328 4344 1
5075 9577 1
7512 8898 1
1565 5305 2
8766 3835 2
2906 4000 2
7894 7299 1
6673 9281 2
8632 9424 1
3452 4738 2
2897 7067 2
1272 6944 1
8576 7537 2
1257 2233 2
9417 6723 1
819 15 2
2245 9190 1
8146 60 1
9696 8660 1
1315 265 2
5898 3242 1
1465 9573 2
9255 3864 2
3657 9044 1
9375 2564 2
4814 5309 2
6894 6135 1
3173 1019 1
1621 286 2
7986 2510 1
8871 8970 2
2282 5639 2
3501 8529 1
9111 8367 2
9667 7050 2
5991 5024 1
8201 3141 1
8365 9034 2
2146 5985 2
719 1856 1
5528 5268 2
3334 3672 2
3590 8023 1
737 8207 2
8365 5703 1
7074 2403 2
4944 8549 1
9327 8935 2
4647 9095 2
6754 4066 2
6048 4405 1
6442 9328 2
4649 1181 1
1528 1296 2
9416 4943 2
9331 8500 2
3555 8897 2
2308 1028 2
7224 6956 2
3163 7483 1
774 8157 2
1288 4344 1
6242 9493 1
1362 1471 1
3972 4890 1
8708 9014 1
7447 6436 1
1467 7832 1
8060 1168 1
8505 1925 2
1975 33 2
8965 2480 1
5665 5978 2
3641 4560 2
3076 4389 2
6867 8431 1
6387 4991 1
612 1758 1
6639 1849 1
8420 4143 1
5682 2089 1
4860 106 1
8744 327 1
7818 9113 1
4497 2128 1
7873 2171 2
3329 4055 1
3942 6820 1
3649 6479 2
1364 5740 1
6059 4306 1
3673 1308 1
6081 9021 1
4967 9044 2
470 3761 1
4868 8264 1
7923 8948 2
7770 5518 2
7236 1470 2
8216 7889 1
9657 7837 1
6766 1489 2
2870 9185 1
9973 97 2
1634 9712 2
8373 9256 2
44 883 2
6126 8305 1
2881 9591 2
6480 2042 2
2823 6238 1
6482 793 1
4422 6747 1
2894 1746 2
5482 6297 2
9491 50 1
786 405 2
6946 9896 2
8436 7535 1
7026 3990 1
5815 6350 2
8685 7988 1
5591 5737 1
9808 8430 2
1828 9086 2
7263 4305 1
9795 6670 1
8158 898 1
4332 2319 2
7993 7335 1
1690 8793 1
4893 2779 2
9758 698 2
5517 8926 2
9005 9778 2
1054 1683 1
765 1463 2
7355 9985 2
716 2035 1
8321 1523 2
6953 7121 1
1204 5464 1
6841 563 2
9001 6195 2
4899 5279 1
4506 5515 1
5892 1901 1
2277 5725 1
3021 8059 2
8333 3125 2
2864 4025 2
8023 9785 1
6278 4317 1
5487 6878 1
2299 5425 2
3489 1184 2
4864 4848 1
624 5663 1
6377 8748 1
3634 9516 2
7997 2107 1
6065 593 1
3625 6005 1
3228 3094 2
1229 8232 2
948 2012 2
7933 1957 2
7471 4534 2
3201 5536 2
9273 7563 2
8293 5651 2
6766 9798 1
4362 2187 2
8385 4550 1
5939 7578 2
6009 4542 2
3657 1284 2
6718 3062 1
8936 2290 2
3504 6376 1
1840 2082 1
2209 2164 1
2436 7492 2
1046 7004 2
9262 8174 2
4953 9369 1
2041 826 1
3450 6804 2
3606 5027 1
9 4158 2
8424 123 2
5230 8840 2
3704 2856 1
6258 395 1
1105 1171 2
1267 1090 1
5284 6679 2
1220 2651 1
4470 696 1
3162 3034 2
9566 4409 1
6144 2214 2
6695 9076 1
9796 10 2
4388 7671 2
8184 9445 1
5703 5073 1
2946 139 2
2664 4425 1
3356 1553 2
6100 9207 1
1108 6740 1
2236 5033 2
2221 2723 2
1282 8928 1
2733 8097 1
7487 464 1
9693 8916 2
1648 4388 2
972 6345 2
2196 4695 2
4652 2445 1
5840 4508 2
2083 1957 1
1451 2966 2
44 9047 1
386 1953 2
8836 6207 2
7813 3336 1
9997 4459 2
4296 3548 1
9950 3504 2
7539 2436 1
8208 5059 1
115 3591 2
9987 4880 2
4775 1155 2
471 5062 1
7843 2298 1
2292 4296 1
3616 208 1
4914 2990 2
154 8078 2
3393 3874 1
4321 354 2
7667 3636 1
7096 1533 1
3773 7574 1
6329 9635 1
1242 5201 1
7120 4143 2
3415 8719 2
9659 6284 1
2696 8414 2
2609 7373 2
66 1379 2
599 3686 2
7231 7812 2
8844 1616 2
7677 3869 2
4463 137 2
2559 4221 2
3651 2626 1
1354 3926 2
9266 1183 1
4649 7008 1
5271 8378 1
2698 6342 1
2530 4161 2
7007 5143 1
2056 1908 1
1310 8582 1
4513 5047 1
9282 571 1
232 6166 2
9175 2032 2
6271 8924 1
7585 2661 2
2568 2139 1
6102 7165 2
4173 7927 2
1567 1423 1
1704 2282 1
2492 4629 2
1740 3426 2
2973 4112 1
682 2495 2
8825 7170 2
2941 9286 2
7579 7186 1
2239 976 1
4480 1404 2
8449 7099 1
4346 1775 1
247 5448 1
9104 9357 1
2922 3419 2
5772 7422 1
436 7775 2
7723 9197 2
6839 8159 1
7153 3593 1
8279 3550 2
594 742 2
2187 6608 1
7706 1642 1
3440 5087 1
950 752 2
6166 4807 2
2137 7144 2
1697 8569 1
5080 4165 1
2937 1852 2
4862 1853 2
4234 1031 2
1993 1549 2
7365 5081 1
7611 8451 1
9661 4738 2
874 706 1
2811 2151 2
2752 4849 1
8459 4689 2
3867 1308 2
4029 5214 2
5310 7282 1
7140 3263 1
7375 4741 2
9450 9785 2
8711 461 1
3098 6852 1
2965 4741 2
9973 2207 1
3035 8541 1
9358 10 1
159 5510 1
1054 1162 1
4028 5401 2
1280 8424 2
1390 8640 1
4934 5170 2
4250 8076 2
4098 2809 2
211 6445 1
174 1842 1
4054 7933 1
8805 7989 2
3647 6294 1
6039 7617 1
5298 6375 2
9753 4550 1
7971 1171 2
3779 6473 2
2142 3377 1
8560 7924 1
6800 9725 2
8625 1523 2
6571 2598 1
4331 2056 2
7254 2366 1
3044 9271 2
2331 5885 1
2890 2299 1
4616 6862 2
1724 1935 2
5790 1649 2
4927 7798 1
6389 1511 2
5770 9044 2
1846 6553 2
4490 3027 2
3647 7298 2
7119 1839 1
6147 496 1
2637 2426 2
1512 6103 2
2428 8137 2
8679 2302 1
441 8884 1
3343 4607 2
6579 4474 1
9553 7515 1
6974 7499 2
3045 4052 1
4451 6428 1
469 7266 1
3902 903 1
7245 7279 1
2783 6872 1
5041 3547 2
8298 4897 2
7191 1832 2
2215 3879 2
8200 126 1
4386 1810 2
6484 6073 1
4492 1617 1
1403 2854 1
6104 7236 2
4612 8138 1
1471 2848 2
4442 8267 1
1116 2703 2
4761 1028 1
4497 8925 2
8822 3622 2
1793 1292 1
3061 6738 1
3299 2449 2
2880 1231 2
4757 6708 2
6439 9402 2
871 7860 1
1610 9569 2
2860 7585 1
5361 4535 1
5037 2592 1
2949 9940 1
2037 1515 2
8132 6082 2
5541 2878 2
8304 4385 2
4818 811 1
7617 8035 2
1346 6791 1
1695 6833 2
3571 2667 1
184 5044 2
4 7235 1
2768 3724 2
6794 2098 1
6028 6221 2
7517 5981 2
326 3789 1
648 1259 2
428 4008 1
9548 2076 1
49 2860 1
3149 2639 2
9115 2237 1
564 8458 1
4355 5442 2
4299 2837 1
3208 4950 2
3684 5807 2
2044 5992 1
6051 1352 1
2837 859 2
4607 6197 2
4238 119 2
613 4576 2
4371 2710 2
9941 3333 2
1833 8472 1
8371 5366 2
835 6431 1
3527 7960 2
4734 9972 1
6157 7060 1
6102 7008 2
9958 8679 2
3230 9220 1
4886 7922 2
5725 6674 1
5828 3418 2
9228 6865 2
220 8665 1
7849 8252 2
6096 7067 2
9686 1172 2
5235 8035 1
5482 5306 1
733 227 1
5071 9414 1
7946 2391 1
2498 9171 2
2379 2139 2
9335 2336 2
4675 1728 2
7347 1744 1
4714 4044 2
9280 8555 2
9742 6358 1
9628 6571 2
5278 2654 2
6154 3264 1
2525 8163 1
7007 2492 1
2101 3659 1
2710 7480 1
8097 7023 2
45 989 1
2193 1579 1
3638 1612 2
4618 1539 1
7015 4407 1
7476 137 1
1578 4949 2
9146 3384 1
1854 6578 1
7645 4572 2
1044 412 2
7250 7 2
8466 391 1
911 5662 1
6004 5706 2
6146 6570 1
7590 2672 1
6858 3544 2
3403 5049 1
6588 2153 1
2873 2758 2
1375 9667 2
4539 464 1
640 5854 2
8253 1937 2
6383 4855 1
8660 3961 1
7312 7920 2
4980 2507 2
6331 5166 1
8551 2045 2
3517 2074 1
2189 4524 1
8901 8993 2
1158 9525 2
4951 3284 1
2682 7261 1
3853 905 2
3809 5579 1
5792 5160 2
748 7880 2
6131 7406 2
9306 5238 2
4169 9821 1
2611 1030 1
7002 9274 2
5569 7392 2
5074 7598 1
9186 927 2
6146 4086 1
3880 642 1
7709 563 1
4569 8317 1
1788 8251 1
4671 2150 2
7867 9446 1
3144 6168 2
4138 2817 2
2535 387 1
9884 9678 2
5841 1962 1
3915 9251 2
7377 3299 1
498 8982 2
9414 5403 1
2530 1192 1
6480 7664 1
7070 9511 1
2998 7317 1
2318 8329 1
8658 5681 2
8064 7368 2
915 224 1
8898 5313 1
6826 1760 1
7402 1044 2
8558 1414 1
7038 8855 2
5448 7911 1
6860 2707 1
8951 2495 1
2292 7589 2
8110 5021 1
1992 7550 1
17 8453 1
9171 2100 1
636 6397 1
1311 1647 1
8476 9056 2
5021 1981 1
9507 1870 2
4049 7038 2
6456 2554 2
276 392 1
9605 7114 1
1424 516 1
1671 6539 1
3048 7215 2
9090 4107 2
8557 6554 2
4523 925 1
9257 75 1
2763 9544 1
536 6138 2
5379 7880 1
4090 5973 1
1522 9436 1
5523 8268 2
5649 6966 2
1420 9877 2
1432 4990 2
6847 6889 1
8758 4704 2
2734 4709 1
1324 5641 2
1644 8186 2
2226 830 1
3250 8814 2
4210 1524 1
364 6233 1
3256 9817 1
5274 2985 1
664 9098 1
2416 5054 1
840 3019 2
2038 8142 1
6945 8979 2
1480 4930 1
7298 6364 2
2086 9256 2
3005 5447 1
2934 5407 1
3784 7606 2
5869 9870 1
62 3537 1
7802 6637 2
1532 2930 1
6939 2905 1
9364 1720 1
7654 6085 2
333 6616 2
7346 6628 2
208 5911 2
3419 3104 2
4733 4593 1
961 7334 2
4500 2982 1
2777 200 1
3725 4119 2
1979 5129 1
432 1389 1
1154 9156 2
5262 1843 2
4623 6470 1
566 9015 2
2423 3007 2
752 6797 2
8880 8678 2
3910 1708 2
5752 4162 2
6822 3967 1
7102 4209 2
8130 8117 1
3815 1364 2
8399 3425 2
2714 1633 2
8873 7738 2
9012 144 2
3998 6620 2
6902 2015 1
8975 9334 1
1778 8751 1
4978 7786 2
9025 9988 1
66 8577 2
4991 7208 2
6909 7684 2
5245 4584 1
7093 7716 2
9679 9446 2
4688 6370 2
7868 4149 2
8456 9415 1
1121 8065 1
2012 1470 2
3966 4612 1
93 6549 1
6039 6226 1
5026 3552 2
1060 798 1
7300 5702 2
5841 9826 1
1507 5698 1
4575 1580 2
9087 707 2
5825 3547 2
463 4636 1
8048 6822 1
9726 8901 2
9064 8453 1
7769 4632 2
1401 3286 1
322 2261 2
6198 1321 2
5328 334 1
3337 8021 1
4573 8683 2
1597 1265 2
3158 7304 2
3875 8283 2
7471 7186 2
6142 6309 2
7693 7854 2
2791 2435 1
7513 1314 2
4505 7630 1
4 9866 2
7078 1460 1
8909 9748 1
1744 2757 2
1501 2644 2
2769 599 1
6108 7857 2
3443 6804 1
136 4630 2
9433 2727 2
9285 7458 1
6709 2003 1
9032 8088 1
1583 9915 1
6507 1248 1
868 3259 1
4589 2068 2
1877 30 1
143 2596 1
580 3509 1
9335 1251 1
42 1047 1
5985 4295 1
2404 3995 2
5449 4589 2
5937 8431 1
1602 5266 1
6502 917 2
9250 4971 2
1754 8977 1
2627 8718 2
3674 1372 1
2020 6807 2
2470 8820 1
9014 3972 1
1522 5337 2
1504 8969 1
2886 4098 2
1804 9133 1
1951 2486 2
935 7723 1
8924 3636 2
8533 8258 2
6897 1547 2
7434 1078 2
519 2658 2
3906 1213 2
9882 1745 1
5018 610 1
3738 4614 1
3204 3045 2
6315 9874 2
135 6696 2
2708 2377 2
1629 8020 2
3396 7350 2
4996 5362 1
728 6772 2
4830 9651 2
1799 3590 1
7392 4297 2
4310 9872 2
7206 2283 1
4484 3755 1
7038 2037 2
2544 3605 1
1657 2965 2
6909 4831 1
5981 8063 1
6037 9581 1
6629 5098 1
8435 3866 1
5391 4194 2
4215 513 1
5629 3780 2
5014 197 1
9253 5412 2
5592 9386 1
4193 8106 1
1800 1545 2
9664 8800 2
9704 7328 2
7315 5446 2
4730 8000 1
6369 8623 1
3256 7837 1
2035 7665 1
5564 7778 1
1096 9993 2
3129 9850 1
5010 3893 1
9232 4120 1
9944 1096 2
7260 9856 2
7410 5609 2
2311 8347 1
9840 8628 1
4354 2359 2
9396 7223 1
9489 4341 1
5907 4903 2
5789 9994 1
2119 633 1
2672 302 1
5168 7801 1
1292 6624 2
5678 342 2
117 3839 2
5657 9411 1
4546 626 2
8218 5320 2
8720 6306 1
4895 6608 1
8831 6571 2
8635 6297 2
7315 4639 2
8147 1510 2
708 4482 2
4482 7728 1
6910 1423 1
998 7057 2
6130 7825 2
6480 9944 1
5875 9643 2
6856 408 2
2026 4945 1
4311 6584 2
5011 5325 2
4572 1092 1
398 1867 2
3288 6842 2
8014 3196 2
6513 3343 1
157 9591 1
2386 3464 2
7222 3188 1
7674 4017 1
6186 5983 1
7849 5033 2
2492 3051 1
3254 1844 2
5749 3948 2
3387 8584 2
8688 4572 2
8279 9904 2
111 2151 1
4955 7292 2
3124 6846 1
5870 751 1
1017 5928 2
4649 9664 2
5769 2973 1
4812 5065 2
8900 105 2
2759 2219 2
5951 8511 2
6578 5128 2
2594 4115 1
9637 3192 1
8264 2479 2
5568 6997 2
2338 2863 1
3461 6638 2
6085 7557 1
9753 184 1
2647 645 2
6711 6168 2
1734 4922 1
2988 282 2
5489 1952 2
6716 3950 1
7389 2888 1
5212 3125 2
3553 1063 1
8582 1208 1
554 3462 2
9544 322 2
1768 8883 2
3685 8017 2
2111 1247 1
114 5897 2
8647 3087 2
570 6736 1
3357 3836 1
1883 6947 1
10000 6210 1
5655 8000 2
6468 8852 1
9876 9002 1
8034 3286 1
5372 6617 2
2710 4466 2
4558 2903 2
8688 2388 1
1307 3171 2
3444 7230 2
8794 9474 1
330 7157 2
8228 4153 2
6814 8705 2
5240 8580 1
8465 657 1
3416 3155 2
1462 6325 2
3051 5592 2
2726 3842 2
5785 9642 2
2284 2418 2
7522 6852 1
5530 3249 1
6887 694 2
7795 8017 2
1535 1987 2
9918 8151 2
9540 242 1
5609 2604 1
2451 2990 2
2468 6508 1
8256 8774 2
8386 666 1
2703 525 1
2204 9707 2
9596 3931 2
5805 1526 2
1220 8154 2
9494 1290 1
2346 1370 2
7308 6680 1
1955 2109 2
5285 4501 1
6250 6187 1
3583 8874 1
1293 7040 1
938 1620 2
5374 5273 1
3832 1620 1
2739 6331 2
2452 5167 1
9190 1020 1
2968 3103 2
2181 600 2
661 784 2
7939 3389 2
1951 4980 2
757 5775 2
8095 5744 1
6135 6389 1
3151 7149 1
7541 6394 2
545 3495 1
7810 9421 1
7817 1569 2
2308 6993 2
1134 3248 1
4229 7710 2
7581 4267 1
2420 6750 2
3462 1042 1
6930 4513 2
9885 6180 2
6662 6377 1
5098 1527 1
3049 1695 1
3786 291 1
9275 8188 2
1067 6855 1
4588 5168 2
5220 7651 1
7699 415 1
3883 8621 2
4395 6143 2
604 5964 1
8193 5836 1
9321 6928 1
5736 5444 2
6741 536 2
293 588 1
6328 3930 1
7090 4808 2
7214 7374 1
5199 2726 2
5720 8755 1
61 2805 1
4617 7113 2
2257 6934 2
5706 3190 1
55 8162 1
6566 5634 2
2492 9923 2
5215 7866 2
6899 1945 1
8071 3344 2
6642 9558 2
9592 6697 1
6866 7235 1
6093 6238 1
241 6777 2
5382 5132 2
4819 5097 1
4808 724 2
5885 7125 1
3995 4731 2
1834 9876 1
2890 9083 1
8182 3922 1
4630 5745 2
8917 5965 2
8580 5469 2
1197 6441 2
6810 3445 2
8375 8957 1
5110 9489 2
5138 4916 2
1687 1264 2
5104 8285 2
9922 3171 2
184 380 1
4702 1981 1
1618 2870 2
4744 409 1
6926 4777 1
656 5075 2
6557 274 2
9082 1053 1
2886 900 2
910 4508 2
2883 9480 2
6601 4841 2
6305 3431 1
6858 4465 1
8516 1282 2
1557 3301 2
992 3451 2
836 4987 1
705 8297 2
6352 3499 1
8452 8040 2
3756 4594 1
5900 5719 2
2843 2866 2
8910 7496 1
7077 4816 1
3445 7059 1
4279 3077 1
767 9315 1
2687 8398 1
2813 7655 1
8275 1101 1
5223 5059 2
1947 2421 2
8726 572 2
1299 5025 1
1993 96 1
8571 462 2
9184 3916 2
7862 9932 2
4244 2163 2
254 6897 2
2845 8446 2
8398 8182 2
3914 3287 1
7719 8536 2
4269 4492 1
3484 7160 1
9676 34 2
8357 7548 2
2257 5872 2
8768 4908 2
6027 2368 2
827 9845 2
1659 9969 1
4764 6585 1
4504 6215 1
249 573 2
7883 6426 1
6288 5098 2
9380 7075 2
9553 8701 1
3011 1490 2
7310 7976 2
1183 3850 2
4642 1534 1
7315 3315 2
6087 2218 1
2204 9304 1
9614 7145 1
9900 4007 2
2699 1931 2
1610 1796 2
1607 1158 1
6448 9509 1
5709 6147 1
4828 855 1
6013 9855 1
6447 2312 1
4523 1436 1
5089 1979 2
1488 573 2
7787 6919 1
5576 1005 2
4763 2760 1
3939 8313 2
6948 1565 2
3733 6417 2
4155 5544 1
4855 987 2
235 1153 2
7747 208 1
7170 8707 2
4667 4653 2
9410 5902 1
962 7444 1
465 6243 1
1425 3592 2
3785 7387 2
2436 6900 1
8041 1553 1
9947 8789 1
7730 8131 2
1290 2011 1
9066 3445 2
9817 7821 1
3116 3965 2
2244 1218 2
5463 7592 2
2059 4024 1
2779 4004 1
9892 8624 2
5823 2084 1
7748 6864 2
9341 2912 2
4346 5616 2
4180 2818 2
7812 5022 2
2245 6905 1
1080 7642 1
551 9290 2
7901 9674 1
6084 2794 2
6607 5687 2
489 5861 2
1390 1918 1
7754 235 1
2815 6817 1
8843 1053 2
5738 7076 1
5976 5492 1
4826 544 1
4638 235 1
1456 7218 2
4688 6528 2
9473 3485 2
4019 7575 2
1107 6676 1
7442 7783 2
7636 9217 1
8554 9994 2
6675 6817 2
4127 7809 2
2261 3846 2
7430 3550 2
5025 3539 2
297 7209 2
5908 3892 2
2838 1180 2
1455 7027 2
6032 6327 2
9908 4452 1
1149 9980 2
6316 3530 2
3766 2516 2
932 8543 1
3162 2920 1
6314 8592 1
7339 9224 2
7397 655 2
879 7752 1
5211 2976 1
8880 3902 1
8425 2332 1
8973 9046 2
767 7633 1
4711 334 2
113 495 1
7252 378 2
1255 892 1
9760 801 1
7405 5842 2
8855 3246 1
2052 5740 2
1132 8096 2
3759 5708 1
3942 1322 2
3975 8424 2
8893 5443 1
24 4536 2
8673 9640 2
9474 10 1
84 6661 2
9528 4751 1
2251 1264 1
9364 3051 1
3728 7582 1
9233 5288 1
4211 2828 2
8416 5555 1
2116 7175 2
564 5006 2
1995 4052 1
582 5277 2
8993 2313 2
545 7865 2
2468 5362 1
1111 1760 1
2631 7389 2
4554 7426 1
8751 3518 2
3012 8694 1
8599 380 2
496 8915 2
4653 6210 1
1470 4007 1
1267 5503 1
9571 5700 1
4239 8566 1
3670 9598 1
9483 527 2
68 3646 2
6021 3396 1
9758 5458 2
1680 2197 2
3638 7786 2
1618 1444 2
7765 2957 2
9892 7434 1
8312 8370 2
1301 9088 1
2526 568 2
4103 8519 1
1084 3710 1
3777 3985 2
7385 859 2
5291 9381 2
1282 6791 2
6005 4703 2
9031 6320 2
3776 6157 2
2300 7319 2
307 9635 2
9977 8560 1
3287 9896 2
7611 1397 1
3340 7383 2
8577 8436 2
1170 5167 1
6143 1628 2
209 3572 2
8702 9364 1
9857 3051 2
9882 2213 1
4722 8354 2
4499 3195 2
4006 6677 2
717 1095 1
4034 5354 2
448 4400 1
5377 5031 2
4520 8381 1
5185 7542 2
5797 7133 1
2739 1704 2
5981 1535 2
9791 3871 1
8357 538 1
4254 3538 2
5644 7206 1
4702 9917 2
4081 7521 1
2258 2190 1
2743 9388 2
6895 8585 1
1416 7004 1
9121 3477 1
1983 4569 1
5236 7981 2
8700 2369 2
6394 6992 1
8452 4038 1
3772 3378 1
8767 2156 2
4657 7625 2
3320 4972 1
6088 6528 1
6369 5604 1
2708 3863 1
6940 581 1
523 5569 1
2179 5300 1
759 8468 1
3905 7241 2
3269 7021 1
4662 4275 2
8424 4474 1
7558 3601 1
5366 9581 1
8811 6938 1
6394 6224 2
255 6919 1
3201 6844 2
8643 2228 1
9101 8960 2
7691 6242 2
5765 128 2
4528 8344 1
2371 6531 1
3804 2829 1
3860 2901 2
7729 8816 1
9564 7267 1
8739 1009 1
9919 3105 1
489 6885 2
2425 1127 2
8560 9781 1
5639 4816 1
6616 5967 1
764 8986 1
9669 2868 1
7565 2136 2
8559 8664 2
5733 2195 2
2546 5414 1
3426 5029 1
3071 3914 1
9174 5212 2
89 8788 1
5591 3325 2
8345 6603 2
2751 1199 1
6715 7704 1
7196 3772 1
479 7879 2
8497 9587 1
6057 3530 2
5780 2296 2
6704 4245 2
2510 7651 2
5987 1859 2
7758 5293 1
2351 9055 2
5110 3670 2
2970 5228 2
8604 7442 2
4300 6894 1
2939 9047 1
7904 9583 1
2047 6752 2
5672 8635 2
1213 7149 1
4022 3332 1
648 2161 1
6500 9118 2
893 8355 2
5997 7124 2
3880 8813 1
9729 5794 1
9565 1728 2
6821 376 2
6688 6718 1
6481 3022 1
3597 6591 1
5328 922 1
8993 9149 2
6579 4571 2
3230 3479 1
2063 834 1
9355 6674 2
2922 4452 1
8834 8851 2
82 1113 2
1169 7238 1
4870 4448 2
8234 7274 1
9163 4073 2
3442 83 1
8840 6073 2
1013 2503 1
5194 714 1
3792 6833 2
3953 8152 1
6662 9794 1
6225 9685 2
6717 6698 1
1634 7989 2
2494 9763 1
4769 8227 2
4200 4551 2
2797 1451 1
1181 8533 2
3850 8237 2
5779 9328 2
4657 1425 2
5604 2160 2
3726 7021 1
1454 2911 2
9505 3793 1
7284 2796 2
5614 6715 2
2204 1356 1
5437 9683 2
7663 3972 1
154 6865 1
29 8944 2
3990 8385 1
9126 9856 1
4660 7238 2
9969 7797 2
941 2597 2
8841 9192 2
2652 8501 1
2427 100 1
4627 8118 2
4841 4023 2
4645 6 1
1514 3989 1
4617 381 1
583 7189 1
6334 8067 2
2736 3970 1
2417 5365 2
53 5099 2
5224 7700 1
1182 3091 2
7947 2629 2
676 7009 2
469 4802 1
3045 1890 1
7735 7239 1
2484 8946 2
1718 2310 1
406 2023 1
6440 2787 1
9542 1222 2
43 5513 2
5089 747 1
3951 4196 2
9339 3206 1
4054 165 2
8921 7977 2
8667 2609 2
1957 4059 2
1656 7330 1
3966 4983 1
4958 6100 2
5124 5166 1
9633 2009 1
6624 8241 1
5018 9158 1
7418 9224 1
5891 7748 2
8561 9197 1
6622 9632 2
3735 9762 1
63 427 1
8114 3559 2
7453 4458 2
5021 9188 1
4069 1479 2
9060 4150 2
647 9342 2
4748 265 2
6791 6769 2
9208 5731 2
1277 4341 2
2101 489 1
358 6611 2
9391 7864 2
8560 5880 2
5338 2781 1
2258 5061 1
8826 4317 2
3746 3295 2
4411 5774 1
6349 432 1
2698 8956 2
2466 1268 2
3561 5157 1
2519 7805 2
3439 2733 1
195 4480 2
6678 2139 2
5522 7110 2
8795 6970 1
9141 9676 1
9298 937 2
6159 9187 2
9008 1356 2
9993 1664 1
8367 6744 1
9166 6253 1
1405 5707 2
6976 9062 2
1277 6225 1
113 9789 1
6036 7248 2
3675 7975 1
9805 5069 2
8153 7261 1
3158 8197 1
7371 3996 1
689 7014 1
3398 1237 2
1316 8978 1
3122 3854 2
9465 6195 1
1322 4014 2
4591 4497 2
4223 9589 2
8583 766 1
7078 754 2
8295 7643 1
1749 3035 1
9851 2992 1
3610 6009 2
4303 5624 1
3940 953 1
8230 7250 2
7800 9708 2
5942 3681 1
2125 5047 1
2250 2733 1
1216 6196 1
3327 3937 2
2481 3888 2
3831 3498 2
4868 1787 1
9577 9870 1
2850 8699 1
2110 67 1
6501 8393 1
2326 7075 1
5487 3138 2
8113 9343 2
8051 1783 2
2087 6889 1
8123 8557 2
6657 3464 1
9649 1902 2
5565 2856 2
5861 3095 2
2781 8455 2
2045 6184 1
2808 9242 1
1552 8935 2
3416 9750 2
8715 989 1
5803 9175 1
3180 903 1
9155 9692 2
9770 8678 2
5030 8472 1
8890 2063 2
3678 6435 2
9435 7116 1
3657 520 1
7084 2730 2
3338 5141 2
2032 1801 1
2374 141 1
7009 3215 2
9289 745 1
3098 229 1
6703 2258 1
8556 1208 1
6011 8889 2
4586 9449 1
4451 9680 2
3469 1134 1
5745 9039 1
2608 207 1
7204 543 1
9508 3033 1
9021 6018 2
8526 8495 1
7923 6777 1
7812 660 2
3071 9004 1
9412 626 1
7424 8502 2
4190 7526 2
185 5943 2
276 6001 2
2638 7264 1
8769 4585 1
8411 3882 1
9039 9430 1
3053 3344 2
3599 1397 1
9686 2752 1
3030 5544 1
3149 2573 2
2090 9460 2
4092 2544 1
2121 8562 2
7680 5939 1
5682 4864 2
7533 9764 2
313 3325 1
3688 8777 2
4263 4959 1
794 918 2
985 8337 2
8660 2696 2
1596 2381 2
213 3629 1
3863 2422 1
5590 3818 1
7586 978 1
1599 5812 2
8839 6936 2
8751 3671 2
8072 5254 1
6759 7122 1
1880 3757 1
5839 5561 1
3920 1667 2
6257 3666 2
4076 528 2
2665 7433 1
2300 1969 1
6715 6748 1
2804 5049 2
8461 3710 2
4268 3003 2
1096 7272 1
3088 8209 2
5035 6644 1
1280 7032 1
9000 6481 2
2546 9985 1
3157 1074 2
3803 1778 1
2365 5150 2
442 3507 2
3325 8753 2
2142 6162 2
8647 1834 1
9578 8927 1
2562 3931 1
2968 5136 2
1591 1405 2
1827 3423 2
8374 8361 1
3467 3255 2
1823 9407 1
4549 1818 2
4858 8131 2
5145 5422 1
5968 2203 2
1810 3083 2
1471 3874 2
7761 447 1
5241 7833 1
5323 890 1
8821 6849 1
2518 2386 1
9837 4465 1
9504 6976 2
2223 4230 1
5736 2642 1
2365 5694 1
2211 2887 2
2300 6092 1
5544 9334 2
8088 4168 2
2149 9063 1
5743 3004 1
9976 2072 2
4146 7752 2
4710 9305 1
5703 6078 2
6311 9552 1
2921 7510 1
6072 2567 1
8230 1100 1
9208 2937 1
4512 8621 1
1435 3448 1
1229 7358 1
9130 10 1
7032 2389 1
417 6327 1
4013 3325 1
4512 2061 2
1728 8487 1
4891 4012 1
1815 9988 2
7738 7035 1
9179 4092 2
281 2497 1
4780 2441 1
6825 6924 1
5770 6220 2
6637 7822 1
1532 5976 1
9438 7498 1
9709 6418 1
4376 8044 2
7722 3207 1
2027 8622 2
6789 470 2
6458 1332 1
2965 9474 1
1007 2849 2
740 1073 1
1157 8575 1
271 4159 2
7245 4092 1
8682 4700 1
6266 2663 2
7130 8522 1
9653 2775 1
1576 3984 1
2985 1252 1
7173 857 2
2936 2316 2
3872 9990 1
3412 1344 1
3634 2344 1
2327 6084 2
8547 2471 2
5932 1602 1
8881 7822 1
3203 2248 1
2368 1836 2
4257 7317 1
4437 1028 1
7293 7552 2
842 7950 1
4341 8929 2
5518 7908 2
6007 4822 1
6130 790 2
4056 6896 2
4492 6838 1
4160 3043 1
5512 1277 1
1340 585 2
7970 9108 2
5739 9808 2
8077 2476 1
2642 3895 2
2319 4247 1
1704 5653 1
370 1196 2
8826 9987 1
9397 8950 1
3416 5260 1
3433 7686 1
7510 420 2
7061 7837 1
2700 894 1
4851 4995 2
9463 2293 1
2432 5811 2
2214 7348 1
496 6444 2
4429 7854 1
4279 7409 2
7317 1271 2
6705 5674 2
7370 3944 2
4203 3041 1
3724 4015 1
23 390 2
2383 301 2
6029 4780 1
9227 6838 1
5060 2793 2
5948 3108 2
3917 5306 2
7922 8181 2
6233 9532 1
7363 3800 1
909 6932 1
1877 7012 1
805 2921 2
1828 1010 2
5327 3556 2
9282 8174 2
6316 3543 1
1729 7193 2
3282 2387 2
4795 9290 2
3596 3680 2
9867 1624 1
8632 713 2
7537 7826 2
6392 8637 1
9970 6823 1
8770 3216 1
2342 3582 1
4976 7751 2
9273 5472 2
9713 2208 2
1866 4617 2
4902 344 2
846 3466 2
6118 9202 1
7486 1146 1
6906 6839 2
2549 6912 1
7697 1537 2
3555 8571 2
8382 6190 1
3373 4987 2
4517 5235 2
2506 3045 2
8417 3847 2
1623 5698 2
2705 8147 2
6900 6336 1
8359 7913 1
8101 8496 2
9048 4730 2
5123 8470 2
4862 2030 1
5048 6461 1
6393 2064 1
8886 6720 2
9369 6576 1
1441 4898 1
5494 4015 2
3696 3559 1
5417 6566 1
5520 4632 2
3200 2735 1
5489 1939 2
9342 1530 2
7399 6809 2
6664 9914 1
8538 9919 1
1129 2278 2
8422 5981 2
9151 4232 2
3884 2082 2
7451 5777 1
1199 2814 2
7557 3251 1
4072 5142 2
3542 2806 2
4899 7427 1
7149 3843 1
8336 3 2
1339 9932 2
1507 6711 1
2406 7074 2
2611 6420 1
7386 4221 1
5167 4466 1
371 1913 2
4276 9056 2
8868 1763 1
4936 398 2
2083 543 1
6163 5569 2
970 9669 2
7265 3234 1
9576 7856 1
257 6767 1
3406 2046 2
3096 1593 2
7971 5859 1
127 6773 1
3505 8565 2
5649 9323 1
1781 9505 1
9726 6618 2
1234 1781 2
1627 1154 2
5775 2676 1
4608 9960 1
8372 8053 2
6184 309 1
5553 3620 2
7268 5944 2
2872 3584 1
9369 5919 1
3790 4171 2
8973 2242 2
7102 5774 1
7998 2841 1
7765 9282 1
7131 3920 1
4759 9303 2
1801 3562 1
5833 2209 2
783 6635 2
7541 582 1
9146 6141 1
1065 1553 2
1194 7036 2
3944 7074 1
7059 7834 2
519 2444 1
3773 2092 1
945 4550 2
533 1994 1
4420 7739 1
8026 8179 1
1618 3258 1
2416 6359 2
9681 1862 2
2240 3659 1
3467 8342 2
8342 9913 2
9087 646 2
1250 7373 1
606 7173 1
7960 2633 2
6607 181 2
4624 1089 1
1499 5711 2
1062 9440 2
8065 9356 2
5723 3858 1
7235 6012 1
4914 2552 1
5896 7379 2
2932 5959 2
7512 6759 2
3725 9577 2
6419 8564 2
3196 1018 1
4618 1448 1
3991 1932 2
9460 5431 1
965 1859 1
1659 2504 2
5458 826 1
1788 6950 1
8062 3197 2
2987 9279 2
4878 3549 2
5628 4441 1
8666 1567 2
8187 888 2
8205 1165 1
933 7369 2
7065 1171 2
509 1963 1
1024 2883 1
2120 6385 1
8363 978 2
321 5745 2
791 8808 1
2950 631 2
964 9924 2
9145 2035 1
6372 6486 2
8176 3750 2
6866 7828 1
3717 2442 2
3864 2533 2
7414 8967 2
8135 6969 2
6214 1406 2
3347 6463 2
6938 530 2
6357 7596 1
718 2858 1
9927 5307 2
9118 6049 1
6251 6056 1
7261 1094 1
2085 8964 1
6545 429 1
460 5012 1
3300 6235 1
9517 6802 1
1189 893 2
2856 3370 2
5285 5410 2
5809 3374 1
1915 365 1
8288 6099 1
4112 4452 2
7858 2082 1
9012 7892 1
3653 4872 2
1415 8954 1
6640 7798 2
5504 939 1
2985 8145 2
4458 2957 2
6877 3331 2
7154 6284 1
9851 3320 2
6123 3222 2
5369 6866 2
1050 5711 1
158 4662 2
3337 7582 2
6742 477 1
5016 2654 2
1938 2516 2
264 5918 2
1541 7468 1
7358 4849 2
8360 5146 2
6678 1759 2
54 2568 1
6061 8658 2
9585 6755 2
1142 7786 1
8443 2891 2
6983 1002 1
4046 4454 1
4121 120 1
4341 4236 2
1723 9905 1
5824 1580 1
254 5042 1
3556 8390 1
8458 5600 1
3609 1952 2
5705 9585 1
42 8322 1
8455 321 2
2328 6329 2
3096 9983 2
7128 4071 1
50 2525 1
8240 8673 1
1390 1251 2
4670 3488 1
9211 2012 1
9777 8433 2
283 823 2
3646 5173 1
9077 983 1
1692 7490 1
6033 2612 2
9560 4159 2
223 5464 1
978 7580 1
2832 8659 2
8350 4120 2
9643 632 2
7621 7769 2
1498 1149 2
4065 6568 1
5850 1167 1
4852 9602 1
8927 1756 1
2033 8200 1
1085 1287 2
4018 6847 2
2864 5911 1
8673 3985 2
4837 936 1
1150 8779 1
6479 7368 1
7615 7133 2
6579 1787 2
1419 5837 2
8028 5768 1
8127 4868 1
8792 1322 2
4569 7663 1
3080 3569 1
4096 2351 2
8420 9550 1
633 2794 2
1925 8074 2
6739 1624 1
9386 6031 1
8365 6694 1
3411 1485 1
1322 470 1
6409 1799 2
8820 8333 1
9236 4004 1
8118 3652 1
8067 8398 2
7777 8760 1
2264 7382 1
6856 8651 2
9433 7230 2
8356 5904 1
1505 9709 1
256 4290 1
7564 2239 2
7805 2334 2
3518 8531 1
8128 6132 1
9037 4395 1
9471 8010 2
6227 7535 1
3240 489 2
7149 1354 2
5003 9006 1
5854 9483 1
9658 6586 2
6077 5462 2
9136 5347 1
6690 7889 2
3799 7793 2
1837 7159 1
8336 9473 2
4944 6168 1
3664 7222 1
7616 6167 1
3757 6883 1
1655 9707 2
8453 6258 2
7381 3374 1
567 7168 2
7066 1745 2
8583 4462 1
910 7670 2
142 18 2
5354 5509 2
3609 8180 1
1772 9464 1
9893 6401 2
7511 1918 1
3833 4124 1
7968 4140 1
3117 1416 1
9218 9335 1
9403 8655 2
635 3051 1
229 1550 2
8077 3479 2
8942 5158 2
814 1327 2
3279 2909 1
984 2953 2
7108 4699 1
8314 3808 2
1085 6830 2
6901 1220 2
6222 8198 2
3519 1960 1
6303 1865 1
3348 7763 1
8396 6656 2
7056 5344 2
1333 3176 1
8790 1230 2
8528 4403 1
9324 4400 1
6690 5684 1
9964 6605 2
202 4646 2
5813 3569 1
23 9126 1
1625 6139 1
9148 3829 2
1372 4877 2
4531 7383 1
6203 3295 2
7511 3270 2
5618 9709 1
1464 2031 1
1109 3156 1
1003 3203 1
3400 2185 2
5144 1096 2
6903 1778 2
8090 8518 2
5423 298 1
642 5547 2
8371 2545 2
4341 1927 1
5560 8538 1
2505 3953 1
7849 8300 2
9500 1952 2
4643 2786 2
4621 3570 1
330 9291 2
8961 6472 2
6643 3674 1
9599 7352 1
3848 8455 2
5733 5898 2
9655 5020 1
5361 7740 1
9043 1720 1
9448 5678 1
3218 9984 2
9602 1591 2
8989 889 1
1116 2686 2
8915 8719 2
5861 5297 1
2710 3138 2
2481 5793 2
3548 900 2
9129 8980 2
3823 9692 1
8457 8658 1
7294 9109 2
6865 8073 2
4554 7615 1
7813 6154 2
7866 3693 2
4061 4633 2
1607 182 2
3797 1696 2
7552 9765 2
9326 6988 1
7879 1609 1
1339 543 2
2243 2405 2
2437 3837 1
1452 3921 1
5080 399 1
4258 3095 2
7732 3875 2
1255 1495 1
2524 425 2
3504 1539 1
186 631 1
9335 2660 1
5177 7335 1
2012 2771 2
4570 1940 1
1632 593 1
9712 4913 1
1272 8031 1
9204 3217 1
2224 39 1
3153 6096 2
2629 9233 2
7017 4072 1
4922 3039 2
9646 8445 1
2692 2978 1
442 3554 1
5342 9921 1
9848 1746 1
9702 4025 1
1928 2376 1
8926 9576 2
5727 6262 2
620 2754 2
1636 962 2
4154 8012 1
9317 3605 1
6854 3332 1
9392 7162 1
1859 1958 2
6250 165 2
8679 7080 1
5963 9497 2
5451 7135 1
3072 4929 1
2990 9192 2
5960 6872 2
7954 5232 2
8424 2209 1
4238 9916 2
1175 8640 2
7226 8643 2
1522 1118 2
2166 2398 2
1273 5753 1
9171 2127 2
8848 6929 2
7880 4823 2
479 5757 2
1790 5326 2
275 5124 1
9925 239 1
2907 3780 1
6333 8553 1
9387 9727 2
5886 2143 1
3212 121 1
9872 3145 1
3354 8971 1
5715 5201 1
3125 4467 2
3225 2455 2
6097 290 1
9639 2014 1
7238 7852 2
3256 9068 1
8816 6060 2
9786 3166 1
5567 4397 2
7406 2689 1
7481 2578 2
9676 8698 1
5892 6431 1
6589 8799 1
4028 9213 1
1279 9148 2
2547 1850 1
9573 960 2
5531 6039 2
132 685 1
2462 1880 2
2216 8459 2
6039 5079 1
781 1205 2
791 8370 1
7702 4746 1
6896 6537 1
3289 4717 2
3949 8897 1
5952 8326 2
6041 2883 1
3561 9568 2
3283 365 2
1640 2329 1
112 640 1
2720 3428 2
7065 3904 2
6126 4026 2
5033 9400 2
5374 9636 1
2960 1907 1
7363 8563 2
8851 7460 2
4803 665 2
7849 9599 1
3993 6813 1
4799 4909 1
8386 6939 2
8213 4588 2
4896 4482 1
863 4269 2
7882 6916 1
7206 4292 2
7930 6057 2
9924 7820 1
1837 1500 2
875 9488 2
2279 5884 1
9295 9267 1
4364 3517 2
679 2185 2
6872 6853 2
7568 5260 2
9208 7983 2
8314 5048 1
1551 523 2
1033 3391 1
7682 3036 1
5797 6741 2
8716 2568 1
4250 2037 2
9531 8156 2
8585 9290 2
5649 1526 2
7157 5863 1
660 4249 1
5975 7632 1
4462 4700 1
9131 494 1
237 267 1
7217 9872 1
8708 661 1
3261 468 1
1721 7340 2
8822 3106 1
4645 6264 1
5675 4097 2
6855 5460 1
2361 9424 1
9649 7568 1
3766 2559 1
361 6541 2
3626 7155 2
8218 8740 1
913 6101 2
2465 9856 2
8714 8564 1
7328 4351 2
1659 958 1
4238 5684 2
7418 1675 2
8068 9992 2
2517 4947 2
4161 7493 2
6571 7490 1
6792 1162 2
6401 6171 2
7389 9866 1
6543 3586 2
7116 6252 1
2528 7825 2
9810 9468 2
4245 7220 1
49 9433 1
1587 9021 1
3632 6629 2
4416 9088 1
7497 2424 2
954 7352 1
8138 9854 1
9664 6881 1
3813 3796 1
231 6667 2
239 7439 2
6230 1518 2
9124 4101 2
9498 4208 2
4834 7713 2
4803 7648 1
8985 7331 1
2101 6207 1
2210 8558 2
8664 34 2
9589 4137 2
4489 1009 2
9249 4255 1
4151 8299 2
280 5246 2
8022 2704 1
1040 4924 2
8431 5365 1
8419 701 2
9166 964 2
3327 5006 2
5219 6713 2
3223 2942 2
4162 4662 1
4161 5279 2
8371 9920 1
7975 9018 1
6066 6351 2
9142 5656 1
9408 3282 1
9425 1561 2
8336 5657 1
4462 1153 2
7819 3353 2
4616 2454 1
669 476 2
3740 2468 1
4533 4030 1
2348 681 1
2201 8177 1
5759 345 1
2528 8010 2
4638 7434 2
710 3889 1
4793 2217 2
9451 2277 2
3312 836 1
3844 2390 1
3851 8670 2
9273 7545 1
4931 5391 1
773 4216 1
3302 5201 2
2250 559 2
2263 3924 2
9146 7648 1
9355 5978 1
9199 2176 2
5837 1788 1
6227 4456 2
2059 195 2
521 6069 2
2246 5584 1
6466 1240 1
2086 436 2
857 9526 1
1444 2056 1
7960 4729 2
7951 5719 2
8736 7053 1
7304 3423 2
9701 7700 2
3669 3812 1
3072 2259 2
8273 2973 1
6059 1042 1
9482 3413 1
8232 416 2
4738 9531 1
1035 3629 2
1183 4370 1
2331 7919 2
1436 5666 2
9973 8813 2
3525 5941 1
6041 3671 2
7727 1659 1
8267 4124 2
7005 2246 1
8963 9473 1
1580 3967 2
5582 6417 1
9480 9855 1
3642 7272 1
3077 5863 2
1438 2295 2
6983 1353 1
9968 6035 2
8378 9084 2
4029 7670 1
59 6764 1
8628 909 1
5420 6599 1
3483 4344 2
9524 3361 1
3225 7133 1
1165 9217 2
554 3252 1
8021 4322 2
3695 7596 2
2797 35 1
2331 7285 1
461 8471 2
3351 7701 2
7326 8502 2
1870 3251 1
4942 4730 1
7074 4159 1
2672 595 2
7333 472 1
3289 8964 1
6625 4580 1
2404 7475 1
4321 4940 1
1167 9533 2
1925 1693 2
8332 8623 2
4002 2904 2
7473 8030 2
9600 4290 2
4488 6000 2
5466 661 1
8240 7057 1
3489 1053 2
4026 9871 2
9322 3228 1
5660 430 2
2459 7 2
9490 6102 1
370 6183 1
9672 8720 1
366 73 1
6881 44 2
8180 3246 1
131 205 1
9835 364 1
7705 1547 2
2656 6043 2
9168 6768 1
4739 5144 2
8906 2124 2
2680 8821 2
2942 7106 2
4216 6759 1
4821 2376 2
813 4807 1
7887 731 1
697 3042 1
6556 4552 1
2320 7833 1
5812 2372 1
7769 5490 2
9040 2374 2
2513 2293 1
2126 1287 1
4007 9535 1
2720 3001 1
4033 4706 1
605 3229 1
3222 7971 2
2527 4875 2
7539 7723 1
8020 1454 2
5686 2439 1
5166 9621 2
8838 3592 1
899 900 1
9384 7524 1
1677 8817 1
8491 8371 1
3402 2919 2
9486 4818 1
4029 1174 2
7892 3700 2
8475 3729 1
7063 6444 2
2240 4446 1
5074 1844 2
8984 3194 2
4198 5353 2
6294 691 2
7590 7308 1
8224 2572 2
2507 8674 2
4624 6076 1
8864 8037 2
6725 751 2
198 9794 2
4080 4499 1
3698 1561 2
7512 2941 2
3082 720 1
8774 130 2
7484 8480 2
8697 606 2
7816 6598 2
5972 928 1
5840 8068 2
8187 3724 2
1023 7917 2
5738 2824 1
1823 476 2
1662 3903 2
9777 2318 1
6073 2177 1
922 899 2
9938 6433 1
9040 1505 1
8659 7878 1
3601 4209 1
9193 3802 1
2156 2912 2
4904 2862 2
389 1279 2
4517 132 2
9798 9828 1
4218 9508 1
169 839 1
9093 519 1
4895 6310 2
3016 4607 1
6444 2737 2
1611 7773 1
5480 7390 1
8406 9802 2
6415 9926 2
8472 2607 1
2738 8054 1
9011 5644 2
1412 8064 2
156 4597 1
5966 167 2
9088 8112 1
9452 3366 1
762 6632 2
9118 8602 1
2446 5117 1
4456 3475 1
6562 6338 1
1026 1367 1
4895 9310 2
1624 2320 2
3236 5643 2
5290 5865 2
5747 122 1
1278 292 2
2179 9997 2
2457 4519 2
1484 8236 2
7610 6602 1
7534 5089 2
192 4810 1
1530 9996 1
254 7050 1
6183 6063 1
9294 1741 2
5599 5426 2
6139 5965 1
2031 1440 1
1141 5831 1
7306 233 1
4385 7757 2
2311 3023 2
6359 5554 2
5535 969 2
8978 1298 2
8048 1506 1
5715 2999 1
5628 3930 1
8991 1285 1
3690 3460 2
3036 1407 2
1332 8119 2
3064 6079 2
200 9070 1
3394 7570 2
6728 6648 2
9839 2986 1
7881 8792 2
7526 6202 2
2295 309 2
5333 317 1
432 1915 2
3210 8816 1
2661 4185 1
3466 7156 2
7452 8306 2
5837 9661 2
1136 8092 1
3504 1637 2
8095 3091 2
1730 4841 1
7099 9591 1
551 6875 1
1450 8969 1
9032 95 1
8551 8338 2
5121 1038 1
6830 2285 2
5026 709 1
7811 9464 2
6447 2375 2
3068 6871 2
1072 983 1
4290 7201 1
9569 4671 2
7061 2513 1
4867 6701 1
6405 9174 2
4761 9520 1
1161 4691 1
5164 6959 2
2316 8976 1
7000 7490 2
7483 4903 2
9853 9303 1
7688 3352 1
5550 4766 2
1514 1733 2
8261 2878 1
4859 7751 2
8989 1566 2
3097 3239 2
3511 6748 2
5301 5429 1
9798 6714 2
1927 5157 1
7219 6508 1
8712 5261 1
617 7179 1
4246 9849 1
9306 9877 1
8483 9735 2
4168 9562 1
5047 6699 1
9389 9985 1
522 3932 2
1540 2833 2
7243 9781 2
9261 136 1
1467 8597 2
1645 584 1
4738 1584 1
8859 5397 2
7577 9403 1
3333 4744 2
3247 7251 2
7337 7599 2
7765 7799 1
716 4218 1
4897 9242 2
9782 6992 2
4623 9570 2
8580 7848 2
4715 5500 2
3301 3696 1
1544 4357 1
9582 2362 1
3900 3138 2
4150 7386 2
5490 3097 1
6602 6153 1
8198 182 1
7034 4117 1
8653 3047 1
5306 8991 2
2250 1440 1
9506 3899 2
3994 24 1
5119 2947 1
5769 1402 1
1840 53 2
4987 7958 2
4457 3648 2
9780 3005 1
9731 5099 2
8704 1416 1
9242 1359 2
3932 8065 1
1038 2472 2
3962 5208 2
435 9959 1
2450 6271 2
6193 195 2
651 3391 2
2900 4595 1
8406 353 1
3405 6597 2
660 4518 2
4351 6267 2
7035 8704 1
6963 4169 1
6613 4406 2
3636 6664 2
4112 2740 1
980 8758 1
5471 1896 2
533 5604 1
8119 5911 2
8273 4406 1
8755 3542 2
6211 8359 1
8897 3265 2
8396 482 1
6323 3367 1
4127 6970 2
2447 4699 2
5812 6835 1
5807 9589 2
9321 422 1
386 2895 2
9724 6417 1
7433 6441 2
9090 1365 2
2203 4854 2
3268 486 1
5153 1549 2
1373 2431 2
9578 520 1
5629 8859 2
4457 2328 1
2521 6285 1
1730 1055 2
2856 2217 2
112 6436 2
5063 8569 2
3378 2211 2
8166 5129 1
2538 3914 1
6921 4426 1
8845 2062 2
137 1619 2
8021 9716 2
4640 2203 1
1170 9992 1
2240 5873 1
5748 505 1
813 180 2
5939 5419 1
6734 8236 1
9176 1107 2
3344 3359 2
3281 3727 1
3763 7340 2
6721 796 2
1099 3588 2
6781 8478 2
8064 4523 2
6816 2667 2
9342 7772 1
5928 5568 1
7590 3874 2
5526 1275 2
651 1680 2
2674 5791 1
550 3978 2
5173 9379 2
2227 5882 2
7678 515 2
8482 8028 2
8702 1870 2
8855 1842 1
4059 8166 2
6153 8592 2
2993 9171 2
183 9521 2
2876 496 1
6606 7792 1
3391 7308 1
4820 976 1
5120 6379 1
4657 8437 1
1753 8051 1
7057 3769 2
425 4127 2
5091 7256 1
9441 3455 2
3709 1156 1
8680 7094 2
1605 4993 2
9896 6107 2
873 4762 1
1262 3129 1
1464 9130 2
4173 9726 1
4599 356 1
6300 832 2
4430 2284 2
8371 2163 1
792 5516 1
5778 1428 2
1942 6208 1
3915 2 2
5005 4042 2
1203 7999 2
5843 5455 2
4229 6051 1
4022 6215 1
6974 4697 1
2437 5249 1
1298 4513 1
597 189 2
6006 3020 2
1629 3152 1
8084 1443 1
1578 8163 2
5850 161 2
812 3189 2
8635 2900 1
3031 4500 1
6396 8976 1
1395 9976 1
9912 3996 2
3309 5881 1
1997 4418 1
8548 6691 1
3453 4323 1
172 2569 2
5678 2241 2
3166 6656 1
7354 8004 2
9894 7327 2
6816 3526 1
5940 405 2
2097 2551 1
5484 9507 2
8372 6377 2
7558 8910 2
3970 8532 2
8302 9535 2
1962 5444 2
6597 6114 1
4670 2534 1
9822 3322 1
389 7023 2
3634 811 2
9063 6245 1
669 2527 1
2948 3523 1
9918 8018 1
9565 5770 1
1323 4902 1
5657 3722 2
2875 7360 2
5170 4989 1
1018 3097 2
6246 4381 1
3800 7581 2
8230 1593 2
4026 9087 1
7850 2580 2
6696 3476 2
202 1958 1
349 3779 1
5718 1273 1
491 572 2
6560 5757 1
1636 8686 2
8157 7796 2
6818 7598 1
1320 5862 1
9871 5575 1
3391 8223 2
8334 2181 1
8804 8764 1
5408 8185 2
5869 2114 1
128 7496 1
6036 8519 1
3000 7916 2
8295 6919 2
2857 2593 1
4217 5920 2
4631 6169 2
9328 3574 1
8699 7049 1
3813 5104 1
79 2250 2
6423 185 1
5285 4952 1
8616 5776 2
3505 6950 1
1422 9176 1
3754 8361 1
1795 9161 1
8797 8921 2
9862 9469 1
7370 7683 2
7880 4500 2
6565 7273 2
2112 8336 2
8038 1456 2
5639 9834 1
1738 1889 2
6861 2907 1
4335 6520 2
450 6900 1
1612 5784 1
2638 6902 1
6583 6854 2
137 11 1
8445 7002 1
7203 3659 2
4861 4561 2
2926 6984 1
3981 8077 1
2287 5459 1
9924 83 1
5072 116 1
1230 7292 2
1841 9350 2
3308 4148 1
6323 3960 1
369 8159 1
3483 5981 2
1030 1903 2
7365 237 2
7126 2783 2
3823 4466 2
6979 9083 1
7321 5116 1
8607 4949 1
5660 3469 1
5300 2338 2
6848 9102 2
6269 811 1
1716 8632 2
1450 2749 2
4745 1244 2
1280 5769 1
6487 1500 1
4439 5316 2
9352 2207 1
3594 1304 1
5112 5505 2
1994 5474 2
5915 7088 1
9932 4818 2
6215 6784 1
8406 4382 1
4021 584 1
2246 9023 2
8596 9171 2
7675 6290 1
5799 2576 2
1450 5432 2
50 8579 1
3386 6614 2
4288 6290 1
1624 5078 2
9824 7272 2
9380 5572 1
5491 2021 2
8434 2595 1
8384 5915 1
2299 2998 2
4641 9875 1
3401 8438 1
9027 4583 2
7678 2642 2
1594 7669 2
8526 1771 1
5178 9538 1
9984 4308 2
7199 3092 2
8753 5848 2
8566 4535 2
3136 2723 2
3042 7786 2
2131 9784 2
5944 575 2
9041 2650 2
6483 7374 2
7367 2291 1
2177 8770 1
3875 6832 1
8291 4666 2
4412 3074 1
2977 6218 1
456 3086 1
1012 9976 2
8755 9470 1
1547 7199 1
5343 6063 1
5894 5823 1
670 1537 1
5150 5627 2
3674 1466 1
3531 8585 1
2078 4819 2
8124 3254 2
955 9049 1
5155 2512 1
4756 9181 1
5510 7898 2
6626 6533 2
7888 2667 1
2480 7065 1
109 9247 1
2255 7462 2
7889 4036 1
8868 1710 1
3570 2095 2
3670 9990 1
5658 7189 2
1728 6215 2
3158 2050 1
2645 2143 1
9193 8549 1
7990 1085 2
2154 1922 2
3630 583 2
2113 2798 1
5655 4695 1
1038 8471 1
2386 2778 1
4563 3162 1
1124 3216 2
5045 5739 2
1459 3423 1
3806 1360 1
3341 912 2
7566 8806 1
9361 8512 2
5766 5691 1
2307 4801 1
6587 7106 2
5517 8470 1
2841 4178 1
5209 682 1
6813 6423 2
2136 1418 1
218 3392 1
8398 7190 2
7237 2879 1
6691 3172 1
3257 4604 1
9955 6925 2
9396 7283 1
9775 2783 2
72 6993 1
730 777 2
9723 6426 2
1549 4130 2
6135 3222 2
9428 6002 2
9707 6448 2
6639 6182 2
9528 5110 1
4194 8977 2
3972 1196 1
3541 5766 1
5499 4969 2
6340 5279 1
4617 4775 2
5824 5801 2
4017 2727 2
2620 3653 2
3769 523 2
5248 6249 2
5052 315 1
6506 2221 1
2358 3569 1
7065 8031 2
332 3164 2
6192 1391 2
3361 5617 1
6537 5283 2
66 8133 1
3439 5764 1
524 2788 2
7170 5072 2
2240 7486 1
2039 4694 2
917 4372 2
6838 125 1
5654 303 1
6954 4253 2
2112 7738 2
7781 7203 2
8838 8627 2
6345 9042 2
3613 126 2
2687 189 2
5280 8562 2
8340 7790 1
1517 3113 2
5095 7746 1
6341 4196 1
3661 4603 1
7344 3670 2
333 5437 1
3143 660 2
8949 2561 1
3800 7019 2
6819 4548 2
3830 9066 1
6924 3401 1
8791 9539 2
4392 803 2
1908 7935 1
1364 5132 2
7164 7607 2
9839 6546 1
4753 5611 1
925 8036 2
6537 1471 1
7943 7481 1
9694 8553 2
2985 6793 2
1567 357 1
387 2162 2
8829 2529 1
1609 3540 1
3871 833 1
6643 1221 1
6654 5564 1
9901 4815 1
1977 5277 2
9688 2109 1
1235 1123 2
3783 8113 2
2704 2321 1
2915 2865 1
6571 4495 1
392 9525 1
5523 8007 1
5174 875 2
2586 8440 2
1872 612 1
2341 951 2
8368 5508 1
9823 3641 1
4193 7077 1
693 6347 2
1380 7653 1
9147 5722 1
1372 6003 2
6869 7883 1
1682 8230 2
2319 1060 1
6705 6998 2
4726 5585 2
1163 1761 2
4957 8272 2
6002 6744 1
4137 7365 1
8496 1967 2
4693 1783 2
2592 3360 1
9871 865 1
6690 3560 2
9849 402 1
6571 6713 1
4681 7501 2
8546 8855 2
8057 7306 2
8917 2923 2
4279 4019 2
9698 4771 2
310 680 1
5374 8784 2
7660 4060 2
337 6294 2
4018 9765 1
2552 3231 1
1367 5279 1
3426 7897 2
7197 2410 2
260 3875 1
5259 9560 1
9797 5556 1
6409 128 2
5090 3764 1
2183 958 2
6619 3969 2
5350 4016 1
8980 6188 2
5197 426 1
5285 7001 1
6357 9987 1
5947 3139 1
5470 854 2
6677 3365 1
872 1122 1
9975 3442 2
1115 5627 2
2234 7950 1
1327 3062 2
234 1378 2
7044 6081 1
663 6908 1
4892 8825 1
3685 4812 1
8252 4593 1
9964 5401 1
4015 7442 2
9336 1754 2
3907 5701 2
8282 6558 2
3097 3083 2
5317 5172 1
1913 8374 2
3010 9939 1
6412 3789 2
156 7684 1
7680 1740 2
9109 5459 1
2456 5697 1
8399 6785 1
9130 4688 2
1620 1493 1
3071 1680 1
2847 6102 1
6966 9628 1
7713 3347 1
6641 932 1
9389 2187 2
966 9977 2
555 2901 2
1151 8676 1
4681 2522 1
5643 8623 1
9493 5942 2
4219 6330 2
7124 9626 1
6437 6296 1
63 2525 2
4773 6735 2
5505 2934 1
4407 1500 1
8778 8596 1
110 3501 1
3855 7942 2
5408 7525 1
2439 8819 2
3768 5643 1
6479 4596 2
1507 8763 1
5447 5429 2
3603 1203 1
7907 8744 2
6495 1079 2
572 4369 1
6177 1935 1
2716 27 1
5766 9428 2
5989 7041 1
4530 3862 2
859 6390 2
3418 3800 2
949 5550 1
7815 6034 2
6624 4546 1
5434 1647 1
508 9376 2
2850 429 1
3533 2041 1
391 5519 1
7787 1762 2
4563 1486 1
5298 2099 2
5108 8340 2
5107 9691 1
3036 1807 1
1250 6713 2
5297 6260 2
8485 5573 1
4253 8650 2
9563 2293 2
2574 2459 2
9299 5016 2
6999 7558 2
6497 5583 2
7054 8128 1
3932 6766 2
8844 6030 1
5683 8144 1
2480 7788 1
5523 3681 1
4540 7353 1
8066 865 1
4518 8425 1
7224 791 1
2441 7378 2
8353 9516 1
2226 2719 1
5324 3372 1
947 7136 1
6367 3001 1
1619 1352 1
784 1400 2
5387 1886 1
397 4545 1
4010 8252 2
8981 4963 2
5795 579 1
3869 4718 1
6458 6629 1
3245 4311 2
6091 7562 2
8208 6247 2
7619 8156 1
7895 716 1
8356 7642 1
5239 6503 2
2614 6697 1
8358 7901 1
2864 5246 2
8754 998 1
3827 6037 2
4330 8113 2
2032 7518 2
3235 6334 2
588 9594 2
3428 5714 2
6867 4242 2
8282 6663 1
5011 5921 1
7829 3065 2
9452 2869 1
3417 522 1
9847 1826 2
9758 4670 2
988 8654 2
8529 592 2
986 1254 1
4273 6476 2
6755 3560 1
7698 3955 1
7645 7943 1
6669 3994 2
4194 379 2
702 3050 1
2320 2126 1
2005 7842 1
6347 751 1
1686 6449 2
4102 6179 1
361 7692 2
4350 3903 1
4426 526 2
7535 4250 2
8163 1676 1
6979 2508 1
2444 8795 1
4908 9897 1
5054 5159 1
8244 8621 2
7458 9373 1
2227 759 1
3175 6591 1
6858 8813 1
4604 9140 2
9868 5974 2
1142 2694 1
3312 9918 2
2672 4834 1
6961 9669 2
7878 9404 2
5390 6928 2
7417 5160 1
8378 8423 1
382 3698 1
2301 2213 1
2783 8087 1
6193 348 2
168 2618 2
6773 2142 1
1851 2000 2
6942 6261 1
9949 7412 1
2977 1451 2
9478 212 1
5115 7539 2
8629 2081 2
3785 1710 2
7978 19 1
6784 6871 1
1658 4067 1
7846 3832 2
9999 5760 1
4375 1746 1
9557 5755 1
4001 4473 1
7710 74 1
6392 9878 2
863 5656 1
1139 5891 1
817 7107 2
5133 2018 1
17 8349 1
8229 8263 1
9696 3549 1
3102 5417 1
3539 8363 1
832 1909 2
9204 3031 1
2053 6987 1
3247 4530 1
7132 2031 2
7846 2163 2
9914 9033 1
9038 6899 1
1348 7782 1
1184 8993 1
1607 3028 1
7145 9872 1
48 9018 2
3082 9956 1
4068 9582 1
1976 7897 1
9961 349 2
8125 5596 2
235 7062 2
4405 9023 2
8360 463 1
3074 57 2
8548 3759 1
5081 4964 2
374 9666 2
6883 910 1
4169 8057 2
1277 952 2
2556 599 2
696 3898 1
4515 8261 2
4921 1437 2
2131 4142 1
5914 2399 1
3818 3332 1
3655 9779 1
6533 3145 2
5635 206 2
8871 983 2
3472 2747 2
361 8633 2
4634 4680 1
2132 3279 2
2749 3095 2
5049 2622 2
810 1870 2
9754 782 2
7591 1527 1
6862 842 1
3372 9153 2
113 7795 2
486 2221 2
593 638 2
1239 7809 1
7010 3873 2
9556 7161 1
6251 5754 2
6262 4305 1
9495 2872 1
874 7244 1
3653 9856 1
417 6544 1
8217 7289 2
7568 9704 1
3992 8944 2
4225 3345 1
2496 2405 2
8257 1437 2
5806 5788 1
7424 5027 2
8277 3966 2
7732 6220 2
318 9973 1
6294 7176 1
5730 1139 1
4483 3015 2
4162 6364 1
7596 7137 2
5408 3287 1
3254 4351 2
9395 2561 1
3275 8399 2
2263 2921 1
9336 2083 1
650 3685 2
2429 1363 1
7329 7036 1
9488 5142 1
8705 9659 1
4682 2253 2
7878 272 1
2984 9929 2
4847 9618 2
6059 5168 2
2703 6055 2
6585 2332 2
9886 2811 1
7849 3451 2
4759 9904 2
1003 4448 1
952 2905 2
254 2080 2
8276 8013 2
1912 9959 2
7236 3050 1
9890 2273 1
5746 9168 1
9001 7921 1
6268 1058 1
3438 4893 1
3095 8713 1
6695 575 1
778 3392 1
1580 3942 2
623 7241 1
2794 9955 1
8453 6870 1
1748 8365 2
4240 2193 1
5933 9389 2
4119 6084 2
175 6482 1
3238 8290 2
9095 7679 2
2778 6493 1
8294 4664 2
6423 9533 2
546 201 1
2197 4735 2
6323 5375 1
911 1715 2
3286 9324 1
5027 190 1
5006 3271 2
2660 7638 1
6526 8922 2
5947 6281 1
3648 1138 1
6050 9078 1
7409 307 1
520 3489 1
1858 6098 1
6688 6756 2
3129 4393 2
1313 2073 2
590 7350 2
8823 257 1
6174 3692 1
6449 2896 1
1804 9760 1
9105 7550 1
331 173 2
9519 9303 1
5029 545 1
134 8748 2
4567 286 1
7110 4944 2
8626 2378 1
3552 3788 2
2364 6767 2
8845 8460 2
2365 4027 2
696 8080 2
1699 8513 2
175 6732 1
8734 7671 2
5766 6248 2
4724 8966 2
227 1408 2
6974 6829 2
1987 4917 1
4905 5582 1
9300 4506 2
4791 8848 2
2697 9624 1
1131 5003 1
2586 1274 2
560 3343 2
7921 5058 1
9283 685 1
685 530 1
4660 7916 1
7475 7156 2
3338 6774 2
5400 275 2
4220 9416 2
9480 4911 1
6248 7477 2
4066 6173 2
9183 9764 1
6170 3413 1
5863 5902 2
854 434 2
3448 7281 2
4914 6646 2
2144 8063 2
1388 6979 1
2991 9103 2
968 5858 2
331 6443 1
492 8464 1
238 7169 2
8325 9388 1
1667 5043 2
2689 5723 1
7820 3543 1
3907 6052 1
7983 7591 2
147 3637 1
5444 1025 2
3531 7468 1
4041 2872 2
4203 6190 1
3806 8289 1
9205 9923 2
9225 9655 1
1665 8232 1
4004 4408 2
5387 4828 2
3770 7462 1
6528 6323 1
4269 1335 1
5205 3878 1
547 870 1
7056 3409 2
2644 8431 1
8125 6100 1
9774 6422 1
5450 7763 1
3217 7937 2
3259 1622 2
5348 9466 2
6775 1817 1
7550 574 2
4137 9501 2
8173 1312 2
5071 2597 2
8995 9654 2
9375 9098 2
2564 3227 1
6365 7816 2
5497 1100 2
2598 4255 2
7936 8667 2
4169 4322 1
7321 7823 1
8873 2955 1
810 3362 1
1548 2805 1
1437 3458 1
2079 2385 1
7709 9936 1
5279 3330 2
9628 5492 1
7569 577 1
6672 2711 1
9931 6665 2
9249 2983 1
1209 8540 1
669 4615 2
9145 8364 1
3925 9084 1
447 195 2
6493 1569 2
8178 3788 1
2095 8932 2
7645 4215 1
4473 7302 2
4863 9657 2
8778 4015 2
6859 5561 1
5817 7672 1
6617 3317 2
1022 8448 2
7299 923 2
3799 3400 1
9593 4512 2
8869 6598 2
1309 4236 1
7484 9350 2
9304 9260 2
1447 8996 1
1987 1039 2
193 2723 1
5599 1210 2
9372 9977 2
238 1476 1
8830 9345 1
8407 6394 1
4112 3687 2
7974 2972 2
14 1936 1
7113 4270 2
2553 1215 2
5732 8328 1
408 2961 2
9758 5943 1
8754 4658 2
4738 4410 2
229 1510 2
9919 9381 1
7395 9233 1
6456 8657 2
2720 7487 2
1333 1658 2
7957 3789 2
7072 8032 1
5696 5278 1
1449 4423 2
9954 439 1
8211 9447 1
4335 9026 2
1156 3580 2
9089 9199 2
9529 679 1
1990 6815 1
3216 6779 1
7966 9448 1
5628 3169 1
5198 1396 1
9908 9572 1
2527 5153 1
5172 7014 1
1071 9778 2
9402 9977 2
1966 8428 2
7018 1895 1
2499 3130 2
219 8683 1
6341 2202 2
5192 7590 2
4531 3038 2
9680 2987 2
2876 5180 2
71 7298 1
5159 478 2
6915 121 1
6717 3571 1
3743 3054 2
9930 6236 1
107 1798 2
3200 9184 2
5850 3322 2
5043 5912 1
5026 1365 2
125 851 1
160 8263 2
6092 1524 2
7809 165 2
9184 2559 1
9850 1910 1
2718 3856 2
4658 3111 1
8495 1315 1
995 4424 1
1745 6509 1
1196 8686 1
5253 1474 2
9745 6255 2
5247 6540 2
2329 9960 2
3194 9707 1
2911 666 2
5937 1487 1
6947 2937 2
8551 1888 1
9638 7132 1
4320 2071 1
4945 368 1
518 4194 1
8142 3029 2
8613 2244 1
4253 6159 1
4590 6562 2
6945 1606 2
5464 2167 1
7537 214 2
5290 49 2
5367 6960 1
8579 6018 1
5044 6232 2
7411 3999 2
2426 5061 2
703 4885 2
9201 6387 1
9520 4527 1
3171 7108 1
8676 5217 1
2815 1707 2
2924 4816 2
3785 3104 2
8813 232 1
1145 4575 2
4143 7013 2
1496 7896 2
1345 2138 1
4598 3056 2
8659 4557 1
5239 511 1
8298 9528 2
6624 7329 2
7711 7578 1
4303 2373 2
7440 6420 1
1681 7425 2
5822 5661 2
810 8587 2
5582 5663 1
7824 2257 2
6968 9671 1
240 7619 1
2203 6488 2
8984 4163 2
6071 9529 1
3995 4044 2
6833 3826 2
8417 9992 2
5715 9619 1
7492 6137 2
9769 8334 1
2947 1953 1
6932 2760 2
3698 1385 2
3387 6812 2
4153 222 1
2054 5816 1
1233 8015 1
3601 3133 2
3866 8881 1
5823 3331 2
9688 3883 1
5956 899 1
3585 3322 1
8362 8075 2
7136 8782 2
1965 7198 2
6870 6555 2
8159 2977 1
1043 1945 2
5653 3903 1
2097 1013 1
8583 1830 1
6698 9790 1
9828 3368 1
9805 9432 1
4860 2763 2
4541 7388 1
7620 6777 1
385 8118 2
9062 9905 2
7126 3622 2
8414 4820 2
1080 4160 2
574 3241 1
4413 9964 1
6299 4777 2
7066 8662 2
861 6051 1
2363 1215 2
8611 634 1
4032 2506 1
7901 1698 2
10 5728 1
624 9510 2
6802 2109 1
2406 7381 1
3395 1840 2
363 3472 1
9355 4831 2
1137 7662 2
1198 2289 2
6269 6777 2
7427 7426 1
3319 3039 1
4437 8994 2
6926 1601 2
5539 3238 2
7234 9671 2
1648 1382 2
9688 3625 1
3139 8125 2
7530 6248 1
1256 4829 1
1412 7363 1
4398 2696 2
1800 7730 1
7704 4184 1
6251 4063 1
6668 8263 2
4966 7816 1
6950 6952 1
1461 751 1
4070 636 1
4779 2730 2
1230 1790 1
3021 3731 1
8357 3832 2
2274 6984 2
5846 7179 1
1482 9628 1
6690 5163 2
7092 853 1
3562 3249 1
7205 1852 2
1894 8615 2
8360 7088 2
7424 8447 1
553 9891 1
4089 2989 2
7097 2235 1
3044 8408 2
9037 7698 2
6678 4685 2
9455 4519 2
8460 2060 2
907 3883 2
4645 9897 1
8291 2085 1
2052 188 1
6508 2575 1
8095 434 1
1583 9238 1
643 7018 1
2985 9981 2
3021 2536 1
7643 3995 2
5410 9765 1
5482 6712 1
7496 381 1
10000 4820 2
3947 2511 2
4473 5585 1
1209 7345 2
2168 3556 2
6998 6058 2
8703 1832 2
7257 8518 2
5098 6282 2
3053 7926 1
917 3822 1
3921 7693 1
3329 9848 1
6217 2996 2
5011 9700 2
6362 4342 2
5509 6448 1
6033 3669 1
9476 7308 1
4093 3731 2
2240 1825 2
6017 8778 2
7647 9991 2
7411 3781 2
5546 13 2
5776 7380 2
909 4693 2
7717 4572 2
3212 9861 1
4231 1973 1
3673 9143 2
3213 5914 2
5647 4633 2
9920 1388 2
9290 7214 1
4338 9328 1
700 3836 1
852 3948 2
5978 9996 1
4382 9054 2
2157 9709 1
2715 9013 2
4114 4130 2
938 8038 1
6602 4479 1
4862 7976 2
9691 575 1
3695 1416 1
3613 193 1
4567 9430 2
6381 5590 1
3222 4102 1
4605 7861 2
8111 5777 1
594 4424 1
2809 961 2
1525 6844 2
9198 8840 1
8147 613 2
5055 4650 2
989 9383 1
6398 9502 2
537 4398 1
4226 7745 2
7919 583 2
503 7874 1
2540 4757 2
6731 4935 2
18 9133 1
9410 775 1
2822 6858 1
2004 4431 2
2225 7338 1
7578 2621 1
7088 7550 1
3876 8248 2
8628 7982 1
4053 3798 1
1747 3843 2
6069 4723 1
3605 3740 1
9182 4961 1
3191 1610 1
5872 3651 1
3419 9219 1
7582 9440 1
1702 2562 1
5423 6502 2
1665 7397 1
5389 757 2
7065 5150 1
9977 3376 1
2624 1187 1
7653 6768 1
4361 879 2
4936 1728 1
1791 7838 1
7358 6530 2
2159 8804 1
2454 7832 2
9417 631 1
4866 3676 2
8131 2609 2
2538 7160 2
9958 5439 1
6169 175 2
783 2660 1
399 2003 2
4527 6199 2
8717 9420 1
1900 6160 1
3644 3623 1
4062 3183 1
6118 2228 2
5475 3734 2
7451 8632 2
4123 4138 2
4974 1225 2
1996 6629 2
2838 7397 1
8207 9767 1
94 4411 1
2641 961 2
52 9711 1
7395 9720 2
5901 8507 1
7883 7432 1
1904 2473 2
3841 4878 2
9495 6810 1
7187 1933 1
4657 4354 1
4417 9898 2
8803 7497 2
3953 4464 2
4514 6027 2
3516 4461 2
1514 5321 2
6831 6787 2
8970 7110 2
9243 5464 2
134 2939 1
5830 5334 2
7172 2980 2
3832 3292 2
1135 2065 1
9855 7883 2
4280 1862 1
3547 8361 1
1295 3851 1
8306 594 1
8542 6892 2
9373 8482 1
3023 7946 1
3482 4860 2
4001 4168 1
8216 2166 1
3367 3919 1
9022 7579 1
1128 7242 2
2580 8679 1
8800 9803 1
2167 6047 1
8542 6164 1
6554 7431 1
9764 4751 2
272 6809 2
7163 3991 1
179 7029 2
2236 7820 1
1136 651 1
4935 1027 2
8137 3586 2
6336 9412 2
9905 2101 1
8557 1898 2
7795 6593 2
6649 5223 2
2220 937 1
341 7149 1
9708 3538 2
4097 5317 1
4570 4679 2
7335 8476 1
4957 7078 2
8113 2417 2
7427 1936 2
8558 7145 2
4813 9021 1
2129 8395 2
3665 7654 1
8210 9013 2
2311 3241 1
459 6565 2
9245 8345 1
1627 4400 1
739 3500 1
4999 5310 1
6160 5035 2
804 6012 2
3563 9733 1
6719 3641 2
6898 8380 2
6869 2025 2
4631 7846 2
4267 3637 2
8413 5965 1
4071 185 1
2192 160 2
8772 5173 2
8714 896 2
7939 1133 1
4159 6308 2
2757 6857 1
1874 9845 1
8961 725 2
9373 8546 2
2596 7042 1
1070 302 1
2140 387 1
3908 1021 2
3853 6305 2
166 7643 2
7228 1432 1
9532 36 1
7654 5368 2
1044 8925 1
4554 1124 1
3438 8714 1
7883 2854 2
3089 2710 1
1871 5209 1
4772 2750 2
3794 2350 1
4965 3894 1
8596 4840 2
4038 978 2
2199 6080 2
250 4958 2
5170 465 2
5213 8615 2
10000 2797 2
8234 9072 1
5954 278 2
5042 1022 2
1017 8006 1
5147 4172 1
9597 8328 2
7935 4280 2
2377 748 1
9417 4356 2
3884 5591 2
7404 8614 2
8425 2192 2
8747 4584 1
1304 1365 2
7730 7352 1
5635 6948 1
5212 6201 1
2714 1858 2
6634 8113 1
639 2808 2
1731 3913 1
1259 1488 1
4078 1632 1
5975 5724 1
5497 4041 1
276 8592 2
7974 9032 1
7715 7539 1
5465 5144 2
5118 3554 2
459 5512 2
4477 4717 1
5866 265 2
4690 4760 2
102 4114 1
2398 2523 1
5398 1805 2
5225 5443 2
7041 7479 2
3390 2303 1
2566 2803 2
2700 9907 2
6228 3080 1
2614 8152 2
7778 5310 1
292 9514 2
5560 5462 2
9680 9865 1
820 9663 1
6762 4329 2
7783 2401 2
4853 2434 2
5829 9078 1
4599 8384 2
8153 4092 1
3773 5956 2
8174 9316 2
1492 273 2
3863 2886 2
8785 2784 2
5592 2107 1
6811 2604 2
5642 2273 1
8955 1927 2
2971 1963 2
7363 9363 1
8940 9119 1
4932 9850 2
161 6902 2
694 6055 1
4117 7503 1
3092 9179 1
643 9212 2
1453 8329 2
5534 7107 1
3285 8265 2
730 7022 1
1441 4313 2
8528 4220 2
1983 5735 2
5742 9614 1
6428 8952 2
7557 5418 1
3227 7013 1
9673 5836 2
1045 3161 2
8229 704 1
5427 2916 2
516 7657 1
2486 9163 2
9593 590 2
9152 3477 2
3448 4791 1
6008 3343 1
9002 7028 1
3706 1081 1
5053 7766 1
1989 888 1
354 9140 1
59 5058 1
2766 6648 2
4020 5700 2
4425 8959 1
6523 5087 2
9138 4205 1
7103 23 2
24 3463 2
4036 4771 1
7042 2838 1
4544 928 2
4585 1883 1
9086 8382 1
5881 6805 2
8862 8017 2
1812 1324 1
2435 8865 2
2638 9978 2
9204 8394 1
8962 3597 1
1227 4653 1
3995 8535 2
8985 3278 2
9404 7774 1
6864 7860 2
3465 7132 2
7031 1323 2
9644 959 2
3226 9077 1
3745 9434 2
6648 9317 2
8889 3091 1
611 7187 2
9419 2755 1
7203 5339 2
5199 2137 2
2387 6829 1
3009 7799 2
2035 7054 1
6996 7588 2
2084 7078 1
7740 7384 2
4751 9617 1
4339 4979 2
927 9070 2
5797 8134 1
1074 5891 2
9347 1128 2
5116 1622 1
3700 498 2
8083 1941 2
5504 1060 2
8228 464 1
3187 9470 2
5613 6633 2
9344 9191 1
2897 4779 1
5131 1210 1
5703 7568 1
4350 8772 1
8091 2986 2
1173 6920 2
5564 6571 2
4914 9643 2
2828 2604 1
1977 8663 1
1363 5786 2
2437 5868 1
4813 5076 2
8514 3611 2
2455 4767 1
6944 6281 1
2038 8226 2
4135 9522 2
4208 3514 1
701 2020 1
8528 6599 2
513 7631 2
5078 1421 1
8324 7964 1
9349 5748 1
3787 19 1
4660 809 1
9791 147 2
6878 6667 1
4460 3902 2
9106 286 1
6261 9274 1
83 4459 1
7374 3617 2
2472 6510 2
2113 722 1
4445 3703 2
2202 1774 2
8289 650 2
3179 5371 2
1894 4943 2
4489 6325 2
3077 4562 2
5180 4728 2
7527 6340 1
5427 3623 1
124 2008 1
2270 3944 2
760 647 1
9650 7238 2
545 1709 2
6393 9998 1
1443 9977 2
3967 8226 1
9612 337 2
1190 5801 1
1616 1596 2
1267 5373 2
6566 7878 2
7775 763 2
4120 7103 2
3622 3511 2
3175 668 2
427 7701 1
8102 4677 1
3906 769 1
6314 2965 1
2437 6856 2
448 9790 2
4880 13 2
4151 8850 1
1013 5589 1
6673 6843 1
8809 3803 1
6135 9635 1
5157 6365 1
4130 8909 2
4550 5372 2
4931 2187 1
6541 4096 1
2635 8693 1
4479 2002 2
8644 4744 2
9270 3873 2
38 532 1
4734 1534 1
5170 8718 1
9753 6607 2
3147 3564 1
9164 4911 1
9256 1339 2
560 4748 2
4468 4589 1
6913 2984 1
1758 3747 2
194 1194 1
9961 7607 1
6248 682 2
6493 757 1
5674 1352 2
1572 7053 1
5400 6213 2
6446 1763 2
2145 5720 2
9006 5023 1
6139 1786 2
3162 8174 2
9278 4346 1
8766 623 1
5865 5227 1
5290 8614 2
8188 1153 1
784 780 2
6861 5144 1
6711 1469 1
9827 3773 2
763 8232 2
4894 9618 2
6410 2819 1
7389 398 2
1544 5733 2
8326 6395 1
460 6378 1
9601 2391 1
5137 3027 1
8381 1251 2
2918 6467 2
2474 1511 1
1054 211 2
5150 8684 1
2417 4158 1
6049 8640 2
1657 9718 1
9072 9062 1
4198 1373 1
1373 4323 1
4539 9597 1
6141 1858 1
1150 3393 1
3625 9025 1
6108 8041 1
3342 7058 1
7602 7466 2
6397 2507 1
165 7564 1
715 54 1
5051 5626 2
8274 18 1
864 3813 1
6703 8544 2
386 4578 1
2498 8086 1
3334 2231 2
6001 2000 2
9505 3282 1
7444 7722 1
767 4962 2
3722 1255 1
6687 908 1
6579 7373 2
628 9175 2
517 3527 2
2150 8944 1
2280 6930 2
3599 7959 1
7849 5184 2
111 8144 2
714 3368 2
9337 228 1
7424 6532 1
2531 3709 2
9860 529 1
7994 9229 2
9315 786 1
5292 4488 1
8318 4062 1
1211 1253 2
2187 9358 2
7425 7169 1
9490 5856 2
5559 9276 2
8608 6518 2
1164 1849 2
6535 9912 2
9108 6930 1
2268 2285 2
4198 5619 1
9544 1126 1
2477 2058 1
5608 7140 1
6681 5998 1
6846 2333 1
2875 3189 2
4589 5243 1
5244 1659 1
880 3260 1
9190 8802 2
2804 7683 2
2329 4941 1
3785 4230 1
9736 9203 2
8133 4686 2
3562 6354 1
161 3386 1
3945 8458 1
8202 9308 1
8550 9006 2
497 2186 2
1459 279 2
6748 8478 2
9143 7072 2
3586 4519 1
734 283 1
9091 4726 1
9655 8490 1
5966 1122 2
3652 567 2
7785 5940 1
5421 7644 1
5965 7196 2
8125 3308 1
3767 3594 2
4419 3417 1
7849 1557 2
8275 3979 1
7126 3976 2
6115 3247 1
8505 4464 2
9950 7173 2
1503 9007 2
2548 8578 2
7480 8380 1
6936 1548 2
1418 5233 1
3905 9489 1
6462 1820 1
1305 9952 1
2241 7166 2
2961 8909 2
5141 9535 1
2843 226 1
4109 7416 1
9231 2857 1
6420 999 1
3191 5843 2
2007 8303 1
7010 6372 1
8550 8373 2
1748 4628 1
4391 6036 1
9285 2511 2
6547 5578 2
9070 2710 1
295 5497 2
8239 2172 2
6741 1175 1
5612 8970 2
4400 4174 2
8763 4684 2
1363 7596 1
5207 4242 1
2779 6788 2
592 880 1
8136 6748 1
9033 366 2
6177 6765 2
681 5560 2
5533 1014 1
8619 5279 2
8042 7881 1
9917 5446 2
9241 4957 1
869 1478 2
3568 4010 2
8391 6906 2
3415 1424 2
7424 9908 2
5292 960 2
3663 6662 2
6367 6913 1
1014 7114 1
4518 3837 2
5373 8155 2
8170 5057 1
8400 7065 2
552 3329 1
3836 1913 1
7938 625 2
3190 179 1
603 5869 1
3268 1250 2
2959 5922 1
1569 1016 1
9800 3602 1
4557 4327 1
7114 293 1
3435 5736 1
9560 9170 1
2930 2328 1
9564 2650 1
6701 2630 2
2595 6814 1
6747 4839 1
8559 6884 1
7855 8099 1
819 342 2
1168 5237 1
3275 7794 2
2219 7406 1
1969 9355 2
3772 6434 2
489 6422 2
7033 3721 2
7030 9102 1
9575 5264 1
6946 4801 2
2018 5110 1
5098 9297 1
5066 5343 2
3696 8068 2
8160 7540 1
1704 7781 2
7118 6161 2
8363 6784 2
2508 7382 2
9159 5785 2
4715 6183 1
5340 2054 1
4702 1708 1
2016 5729 1
9836 2161 1
7197 8759 1
2144 2743 1
4142 4987 1
4137 2146 1
7413 1492 2
5642 648 2
56 6922 1
267 5688 1
623 5053 1
6470 1777 2
4952 9982 1
4299 919 2
2516 8340 1
6444 3217 2
5431 5785 2
4210 6525 1
8571 1147 1
390 75 1
8557 5883 1
6777 1966 1
2975 2721 1
7452 3199 1
6037 9942 2
7785 3625 2
7784 3240 2
920 8398 1
8102 2922 1
1082 4960 2
6735 4481 2
7650 2873 2
6010 5816 1
8039 2404 1
8158 365 1
836 8993 1
217 8161 2
2344 5013 1
6445 4060 2
8551 3703 2
3342 3032 1
1270 7477 1
517 9489 1
6611 9117 1
9536 6395 2
4842 1700 2
8975 5228 1
7505 7667 2
4521 6125 2
2221 7300 2
2981 3437 1
7595 9481 1
8449 4094 1
4536 1142 1
3391 166 1
3049 2962 1
5331 3840 2
5828 3274 2
1078 6536 1
5205 7502 2
150 5027 2
5850 7954 1
2740 7300 2
8968 9999 2
3124 5480 1
5940 9647 1
2672 1051 2
4442 1940 2
4054 6465 2
4041 1201 2
9445 6318 2
3652 7567 1
8660 4142 1
7107 7114 2
5548 526 2
240 3682 2
2505 9617 1
3995 1691 1
3404 4828 1
4663 5629 1
3852 5130 1
8922 1908 1
5088 8 2
4161 7569 1
9318 7706 1
2745 5031 2
6544 8853 2
487 8287 2
