5000 5000 2881
3433 759 2
1003 2752 2
1460 3363 1
4675 3478 1
1302 2179 2
918 1913 2
4702 2803 2
4412 416 1
1271 1155 2
2331 3644 1
9 2783 1
1484 4876 2
255 463 2
4083 825 1
320 3871 1
3922 2354 1
591 3256 2
3958 2785 2
2851 3029 1
1129 3381 2
439 2447 1
2303 4630 1
2243 3442 2
3193 4268 2
705 4166 1
1053 553 2
1241 334 1
1051 2522 1
1773 1068 1
2001 4817 1
4934 539 1
3321 1038 1
957 2364 2
3382 1242 2
3347 4674 1
4011 778 2
761 3190 2
2259 890 1
249 2267 1
3298 1231 1
2979 4779 1
2146 772 2
2873 208 2
791 1966 2
100 4036 1
1708 4768 2
131 4778 1
468 3408 2
2067 2058 1
4354 1152 2
2682 3273 2
2680 3974 1
2468 2214 1
516 3332 1
3470 127 2
2631 3448 1
2174 1034 1
2228 3277 1
552 636 2
87 4089 2
1298 949 2
3699 1125 2
457 242 2
1627 64 2
3658 3906 1
4498 3380 2
3746 3218 1
275 4280 2
614 4113 1
746 1844 2
2901 2692 2
1304 1832 1
48 4731 1
267 3645 2
4897 4570 1
2291 3754 1
4273 4649 1
759 2536 1
3624 3461 2
4934 2711 1
2049 213 2
1102 3887 1
1699 3341 2
4009 3088 1
2241 1494 2
4323 1098 2
3331 724 1
3893 829 1
939 3615 1
2645 3211 2
2649 2235 1
4596 4153 2
1816 728 2
3734 1314 2
1694 994 1
3486 628 1
1104 2673 2
4119 3816 2
4291 2587 2
3964 3766 1
4812 2950 1
3161 1983 1
3041 3862 1
727 3129 1
4430 4861 1
4540 2087 1
466 4621 1
2905 2606 2
911 320 2
4490 4042 2
3061 201 1
2377 4847 2
3127 3801 2
4956 3040 1
2796 4282 1
627 11 2
4775 2327 2
283 1210 1
624 3803 1
2621 2899 2
3586 3813 2
2071 3666 2
2075 3026 1
3522 1602 2
734 603 1
2802 1184 1
1020 675 2
3722 3384 1
4646 4978 1
645 181 1
373 813 1
902 373 2
115 4731 1
3385 1331 2
4063 3673 2
1295 284 1
1069 4015 1
3062 2298 2
524 4361 1
4431 2084 2
2774 632 1
3846 1124 1
1859 3446 1
2582 3831 2
1966 2565 2
1746 689 1
3214 777 1
2205 734 1
2223 1273 2
4299 3002 1
4247 2114 1
2166 3202 2
2545 212 2
3594 561 1
2557 4395 1
1937 244 1
3742 3767 2
4911 654 1
2978 3156 2
2447 3925 2
118 1803 2
2260 27 1
3560 351 2
4889 3910 2
1363 2833 2
2722 1936 1
1686 4045 2
80 2479 2
3445 1547 2
42 1206 1
4319 847 2
910 4531 2
1990 4824 1
4140 4351 2
4570 4773 1
1219 2873 1
118 3947 1
570 59 1
2130 2432 2
3977 3931 2
351 708 1
4541 700 1
86 2675 2
1103 4507 1
2418 3964 1
566 1778 2
1201 885 2
3944 2624 1
2782 3372 2
3141 4998 2
3866 3127 2
3125 1707 2
3503 2941 1
508 3946 1
2012 1547 1
3013 4247 1
1460 3257 1
3204 1686 1
4494 3034 2
3731 372 2
2214 3207 2
3702 283 2
3195 3605 1
4903 3266 2
2207 3242 1
2138 3715 2
3922 1700 1
2602 1708 1
3736 3706 1
4523 7 1
4950 3625 2
181 1521 2
3129 3520 1
1488 2078 2
3175 2956 1
2618 4124 2
923 3629 1
1402 2995 2
2125 4631 2
2193 4908 1
3336 754 1
4820 3671 1
3211 1587 1
1411 2251 1
4985 753 2
2653 4666 1
720 4888 1
3978 1202 2
3014 265 2
231 2173 2
15 4672 1
2718 1681 2
208 1261 1
1891 985 1
2464 684 2
4568 3291 1
1417 4037 2
2610 4617 2
1892 1956 1
289 664 2
74 210 1
1708 3019 2
2243 3850 1
2779 4504 1
571 381 2
3947 402 1
1608 31 2
3206 2974 1
4174 2695 1
3432 4486 2
3355 1947 2
4435 705 2
4691 3890 2
4444 3968 2
1740 2040 2
2499 3515 1
2723 3901 2
2279 2218 1
3830 3942 2
4504 2821 1
56 3387 2
187 1709 1
1473 815 2
730 512 2
2555 4844 1
241 577 1
4382 92 1
3338 3077 2
4796 1529 1
4618 591 1
2518 4125 2
4050 853 1
2461 3731 2
1783 112 1
2034 2436 2
4890 984 1
2638 1587 2
3848 782 2
1538 3498 1
1395 4825 2
3553 4546 1
4703 3562 1
2769 4895 1
3990 143 1
1294 74 2
757 2699 1
2335 4773 2
404 3916 1
567 3402 1
3146 2196 2
29 2221 2
3991 3641 1
1860 1549 1
4849 1014 1
2916 3135 2
3791 4855 2
3039 1131 2
3737 1369 2
3421 2605 2
2550 1079 1
384 1149 2
1979 4150 1
1529 2480 2
315 2418 2
4777 1252 2
3058 2623 2
2617 2136 1
2481 1169 2
2891 3106 2
1301 1716 2
4742 3847 2
784 229 1
1662 3638 2
3391 3142 2
4433 4917 2
1426 3958 1
3555 1963 2
2895 3767 1
547 4380 1
422 711 2
2484 1505 2
3838 2695 1
4021 293 1
1607 2303 1
1553 3457 2
1431 2440 1
4616 3480 2
1397 232 2
444 4924 2
3385 4650 2
4901 3079 2
674 1307 2
3526 499 2
2654 462 2
629 851 2
4286 2553 2
4135 375 1
2423 2222 2
3521 3148 1
3210 2835 1
1736 4642 2
4396 914 1
4682 1716 2
3207 4114 2
2443 187 1
2439 404 2
2393 2636 2
1934 422 1
2296 4693 2
3841 1308 2
3120 676 2
3409 3698 2
826 1776 2
1891 3643 2
190 4270 1
3112 1021 2
455 4037 2
1582 819 2
909 4386 1
237 3386 2
3674 1277 2
1818 3300 1
2030 2978 1
1247 3352 1
4308 250 2
1097 1567 1
82 167 1
257 2281 2
3589 1155 1
396 4078 1
3602 4170 2
2163 1470 2
2886 3259 1
2636 1010 1
4912 3283 2
959 1640 2
2401 3249 2
3689 2098 1
4307 3787 1
4292 1303 2
3215 840 2
3573 3649 2
4477 1909 1
1237 1318 2
4552 984 2
2217 2664 1
1087 4536 2
4698 2925 2
4006 4538 1
4134 1191 1
3707 253 1
2213 2860 1
1089 1576 2
4996 727 2
2224 334 2
886 4445 2
1875 2073 1
1046 4114 1
3560 2868 1
3438 4994 1
100 1600 1
4995 3480 1
3613 1256 1
4230 3154 1
1222 4413 1
2956 2018 1
3494 3586 1
3215 4567 2
1281 4456 1
92 2018 1
373 116 1
947 1098 2
4311 124 2
3474 504 2
4940 3486 2
1730 139 1
2344 4162 2
2600 1718 2
2986 1674 1
4686 2893 2
966 3025 2
1799 1524 2
714 2977 1
3046 1720 2
89 1715 1
4272 1435 1
4299 2956 2
1789 3412 1
915 4290 2
563 61 1
40 307 1
3267 3659 2
3044 758 2
3402 3450 1
1864 1727 2
2385 527 2
3030 2456 2
3830 2452 2
2622 1235 2
2713 4799 1
3793 1497 1
112 2354 2
4937 686 2
2251 4885 1
2367 3138 2
1384 1624 2
3996 529 1
3720 3274 1
3801 3508 2
3328 2669 1
4246 4654 2
1274 830 1
839 2864 1
4209 746 2
2074 3398 2
4336 4332 2
1290 2752 2
4180 3768 2
1951 3658 1
4373 3396 2
4356 3316 1
353 3865 2
4872 2162 2
762 4750 2
1101 1908 2
3659 989 1
3412 3576 1
350 3229 1
2775 3715 2
1025 1638 1
1566 2140 1
4740 3480 2
1395 914 2
4668 4428 1
1758 632 1
3020 1081 1
4425 784 2
3959 4697 2
396 109 2
631 1753 1
2826 2671 1
2537 4076 1
3827 3651 1
1943 881 1
3321 4441 1
132 2793 2
3459 468 2
3236 1962 1
4884 4645 1
3161 2638 2
2284 497 2
4631 3108 2
390 1318 2
3689 4150 2
1409 2082 1
1825 4098 2
4016 3076 1
3916 4130 2
1018 4745 1
3972 4275 1
4442 1704 1
2780 2193 1
1951 4895 1
2183 2226 1
3757 364 1
1666 1815 2
1043 2212 2
2190 2782 2
4556 2335 1
663 4274 1
2318 10 1
2287 2937 2
1685 892 2
1419 13 2
2225 801 1
3381 3892 1
2083 522 1
3081 2609 2
2820 3347 2
2112 200 2
2527 4596 1
3095 1301 1
3762 3625 1
2161 4422 2
4497 3746 1
1337 1276 1
851 1971 2
433 1511 2
2707 2517 2
3039 3183 1
2008 139 1
1186 1035 2
717 1710 1
3673 1806 2
50 2610 1
340 589 2
257 2903 1
3897 2266 2
3074 4472 1
584 684 2
4103 2287 1
4632 2629 1
4505 3543 1
1616 411 2
3953 537 2
1830 751 2
4039 2336 1
2204 153 1
447 4597 1
158 1706 2
2279 1803 2
2245 3480 2
2995 4180 2
3815 3973 1
3393 922 2
2804 2545 1
3485 1479 2
4867 3340 2
2662 1278 2
4219 2973 2
4287 319 1
3906 1581 1
1391 3727 1
1786 1484 1
2986 2077 1
207 3259 2
3397 3031 1
1834 2577 1
4413 875 2
2073 2743 2
2137 4046 2
1516 83 2
2644 880 2
2746 4361 1
828 2358 1
4290 4685 2
1142 4239 2
834 2274 1
271 160 1
188 1166 2
2324 3136 2
2660 1988 1
2587 3844 2
1059 96 1
4360 244 2
3847 303 2
3857 1204 2
3985 3332 2
4962 4796 2
3069 3356 2
4554 185 2
2653 931 1
2580 786 1
4575 3741 2
3080 3923 2
3034 30 2
4167 1757 1
1157 2434 2
2410 244 2
3841 3038 1
3907 2616 1
1642 2004 1
2322 3757 2
1929 2980 1
4729 779 2
813 2653 1
1321 2206 2
1229 2688 2
3115 1175 1
3599 1430 1
2768 2361 2
373 1453 1
1938 2325 1
1411 631 2
2704 3542 1
1250 3578 1
462 4198 1
1696 2697 1
2570 2975 2
3542 2385 2
833 3387 1
2008 4821 2
872 4733 2
81 4203 2
1651 1870 1
1692 365 1
4193 4081 2
276 1065 1
3709 3230 1
4381 3481 1
1183 1267 1
328 252 1
1785 134 1
1915 1603 2
3467 1620 1
1799 2533 1
1776 1678 1
2712 931 2
1087 3175 1
2449 636 1
4002 2879 1
749 3395 2
3418 4787 2
407 1540 2
4769 4890 1
2779 114 2
78 4905 2
1779 3276 2
3205 4408 2
907 2996 2
4532 2755 1
4396 4527 2
4728 3443 1
909 679 1
4062 3386 2
2813 1372 1
2122 4706 2
179 1174 2
2091 1111 1
1846 1157 2
157 4368 2
4326 1018 2
69 330 1
2633 547 1
3329 4733 2
4774 3859 2
2774 1509 2
3766 3119 1
1256 3594 1
293 1250 1
4885 4928 2
1854 1490 2
2354 608 1
4380 4400 2
1429 2357 1
2858 1372 1
801 216 1
1700 3671 2
1989 213 2
2940 728 2
4981 892 1
2150 3688 2
2424 3569 2
1236 1821 1
1328 2363 1
2890 3195 1
2517 1177 1
3915 4478 1
2018 88 1
2202 4129 2
3822 2470 1
234 2194 1
4917 2987 2
1399 3243 2
941 1003 2
2931 2675 1
4601 501 1
3242 3811 2
1825 2415 1
1062 1274 2
2224 383 1
2243 2586 2
1733 2875 2
1484 392 1
4099 1794 2
3940 4479 2
3752 1465 2
3798 4814 2
1658 4312 1
3094 1517 1
2557 1074 1
2646 4428 1
294 1624 2
2482 4173 1
2172 2735 2
3420 4669 2
3393 205 1
697 3055 1
2597 3736 1
161 1608 2
1731 1791 2
475 1132 1
4907 2735 1
3759 3152 1
3222 1271 2
1514 1046 1
2037 3860 2
637 2012 1
1859 886 1
3727 4757 1
4982 577 2
806 1030 1
4642 1701 2
1842 1530 2
2870 2727 1
2123 2807 2
1460 974 1
1413 47 1
3709 2774 1
1915 2896 1
1299 4208 2
4378 620 2
2894 4856 2
1761 1066 2
4272 3726 1
4727 2011 2
505 2102 2
3541 2510 2
2547 3680 1
2320 1956 1
3758 2936 1
3593 708 1
110 3023 1
4956 3728 2
960 1544 1
1228 951 2
4241 3844 1
589 3961 1
4999 1303 1
1521 182 1
3885 3120 1
4300 1287 1
692 813 1
1768 675 2
2620 1629 1
954 3812 1
2551 2084 1
3907 2384 1
655 4450 1
3015 4208 1
43 3068 2
4937 2788 2
3974 378 1
4022 4044 1
952 1551 1
4429 1104 1
3595 981 2
2134 3074 2
3863 4366 2
1432 1575 2
1462 2636 1
4288 2234 2
3144 3185 2
2521 1377 1
3641 4096 2
4927 4638 1
246 1538 2
515 343 1
2708 1906 1
4626 1974 1
1897 1850 1
3046 913 1
2897 2091 2
1411 2259 1
3282 513 2
1059 2114 1
3464 3357 2
2787 2431 2
4282 4857 2
1788 4497 2
947 3519 2
3178 714 1
4762 4139 2
2520 4440 2
1794 2900 1
1755 4501 2
851 3607 1
979 4880 1
151 2188 2
3981 4554 1
422 3567 1
4195 2058 2
3026 1336 2
1058 3105 1
1252 316 2
2267 559 1
3885 4001 2
554 1276 1
4486 4526 1
1058 4760 2
3912 2681 1
1528 4179 2
2645 4023 1
3484 1269 2
1869 4383 2
2499 3816 1
898 1639 1
2839 4953 1
4429 902 2
61 1746 1
118 4344 1
2614 3587 1
2064 1046 1
950 2621 2
2578 3691 1
4841 605 1
3631 208 1
657 4647 2
4215 1680 2
3657 3993 2
892 3413 2
3893 1083 1
3606 4105 1
87 1942 1
2503 3718 1
3332 426 1
312 1151 1
3869 830 1
170 3076 1
4151 2419 1
3454 4298 2
4995 1737 1
862 4353 1
2646 2482 1
4737 348 2
4418 1818 2
4779 3612 2
3220 2253 1
1458 4198 1
4196 1537 1
4874 4760 2
2512 3583 2
3922 3848 1
2377 4798 2
2989 2773 2
3860 1529 2
1194 3404 1
4130 3916 2
4733 1212 2
1416 2122 2
2748 2194 2
4264 2010 2
1210 4438 1
3670 3397 2
2623 1660 2
4101 2426 2
3893 3205 1
2296 3619 1
1453 883 2
3616 3525 1
2281 1624 1
1884 1212 2
2535 2520 2
621 3892 1
2788 642 2
3790 4977 1
4046 4771 2
3090 1256 1
793 4874 1
3333 3364 2
3604 3373 2
2226 2634 2
857 4955 1
332 2125 2
3368 2473 2
317 3067 2
4124 3237 1
4322 1517 2
3852 4990 2
972 1891 2
476 1890 2
4136 94 2
4298 1061 2
3952 165 2
1017 4681 1
1209 4448 2
1377 832 1
4243 2144 1
3957 3884 1
2660 1773 1
1171 1968 2
2565 1206 1
2904 4453 2
2195 1261 2
3538 4518 1
1351 4640 2
4468 4804 2
4751 3578 2
1989 3410 1
3019 4679 2
4409 905 2
1208 1667 1
3294 4206 2
4648 876 2
2425 3592 2
712 980 2
631 474 1
737 3416 1
1988 1407 2
1729 531 2
4871 4208 2
3263 2660 2
2740 4568 1
3273 2723 1
1648 945 1
849 4152 2
4729 1916 2
540 2421 1
4412 4054 2
3362 3015 1
621 4533 2
2601 1800 2
2410 1919 1
250 1072 2
992 2883 1
2634 2352 2
85 2205 2
4859 4157 2
4324 4743 1
3416 3883 1
2276 1419 1
4724 783 2
3689 4218 2
3764 1380 2
2874 1288 2
3248 1559 2
1585 3301 1
214 3331 2
3990 2741 2
3079 3430 1
3837 3337 1
4409 1082 1
3299 3372 2
211 4701 1
684 4231 1
2836 3553 1
3864 1918 2
4308 2525 2
3306 1313 2
4624 2778 1
688 980 2
1379 4990 2
2814 3983 2
3400 4389 1
915 4614 2
2721 4843 2
2977 3882 1
4251 3995 2
3297 534 1
2983 1035 2
1189 1882 2
299 4414 1
3605 924 1
535 3504 1
2547 4355 1
1529 2526 2
1742 3458 2
3793 547 1
1755 1563 2
4821 900 1
1751 1601 1
3870 2598 2
78 3356 2
4002 2314 1
3032 3105 2
4960 1895 1
4422 2552 1
4823 136 1
2217 3284 1
4983 4978 2
2740 3095 1
1069 2608 2
3045 1715 2
1820 4199 1
4384 2961 1
3559 2834 1
2244 678 1
3280 287 2
1003 4233 1
1364 4495 1
1238 3135 1
1677 1098 2
2392 3287 1
1567 2441 2
3854 3951 2
995 3946 2
4405 1629 2
3838 4072 1
4316 1606 2
2859 1033 2
2229 498 2
13 3558 2
1561 4478 1
2198 4774 2
753 3625 1
3116 1643 2
1333 4695 1
2094 4891 2
1481 2425 1
635 2720 1
475 4243 1
11 761 1
1647 469 1
988 4319 2
2515 1635 1
4198 273 1
4387 3125 2
3487 4408 2
1102 2295 2
937 2867 1
511 4402 1
2335 2077 2
1621 3897 2
2675 2698 1
2011 2045 1
3435 4973 1
481 1186 1
1951 4725 2
2585 72 1
3493 2340 2
1514 650 2
3038 4663 1
2617 3882 1
3254 2881 1
547 4387 1
711 1999 2
261 3686 2
3599 3037 1
860 3742 2
4709 4111 1
189 3900 1
2904 1025 2
4750 2627 2
256 4488 2
1099 1893 1
4595 1471 1
3722 804 2
4594 2859 2
295 122 2
801 799 1
4705 3586 2
3826 1305 1
611 3228 2
2434 43 2
852 3149 2
2219 1203 1
455 1940 1
2633 1755 2
2804 2055 1
1789 4345 1
573 4684 1
2365 768 2
1434 992 2
4874 4134 1
3126 2099 1
3928 1628 2
4223 4786 1
3937 4257 2
65 3124 1
963 2719 1
4100 3070 1
981 4645 2
610 879 2
3518 1171 2
922 1748 2
214 4993 2
1928 1029 2
331 1368 2
1642 3398 1
3038 4087 2
2204 3143 2
3651 2335 1
2909 1645 2
4157 3712 1
4368 2631 1
3927 3018 2
1596 993 1
2052 3901 2
1229 2836 1
2280 3665 2
1344 2124 1
4732 1526 2
1891 4777 1
1998 3990 2
3123 4831 1
1270 1990 2
3867 1286 1
683 2153 2
4324 3026 1
3332 3013 2
3959 1676 2
3064 3931 1
4333 2959 1
1518 3851 1
2104 4612 2
1133 1246 2
327 1582 2
2566 2762 2
3382 359 2
189 2394 2
4699 641 1
4915 484 1
4570 2734 1
4423 977 1
514 1777 2
4752 3128 1
4742 395 2
3301 2387 2
4398 255 2
1933 2184 1
1315 1165 2
1535 2625 1
4022 4963 2
3604 1333 1
353 15 1
4752 429 1
1308 718 2
4836 3111 1
2698 4793 1
4495 1167 1
2193 1403 2
872 1113 1
4126 2708 1
862 3168 1
3047 2873 2
2672 4754 2
367 4177 2
1485 4034 2
4053 1033 2
3750 917 2
805 2361 1
3031 2013 2
173 1037 2
346 2337 1
817 4398 1
4003 1299 1
1985 3942 1
605 688 2
3894 1487 1
2115 4164 2
3888 1829 1
904 2380 1
1050 175 1
136 1753 2
4532 1690 2
2196 3972 2
2769 1998 1
626 1116 1
1935 2439 1
4987 3097 2
633 3813 2
868 981 1
2672 2396 2
1269 2134 2
1430 2477 1
637 2790 1
1561 620 1
1459 827 1
2134 1599 2
3151 1375 1
1748 3157 1
4047 1328 1
4293 21 2
2210 577 2
2976 4387 1
345 1960 1
474 1798 2
3040 4838 1
88 3125 1
3930 4962 1
2934 2349 1
4795 1310 2
403 3444 2
187 1608 1
1555 954 1
745 539 1
3292 2019 1
3854 388 2
2585 46 1
2462 3237 2
4186 3297 1
4755 2909 1
2482 4642 1
4770 349 1
744 647 1
2035 2724 1
4174 2423 2
685 4549 2
4941 1607 1
3200 716 2
4655 4231 1
3537 1901 1
780 394 2
2233 3165 1
302 3937 2
3606 3934 2
3892 4721 1
2689 4808 2
4195 2808 2
2159 2706 1
1704 1588 1
3568 4013 1
2703 3148 1
1659 1210 1
3632 2861 1
2184 3894 1
4572 1062 1
3884 2029 1
940 836 1
4617 1725 1
2179 3303 1
4099 4478 1
207 4723 2
4372 4017 1
4860 3512 2
32 3142 2
1512 4819 2
2874 1796 1
3384 1675 1
278 3557 2
2530 2484 1
1301 1007 1
537 1471 1
988 3484 1
1517 80 2
1580 2362 1
576 1495 1
2724 1821 2
4705 2552 2
3731 1656 2
3053 3795 1
1750 3976 2
1345 1148 1
1928 1505 1
2033 3556 2
3837 2582 2
1117 3374 1
4038 173 2
4790 4203 1
560 3257 1
782 2375 1
2644 4903 1
829 849 1
2753 4009 1
1996 3007 1
1198 4526 2
3990 464 1
2504 3648 1
3714 272 2
4394 4092 2
3867 263 2
160 2350 1
648 1362 1
35 2450 2
4236 417 2
2272 3412 2
1775 615 2
3177 457 2
3347 990 1
3538 332 2
495 4592 2
4285 818 1
4232 2015 1
4327 190 2
2483 3925 1
192 798 1
1653 2981 1
1719 3883 1
4075 1744 2
4724 4965 1
2930 1553 2
3012 3117 2
2280 146 1
3521 1722 2
4849 1660 1
1767 877 1
2347 4787 1
3024 556 2
978 4448 2
4449 658 1
805 3181 1
3563 3717 1
3279 3956 1
1771 4983 2
4079 2497 1
4186 2831 1
840 531 2
621 2877 1
338 623 2
2462 417 2
1991 2301 2
4897 2644 1
2886 4353 1
3192 4093 1
340 3403 1
4448 3749 1
2294 2192 1
4858 3747 1
2417 4302 2
4755 2682 1
4138 3300 1
1476 2206 1
4518 2792 2
178 243 2
1331 839 2
1687 2646 1
4325 1864 1
3935 2977 1
4026 3089 1
3548 3555 2
1558 2337 1
4203 4798 1
1616 4 2
2581 120 2
3323 4067 2
183 3546 1
4582 3833 1
1282 4980 1
109 255 1
115 3887 1
1261 3496 1
1740 3833 1
1628 4390 1
4657 1709 1
1367 3227 2
637 1136 2
2241 3097 2
2314 4037 2
1107 3315 1
2412 2226 1
4790 1017 1
4751 2961 2
1051 1768 2
4564 1904 2
444 3104 2
2753 4769 1
3504 2252 2
86 2395 1
1243 2269 1
1008 1519 1
2483 2304 2
4321 1691 2
1316 3091 1
14 2467 2
3197 508 2
672 683 1
2593 1210 1
2508 4134 2
1415 4930 2
171 1794 2
4859 187 2
3178 4450 1
3618 2506 1
1307 3795 1
1434 4327 2
1091 3151 1
72 4198 1
1042 4213 1
807 384 2
1510 3134 1
2928 2031 2
3832 2074 1
4748 1229 2
941 3137 1
2004 3142 2
3998 1779 1
2874 2457 1
4872 4729 2
1461 1491 1
509 369 2
4057 4411 2
522 2837 2
4756 4759 2
359 3941 1
4787 398 1
4578 4792 1
3251 3437 2
932 4543 1
1968 4738 1
410 1075 1
1617 716 1
677 866 2
2169 4409 2
3491 4390 2
1608 1701 2
875 3421 2
3001 2258 1
2533 154 2
194 1427 1
3808 2690 1
3270 2575 2
3818 2169 1
3566 4996 2
1420 1915 2
2324 3314 2
579 2843 2
3366 4172 2
4568 3927 1
1769 1507 2
4865 2969 1
3484 3466 2
3238 1624 2
4193 923 2
3020 957 1
4471 2576 1
4654 1991 2
3794 2931 1
1039 1303 1
1865 1726 2
1305 452 2
560 4428 1
2873 3697 2
3228 2247 1
152 4650 2
3505 47 1
2652 2019 1
2679 3313 2
3285 1841 2
3721 4197 2
3680 3766 2
1477 3976 1
1632 1441 2
3214 1200 1
3048 1508 2
4533 75 1
490 3580 1
3748 4368 1
4283 917 1
1786 4883 2
1604 524 2
4578 1702 1
435 1243 1
2771 683 2
2536 1776 1
2369 4267 2
1584 3062 2
755 4394 1
1630 1642 2
3403 368 2
349 3615 2
857 4505 1
1167 3707 1
1912 3038 1
577 840 1
1792 330 2
4212 4940 2
1898 3302 2
3238 1049 2
351 3238 1
2127 3285 2
3530 2946 1
3613 883 1
169 654 1
4056 2769 2
568 3994 2
4038 4968 1
4525 1970 2
4152 2151 2
3605 1951 1
2723 3704 1
1734 1380 1
4409 1818 2
835 2674 1
357 3469 2
20 3644 2
3170 1201 1
1051 3876 1
2837 3687 1
4855 3836 2
310 2286 1
2061 270 2
1740 2752 1
4826 4077 1
2182 1034 1
1450 4497 2
3010 1959 1
1828 3999 2
3561 2238 2
4348 911 1
4393 4400 2
2456 4540 1
1282 483 1
2212 1280 1
3834 4297 1
4438 365 2
4321 4945 2
4714 4164 1
3909 3629 2
4022 4762 2
3376 1515 2
1319 918 1
4781 1949 2
3483 3917 1
4694 4273 2
3397 1526 2
889 1993 2
1653 3231 2
1182 1715 1
2133 2190 2
1187 714 2
2301 3128 1
4104 4635 2
3199 997 2
4275 2417 2
4555 2506 2
3502 490 2
1053 3478 1
4852 2416 2
2906 1549 1
4591 4289 1
4271 1992 1
4197 3568 1
2898 4147 2
4014 4961 2
3031 4358 1
2264 3400 1
1388 4789 1
1971 4283 2
1517 1464 1
2158 1668 2
4873 2947 2
3552 1712 1
2379 2727 1
4919 4218 1
2417 3487 1
2469 472 1
4209 1852 1
1918 4221 1
4551 650 1
2427 1294 1
2072 2049 2
4314 3493 1
4371 4404 2
875 3193 2
507 3701 2
1772 4708 1
86 1575 2
1287 140 1
2161 331 1
1743 4458 2
2617 364 2
1070 3542 1
3371 1787 2
3106 2833 1
4069 3363 2
2115 3169 1
571 4278 1
711 3665 2
4763 1446 2
4823 4734 1
2089 3213 2
1503 3963 1
964 3294 1
2377 2182 2
2495 385 1
1483 4768 1
4449 283 2
1220 2913 2
141 2195 2
4979 770 2
779 943 2
1592 4954 1
813 2997 2
4441 314 1
3243 2378 1
3679 3040 1
4007 3918 1
4222 1216 1
1146 998 1
3641 3486 2
1589 2433 1
1411 637 1
225 3508 1
4878 4483 2
3416 1502 2
2792 3075 2
3881 532 1
818 3921 2
1408 2734 2
232 322 2
2227 4464 1
379 913 2
630 2498 2
2570 451 2
2552 3313 2
3308 1684 2
452 2604 2
3247 4240 1
4521 2591 2
4349 1347 2
4466 499 1
250 3329 1
1767 884 1
215 4351 2
3522 3026 1
3930 2624 1
1707 1737 2
2316 2281 1
2485 2465 2
697 900 2
3878 2294 1
2027 3833 2
2059 4529 2
2520 4905 1
2458 2117 1
4184 418 1
2822 4075 2
4056 2750 2
2654 3566 1
4121 3043 1
1406 2064 2
97 1516 1
108 4683 2
2512 4470 2
2132 1545 2
3661 68 1
3125 3253 1
759 3308 2
1218 1336 1
2069 1192 2
1458 805 2
3182 3486 1
1705 4036 2
2105 1456 1
197 1675 2
1607 3085 2
2089 2160 1
3876 2486 1
1413 2096 2
10 4394 1
108 1628 1
4789 3218 1
4372 511 2
1591 797 2
306 3425 2
958 1302 1
1083 87 2
4042 3233 2
596 1696 1
4312 1298 1
2700 1529 2
3113 2429 2
1245 1162 1
1099 2359 1
3382 1240 2
1519 3988 1
4931 561 1
3257 1726 1
3755 4306 1
964 1541 2
1873 2132 2
2915 1841 1
1085 3323 2
841 1106 2
72 4398 1
714 2321 1
1355 1450 1
4176 3092 1
2944 2575 1
2391 4638 2
4343 2305 2
2128 132 1
875 3088 1
1618 3169 1
259 1888 1
4476 2627 2
1921 4322 2
4893 60 2
4262 2010 1
2949 169 2
2540 775 1
361 119 1
4267 4333 2
3194 3881 2
3445 3806 1
3462 667 2
1473 3813 2
4470 2170 2
3691 562 2
95 1106 2
1587 4913 2
841 1079 1
2146 1810 2
2067 4028 1
3240 4506 2
2973 4943 2
4441 4873 2
3684 1826 1
3530 267 2
3361 1548 2
1529 4343 1
1858 1118 2
1595 2131 1
160 1351 2
1316 3973 2
1080 4281 1
2074 4499 2
2450 161 2
978 3725 1
4165 3586 1
842 2325 1
1009 3339 2
701 286 2
1699 4492 1
2027 3234 2
4269 2765 1
4398 4987 2
3795 4936 2
3949 3147 2
1342 1682 2
2356 755 2
1181 2566 2
4299 4920 2
1960 2258 2
4691 4233 2
3779 1551 1
4884 4339 2
3073 2693 2
922 957 2
3454 3965 2
1251 4084 2
1724 3341 1
3626 3400 2
3423 3320 1
4328 3477 1
1777 1979 2
4413 1003 2
927 4593 1
1907 2519 1
3729 2536 2
4588 4424 2
2638 3378 1
519 2042 2
3518 1077 2
2151 1998 1
3006 4283 2
4251 1336 2
4320 2931 2
4760 4368 2
680 3854 2
1298 4106 1
624 3699 1
367 1750 1
933 2835 2
908 3920 1
2239 141 1
1557 4041 1
637 1388 1
4554 3964 2
407 4596 1
1740 1386 1
1658 1104 2
1092 4223 1
200 3807 1
2805 4866 1
461 4178 1
381 1665 2
4683 208 1
4320 3555 2
1135 747 2
2429 3516 1
1689 3417 2
3455 4772 1
4088 4515 1
2597 1808 2
740 2313 1
4258 3136 2
826 1003 2
2677 4775 2
4892 1306 1
1210 455 1
3814 365 1
4408 1722 2
3442 2524 2
3482 1322 2
2029 897 2
1366 3241 2
4376 1978 1
1088 3930 1
3735 3417 2
3840 1022 1
3845 3044 2
3600 1224 2
15 2277 1
4519 2162 1
1412 1586 1
808 1117 2
2012 3214 2
1692 3653 2
3838 3927 1
1900 1883 1
4375 3134 1
16 4865 2
1818 234 1
4842 4049 2
1851 3253 1
2475 4567 1
3139 781 1
358 2834 2
3927 4724 2
3456 2943 1
3433 3489 2
1030 2702 2
2429 4821 2
1303 1971 1
1989 2783 1
374 3566 1
1846 1809 1
4241 2124 2
1185 752 2
341 3244 2
2483 3863 2
775 4634 2
1381 2077 1
2268 2215 1
2140 4554 1
3674 4527 2
4082 150 1
2693 4721 1
1611 3307 2
4299 1387 2
2474 78 2
4720 4772 2
2297 530 2
1219 1040 2
292 4740 1
3103 2568 1
2535 3008 1
1515 1479 1
2619 4106 1
3531 4662 1
2381 4110 1
508 4944 1
1215 4042 1
2387 2695 2
4702 2702 2
2559 1461 2
4330 1211 2
4395 228 2
1561 3081 2
3365 1327 2
676 479 2
3330 1190 1
4119 2047 1
479 486 1
1422 2679 2
1921 3151 2
4699 1985 1
3151 1532 2
1569 795 2
1282 166 1
2516 3560 1
2124 4034 2
798 1174 2
430 990 1
2884 2430 2
3992 3408 1
4039 1159 2
3869 3935 1
4332 2076 1
2028 1872 1
3828 4793 2
3752 4690 2
2525 2937 2
4865 4818 1
3519 1507 2
1881 2768 1
1983 1008 2
4528 3336 1
3239 1679 1
2761 3475 1
2972 378 2
635 939 2
2839 3526 2
208 314 2
2429 4239 2
2353 2956 1
551 2273 1
1048 3224 2
2323 376 1
1052 2523 2
1561 2817 2
2697 3948 1
3822 4351 1
605 393 1
2956 2895 1
804 3033 2
1336 412 1
774 1433 2
3923 116 1
3372 1343 1
1674 1912 1
2006 2122 2
4486 2656 1
3311 3624 1
2541 261 1
55 4349 2
3615 3470 2
1032 3267 1
1033 2748 1
2178 1981 2
1133 1853 2
1808 4394 2
1136 3228 2
3465 3440 2
691 2007 2
2543 2407 1
107 3784 2
1523 482 1
4938 1509 1
591 2922 2
2811 4873 1
2378 3202 2
2057 1232 2
3392 2500 1
4473 1926 2
3200 354 2
3027 4385 1
2020 2894 2
2549 203 1
260 1146 2
4512 313 1
3843 4729 1
297 1358 2
649 3741 1
993 4881 2
1119 958 1
2542 4890 2
1430 1129 2
4056 601 1
1152 2494 2
3829 1952 1
581 3506 2
4453 508 2
2272 2403 1
2278 999 1
440 3663 1
3969 1041 2
2080 4813 2
1787 891 1
4950 2153 1
2437 898 1
4455 4405 1
2477 2282 2
4690 4123 1
2403 2760 2
4185 1900 1
3293 2511 1
3651 908 2
1323 1532 2
4365 1355 2
659 3466 1
2388 2797 1
4846 4751 1
2292 1107 2
2833 4485 2
2292 3984 1
2397 634 2
3240 3429 1
1904 4080 1
2510 2174 2
3082 4694 1
2513 867 1
569 4669 2
4362 1264 2
909 539 1
4953 1157 2
3012 3604 2
1056 4702 1
3511 2708 1
3321 3508 2
2892 1422 1
3163 4554 1
2642 3840 1
4249 2537 2
1328 45 1
1354 100 2
3198 2337 1
3650 3085 1
705 1241 1
3168 742 2
4980 4689 2
766 1593 2
442 4315 1
3877 1777 2
1309 1191 2
4558 4150 2
2274 1333 1
4777 4357 2
3043 1364 2
2906 142 1
4491 4911 1
2415 2932 1
765 427 1
1915 1433 2
446 1019 1
1607 2295 1
3430 4532 2
1107 1895 1
580 2201 1
4089 990 1
671 1896 2
2291 3595 1
645 194 2
4176 507 1
3711 7 1
1843 3245 2
2467 4352 1
4100 1943 2
1769 579 2
1757 2647 2
2279 2467 2
1757 2066 1
4101 870 2
1777 3888 1
1570 1909 2
1734 3302 2
821 3775 2
1385 1707 2
124 2910 2
2679 963 2
2761 1504 1
3869 2639 2
871 527 1
4505 1043 2
4346 3922 1
1070 4543 1
2900 66 1
1989 3903 1
937 2494 2
1391 3403 2
452 4903 1
3395 2039 1
183 1316 1
2222 1036 2
3048 576 2
3494 3909 1
2430 2559 2
1799 1835 2
2824 2741 1
2478 4242 1
2382 4222 1
2696 610 2
4494 2631 2
1748 3958 2
2240 1220 2
965 1088 1
4491 4944 2
3393 2515 1
4550 4024 2
1524 3064 2
1207 2048 1
3806 3794 2
440 940 2
2169 2730 2
1348 1392 2
428 475 1
1807 2225 2
370 799 2
3516 2850 2
516 3088 1
2700 392 2
3251 1160 2
4645 2750 1
2919 2394 2
1745 1130 2
3811 2998 1
979 2094 2
174 97 2
4006 992 2
4603 4194 2
3221 2378 1
1018 4519 1
4124 2490 1
3397 2558 1
1126 2979 2
4124 1396 2
3876 2931 2
4937 3754 2
4397 739 2
349 1474 1
1072 1130 1
1065 262 2
4795 51 1
1614 2506 2
1400 1258 1
1397 2557 2
1163 4226 1
2432 4596 2
2349 362 2
1047 3575 2
2572 4427 1
2964 3666 2
3024 1812 2
4192 4861 1
1384 2999 1
859 4445 2
2355 2777 2
80 4185 2
3648 4525 1
2102 269 1
1046 1034 1
4512 2274 2
4924 4552 2
4358 908 2
842 4296 2
4738 4483 1
2126 153 2
4740 3171 1
3273 3051 1
2095 3596 2
1303 4984 2
2617 3570 1
2379 1446 2
3143 622 1
4552 4558 2
3182 2051 2
2857 4272 1
923 2826 2
1234 4069 1
1437 206 1
3876 2867 1
45 609 1
3917 2013 2
445 1765 2
4126 4337 2
2158 1100 1
1779 872 1
1448 1225 2
719 745 1
4086 2733 2
3269 1158 2
3023 763 1
920 2397 2
1695 1091 2
4700 504 1
627 1291 2
1746 4350 2
1809 553 1
152 800 1
2030 2402 2
4679 1356 2
2501 1831 2
4699 846 2
2247 4299 2
3959 1490 1
3357 1846 2
2102 2155 2
2456 2925 2
3699 3696 1
370 55 2
1874 1881 1
2458 4369 1
3204 2846 2
2836 2603 2
1767 952 1
1167 3634 2
4188 2414 1
4469 76 1
2864 4490 2
4790 4614 1
3507 1113 1
4165 1673 1
2820 4367 2
3321 3977 1
2314 129 2
3326 4229 2
3276 3888 2
2642 2178 1
2963 4949 1
1752 536 2
2115 119 1
2120 2851 2
1846 4566 2
853 3339 2
4960 3564 1
1150 2180 2
388 2431 1
4213 4263 1
2093 4057 2
635 1912 1
4854 1376 1
1890 3830 2
2027 4566 1
4737 3581 1
1654 3105 2
316 2391 1
243 564 2
706 4791 2
251 3997 2
3341 1093 2
2533 4213 1
1997 21 2
2737 2683 1
3813 1983 2
563 4425 1
2749 4128 1
14 2374 2
326 1224 1
2270 3378 1
4129 3275 2
4613 2757 1
1185 3248 1
4255 544 1
1820 1717 2
2685 1922 1
3774 4176 2
3958 772 2
3397 2623 1
394 3222 2
1750 2578 2
2805 2912 1
2663 859 2
2962 833 2
3147 3533 2
2053 3244 2
3481 610 1
2696 3606 2
2725 1092 1
2751 4442 2
1990 117 2
1388 3701 2
2230 1854 1
131 3329 1
869 3796 1
2311 758 2
4247 950 1
2140 357 2
2025 1017 1
114 4699 1
2096 4700 1
81 2684 2
4322 2444 2
1695 734 2
3626 1001 2
3811 3657 1
4136 2703 2
422 1694 2
1431 4662 2
3901 1845 2
4798 3171 1
25 3749 1
3904 1469 1
398 4720 2
3044 4464 2
2367 2436 2
2165 4917 2
3376 1939 2
2034 1232 2
107 1628 2
1935 4049 1
2180 2368 2
1251 36 1
117 3629 1
4896 1129 2
2603 815 1
71 612 2
246 3834 1
2089 1838 2
629 1825 2
3102 3210 1
4808 4746 1
1498 593 2
4244 736 1
3067 1735 2
4019 4512 1
1925 1979 2
4513 1716 2
3006 1259 2
1616 3507 1
3602 2982 1
1053 1847 1
752 2240 2
1913 4453 2
4026 3425 2
4784 4801 1
4193 1718 2
1237 3295 2
2736 2639 2
4220 3811 1
2268 2415 2
1695 178 1
2386 360 2
26 4007 2
1929 1300 1
983 1383 2
3907 4917 2
3211 3101 1
2505 3565 2
4679 215 1
1540 4271 2
3512 2990 2
1749 2077 2
3663 2778 1
1901 1223 1
4337 3452 1
310 3434 1
2336 2011 2
1648 3046 1
2296 1992 2
3308 4536 1
563 273 1
4013 4198 2
4038 3177 1
2314 2189 2
2762 4326 1
4806 4895 1
3083 3778 1
3352 1821 2
12 3900 1
227 897 2
4682 3220 2
2431 815 2
3004 3290 2
2038 1767 1
3210 1487 1
4280 3141 2
611 490 2
896 3857 1
4437 1004 1
180 888 1
3120 2516 1
3424 4737 2
2179 477 1
4676 4168 2
1390 1451 2
2426 942 2
2983 1482 1
1881 3015 2
3141 3087 2
4837 2402 2
1056 3300 1
3404 3917 1
3943 240 2
3162 3327 2
2000 1149 1
2006 4020 1
4219 1889 1
267 325 1
343 2333 2
264 4957 1
3500 329 2
760 293 1
1112 350 2
3739 1240 2
3051 2010 2
739 3160 1
4130 1328 2
2648 2391 1
479 4765 1
3597 1023 2
3031 556 2
280 2827 1
3331 819 2
1126 1667 2
2280 4500 2
500 1596 1
4391 3005 1
2823 4046 1
1725 2392 1
445 2988 2
2524 3996 1
1914 2535 2
4857 1834 1
2036 4580 2
4540 3776 2
2768 4225 2
771 2266 2
3259 1788 2
3622 2244 2
649 3724 1
1644 2449 2
3265 3462 1
1205 1159 1
1350 1961 2
1991 2593 2
3240 4042 2
4938 1300 1
1169 2953 1
2635 10 2
2233 2354 2
2804 3610 2
4075 4038 2
2922 3318 2
29 2647 1
958 507 2
1668 831 1
669 4300 2
14 3474 2
2584 3480 2
3717 1383 1
4069 3936 1
491 4243 1
276 1354 2
3017 702 1
2618 2144 2
4670 35 2
4001 3266 2
918 4532 1
1830 447 2
2864 1085 2
810 1584 1
2943 676 1
666 2318 1
2651 4096 2
4960 1687 1
4493 2831 2
2583 917 2
2974 3469 1
3882 2238 2
1808 996 1
4182 765 2
155 2231 2
987 2168 2
4266 597 2
4623 1808 1
1284 2436 1
3907 2452 1
3963 1356 2
4124 1950 1
2512 744 2
3923 1796 1
141 3945 2
3790 4368 2
3609 3290 1
2388 1625 2
1520 2693 1
717 672 2
801 3468 1
3992 1388 1
1374 1201 1
1843 4918 1
4599 1422 2
3063 974 1
1015 2326 2
433 4868 2
4053 1779 2
3443 319 1
4773 2989 1
1632 2618 1
4173 4641 1
4843 2322 1
176 2887 2
4233 4001 2
4926 1396 1
634 550 2
842 4894 1
2684 475 2
4707 1163 2
4176 2222 1
3251 1914 2
1291 2120 2
3371 4255 1
2703 1553 2
4221 4740 1
2407 162 1
3209 4803 2
718 3041 1
4697 757 1
1713 793 1
1364 3622 1
2056 4655 2
734 1782 2
2713 4686 1
1663 2297 2
1101 596 2
2224 1312 2
3513 4827 1
873 4686 2
3879 1825 1
4150 676 1
2898 4576 2
3605 4062 1
3413 3334 2
393 2620 2
4117 590 1
3730 4506 2
2866 3198 1
2219 168 2
3099 1271 1
2891 450 2
4943 936 2
973 817 2
3164 1971 1
1479 4984 1
3403 1447 1
3951 2112 1
4690 4564 1
1401 3996 1
481 1178 2
66 4102 1
4142 4858 1
2521 176 1
2089 1547 1
1808 620 2
4896 3575 2
47 3669 1
4012 2467 2
530 3203 2
1674 1723 2
2238 4091 2
3300 2795 2
2336 589 2
365 2887 1
3158 660 2
2481 4884 2
475 2146 1
298 4044 2
3095 3489 1
3836 2951 1
4381 3242 2
4418 4220 2
196 890 1
78 1620 1
3943 4904 1
4357 912 2
4757 2113 1
3601 1934 2
2657 1069 1
1933 40 1
3330 4847 1
1381 3572 2
4181 3192 2
1499 461 1
798 60 2
3331 792 1
4563 843 1
4216 2280 2
2729 802 2
3380 211 1
2844 4040 2
4180 4787 2
172 2145 1
4434 3134 2
3162 3878 2
1002 999 1
2816 3587 2
3525 4162 2
2870 4312 2
4161 4747 2
1869 1145 1
2366 3376 2
2088 2214 2
3778 155 2
470 2003 1
39 1161 2
1930 2337 2
472 4413 2
979 2044 2
3487 4454 1
2372 1890 1
946 3316 1
4869 1538 1
4321 2319 2
4240 3619 1
802 3952 1
1453 657 2
686 982 2
1646 1475 2
4905 3395 2
3708 3007 1
2397 1501 2
632 3517 2
4231 2565 1
2827 4288 2
3457 1387 1
4158 4033 2
1727 688 2
4027 4203 1
3842 170 1
3778 1600 1
4232 1324 2
260 3138 1
273 2867 2
2236 2611 1
3028 474 2
3377 4366 1
3128 711 1
3718 259 2
1259 3771 1
1410 2551 2
111 4006 2
1401 225 2
352 3122 1
4096 2607 1
2255 3155 2
781 2415 2
4842 2933 1
4684 3678 2
4385 1422 2
1779 2813 1
1827 103 2
2335 494 2
511 1623 2
2357 507 2
4947 2688 1
154 2440 2
1561 2304 2
203 1716 2
4581 4786 1
1462 3884 1
1184 2794 2
583 4200 2
4352 1349 2
2148 2020 2
2982 2894 1
3330 4249 2
3262 1082 1
86 2409 1
2866 4517 2
484 3958 2
1640 2475 2
403 3547 1
2055 1496 1
110 2313 2
3454 3976 2
1965 2932 1
1078 3336 1
2282 4372 1
595 3955 1
1173 1893 1
4246 2286 2
2033 2871 1
2558 4964 1
4524 14 2
4314 1874 2
4147 1395 2
3768 4996 2
3771 785 2
4050 1359 1
3241 3913 1
2508 1821 1
715 4390 2
743 412 1
2245 2818 2
4833 2335 1
2750 2055 2
3627 1163 1
1144 4175 2
3002 3651 2
2027 4917 1
3870 4549 1
666 1138 1
4597 3691 2
3220 25 2
1513 4843 1
3780 1042 1
358 2455 1
4474 1403 2
1157 3278 1
416 2002 2
668 1497 2
4374 1788 1
940 871 1
3103 3290 1
4370 1321 1
858 623 2
3686 2967 2
2489 1931 1
759 905 2
2493 3291 1
4612 38 1
1888 1870 2
3300 2905 2
1937 1729 1
3432 4902 2
4572 3756 1
3724 530 1
2168 524 2
2729 1089 2
3319 815 2
2958 3741 1
2809 674 1
946 3486 2
4545 2438 2
1516 1893 1
4694 3375 2
1780 2647 1
4892 2668 2
1127 3432 2
4817 4530 1
1878 637 2
3168 4553 1
3063 4193 2
4569 3397 1
1603 4729 1
2951 926 1
3582 488 2
4544 4600 1
899 3716 2
1393 3404 2
3670 327 2
1384 3686 2
2535 4238 1
464 1733 1
4941 2214 1
1864 3445 2
1641 2114 1
1164 1048 2
391 4054 1
2379 2017 1
4737 751 1
3007 416 2
1539 3681 2
2112 3145 2
1896 4224 1
3705 572 1
619 2231 2
1506 2278 2
1255 2476 1
2180 4999 2
1392 1049 2
3784 3979 2
208 1701 1
1712 4185 1
2883 4601 1
4941 4167 1
1659 1020 2
3423 1987 1
1868 952 1
4808 4699 2
153 3362 1
354 4367 1
1926 4661 1
1348 2161 2
475 664 1
4945 1524 2
1767 2788 1
3008 442 1
4699 783 2
429 205 1
3011 3219 2
4015 3807 1
4033 759 2
344 1609 2
1370 2461 2
3664 992 1
4974 4747 1
1298 4755 2
4468 1354 2
1918 2415 2
924 3858 1
3453 227 2
515 4828 2
2728 300 2
1699 4662 2
2026 522 2
3464 715 2
4665 4081 2
4332 872 2
2953 1473 2
491 2880 1
2545 743 1
608 2945 2
2051 2082 2
2351 1981 2
1952 4798 1
3832 4818 1
4307 4364 1
2347 2667 2
4721 1568 1
4606 812 2
1935 746 2
3512 4185 1
796 3902 1
2298 232 2
3266 2812 2
713 1970 2
1585 40 2
190 78 1
3253 795 1
1101 167 1
4011 736 2
1441 3449 2
72 4584 2
3143 4839 2
2626 1287 2
2726 984 2
4500 1172 1
3069 2070 2
2583 1141 2
3557 4677 1
3844 4609 1
387 3002 1
1690 3892 2
4688 2786 1
4382 1950 1
201 950 2
4286 292 2
2599 4014 2
253 4238 1
1855 1530 2
3883 2599 1
2194 3315 1
1954 4393 1
1543 3456 2
3458 3062 2
4661 329 2
1421 544 2
1385 3928 1
3220 705 1
1926 2283 1
4088 3228 2
328 1676 1
409 4491 2
4024 3577 1
27 1038 2
4691 3220 1
676 2738 2
683 1123 1
4856 2207 2
1972 4113 2
2309 3770 1
4856 2524 1
4703 4649 2
1252 1813 2
813 1082 2
585 3435 1
1258 1916 1
692 2504 2
117 1531 2
446 3746 1
1129 2304 1
3068 3027 2
3534 2863 2
2448 3738 2
2894 48 1
886 1832 1
3793 3783 1
1904 116 2
2785 2116 2
4211 40 1
2119 4676 1
2664 3089 1
2444 4590 1
4579 4946 2
2745 3486 1
2936 4306 1
256 725 2
3809 4193 1
2208 2751 1
4041 4551 1
1996 1251 1
4004 2126 1
3309 3607 2
3092 3555 1
444 1634 2
3798 1161 1
961 4440 2
4331 2613 1
167 2042 2
4608 3243 1
1093 4747 1
1022 1920 1
3534 100 2
778 77 1
3138 4216 2
110 2307 1
611 225 2
2374 1465 2
1009 1905 1
3396 208 2
1902 4098 2
301 1760 1
1395 4503 2
4522 1856 2
4321 4712 1
4536 4730 1
281 3138 2
1360 740 1
1893 3725 1
984 1816 2
4444 2348 1
3223 2484 2
3394 2704 2
13 1691 1
1989 614 1
241 2891 1
649 308 1
1425 1845 1
2149 1512 1
3270 3344 1
3252 129 1
3645 1951 1
2382 1508 1
3687 3326 2
2060 328 1
337 840 2
2783 1842 1
3397 532 2
2113 1298 2
16 3596 2
2930 2916 2
506 3100 2
1373 3361 2
593 1001 1
2648 1507 1
942 1592 2
1048 4740 1
1606 4322 2
1826 1216 1
1466 2942 1
403 1454 1
4943 4311 1
3402 2755 1
2975 1834 2
2536 543 2
4799 4642 1
2087 1133 2
871 1516 2
4032 2655 1
2301 547 1
3339 1721 1
1626 3445 2
291 3185 2
3171 2059 2
2671 1646 1
3169 1853 2
619 1254 2
2745 2948 1
2077 557 2
4197 567 2
2024 4941 1
530 1807 2
4244 1913 2
4240 210 2
4532 544 2
3997 1243 2
150 89 1
2570 2736 1
3879 4385 1
2996 3307 1
4757 4550 2
1772 1770 1
3291 1768 1
16 1144 1
768 2370 2
248 3625 2
4040 174 1
4209 1394 2
3865 4070 2
2318 1454 2
3432 1116 1
4314 1874 2
3802 779 1
3575 4202 2
4755 3043 1
2826 993 2
3610 4041 2
1924 2654 1
835 1828 2
914 4865 2
4620 1393 1
838 1730 2
4072 521 1
4221 2483 2
4999 1942 2
1943 2985 2
3716 577 1
1666 3774 1
21 783 1
287 2258 1
2631 2695 1
1508 1222 1
4632 1957 2
720 2671 2
1435 4459 1
4713 3449 2
1743 2139 2
361 4497 1
4464 1774 2
2373 586 2
2069 3160 1
1261 921 2
2968 4881 1
1600 289 1
1753 4981 2
3005 2696 1
164 1469 1
4426 208 2
638 2380 1
880 983 1
1492 12 2
1773 407 2
1908 3718 1
305 1199 1
4337 741 2
4361 1312 2
2651 4780 2
1128 4560 2
4701 3835 1
3953 2179 2
382 902 1
1630 165 2
1896 2358 1
1948 4361 1
4228 3414 1
2276 3981 2
3004 1759 1
2596 2580 2
304 2956 1
164 4298 1
2850 663 2
2834 1788 2
793 4898 1
4446 1662 2
4122 1759 1
830 1618 2
4898 2913 1
2524 3184 1
901 800 2
1219 4824 2
259 137 2
4629 4370 2
3253 2876 1
4152 4950 2
2924 3716 2
2364 1212 1
1507 1331 1
1983 206 1
2160 2907 2
2513 3577 2
751 1389 2
4648 760 2
4559 1110 1
3541 2505 1
1179 3693 1
1590 781 1
4354 4855 2
2754 2068 1
4951 4116 1
3432 255 2
3377 3047 1
1744 60 1
1116 1313 2
1328 3526 1
4967 1462 1
4560 3979 1
3572 430 2
1150 396 2
3652 2726 2
4995 2000 1
848 4717 1
4701 1737 1
1801 3487 1
3115 2397 2
568 4805 1
3588 894 1
1166 2867 1
2864 2739 2
526 4649 1
2701 453 1
1422 3947 1
3611 275 2
4114 4833 2
649 4550 1
3545 4328 2
3942 4517 2
4478 174 1
256 2787 2
4376 3978 2
2233 2052 2
1906 18 1
4996 4828 2
1132 3890 1
4941 728 2
408 4748 2
566 1266 1
2102 3811 1
3675 937 1
744 414 2
1111 3519 2
4814 60 2
2524 145 1
268 1706 1
3872 1563 2
383 742 2
754 1161 2
4212 2872 1
1441 2679 1
1265 2499 1
2597 3218 1
970 3849 2
2724 565 2
2197 3724 1
4591 2493 2
2622 278 1
130 2053 2
1116 4314 2
695 4291 1
2586 2168 2
764 3433 2
1551 309 2
3672 2149 2
798 1360 2
1938 2377 2
4111 3271 2
762 4636 2
2716 2416 2
1518 967 1
4589 3504 2
3727 1528 2
4989 2832 2
4297 1106 2
1666 1522 1
4222 611 1
4601 448 1
4076 2982 2
4215 2038 1
1490 3199 1
3593 443 2
223 3585 2
1133 500 2
3564 3211 2
4479 937 1
3108 1454 2
237 6 1
1859 2569 1
4291 4148 1
3956 3382 1
3008 1189 2
1410 1322 2
103 2699 2
3336 2104 1
4799 2081 2
3777 2487 1
3788 3680 1
1105 2832 1
268 4444 1
1465 4129 2
1682 4813 2
3343 3572 2
3878 3503 2
1828 1080 1
834 3082 2
596 3135 1
4535 3978 2
3985 4239 2
2686 3416 2
1665 3313 1
4856 655 1
2251 4117 2
4183 4576 2
2718 2628 2
4538 3318 2
3491 4524 1
1621 4179 1
350 112 1
1374 1137 1
424 2918 1
3137 842 1
2768 1775 2
4502 577 2
2149 3026 1
4374 3103 2
1726 4665 2
4297 511 2
4154 2842 2
3290 2601 1
4304 4727 1
1849 2579 1
2377 1815 1
2728 891 2
4393 4219 2
1695 3118 2
1161 1297 1
817 2549 1
712 1381 2
4420 3283 1
4181 2019 1
285 1704 2
823 2726 2
1530 4177 1
2045 4389 1
3846 157 2
4206 2048 2
280 4969 2
2811 935 1
3148 1413 1
2008 3011 2
688 4078 1
1383 3355 2
1985 114 1
2732 513 2
2020 599 1
1682 1523 1
717 948 1
2748 4586 1
4035 3813 2
4085 4558 2
3450 2715 2
2569 4959 2
1471 2562 2
1809 1798 2
4272 4386 2
4579 2146 1
1386 1487 1
1848 2588 2
1849 1281 2
1789 1452 1
3947 4133 2
194 544 1
1821 1073 1
1998 3332 2
3301 420 1
2041 453 2
3134 2188 2
96 3405 2
439 1469 1
1732 99 2
76 2625 1
259 3031 2
3883 3715 2
3350 1682 1
3841 2859 1
3298 2412 1
4619 3173 2
4111 2852 2
2189 2977 2
4460 2292 1
606 3508 2
2320 4627 1
3370 4846 2
939 1113 1
3071 307 1
323 1878 1
4480 922 2
567 163 1
3045 785 1
2216 1391 1
2209 3614 1
299 1211 1
4379 1895 1
1288 2719 2
4846 1100 2
1838 4755 1
1888 2792 1
3469 2598 1
4038 4635 1
4906 187 2
2791 3754 2
1246 1559 1
1965 3646 2
1575 837 2
3863 4833 2
1694 2074 1
4162 4316 1
1856 1880 2
1547 3868 1
4222 2959 2
502 4528 1
1468 1944 2
4139 2381 1
4325 2616 2
907 3306 2
821 3923 1
3511 2172 2
4982 1423 1
3146 2187 2
3276 4972 1
3794 2395 2
3473 1691 1
4811 2333 1
2642 4596 1
1300 2179 2
543 2230 1
4759 2023 1
3783 2259 2
189 2548 1
1722 1065 1
2704 283 2
3541 3498 2
952 1032 1
2538 3253 1
4871 4667 1
1373 2475 2
1581 1688 1
1448 4170 1
4796 3487 1
3271 2374 2
900 756 2
3605 4875 1
3457 2064 2
3134 4716 1
728 2246 2
3963 1631 1
2790 2343 2
3177 423 1
1633 3583 1
4266 169 2
4940 1549 2
2938 967 2
1951 3359 1
1795 4096 2
2461 2004 2
3065 1486 2
3789 3488 2
3831 614 1
1426 395 2
2209 2460 2
3075 3626 1
2384 3764 2
635 2037 1
3665 1970 2
2746 4799 2
126 2643 2
4442 434 1
2723 2250 2
1947 1064 2
3042 1220 1
4911 1475 2
64 1036 1
822 3582 2
4109 1056 1
1836 4617 2
4824 1529 2
2846 1241 1
3281 935 1
569 3669 2
4374 4771 2
4611 4522 1
2070 2044 2
216 4568 1
105 3779 1
2710 2292 1
542 342 2
1353 2860 1
3706 2768 1
504 3014 2
3792 1751 2
1070 3913 1
3940 2277 2
2666 1785 1
207 2017 1
4831 439 1
478 27 1
4389 4463 1
1955 235 2
1062 2009 2
4794 3554 1
4658 217 2
3197 1719 2
1515 4559 2
4649 4243 1
42 3176 1
1695 3125 2
4256 1995 2
2724 1320 2
2158 2140 2
553 4608 1
3717 748 1
2483 2337 2
775 1663 2
2764 3440 1
4052 716 1
1264 2063 1
1918 3657 1
1137 1549 1
3918 2789 1
4668 4252 2
2652 3460 1
1402 1754 1
450 807 1
1584 1664 1
3186 1473 1
1727 134 1
612 2443 1
2060 4133 2
2649 1784 1
3761 27 2
2955 210 1
2243 4571 1
2018 3315 2
2794 538 1
4352 237 2
612 1579 2
3686 2907 2
3513 836 1
4061 3805 1
2400 1343 1
1286 440 2
3449 3738 1
3275 2956 2
34 1087 2
1107 2108 1
2595 1613 1
442 3474 1
4697 4701 2
126 712 2
4494 421 1
307 3519 2
2191 3345 1
1536 1820 1
3045 3989 2
1320 118 1
2509 2684 2
1234 3754 2
1568 628 2
4330 3239 2
379 120 1
4158 3938 2
4960 1165 1
3737 4507 2
3652 3317 1
3267 191 1
3447 1503 2
1678 428 1
335 3421 1
3539 4855 1
133 1700 2
2971 81 1
4958 175 1
3943 3374 2
3283 1061 1
4409 2149 2
3273 3511 2
704 2819 1
4090 4587 2
2968 4880 2
3123 2971 2
4888 4655 1
244 4111 2
2562 970 1
1547 2855 2
1958 3773 2
1673 3177 1
23 407 2
251 1713 2
4692 868 1
1002 684 1
785 2997 2
4452 1860 2
2995 4949 1
873 4575 2
2288 278 1
4846 1312 2
3077 83 2
1349 1621 1
813 83 2
3859 4871 1
1969 2621 2
1289 3021 2
667 3822 1
196 2609 1
2761 1484 2
758 3545 1
3440 1007 1
1282 687 2
279 26 1
1523 3746 2
4656 911 1
1998 1003 2
1418 256 1
1955 1825 2
1385 3471 2
2376 1693 1
2461 1095 2
1718 143 2
39 4192 1
4442 4871 2
3263 3887 2
3693 1684 1
2280 51 1
4485 4409 2
1066 2033 2
3450 3827 1
1120 1754 2
1641 3604 2
1704 1872 2
3405 163 1
3942 1204 1
3385 4202 1
4880 195 1
799 4111 1
2883 2836 2
1284 3051 2
3333 4819 1
4137 3910 1
1361 850 1
2388 1793 1
3446 2579 1
1909 2242 1
1352 4807 1
1609 3092 2
2054 1914 1
4755 1860 1
1930 2532 1
1590 2077 1
4652 1337 1
524 1165 2
4167 346 1
3994 342 1
635 2827 2
625 574 1
913 1691 2
423 2015 1
2706 2966 1
1620 4471 1
2865 2366 2
4518 1521 2
500 1070 2
3517 4923 1
1351 4966 1
2943 414 1
1312 3418 2
821 1433 1
1428 2011 2
756 3407 2
577 3684 1
3494 2684 2
834 222 2
3686 4115 1
2119 692 1
4415 163 2
3618 968 2
1190 2789 2
4234 3204 1
667 3016 1
428 3882 2
4917 4814 2
1189 237 1
4611 444 1
1801 805 1
3899 4358 2
2176 1327 2
4622 824 1
4387 51 1
1498 830 2
1563 2004 2
2967 3669 2
2147 4596 2
4891 2943 1
1929 317 2
358 2484 1
4137 1001 2
2110 3571 1
1954 4794 2
3405 1637 1
3214 26 1
4230 3907 2
1830 4437 1
4155 4451 1
540 1907 2
4082 2015 1
3264 223 2
403 773 1
3868 314 2
340 1304 2
1696 4536 2
965 4997 1
3110 3921 1
493 3399 1
2647 3010 2
1099 3916 2
684 1890 1
453 1230 1
4517 1485 2
556 4115 2
4374 4652 1
2350 2206 1
869 2547 1
4075 1579 2
734 1538 1
4097 4511 2
3879 2453 1
3641 45 1
1356 1828 1
4983 1554 1
204 2660 1
2989 2762 2
3370 3363 1
2360 168 2
4813 1592 2
2 4363 1
2992 3409 1
2191 3163 2
3770 3450 2
3640 2848 2
3960 4157 2
3667 1195 1
694 3269 2
2736 2115 2
2938 1441 1
2413 122 2
3329 4872 1
3036 1318 2
4608 2239 2
3856 392 2
1780 1108 1
804 1960 1
2610 1423 1
2971 2847 1
3152 203 1
4761 2859 2
906 3498 2
2920 1791 1
1134 3062 1
1476 4200 2
1776 505 1
3352 2009 2
3135 1526 2
4159 2000 1
1182 4933 1
2124 3503 2
3988 3739 1
4625 2363 1
1164 4359 1
2468 2897 2
838 119 1
4142 2044 1
172 1609 2
2090 1656 1
3238 1498 2
4332 3163 2
4214 2315 1
1359 958 2
3845 3558 1
4878 2128 1
852 3173 1
4116 4147 2
284 1252 2
1396 197 2
3303 3586 1
2553 4297 1
1332 2084 1
183 1979 2
2871 514 1
3945 3224 2
1206 2832 2
184 1132 2
1309 471 2
2443 1681 2
2691 3017 1
4825 1527 1
3195 1184 1
2144 1334 2
548 1887 1
1922 4157 2
2394 3503 2
2731 1951 1
4410 2668 1
260 1753 1
362 1030 2
1267 4758 2
4790 1969 1
313 3635 1
2836 125 1
2082 2763 2
4602 910 1
4561 243 1
1106 957 2
825 4719 1
2613 1981 2
2757 4172 2
4493 3543 1
4409 1628 2
865 3790 2
4142 4869 1
989 1108 1
538 1490 1
3359 2156 2
1902 2696 1
1523 1301 2
1110 2402 1
3112 541 2
1692 558 2
233 3692 1
54 4670 1
2278 229 1
620 4216 1
3528 2312 2
4475 4335 1
4208 115 2
3620 4199 2
1944 116 1
709 4692 2
616 3840 1
823 716 2
3739 2496 2
1446 4376 1
1887 4327 2
3989 448 2
265 813 1
2951 1308 1
3679 2887 1
2879 1851 2
3043 908 1
4809 624 2
3391 3961 2
3054 3672 1
3364 2247 2
3004 189 2
1857 2544 2
4124 4982 1
4354 2333 2
18 4365 2
3246 1411 1
1937 2407 2
1057 3721 2
268 3816 1
2744 963 2
3798 4868 2
503 3858 1
1715 1935 2
4030 1938 1
2557 3446 1
2960 323 2
2632 3988 1
4699 1441 2
3421 1062 2
330 3748 2
4971 2207 2
3278 89 1
4082 3469 1
3177 3374 1
2702 2410 1
3297 3578 1
3194 92 1
2075 883 2
1586 237 1
1462 3709 2
223 4891 1
4124 3074 1
1071 3297 1
1516 2413 2
2731 909 2
634 454 2
3312 736 2
1926 2097 2
1662 2617 2
721 2710 1
3228 546 2
1819 1978 1
3146 4289 2
3752 349 2
1477 3216 1
3790 4107 1
4326 4486 2
4648 3187 2
4732 316 2
4726 3283 1
3277 1729 1
4099 1473 1
9 2951 1
2894 3891 2
2279 323 1
577 4649 2
4078 4512 2
765 2294 2
1870 2085 1
1084 3522 2
2148 1283 2
694 4266 1
2098 3736 1
3565 447 1
3956 1574 2
4424 3267 1
4084 4836 2
612 487 2
3150 3772 1
1902 1280 1
2701 4004 1
578 1453 1
2228 2749 2
1231 4763 1
2798 4239 1
4409 1065 2
1543 1211 1
454 956 1
2905 2455 2
4130 3116 1
4152 2190 2
2371 2429 2
4974 4157 2
133 2328 1
1616 2543 1
2614 639 1
2062 3834 1
1259 3260 2
4303 3464 1
1218 1954 2
3627 1311 1
3382 1403 2
3823 1458 1
583 2512 2
1861 1589 1
2871 4124 2
2049 956 1
3349 2346 1
1965 1933 2
3006 4314 1
446 4585 2
1855 4008 2
132 4231 1
1924 301 1
2126 1066 1
773 3452 2
4276 3614 1
2147 822 2
3763 2206 2
1007 3783 2
3749 2793 1
2660 3710 1
1070 2233 2
3544 1177 1
1392 2827 2
3359 3327 1
4920 3225 2
1272 1052 2
2478 3523 1
2062 4488 1
4297 4505 2
616 920 1
3969 3059 1
2169 2156 2
2571 2122 2
2873 3479 1
3689 92 1
1818 3659 2
1847 2995 2
4683 4234 1
3887 2119 2
3665 4646 1
2758 55 2
729 3010 1
837 2900 1
3968 4278 2
73 4727 1
2475 23 2
194 350 1
311 2924 2
4800 891 1
2050 4050 2
2794 4388 2
215 3801 1
4429 3708 2
3807 2518 2
3595 841 1
1747 2487 2
3409 580 1
4907 4722 1
1575 4020 1
1522 222 1
68 267 2
4807 3239 1
2224 3911 1
4717 3694 2
3304 1587 2
1275 1135 1
230 483 1
1318 4282 2
3983 1243 1
4258 659 1
43 1313 2
3237 3626 1
39 4223 1
2844 3788 2
4790 2082 1
2332 2352 2
324 3229 2
2922 1586 2
674 4039 2
2675 1275 2
3893 2576 2
3437 4983 1
2191 144 2
2652 1733 1
3493 1201 1
790 4963 2
1599 4944 2
1743 3128 1
778 4256 2
4470 3872 1
1609 638 2
1470 3500 1
4160 4726 1
4510 487 2
3920 3933 2
2642 4994 1
511 1748 2
1887 3080 1
2276 548 2
1827 3763 1
2351 2220 1
3434 4397 2
3791 653 2
3682 352 1
4154 3295 1
2233 1215 2
1473 3673 1
2577 1338 2
3881 4565 2
4979 3846 2
571 2025 1
3688 3867 2
1836 4551 1
3002 572 1
4294 253 2
4801 3579 2
4805 3110 1
3111 3170 2
3619 1648 2
677 3266 2
829 4748 1
4059 4384 1
3964 1690 1
172 2155 1
2845 4450 2
4375 4712 2
4065 3603 1
4864 4022 1
1678 3135 1
2900 2530 1
1652 2453 1
2769 484 1
104 727 1
691 2057 1
2804 2321 2
2296 3015 2
3269 432 1
1134 2723 2
340 2921 2
1935 1510 2
4782 2053 2
4292 4572 1
3316 4980 2
3359 4204 1
100 3550 2
4263 3243 2
4950 3171 1
4808 1201 2
4671 3269 1
1720 353 2
577 1433 1
2708 4254 2
4313 4234 1
3217 769 2
4088 4470 2
1339 4284 2
1883 1863 1
4049 3666 2
4803 2074 1
1390 268 1
1702 4243 2
3658 3141 2
620 1320 2
4976 4887 1
2706 794 1
158 2965 2
3179 2575 1
4295 4382 1
3130 1842 1
4868 3137 1
4673 1705 1
3238 4699 1
1365 3526 2
4950 2634 2
2615 4911 1
2374 750 1
1700 2679 1
734 4090 1
4934 4426 2
4639 2088 1
4642 1405 1
3963 4178 2
1456 2443 1
2211 714 1
4118 3913 2
2599 2891 1
2901 2179 2
4554 2277 2
98 1644 2
1284 4405 1
1006 2083 2
1286 1050 1
2247 912 2
2625 1809 2
1653 4827 1
2176 4835 1
4734 3454 1
4041 2106 2
3954 4998 1
2799 295 2
4151 3574 2
3179 1799 1
686 3035 1
4375 441 2
548 1241 2
1250 1313 1
1682 1668 2
1559 4585 1
2894 2264 2
117 947 1
136 2474 2
2408 4304 2
4142 2477 1
1390 2404 1
4568 4687 1
4564 391 2
4252 1849 2
2623 4429 2
4027 161 2
4587 4543 2
4154 2355 2
2752 3265 1
4931 4556 1
3751 1770 2
3593 4838 2
1569 2022 2
2919 3928 1
3953 311 1
1714 379 2
37 4672 1
4346 2693 1
1120 961 1
813 58 1
635 4558 2
3676 246 2
1520 2448 1
4485 1228 2
4694 730 1
2239 1626 1
776 845 1
1737 3107 2
4021 1588 1
2971 4660 1
2217 2545 1
114 4423 1
1803 2174 2
721 4003 1
4261 4101 2
2883 1945 1
4672 2313 2
2906 1481 1
165 2082 2
403 3507 2
1868 2573 2
3584 1895 2
4865 4354 2
2652 4045 2
2722 1516 1
2122 3405 2
1419 3645 1
2607 1913 1
2562 487 2
164 350 1
4267 4172 2
2653 3727 1
804 3870 2
4988 3938 2
1970 456 1
1462 2376 2
507 75 2
3485 689 2
434 178 1
1820 2734 1
1751 3151 1
3270 758 1
4148 1195 1
1016 4521 2
4913 4434 1
4243 2616 2
1272 1772 1
1859 4643 1
145 590 1
1722 57 1
3576 479 2
1813 3844 2
1226 3451 2
2430 4082 1
1788 2115 2
4120 3013 2
660 1411 1
487 3012 2
4382 4755 2
4605 328 1
2464 1807 2
3318 1560 1
3510 3647 1
2997 4781 2
2487 1592 2
4492 782 2
93 3424 1
3241 510 1
4089 694 1
3251 4177 2
926 3976 2
425 3411 2
2721 1290 1
4139 4505 2
1303 2542 1
1343 3221 1
3143 4159 1
1141 2158 2
4124 796 2
820 2742 1
340 1348 1
3123 1778 2
3627 4324 1
1560 3790 1
4609 3882 2
325 2366 1
1120 94 2
3118 2470 1
1367 667 1
4844 2331 2
1865 1907 1
2661 1080 2
951 4768 2
681 210 2
170 4116 1
3471 1348 2
234 4082 2
4174 4908 2
3666 3154 1
4460 3836 1
4809 4697 1
4403 4842 1
58 1911 1
615 544 2
3365 1895 2
2161 2669 1
3708 930 1
3575 3490 1
4887 460 1
121 157 2
3424 4486 1
2414 4161 1
2624 4258 1
1757 1821 1
3080 2178 2
4172 2913 1
921 1642 2
2413 364 1
2685 2201 2
1044 2640 1
1411 2636 2
2690 1500 1
1310 2363 1
2373 129 2
3623 1378 1
2262 1990 1
4143 3730 1
4065 597 2
1102 4181 1
3192 3059 1
4279 2485 1
1473 3771 1
321 4917 1
2083 1260 2
1159 4846 2
2381 679 2
4265 3612 2
3816 890 2
873 1631 2
2567 1383 1
2591 1675 1
3718 229 2
2254 1792 1
857 3038 2
2092 4658 1
2864 3608 1
4318 586 1
3961 100 1
4978 2379 2
54 2874 1
1282 350 1
1331 1123 2
3744 4094 1
1057 702 1
4372 717 1
2902 723 1
3456 1094 1
443 3067 2
4949 4816 2
364 4310 1
2099 1457 2
4028 4771 1
445 2433 1
2550 1604 1
3322 3795 2
1997 2199 2
1310 1591 2
4605 1390 1
1663 4987 2
2431 3992 1
584 3381 1
2097 4854 2
4385 330 2
4988 4382 1
1580 483 1
1316 1772 2
2754 1875 1
4220 3836 2
3125 1194 1
4015 1009 2
1171 925 1
4680 4426 2
3985 3355 2
3827 2519 1
3390 1689 2
2089 2744 1
1915 3448 1
2569 3710 2
4986 2546 1
4921 2016 1
1612 4536 2
4009 2416 1
2313 3519 1
3216 220 2
964 1598 2
2949 2437 1
4237 2929 1
1575 3667 1
2437 3017 1
4165 3359 2
2701 2514 2
544 3703 1
3207 2524 2
3052 4333 1
1507 4595 2
1771 905 2
4972 775 1
2433 3779 2
1321 3669 2
3369 1273 1
1252 323 2
1534 127 1
870 3544 1
1355 2146 2
2969 4186 1
396 3860 1
3237 3109 2
2307 2980 1
2667 1459 1
1884 931 1
3477 2415 1
2633 1871 1
1436 4825 2
4654 2763 2
1720 1909 2
3038 4181 2
3581 43 1
1852 3735 1
1368 3857 1
2459 4352 2
485 2180 1
3303 3624 2
1116 2099 2
3202 1127 2
1968 2044 1
1712 46 2
455 2157 1
2275 868 1
1845 2172 1
3383 1074 1
1928 3471 2
3895 4120 1
3709 1214 1
1662 2558 1
2842 4804 1
879 99 1
242 1137 2
4046 3818 1
1604 2194 1
3213 392 1
2388 3952 1
2280 4992 1
1161 2421 2
1321 3263 1
3645 1434 2
1125 2624 2
889 2212 1
1172 128 2
4286 3602 1
4477 2779 2
1284 2873 1
2872 4158 2
2703 3864 1
3746 2114 2
3701 1580 1
3716 3648 2
2401 2725 1
501 1912 1
835 1671 1
1915 2344 2
2446 59 1
3550 523 1
3849 3875 1
2118 4863 1
3087 1961 1
4599 1486 1
679 2520 2
3228 1102 1
4660 4962 1
2225 1953 2
357 4424 1
2704 3590 2
1046 821 1
4933 94 1
854 2948 1
2730 807 1
1407 85 1
3756 2381 2
3282 4828 2
1308 1044 2
168 3954 2
1854 1295 1
2193 1674 1
365 4916 2
3473 4541 2
2965 3006 1
2886 4479 2
1008 3226 2
860 3527 2
1842 1602 1
2097 4347 2
4445 2741 2
3545 658 2
3670 893 2
1467 3216 1
2150 2903 2
2794 85 2
2121 2263 2
2517 974 1
722 1729 1
1655 1803 2
1078 3577 1
295 4727 1
4596 12 2
2393 460 1
4764 2613 2
1516 1628 1
4269 1777 2
3467 2521 2
4876 3931 1
260 606 1
1444 9 1
2779 3731 1
3329 2517 2
704 2725 2
1228 2716 2
2525 3699 1
3866 458 2
3481 1586 1
3461 2493 1
727 2090 1
4417 4998 1
1112 3496 1
4864 3691 1
2461 858 1
2647 4375 1
1717 790 2
4743 2409 1
3397 1939 1
3220 1609 1
1435 4789 2
1737 2206 1
2155 53 1
3347 3178 1
194 959 1
4362 3404 2
3429 1059 1
1979 2605 2
795 4133 1
3672 3828 2
3831 1341 2
4270 2602 2
2407 4592 2
1653 1303 2
3128 3365 2
2036 2419 2
999 296 2
131 1165 2
3601 1490 2
3608 1464 2
100 1855 2
4795 2753 2
2956 2263 1
1897 4114 2
4727 453 1
4612 2842 1
1673 747 1
4913 4859 2
4489 3732 1
729 4915 1
1282 505 2
4680 4155 1
1955 1461 2
634 3483 2
1767 305 1
4513 388 1
1694 608 2
3920 3556 2
4666 1804 1
2403 3982 1
4635 359 1
292 3279 1
1548 2251 1
2760 1114 2
1579 179 2
4560 2205 1
1821 4575 1
4681 2594 1
2015 1788 2
1820 4671 2
2686 1818 2
38 2630 2
2576 3468 1
4001 3486 1
3897 4732 1
154 3480 2
704 1556 2
1905 4963 1
2183 3021 2
1980 1736 2
4374 740 2
412 1654 2
3232 2808 1
3445 2047 2
148 510 1
1747 4690 1
493 4509 1
976 4615 2
1163 2394 1
2511 1358 2
528 2149 1
1876 3048 2
1036 4363 1
4474 420 2
4850 2002 2
2939 4596 2
3584 1767 2
1611 2469 2
1475 2883 1
4174 4059 2
2809 1330 1
4550 1714 2
157 1331 1
1734 1438 1
1486 2699 2
2281 2228 2
576 106 2
1931 2871 1
2593 2980 1
4775 1436 1
1077 265 1
2512 342 1
1467 429 1
1199 4122 1
4527 4457 1
2643 1468 1
1070 4240 1
3757 2345 2
2340 4187 2
2136 2099 1
4569 1893 2
1767 4216 2
3807 2456 1
2663 155 1
1822 831 2
2888 2906 2
1569 2674 1
320 2790 1
1159 1365 1
1248 3550 1
4162 3536 2
1869 4324 1
3531 688 2
424 1366 1
1068 3997 1
3087 2206 2
2068 3338 1
1370 4067 2
3775 353 2
1086 3014 2
3908 2172 1
1261 550 1
3293 1381 2
740 2660 1
3002 1559 1
1036 3160 1
4766 2314 1
2163 3482 2
1081 4355 2
3688 3241 2
1236 105 1
1273 656 1
2872 561 2
3744 4732 2
1327 2340 2
3642 935 1
1289 3556 2
2935 4840 2
3465 2986 1
1637 3713 2
1798 691 1
3445 4976 2
4370 3614 2
2740 4430 2
1086 3704 2
3972 2899 2
396 3632 2
4224 2624 2
3548 2875 1
4131 4371 1
1304 393 1
498 3319 1
4879 4718 2
21 113 1
2134 1962 2
1162 1812 1
3058 4337 2
2802 1422 1
2583 4044 1
4011 2977 1
3468 4047 1
2508 2291 1
2269 4817 1
67 1622 2
4064 2318 2
3283 1152 2
3824 624 2
246 1356 2
3341 3490 1
2520 2088 2
130 1924 1
3844 1405 2
3430 2090 1
4068 1554 2
1700 253 1
2357 1026 2
339 4880 1
2336 4345 2
1166 3988 1
2683 4298 1
1556 1380 1
2998 444 1
1881 1018 2
3607 4344 2
4348 1872 2
4438 4221 1
367 1696 1
4505 4789 1
402 1893 1
3961 1101 1
2801 4312 1
3444 2073 1
4569 2707 1
993 4333 2
4903 3705 1
151 3917 1
1249 1748 2
3470 894 1
1322 1390 1
1827 154 1
2994 3993 1
3905 4865 2
4252 3271 2
91 4195 2
4951 4994 1
2123 3790 1
454 3021 1
174 2462 2
3440 585 1
4814 3608 2
640 3449 2
4167 3206 2
2862 4023 1
2482 4662 1
4476 1444 2
1524 1603 1
153 4020 2
136 594 2
474 255 1
4585 3695 2
4972 482 1
4065 4110 1
4003 2828 2
2550 4353 2
3471 1969 1
615 233 1
1906 2915 1
195 445 2
4147 4611 2
2602 1668 2
2885 284 1
3994 2938 2
3793 249 2
4315 58 2
271 1946 2
3883 1889 2
4601 2348 1
3468 2251 1
4641 1197 2
961 1395 1
630 1148 2
1148 96 2
4787 4999 1
3003 4850 1
768 4562 1
430 3825 2
2495 743 2
3347 63 2
2256 4305 2
827 4121 2
1957 4031 1
3210 913 1
3271 280 2
890 999 2
1903 273 2
4905 4331 1
790 120 2
1574 3669 1
21 4853 1
4080 2702 1
4214 1435 2
1415 4612 2
3617 436 2
3977 322 2
3352 4362 2
3039 3565 2
4364 839 2
1669 2296 2
901 2078 1
45 2465 1
4317 3039 1
2020 3066 1
4301 3551 1
4436 3961 2
448 4686 1
4777 376 2
387 2335 2
1892 805 1
3484 4019 1
2307 243 2
3255 2094 1
423 120 1
370 2849 2
524 4005 2
2698 4110 2
1724 3313 1
2724 4743 2
3477 2902 2
3414 3560 2
2038 762 2
3602 4776 1
966 3376 2
2066 4796 1
2461 4445 2
1830 3620 2
1609 3219 1
648 2340 1
4299 449 2
529 917 2
1999 4488 2
4009 2849 1
1464 744 2
2611 2378 2
2025 1937 1
4374 1507 1
3893 3138 1
4229 3349 1
4503 646 2
1192 980 2
3899 1890 1
3345 4544 1
1652 1097 1
3128 917 2
3635 2768 2
1936 467 2
2775 1538 2
855 4990 2
3151 4548 2
4666 2655 2
4058 2370 2
1102 1489 1
4039 3745 1
4488 1837 2
221 843 2
1406 1030 2
3557 3574 1
3092 910 1
1027 3149 1
201 3128 2
1136 3621 2
1119 4971 1
4883 2353 1
22 261 1
3803 3559 1
33 2094 2
1510 2145 1
3455 1921 1
3158 2717 1
3052 4150 2
2223 3990 1
1077 187 1
4323 4624 1
4552 3174 2
918 2727 2
1922 2613 2
4945 4161 2
4054 78 1
2235 4623 2
2589 1759 2
1803 873 1
1576 4383 1
480 2415 1
2440 2083 2
4601 1944 1
3063 1194 2
4581 2031 2
2932 321 1
1221 889 1
499 4793 2
461 96 2
4107 2740 2
2342 2115 2
4670 4867 1
1727 3412 1
324 2739 2
2831 4440 2
32 4203 2
1837 619 1
729 791 1
1577 2257 2
3331 3872 2
4032 3510 2
2292 362 1
171 1783 2
607 3853 2
1808 4679 1
2316 1885 1
2872 1659 1
3158 3194 2
1592 1782 1
4691 4177 1
4136 1814 1
2920 2336 2
335 3517 1
4419 1382 1
676 1409 1
4479 1697 1
1438 1364 2
1763 4109 1
878 3684 2
1691 3052 1
1624 2148 1
2150 3145 2
4686 1386 1
1718 300 2
404 4911 1
3579 1497 1
925 786 2
328 2808 2
669 1989 2
2109 1815 1
4396 678 2
43 1011 1
1985 4288 1
2251 3427 1
4829 4487 1
2408 4917 2
1628 135 2
3816 4927 2
1920 4118 1
502 2855 1
3205 2790 2
1459 315 1
2318 4356 1
273 2667 1
1807 4940 2
815 2290 2
2040 4794 1
2440 2856 1
881 1746 1
4875 178 1
1376 409 2
876 4681 1
1252 1865 1
3042 4671 2
2718 3465 1
3703 3349 2
1931 627 1
3187 2816 2
4715 4949 1
4666 4047 2
1221 1048 2
4545 4471 2
537 3332 1
3317 3151 1
4988 2186 1
20 44 1
2560 768 2
3217 2046 2
4713 2593 2
980 1393 1
1425 1258 1
1096 206 1
2004 3807 2
3860 727 2
4157 123 1
155 3886 2
1976 3827 1
427 1590 2
2846 1260 2
1074 2793 2
2100 529 1
2028 2352 2
2219 4318 2
38 2670 1
3210 2927 1
2631 2174 2
1935 3362 1
4329 4384 2
3642 2512 2
637 3256 1
155 4017 2
4708 1871 1
2591 2093 1
2230 3024 2
1294 3771 1
2367 2212 1
2096 3213 1
4405 1375 2
883 4498 2
4356 1728 2
3959 2220 2
1938 1533 1
4411 704 2
1115 1349 2
4332 4736 2
4006 3108 1
853 1636 1
925 210 1
3770 92 2
3297 692 1
1828 2176 1
4405 82 1
2912 1441 1
4430 2207 2
1184 821 1
569 1013 2
1240 1534 1
3245 1086 2
3434 556 1
628 2164 2
3443 311 2
639 1378 2
3923 1453 1
159 3008 1
3345 3970 2
4053 1235 2
2437 1635 1
1826 2778 1
684 2066 1
727 2386 1
1176 2861 1
3959 1083 2
1309 4551 2
4728 746 1
1685 326 2
3174 1229 1
2341 4779 1
1344 522 1
182 2597 2
3977 2592 1
4549 1854 1
2856 1691 1
2211 3188 2
2016 3988 2
1997 2978 2
2553 4047 2
4133 4804 1
2973 2484 1
535 4118 2
4356 1151 1
4517 398 2
3768 2440 2
2036 3494 1
1138 684 2
2949 1451 2
115 3138 2
4277 1720 2
996 126 1
3461 364 1
2439 4361 2
3818 1879 1
4451 1295 2
3454 3681 2
4036 944 2
109 1996 2
1904 2511 1
313 3669 2
4571 86 1
1343 4759 1
788 152 2
1024 1719 2
3342 1126 1
753 873 1
784 2723 2
2475 3554 2
253 2944 1
2723 492 1
61 800 1
1955 4837 2
2018 661 1
2231 3328 1
4996 2081 1
529 610 1
686 1038 1
6 1822 1
1406 1479 1
1239 450 1
4425 4293 2
1313 1464 1
2772 1906 2
4405 214 2
2116 961 2
3409 2366 2
3207 188 1
1044 2478 1
1769 1757 2
430 1977 1
2672 254 1
4054 1461 1
1465 4488 1
698 4187 2
2145 1752 2
1107 4499 2
140 2837 1
3518 285 1
3913 2676 1
2612 3216 1
2243 4244 2
3914 783 1
690 58 2
90 4838 2
640 4303 2
257 4946 1
3373 1605 1
3943 3495 2
4468 973 1
186 4287 1
2835 3107 1
3587 2842 2
4599 1152 2
3815 1256 2
2141 4752 2
2671 4497 1
2426 3858 1
832 3781 1
4237 2163 1
3620 3300 2
3472 4083 1
3472 2504 2
2370 4990 2
3988 4094 1
3871 1764 1
2774 4121 2
3638 4393 1
1015 3927 1
2706 4358 1
1292 1106 2
4474 3286 2
1638 4303 2
2730 754 2
2858 522 2
3376 4189 2
2114 1401 1
