100 100 91
27 50 2
13 66 2
11 9 2
50 31 2
84 34 2
74 13 1
54 82 1
80 19 1
53 20 2
33 36 1
67 30 2
49 97 1
28 47 2
32 98 1
33 68 2
94 37 1
86 30 1
76 79 2
25 65 2
14 62 1
88 21 1
41 50 2
99 13 2
51 87 2
8 33 1
76 80 2
86 69 1
93 30 2
81 33 1
89 36 1
16 52 1
79 99 1
98 21 1
65 34 1
58 65 1
96 7 2
7 26 1
69 96 1
12 24 2
38 52 2
4 59 1
51 20 1
91 58 2
38 86 2
96 51 2
31 73 1
41 13 2
32 98 1
83 16 1
34 33 1
11 96 2
39 50 2
57 58 1
62 37 2
17 66 2
90 34 1
5 95 2
87 26 2
72 54 1
39 92 1
15 88 2
98 60 1
22 27 1
98 24 2
35 41 2
56 54 2
92 89 1
21 11 1
84 4 2
63 71 1
82 97 1
34 39 1
46 5 1
87 66 2
26 4 1
96 92 2
17 43 2
81 70 2
88 64 2
72 52 1
80 96 2
46 13 2
38 92 1
25 67 2
75 44 1
80 20 1
32 95 2
54 34 2
51 30 2
7 48 1
63 53 2
77 39 2
5 100 2
96 18 1
14 35 1
67 94 1
93 86 2
1 79 1
75 2 2
76 33 2
