100000 100 67210
93383 80570 1
52998 31946 2
45421 82047 1
83519 77629 2
34400 10528 2
6346 32881 1
74521 36352 1
93135 32932 1
18155 56057 2
37931 41874 2
36546 2140 1
99675 6975 1
67221 29310 1
76270 45532 1
13718 26741 2
13592 96985 2
54277 97075 1
56139 61129 2
58802 12894 2
59330 82046 2
84111 67800 1
22774 29822 2
12303 9544 1
45806 3919 1
85899 18387 1
80672 29836 1
79631 90981 1
98477 63571 2
57341 37788 2
55138 34486 1
97983 63849 1
81915 16869 2
7468 65375 2
84457 64035 2
70780 94958 2
42485 12636 1
40946 98966 1
30245 73383 2
64384 25336 2
99652 1147 2
61547 44246 2
18827 83629 1
49020 18973 2
5949 13100 2
82153 82720 1
95896 23190 2
18303 51707 2
66637 81699 1
12941 31445 2
9909 5904 2
19420 87675 2
77799 2391 1
86122 66828 1
74512 38729 1
23202 39637 2
16255 93186 1
6037 32819 2
96459 44171 1
55719 3966 2
14088 38895 1
64637 13955 2
31925 83256 1
38858 91397 2
77965 97792 1
69399 37583 2
1 67210 2
15961 80583 1
18927 11025 2
72751 75018 1
21541 88458 1
41626 2634 1
16119 21716 2
71992 52300 2
1487 35970 1
37855 53254 2
28381 81407 2
13126 99778 1
26592 15186 2
65185 65486 1
40969 85285 1
3289 36276 1
68543 37602 1
90712 96496 2
54303 30664 1
27429 65322 2
33469 26366 2
61488 7736 1
11329 91321 1
81911 87370 2
93788 84238 1
75803 5280 2
17141 96463 1
14700 33782 2
39954 33096 1
74176 44145 2
49021 71413 1
47484 21335 1
41939 9396 1
93280 6926 2
58606 61206 2
