100000 100 16938
89036 19212 2
50060 13117 1
65086 49955 1
73119 6865 2
77969 93009 2
46038 18700 2
80142 45391 1
2137 69331 2
12125 9884 1
69361 14197 1
15521 885 2
3417 3564 2
81145 71766 1
54929 46097 1
9009 76933 1
6706 95554 2
65057 74656 2
26555 76847 2
82124 10391 2
26027 85893 2
57475 62504 2
18611 77998 1
77081 67320 1
74136 54909 1
21626 66137 2
51433 40367 2
33192 36667 2
30964 70463 2
20618 29794 2
1 16938 2
69588 22599 2
16622 85846 1
28727 88548 1
90620 8290 1
9666 5733 2
25036 42062 2
83452 54769 1
14374 14981 1
21136 88628 2
54419 51906 1
26879 47175 2
83844 7252 1
64507 66974 2
12944 30476 2
48430 8318 2
95124 28855 1
27796 58586 2
48079 1593 2
12732 44771 1
13418 75118 1
24960 83207 2
84684 1873 2
81995 33810 1
27840 6398 1
7797 39896 2
32627 67769 2
54959 29283 1
8107 15525 1
36081 6783 2
36528 13182 1
38798 13827 2
69657 59952 2
69032 38785 2
69158 40170 2
3914 8254 2
3480 2915 2
69292 75280 2
63875 32329 2
69125 43293 2
66769 1398 2
68667 67416 2
38390 21692 1
37069 2709 1
37177 26475 2
4134 38816 2
53399 32524 1
99714 67357 2
5504 83702 1
76580 72734 1
35514 84255 2
77605 51015 2
44604 72331 2
20615 81563 2
85923 72802 2
14083 7838 1
55472 80482 1
48041 2640 1
74579 47672 2
73326 74342 2
18113 79957 1
79455 67667 2
92927 61575 1
15912 52654 1
94574 57016 2
49909 7036 1
79938 20609 1
39226 64059 1
87598 11370 1
32755 86351 2
22076 84414 2
