100000 5000 65509
92294 33908 2
84053 11119 2
76233 22472 1
74692 19277 2
19405 87763 1
51908 97834 1
27063 63858 2
70323 92685 2
54781 15381 2
90561 86064 2
74187 39490 2
17717 63171 2
16928 52913 2
74792 20262 1
8242 77645 2
5447 88850 1
97318 63193 2
51029 6193 1
14329 59401 2
94151 75522 2
11898 88101 1
71814 77622 2
16973 29482 1
62033 89302 2
3721 1768 1
36664 73786 2
65627 5029 2
10850 4883 1
42721 91096 1
56488 258 2
63184 80015 2
32951 95359 2
76143 13866 1
178 18035 1
59961 81469 1
86606 21566 1
2943 94034 2
17013 27442 1
1124 1061 1
12995 12373 1
60831 54982 2
65644 31651 2
75868 39930 1
88916 64490 1
51803 55707 2
47573 41453 1
89104 87251 1
52029 22050 2
64353 53829 2
44301 51540 1
64716 28868 1
21147 89057 1
89598 45754 1
78801 72060 1
74588 29123 2
96396 89676 2
56510 71759 2
57021 28332 1
61967 87171 1
7819 681 1
66127 72440 2
21104 79271 1
68305 45115 1
54584 57564 2
47101 76012 2
39045 6740 1
83183 3679 2
97741 91787 2
37462 41982 1
96282 73110 1
82998 1348 2
77609 94266 1
34470 37155 1
97644 95475 2
57523 70527 2
85352 11887 1
51484 27249 2
85559 80049 1
44435 40742 1
69096 89902 1
62818 4414 2
12826 88499 1
93028 52397 1
96036 43421 2
82119 92060 1
28080 511 2
46961 89897 2
42076 7424 1
36408 6371 2
43416 31930 2
23048 98511 2
170 60956 2
56417 96486 2
43213 56553 1
96663 66260 2
88845 82103 1
65776 61627 1
57132 82961 1
72969 70702 1
25601 6550 1
84946 48822 1
23348 59127 2
26829 39409 1
707 10781 1
20723 68749 2
81409 37120 2
45103 31890 1
58993 93457 1
47425 93045 1
74159 58353 2
68156 34790 1
69639 71192 1
3240 58723 1
84892 73391 1
84001 88354 2
35331 62102 2
47478 86827 1
76933 95807 1
16779 34268 2
52833 32177 2
59159 2499 1
10983 14246 1
25511 8903 1
76990 9005 1
85369 1152 2
35039 26728 2
75330 73050 2
24311 78127 1
73225 85943 2
20457 86284 1
53513 84042 1
69034 18461 1
32147 23420 1
99747 53942 2
54089 60042 2
35731 49596 2
45444 36485 2
22058 97514 2
51504 5297 1
45455 4784 2
5771 92326 2
88539 88751 1
35849 8370 1
58908 91934 2
94547 62006 2
86259 35656 2
95363 18980 2
22998 62028 1
63721 35272 2
73071 12188 2
28841 92028 1
9243 87774 2
1467 65937 2
19403 69998 1
70826 32973 2
27398 37498 1
10262 57256 1
53798 30788 2
42418 86350 1
96022 12836 2
39142 65376 1
59227 8004 1
94477 38995 2
50984 11810 1
47448 65711 1
85352 94097 1
97994 17841 2
62680 95032 2
68411 78793 1
45833 91889 1
40053 5629 1
89603 42060 2
34106 34916 1
82333 8585 2
58395 12556 2
49990 22274 1
61602 34325 2
18047 447 2
85226 63988 2
29823 4511 2
3905 22833 1
12910 47190 1
8397 39273 1
40330 58473 2
82052 81324 2
71045 81396 2
562 62624 2
82212 85124 2
96535 14268 2
9857 47870 1
62342 63886 1
24459 43926 1
27400 47606 1
59777 91417 1
93399 47944 2
34075 97571 2
29379 16622 1
49249 2633 1
29712 79684 1
11249 52369 1
99510 83738 2
40413 58997 1
3680 23734 2
52203 76676 1
98990 2223 1
77683 84225 1
36947 48307 1
26981 99074 1
98295 39010 1
46240 97810 2
20726 7248 1
21564 99727 2
99039 86055 1
2305 45868 1
3029 68355 1
65934 13969 2
8114 29524 2
14419 43158 1
77279 2943 1
67095 70924 2
15646 43230 1
27314 83636 2
26336 70747 2
76116 1349 2
42511 4761 2
34749 23434 1
3397 46955 2
32547 79650 1
24947 31419 1
8559 47455 2
4284 93349 1
47648 93287 2
77367 53689 1
71590 62742 1
44624 96924 2
58760 52282 1
20263 7335 1
96095 28374 2
23183 40199 1
70008 21471 2
27793 84347 1
3222 85282 1
40167 31354 2
37102 37404 2
62945 18634 1
14282 20384 2
4931 86346 2
76199 79669 1
13285 15817 2
88662 38070 2
3730 64300 1
16798 12144 1
3657 55084 1
35128 94759 1
46751 79190 1
46130 51665 1
51899 58377 2
11245 23129 1
67577 66107 1
33119 74077 1
19912 6933 1
16594 57457 2
42220 61234 2
74083 9498 1
62844 79588 2
66692 37460 1
71973 49999 1
38490 38573 2
18053 87276 2
53215 36839 2
29681 35688 1
36929 73306 2
11567 39490 2
62146 1679 1
35421 95920 1
49718 88454 1
27624 19450 1
64104 44625 1
50870 46462 2
50293 79287 1
12605 55915 2
43055 17394 2
34569 95398 1
43451 90321 1
9754 20744 2
76083 51223 1
70819 96829 2
49670 39386 2
39532 17030 1
25203 73221 2
12145 75256 1
40977 81718 1
10626 94619 1
42090 79936 1
15297 65709 1
92892 80491 2
54151 22652 2
30711 16175 2
24638 78831 1
29889 67517 2
90056 71838 1
94965 42326 1
50455 49525 2
64159 35857 2
39923 22902 2
77794 9145 1
7448 64979 2
79826 72557 1
9332 62520 2
58490 18943 1
54477 5311 2
91288 39702 1
21562 96185 2
8540 24812 2
17701 61196 1
35117 6575 2
18511 33072 2
54275 81604 1
23884 19953 2
58062 23904 1
45219 53456 1
70222 8077 2
41103 68162 1
76984 61132 2
55937 72943 2
81560 98061 2
51803 65140 2
24937 72312 2
59382 27970 2
92286 72103 1
55485 62076 2
68093 84457 2
20016 88285 2
58111 87297 2
83618 35984 1
46866 36358 1
41564 20150 1
85527 17473 1
90072 8132 1
1252 48433 1
1382 10594 2
66754 87466 1
20554 2701 1
94608 3697 1
26748 9685 1
67518 95202 2
44518 88256 2
86643 35403 1
2986 66277 2
6632 58222 1
85178 59026 2
45195 28003 2
50942 22727 2
74365 39923 2
72305 63801 1
21780 1278 1
82276 84464 1
89594 36278 2
48410 29641 2
22508 15010 2
29354 63636 2
9435 37852 2
3649 28279 1
70190 94195 1
75965 53449 2
31551 48298 1
34355 44632 1
13882 15575 1
32361 43844 2
64065 55077 2
6845 31169 1
69098 15634 2
29276 47129 2
89087 402 1
27468 54824 2
41309 58058 1
35554 92030 2
35766 1973 1
16781 30369 2
5007 85635 2
66441 60200 1
40002 71349 2
61869 1857 2
90941 32867 1
67198 93419 2
23458 81974 2
15289 28317 1
73125 10062 1
47309 83645 1
41489 88573 2
10014 56170 2
10979 29545 2
83108 97715 1
17037 11374 2
82602 8254 1
68373 87898 1
38159 1506 2
21203 67600 1
59880 91213 1
24918 16197 2
61404 38718 2
72800 91974 1
62503 56428 1
76293 36016 2
55799 62301 1
12561 90679 1
78898 56912 1
32319 45760 1
69678 71764 2
11426 31110 2
79288 48494 2
91616 62744 2
76526 21463 1
28209 43129 2
57669 21532 2
81605 70400 2
42819 51612 2
15035 59126 2
43269 74446 2
29867 22970 2
84891 41784 2
93021 3072 2
92423 83321 2
81840 10509 1
35458 34144 1
74164 78557 2
88631 47186 2
85392 76094 1
13798 424 2
96957 82802 1
29698 55022 2
64776 45297 1
56532 54822 2
2132 40068 2
3222 14083 1
97142 44043 2
46552 36750 1
1559 6936 2
64094 69 2
54294 21650 2
78335 76375 2
62051 35123 1
32296 12873 2
37797 93323 2
70520 18004 1
47797 11386 1
54593 70948 1
5249 90265 1
70381 73274 2
26794 44178 1
57175 81580 2
16582 45124 2
22222 84256 2
17374 43008 1
2869 42900 2
32465 43822 1
76710 62265 1
85488 37545 2
59370 60787 1
69600 76511 2
39426 80539 1
83259 54546 1
56930 33725 2
28431 76345 2
74576 88538 2
97149 50048 1
33770 13447 2
26299 71651 2
92221 39501 1
31091 46359 2
35534 77703 1
34114 35714 2
61077 44551 1
40890 26558 1
84605 4720 2
54560 46170 1
8422 93629 2
2510 93273 1
48323 39513 1
18482 96656 2
29277 63238 2
65262 70412 2
45901 25046 2
76054 99946 1
32934 5461 1
48853 49022 1
92425 61085 2
55208 58797 1
72078 12991 1
96993 68370 2
56578 36609 2
26757 84092 1
15107 12219 1
70511 81134 1
37222 25593 2
25099 68575 2
84306 53084 1
42555 94648 2
3683 38041 1
22326 55160 1
94919 17208 2
69252 60787 1
41220 67766 2
65571 20911 2
56976 40963 1
6789 75045 1
56920 44965 1
11952 34470 2
89146 23220 2
83228 92724 1
7114 5532 2
38552 79780 2
37457 70302 1
63558 97827 2
1417 90510 1
4315 37806 1
35714 92822 1
32096 44728 1
11521 69586 2
46515 26920 2
65212 91315 2
79559 36856 2
57215 11004 2
43327 29527 2
88329 8360 1
39703 74472 1
32079 27426 1
40059 84673 1
12505 72491 1
8654 1645 1
57121 1367 2
45157 6634 2
17879 67504 1
96201 83884 1
97759 20274 1
73721 52792 1
36464 67597 2
50725 26506 2
57623 84999 2
29268 72975 2
78866 6871 2
38943 54252 2
99350 70603 1
7700 12917 2
9642 71363 1
81844 49367 2
14153 80947 2
73941 7534 2
81988 58757 1
48768 4143 1
73438 90325 2
89396 82944 2
68142 34355 2
26401 3035 1
48832 82724 2
35694 50607 1
35988 84482 1
53012 65631 1
87518 76919 2
44961 15265 2
39204 26022 2
45174 14655 1
72708 21026 1
65225 62553 2
80299 7989 2
19332 39522 1
12094 15355 2
10756 61535 1
59317 5156 2
60315 41259 1
22779 47701 1
72110 95702 2
44400 3752 2
74519 40929 1
20935 36583 2
66724 64451 1
73128 87701 2
22102 42407 1
84335 26309 1
65860 3052 1
26571 17793 1
66773 57796 2
58208 8612 2
46313 14773 2
43301 78080 2
72753 73979 1
68327 31098 1
57395 99140 2
82500 25289 1
82215 74322 2
40657 23162 1
45852 46493 2
81589 47983 2
17811 34798 2
49324 67867 1
36867 92454 2
48964 71719 2
84276 44373 1
9059 54001 2
92932 28995 1
12991 13832 2
14181 29450 2
91364 4561 2
55260 51097 2
21810 35301 1
71940 83059 2
95421 18800 1
93417 36526 2
76267 62644 2
58446 32309 1
3577 58756 2
42759 75942 2
98327 9 2
73568 87189 2
99751 27969 1
76788 82663 1
802 46555 1
54934 53816 1
75027 31132 1
16172 14198 1
60441 92989 1
19694 81603 1
22122 96586 2
2540 89622 1
84107 9412 2
6374 50683 1
47832 21184 2
88369 29231 1
91171 84711 2
3321 5893 1
45676 21940 2
66969 99235 1
22606 10809 2
45924 42277 1
9171 73434 1
88288 85145 1
19770 62191 1
51590 69794 1
10072 20167 1
84484 3318 2
14131 41760 2
89338 81728 2
7977 15696 2
82400 82238 2
68936 17759 2
85503 89539 1
8691 9258 1
55827 25174 1
20163 61762 2
55152 66322 2
12292 55051 2
17146 63620 2
30932 66430 1
77931 35440 2
44679 32807 2
51889 47277 2
61157 30343 2
29037 71012 1
14858 76115 1
26901 82517 2
42150 75763 1
38834 59889 2
57083 60932 1
93475 8833 1
61474 46838 1
38489 19166 2
16486 17967 2
93561 62615 1
54278 90759 2
43773 37678 1
75960 26666 1
23987 2651 2
19969 22553 1
9116 50503 2
8893 51497 2
94126 26195 1
48125 20322 1
40467 81455 1
24100 30625 2
65608 14467 2
78410 27734 2
82335 28169 2
40345 43751 1
69469 95920 2
9843 61323 1
24156 56123 2
2409 4752 1
91786 11680 2
88549 9718 2
81545 70250 1
50049 47218 1
30285 3576 1
43022 94636 2
28449 93659 2
77455 96001 1
61730 32956 1
59579 90913 1
17986 96563 1
33886 23218 1
70 16913 1
96472 17419 2
42825 10647 1
35260 60282 1
22967 43453 2
61939 36703 2
7091 89324 1
77943 57551 2
97169 37892 2
3672 84817 1
19132 33655 2
71706 75012 1
10897 73996 1
71797 41720 2
35843 95549 1
32852 49712 2
50293 46233 2
26007 7206 2
95523 56003 2
76753 72199 1
26041 47921 2
46730 54835 1
65402 26893 1
14717 40318 1
82202 69752 2
76859 27538 1
75109 1666 1
60391 54315 2
92022 26067 2
96537 44665 2
88896 60390 2
2619 93026 2
66729 25384 2
93551 95229 2
2826 15453 1
95270 151 1
41936 98876 1
25130 13234 2
51518 95406 1
46421 11969 2
81769 54995 1
56632 3566 2
4186 14524 2
46998 62133 2
92784 6386 2
62822 92486 1
93627 50830 2
92180 62342 1
2530 83103 1
50656 78062 1
75518 54919 1
11101 67787 1
93501 1406 1
44403 40573 1
45600 94286 1
36926 25688 2
30077 14229 2
20270 22085 2
221 44070 1
99845 67682 1
2047 6376 2
82652 33662 1
14100 49557 1
52830 43198 2
67681 52157 2
84426 54491 2
38592 18976 1
2453 24002 1
37279 36440 2
72742 9298 2
29375 19405 1
48537 83969 2
1654 40062 1
80925 63096 1
8910 80223 2
49238 94770 1
2339 725 2
9115 71649 2
63337 28764 2
78841 47113 2
6372 24290 1
66190 71331 2
3311 3177 1
38190 95900 1
11606 75688 1
46626 57747 1
82427 11307 2
85700 50302 2
13492 81711 2
76229 78438 1
83435 33767 1
95496 41158 2
26813 13178 1
29572 60336 2
26268 33954 2
95013 86600 2
24109 9102 1
38635 39623 2
96811 40257 2
10249 20249 2
61282 80337 2
36615 71455 1
64916 77992 2
12865 42350 1
36120 36231 1
95335 24495 1
98966 87038 2
83483 18717 1
87180 69333 2
67349 71434 1
74412 89351 2
11458 81466 1
93532 61249 2
52513 34597 2
73012 56295 1
29957 13945 1
89123 31024 2
12214 63991 1
73675 61989 1
61775 31826 1
68417 18310 1
44737 91827 2
55662 55589 2
13007 63255 2
53840 24936 1
20945 87567 2
19961 70283 1
13521 26334 2
54959 25308 1
53456 7455 1
67435 42270 2
98914 58493 1
56922 4710 2
58958 25081 2
13503 37121 1
43023 92584 2
88719 64268 1
95253 9426 2
42579 46906 1
96645 35828 1
34730 78866 1
71861 91103 1
82308 20015 1
90545 17431 1
22696 4414 2
14425 94868 2
15599 62851 2
59680 43524 1
8390 98676 2
71566 583 1
98736 54300 2
62335 95858 1
8898 89242 2
74403 41965 1
16006 7808 2
28604 53045 1
11704 79604 2
24290 4442 2
76652 43410 1
12482 77314 2
2118 50599 1
41755 7589 1
50080 18424 1
93216 3918 1
66023 4857 1
11385 91200 1
31 62423 1
40321 80015 2
411 27983 2
13865 33603 1
23973 93652 1
18676 84921 1
38780 30189 1
65977 7457 1
59089 76948 1
17925 8225 2
98889 33752 1
12566 14736 1
26942 63420 1
86273 45660 2
27486 278 1
54060 47269 2
60426 47057 1
14484 34527 2
10872 30891 1
58793 74740 1
80338 99575 1
89709 48224 1
95221 44477 2
17049 54451 1
11667 75701 2
55640 55667 2
49 38800 1
65994 43831 1
78666 93391 1
55235 34669 1
92266 51177 2
42729 46036 1
13299 64106 2
26201 73987 2
41244 19630 1
90370 86177 2
54220 53418 2
24712 99274 1
65732 86628 1
96867 56529 1
35635 29206 2
27133 68440 2
67455 69583 1
56760 85017 1
43107 80849 1
62918 33 2
299 29044 1
10479 94095 1
32697 77634 2
92942 33338 2
52484 52825 1
42068 73096 2
51732 42156 2
21700 38968 2
99143 49186 1
99957 7705 2
87631 68534 2
85396 7312 2
40306 94901 2
74847 94806 1
48489 46883 1
51786 53016 1
3137 56598 2
13758 74326 2
79037 27097 1
20853 79012 1
70385 70635 1
72000 32395 1
46153 76542 2
52225 96585 1
10592 99256 1
22129 40557 1
10601 32757 2
21755 636 1
8266 91778 2
95199 20783 2
32444 33796 1
42320 31986 2
44269 48720 1
35287 23655 1
54237 77936 2
76909 25825 1
40772 74724 2
71685 37002 2
32555 20286 2
48288 99901 2
46190 96389 2
92278 39564 2
54625 82163 1
10484 28347 1
84424 81975 2
66680 4323 2
38973 51124 2
93719 21104 2
55501 77024 2
97144 15076 1
62235 64294 2
71703 22674 1
27804 99940 2
29667 52739 1
65626 51790 2
97599 33236 1
52978 68937 2
9925 44278 1
76149 43057 1
18270 74989 2
56746 66675 1
26699 50770 1
79018 44563 1
7488 6513 2
89763 66280 2
1187 12236 1
81462 22907 1
3153 27573 1
39930 52044 2
4026 97432 1
96790 75437 2
19456 8975 2
22474 74341 1
12476 47852 1
54567 44526 1
4057 49011 1
47730 76855 1
49815 12380 1
73446 46242 2
89545 79829 2
37423 47943 1
46231 92191 1
92335 62384 1
55837 70189 1
32284 24859 1
95370 63528 1
14400 25403 1
58978 58957 1
26744 88631 1
73533 22988 2
57718 12106 2
4646 98443 1
22271 29249 2
85148 90562 2
9518 21824 2
66580 54141 2
49711 25053 2
8981 81405 2
98981 56899 1
30042 98039 2
63940 40913 1
68052 94291 2
43351 69465 2
76454 8750 2
9467 55297 1
97095 84441 1
88962 22597 2
42179 43511 1
18866 42995 1
92763 23235 1
28644 11789 1
2304 16744 1
89957 22699 2
87996 33191 2
95031 35254 1
70505 12308 2
53489 89326 1
26231 48505 1
19387 60166 1
83115 13010 1
12468 66914 2
20666 35856 1
73804 59264 1
76562 20598 1
1066 51628 2
23954 92671 1
38470 96042 2
13165 90614 2
8304 29744 1
99436 24700 1
83144 66537 1
47528 17125 2
69859 23411 1
39188 35547 2
42861 33826 2
41905 95802 1
41729 91067 2
35479 10450 2
37459 31194 2
10035 55369 2
77799 91276 1
73539 12374 2
92054 22421 1
75228 46951 1
73008 55596 1
69893 37276 2
77589 76282 2
96217 67977 2
90267 18495 1
78537 29720 1
53900 84077 1
81976 6277 2
8580 74763 1
4253 81824 2
88567 34099 1
30212 90415 2
76649 61908 1
8845 2697 1
71508 46640 1
14284 23868 1
82118 51839 1
19207 97031 2
5888 80843 2
18875 37153 2
43672 93650 2
77272 18256 1
59607 73095 1
46816 39059 1
348 11250 2
50284 6073 2
37496 19467 1
22695 76424 1
79792 71394 1
80721 13335 1
54398 68442 1
29821 76435 2
6192 57738 2
21619 85534 1
44968 24027 1
34703 21963 2
64474 86061 2
2432 30308 1
54321 56433 2
5834 40132 2
82474 33392 1
97828 77117 2
15671 26531 1
66203 35060 2
52189 70360 1
28397 5088 2
46646 17012 2
94511 37614 1
93680 71116 1
90952 78016 1
54637 13290 1
82131 86857 2
61025 98350 2
33697 51219 2
93207 1738 2
50005 67161 2
78380 70565 1
17062 80237 2
97586 29977 2
92544 27187 2
64367 50230 2
89635 88356 1
34267 29213 1
12867 27405 2
40358 39877 1
63590 71565 2
16495 12793 1
36841 13882 2
30478 27095 1
42044 57277 1
65163 66227 2
46081 48817 2
65988 75762 2
12529 19912 2
98859 81456 1
9399 48934 2
45670 65146 1
97394 73220 2
75534 26165 1
58616 89262 1
45840 71189 1
91150 62725 1
33295 1414 2
80912 52286 1
48736 56967 2
24911 55586 2
99052 96010 2
32558 6252 1
42929 90358 1
94501 80430 1
87362 70053 2
8446 54604 1
78595 58630 1
9915 7071 1
20877 83292 2
33838 85939 2
89008 87549 2
38270 40073 2
45228 85203 1
81449 11766 2
6967 59839 2
66268 88482 1
95450 79313 2
42365 45194 1
42452 32529 1
80194 26239 1
7285 16442 1
21879 15621 1
4676 27577 1
89500 9877 2
47290 92242 2
32901 19739 2
69637 65339 1
74264 11224 2
98790 16544 1
7634 22945 1
64595 60093 2
227 20222 1
52278 94247 2
59821 77356 1
70731 97092 1
38729 32220 2
41958 13421 1
56130 19729 1
98891 29523 2
22903 57830 2
24244 26680 2
30429 13702 2
91695 32050 1
85564 19922 1
29501 28427 1
54829 46623 2
13877 55011 1
63618 99861 1
98910 2220 2
40958 84625 2
30264 98285 1
94553 65187 2
14196 35265 2
76285 60817 1
83191 43349 1
7916 34771 1
38012 30765 1
28695 10037 2
68015 85439 1
99752 27576 1
52050 27062 2
15769 78928 2
79291 64464 2
49915 5703 2
64436 85793 1
43537 34169 2
97530 70638 2
89106 53814 2
15007 85363 1
11530 12516 2
64329 39966 2
17721 92506 2
368 41361 1
10130 11110 1
55843 91779 2
98334 81640 1
28900 35136 2
47127 43861 2
59752 15301 1
74893 49717 1
84824 98501 1
88100 69348 1
97522 45478 2
55796 73045 2
62792 56709 1
71624 84842 2
63008 42158 1
5920 92862 1
61490 85892 1
39087 21851 2
56142 3999 2
86237 26404 1
627 87337 1
88229 44077 1
1593 35008 1
98552 99517 1
1512 84664 1
41977 43251 1
13246 19414 1
89152 45854 1
97774 6101 1
77015 36100 2
53275 40741 2
57183 68860 1
57505 10311 2
25772 25812 2
49229 76466 2
46021 6027 1
65408 17586 2
5797 51064 2
69615 94563 1
36413 58913 1
81190 79962 2
86479 6693 2
50720 42269 1
43124 16083 1
14257 52134 1
27960 94608 2
33757 3651 2
98969 12406 2
77374 64185 1
85387 50895 2
45217 43901 2
67830 63518 1
99017 38009 2
75702 20150 2
27179 98637 2
87579 13601 2
53553 94284 2
10983 40890 1
38936 17947 1
25843 15827 2
21873 79189 2
29033 57680 2
62243 42857 1
56427 17258 1
70247 94938 1
85899 1678 1
38251 54590 2
59633 18555 1
79248 92608 1
1145 73352 1
68940 19455 2
33106 3675 1
21385 9388 1
80064 91314 2
85476 52816 1
49466 50494 2
78863 37795 1
84652 68836 1
24719 26358 1
38903 99098 2
1470 92747 2
51308 38064 2
77674 71127 2
54389 50852 1
80852 57895 1
22316 4844 1
29235 73847 1
94178 6289 1
85550 16284 2
85721 78702 1
82630 26780 1
7434 39093 1
65545 14097 1
99873 73738 2
76480 14602 2
26684 45606 2
72162 42538 1
82319 47797 1
15166 41927 1
88066 59160 1
43126 4204 1
84529 38596 2
67070 46071 1
14156 39042 1
28129 96892 2
48405 82157 2
44412 9984 2
41028 51127 1
75905 59454 1
51942 12868 2
78390 18118 1
6746 3180 1
93652 36121 1
43603 3838 1
55592 1103 2
40537 45880 2
83700 30065 2
10215 34864 2
1999 17502 2
2094 33902 2
21249 25258 2
85233 75215 1
14249 94491 1
37351 36804 1
33303 92299 2
92765 40657 2
66609 62761 2
72817 83214 1
82162 43319 2
81560 8425 1
70951 10189 1
91608 11138 1
53360 17205 1
14575 65870 1
13221 95213 1
30954 19477 2
53806 61032 1
51759 64436 1
45578 64013 2
80276 35484 1
46441 63190 2
67973 64561 2
11058 96211 2
52546 16811 1
71934 52389 1
17726 28632 2
5211 19011 2
11873 45592 2
89226 67832 1
9799 23168 1
29600 25507 1
47936 35672 1
55497 85909 1
42030 77149 2
20257 7703 1
47017 29216 1
36505 83233 1
57278 81156 1
31960 79780 1
24652 30884 1
36471 55425 1
24454 77931 2
75492 3152 2
57044 43898 2
68160 55386 2
57137 7973 2
24897 69855 1
48974 3030 2
82801 1361 1
58638 521 2
29388 40087 1
67112 36910 1
95494 56907 2
26185 39083 2
47043 58333 2
5359 99959 2
49565 93037 2
38094 24640 2
53730 13556 2
80079 51878 1
28116 70812 2
57004 32541 1
67047 79588 1
54006 73967 1
72806 38365 2
86383 88696 2
26254 29903 2
47440 28488 1
55984 61621 2
12516 5861 1
20308 55964 1
54123 56390 2
80945 39273 2
16249 41817 1
886 69872 2
11412 77790 2
25797 86621 1
60697 97577 1
14418 15951 2
99511 11652 2
27368 33464 2
49010 7050 1
34084 254 1
47362 95886 1
15352 9533 1
54641 21714 1
82665 88547 1
83777 32784 1
54930 31635 1
96964 87253 1
53951 52675 2
51138 34689 1
24979 79837 2
33014 30568 1
72578 11490 1
7473 43028 1
77271 17218 1
58198 87808 1
8528 85893 1
22172 98078 2
3165 32325 2
13616 1203 2
63620 52722 2
34032 46454 1
23296 20397 1
72528 98836 1
22269 90669 2
37817 2831 1
26526 72893 1
11877 81242 2
98584 91515 1
39781 96030 2
97268 51259 1
77947 87449 1
65361 83971 1
67904 45658 1
94527 97388 2
15839 92646 2
13317 26215 1
40888 8822 2
97947 97750 1
47262 72183 2
18513 34478 2
88025 93480 1
20295 19228 2
65189 59423 1
20403 94749 2
84530 517 1
58814 7364 1
74434 75893 1
46663 45048 1
48237 929 2
10654 85651 2
12384 73453 2
16330 45412 2
54649 10738 1
1380 15278 2
55821 58364 2
54522 81191 2
95651 91757 1
86701 41658 2
85143 63672 2
49235 69189 2
34136 60934 2
30069 82684 1
8841 3604 1
91698 52836 2
33539 59731 1
43483 57432 1
72402 59495 2
18773 83848 2
18868 65065 1
35930 31701 2
59454 89445 2
19800 90391 1
99734 24317 2
98832 45079 2
13785 59876 1
13592 72405 2
53751 52611 1
57850 12931 2
82578 30967 2
58579 20263 1
35427 4017 2
69172 75325 1
63893 22677 2
57829 43091 2
98696 47067 2
37149 42572 2
40975 93714 2
48363 39038 1
12210 86040 1
56784 29235 1
67117 62531 2
4803 24236 1
99023 14747 1
40139 12281 2
73116 96253 1
2633 62114 1
74252 98330 2
29131 68641 1
60810 46709 2
34330 33606 1
33813 87049 2
73229 34162 2
17730 65345 2
48371 37980 1
96792 84542 2
3886 21743 2
78706 67317 1
21010 78634 1
87969 19214 1
28138 44318 1
17128 6694 1
8148 60916 2
12638 79502 1
2624 98373 1
78767 57449 2
42228 80288 1
10907 84338 1
8875 78247 2
25142 29268 2
9873 1490 1
8359 55440 2
32745 10410 1
38985 21499 2
6696 72655 2
9196 98205 1
15703 14579 2
4788 58547 1
89908 3965 1
93177 47373 2
14353 93895 1
90182 84433 2
72596 17985 1
79099 70134 1
72086 96715 2
78923 45514 2
63684 97886 2
8414 28685 1
64353 54820 2
56368 76435 1
14402 95388 1
880 66470 1
49840 7927 1
96322 70402 1
51338 70878 2
82846 75224 1
15264 28105 1
15055 35723 1
41529 49833 2
35188 90453 2
7950 93855 2
74786 30115 1
97709 642 2
14016 54709 2
10166 95486 2
78505 44671 1
90433 72016 1
36206 5003 2
70103 57771 2
33970 21685 2
93845 54229 1
16844 66125 2
45996 50954 2
31304 49529 2
36387 65784 2
2662 18928 1
94835 50914 1
99898 40288 1
68458 8670 1
6122 76904 2
43561 9015 2
58195 15487 2
84902 15243 2
11877 45356 2
4267 98093 1
87522 7243 1
60693 84452 1
87139 22478 2
18549 2507 2
15763 61402 2
24307 88175 2
3634 76710 2
43654 53972 1
82003 82175 1
65693 38160 1
85470 93383 1
21177 68399 2
52815 85425 2
49616 69965 1
35925 63655 1
49420 21407 1
68884 39045 1
89770 2570 2
65827 97563 2
73596 2730 2
46063 39310 1
69447 9805 2
38326 26679 2
84102 65334 2
70381 28674 2
75621 57530 1
85339 64529 2
91878 39078 1
80315 38391 1
27968 70999 1
36158 65950 2
5691 93824 1
3943 23777 2
70933 10312 2
99021 58130 1
26688 33033 1
6012 55637 2
97921 44146 1
29492 53155 2
7667 93638 1
25321 38185 1
61538 56091 1
1409 27238 1
83825 68476 1
49369 85552 2
23668 6024 1
33153 73232 1
72790 24272 1
36091 8289 1
66549 78301 2
7840 79381 2
13185 98791 2
18779 272 2
69184 74847 2
79691 94955 1
23917 43814 2
60773 31154 1
53749 95156 1
13361 62279 1
45816 47538 2
16392 58749 2
52878 49760 1
32700 86301 1
91935 36944 1
4240 50084 2
76714 79625 2
79932 68867 1
59135 32869 2
69354 34334 2
73029 86963 1
18076 24078 1
64661 22421 2
29411 81727 2
252 94595 1
55081 14290 1
67933 2631 2
36585 75068 2
21933 81439 1
50897 87493 1
50422 93695 2
35079 47947 2
62324 95660 2
62977 23004 2
54107 87937 1
72811 70463 2
6735 87054 1
66085 2092 1
73418 58996 2
60643 57871 2
53753 76842 1
75659 23913 2
49439 95387 1
87610 29231 2
61425 96998 2
71520 13577 1
33881 80605 2
75455 28212 1
31572 84710 1
15312 89281 2
91315 58429 1
30334 7572 2
16190 62864 2
81480 15237 2
71660 47009 1
51811 48098 2
4460 84904 2
3446 62603 1
3263 50767 2
4637 85269 1
40891 7316 2
34151 74984 1
25802 43690 1
23096 71521 1
74825 4376 1
90056 13393 1
69866 18488 2
22689 43355 1
86194 43225 2
60612 61946 2
34587 88542 1
48837 28697 2
40531 23837 1
96971 61849 2
95068 46817 2
7889 24782 1
20938 14793 1
45544 12546 2
84296 20935 2
63795 45105 2
94867 98241 1
2281 57868 1
40477 89235 1
42550 85878 2
26667 12810 2
77082 66666 1
43096 66763 1
41288 92114 2
53776 91530 2
15689 35217 2
757 69843 2
65975 44763 2
77854 57061 1
86338 85048 1
43987 47666 2
87310 5829 1
35474 27777 2
93203 30610 1
44269 67884 1
22076 51428 2
59242 34914 2
82600 3541 2
72322 34886 1
38605 66031 1
99234 36878 2
2736 3317 1
61709 6533 1
73229 65115 2
47703 74569 1
93429 37384 1
40843 95277 2
57739 45243 2
93607 21913 1
86087 96035 2
89787 24805 1
64211 78310 2
21358 54402 1
17360 54619 1
61657 30737 2
99442 83440 1
26473 72521 1
61280 20100 2
13825 58229 1
41109 27502 1
86006 44372 1
48642 50068 2
5713 35320 2
49897 19733 2
54289 89159 2
18595 99360 1
57670 10813 2
65628 75995 2
65623 28680 1
60530 7517 1
64989 18347 2
59993 69875 1
8294 17819 2
85177 12479 2
19443 60709 2
34638 89940 2
56346 29670 1
57384 21244 2
50468 83025 1
65161 27634 2
31248 4141 2
11465 95624 1
77582 53749 2
6325 24258 2
61702 81622 2
51116 6138 1
76047 148 2
53793 99386 1
9527 94085 1
39036 14276 2
26882 15956 1
27385 84910 2
88643 64735 2
3207 25566 1
64452 68890 1
6153 53267 1
81700 12074 1
54041 78396 2
62836 68683 2
80064 76318 2
68569 43691 1
34592 19186 1
19373 62284 2
94570 67908 2
61214 19654 2
840 5365 1
21742 57410 1
31764 11738 1
13777 80896 1
42463 6716 1
90930 12530 1
44267 38838 1
92622 92127 1
60977 76954 2
55095 80513 1
91613 17612 1
52946 81191 1
22220 31941 2
2778 88372 2
38293 78225 2
33659 53022 1
95997 92434 1
8119 85040 1
42593 52315 2
95301 70024 2
31504 46741 2
15661 74489 1
36207 52989 1
50061 32907 1
48403 65060 1
12023 83414 2
74410 51054 2
88112 31595 2
78419 60084 2
15955 96619 2
30401 84898 2
54732 69485 1
2460 32121 1
14590 46204 1
59359 58830 2
93853 54647 2
45467 53769 1
70293 61776 1
12627 56711 1
92225 75086 2
93918 48761 2
43956 16618 1
64489 26819 2
90932 72181 1
62034 65181 1
91770 44209 1
77774 28470 1
66771 32564 1
79171 11308 1
32642 56616 1
31183 69012 2
22204 81230 2
95935 95737 2
56010 58230 1
84345 78421 1
6154 47496 1
787 6841 2
40399 92990 1
17273 85899 1
88285 14631 1
37035 15491 2
21965 99878 1
70524 70477 2
55759 56530 1
22324 57898 1
92867 52756 2
99023 37998 2
29439 77515 1
13308 87779 1
44556 89483 1
86464 62789 2
84265 98873 1
10736 91941 1
18119 90001 1
34138 97542 2
29034 36161 2
40189 74883 2
96783 48779 1
36300 92583 1
22496 69799 2
59695 48979 1
71169 21662 1
32065 72955 1
47175 5616 2
18451 12649 1
8028 14863 1
48968 79545 1
1085 74146 2
46711 26876 2
34332 6211 1
66285 61909 1
46750 82689 2
47784 28574 1
43837 32031 2
38364 77604 2
86151 17651 1
90354 28871 1
36893 68712 1
62820 76220 1
85973 68060 2
21219 29770 2
82553 30659 2
28625 84112 2
64998 69506 1
12903 71646 1
51342 48532 2
76528 38679 2
94294 93289 2
22412 77653 2
11704 96898 1
87822 86277 1
15651 52727 1
37695 56135 1
8054 86257 2
89945 8527 2
68616 22032 2
92972 7239 2
62851 14821 1
49084 16491 1
39652 77401 1
98113 17931 2
64541 42693 1
81861 29228 1
17972 78296 2
60714 7207 1
71457 87093 2
79042 74281 1
65460 71313 1
25173 43282 2
98284 6041 1
43134 24502 2
60417 95338 1
28686 86207 1
44251 13912 1
2600 33448 2
85624 22632 2
23683 55075 1
52234 79765 1
13036 47861 1
46647 60846 1
3745 26549 2
25847 93974 2
14262 71536 1
42426 39459 1
32244 29960 1
21472 84705 2
64501 48656 1
84446 27372 2
59274 7122 2
35679 729 1
92501 90697 2
3649 84557 1
28975 30471 1
35476 14244 1
23395 77040 2
959 55308 1
9233 14333 1
71451 16903 2
56108 84411 1
52597 96493 1
47324 41641 2
93232 96775 2
72765 37437 2
25121 37013 2
30238 94208 2
41873 41321 2
18595 23149 2
75423 42730 2
88260 6550 2
35932 71346 1
48940 89759 2
83308 11345 2
2842 53985 2
79947 77095 1
72931 93065 1
95014 55117 2
18926 76918 1
89534 32941 2
31703 9758 2
4201 78790 2
68524 23785 1
8369 10377 1
3795 19445 2
54194 23774 1
80738 13136 2
84416 47840 1
40870 69313 1
14175 8893 2
99677 83456 1
62633 59927 2
68699 59802 2
76300 85541 2
40457 99918 2
93641 42067 1
54529 25586 2
78774 34109 2
39348 33806 1
6301 7640 2
60932 21055 2
82235 70570 1
21546 96790 2
23042 45901 1
59217 84151 1
31095 75664 1
473 43579 2
57300 12085 1
1237 65262 2
55591 16852 1
98989 78353 1
2642 92727 2
45949 84249 1
18121 93820 1
59060 52942 1
52343 3095 1
63350 17293 1
87737 32877 1
24283 27687 1
26913 59833 1
47246 39488 1
98420 36106 1
40750 57616 2
7949 47619 1
58128 32933 1
99480 2299 2
95515 97599 2
75415 34779 2
67690 10675 2
33377 40066 1
38670 21929 1
56702 21540 1
24650 74750 2
75180 36039 2
30997 85539 1
40797 46180 1
31611 1404 1
79735 95340 2
33820 53601 1
88786 40129 2
58412 99456 1
95262 47224 2
49201 13561 1
56506 61918 1
81417 94817 2
34622 93776 2
59745 59616 1
7282 71777 1
34206 10483 2
99061 68696 2
1272 95306 1
80087 70415 2
80218 39467 1
55262 60213 1
36484 28685 1
5061 19437 2
79081 65150 1
85785 6029 2
81233 12222 2
97690 87744 2
35544 79874 2
56288 93604 1
31245 82897 1
18708 69645 2
92788 68810 1
21074 40064 2
48901 22493 2
69838 98713 2
47851 43757 1
93259 49093 1
29157 3157 1
95781 40617 1
26984 77631 1
16425 88825 2
52635 52974 2
62456 86657 1
49049 80438 1
68616 69984 1
52115 43358 2
19394 16296 2
2060 4037 1
26885 72608 1
70619 73562 2
53218 58914 1
76652 22403 1
89246 88413 2
27423 39863 1
49363 52052 1
97160 61060 2
60558 60764 1
20621 72298 1
47891 30114 1
64555 35485 1
88405 98051 2
48178 80391 2
68350 98067 1
34468 96099 1
69741 56247 1
77338 73027 1
57651 18026 1
35231 99212 1
46933 23484 1
28051 69397 1
89101 38062 2
99113 5356 2
84425 16855 2
28105 98640 2
71274 27458 1
93295 97688 1
66919 97710 2
16842 75882 2
60136 1869 1
14558 32805 2
71883 50565 2
63458 92312 2
76161 78258 1
77283 98856 2
96978 15362 1
1151 32526 2
11733 30551 1
89547 56599 1
61721 70025 1
78094 49954 1
72032 23873 1
53539 80805 1
58782 41087 2
4571 58473 2
70654 21046 2
82713 90825 2
32701 53835 2
69396 41655 1
15629 77849 1
52408 13751 1
57172 72143 1
2469 87490 2
31626 25072 2
2095 78341 1
52734 37362 2
94204 22015 1
30546 19776 1
33449 6214 2
12251 93336 1
21413 84803 2
97186 71790 2
38165 64497 1
42117 87015 2
14479 30658 1
46294 6879 2
25342 8634 1
50171 49540 1
9284 55346 1
33453 22808 2
85651 61398 2
92377 9970 2
16883 81160 1
46402 15742 1
72288 48475 2
59548 87865 1
63945 15320 2
49651 99478 1
41042 14972 1
59586 22203 2
63187 44024 1
54269 52228 2
7094 63728 2
89703 50495 2
49629 51773 2
47804 92111 2
22681 30635 1
72073 82954 1
80628 56059 2
20239 53723 2
99561 80450 1
35972 13152 1
73766 37769 1
60849 46220 2
68689 30315 1
99189 3974 1
88928 94073 2
79776 33321 1
47231 61817 1
36345 73666 2
57198 74659 1
3801 47445 2
20737 96035 2
38830 66009 1
98622 42682 1
62329 2711 1
8578 28253 1
81104 33455 1
92829 45748 1
19804 90930 1
52785 22556 2
95868 64521 1
92375 32102 1
53345 1069 2
24665 68374 2
54736 38893 1
19545 94212 2
35043 3435 2
50153 42398 1
8808 28063 2
58161 50596 1
85856 5714 2
89453 78059 1
34753 41892 2
3340 97275 2
91541 22472 2
34642 7185 1
8409 25219 2
45302 91358 1
83071 69360 1
7877 45189 2
6316 95646 2
79805 35745 1
21339 89264 2
48339 69533 1
43608 98492 2
878 79482 1
27717 10733 1
5577 2220 2
52824 39074 2
52757 16669 1
87387 84524 1
55508 80809 1
61163 9780 2
32640 92257 1
24378 1234 1
13698 64072 2
78638 6263 2
59995 41497 2
83231 3204 1
24286 62015 1
16092 29649 1
93108 78203 2
89703 43495 2
1399 41249 2
5620 8006 1
98487 36955 1
45902 59616 1
12344 1509 2
35059 49148 1
67474 29327 1
1395 30836 2
48304 37183 1
24916 60375 1
91409 90220 2
39889 96680 1
5098 14724 2
73750 67741 1
85378 64102 2
17222 18496 2
84661 51369 1
8918 65618 1
94034 68020 2
68111 78915 1
11005 70371 2
3727 22139 1
80845 94633 2
20297 67637 1
67823 27816 1
66944 52158 1
10977 74202 2
70448 94266 2
14904 67532 2
72838 23552 2
58363 99422 1
49314 54777 1
94373 49540 1
79644 83141 1
99975 5448 2
38621 8629 1
5635 99077 2
56737 86898 2
42514 74093 1
72252 79541 1
70463 29989 2
2801 45517 1
6474 79620 2
50076 29852 1
2375 44951 2
95722 38906 2
21372 69056 2
828 42577 1
71078 86066 1
17544 4607 2
94772 66455 2
34456 37975 1
75403 73770 2
89160 22016 1
27584 6365 1
91276 29332 1
65313 35253 1
82664 33122 1
73869 52521 2
39766 39533 1
9719 23206 1
22532 11532 1
99591 71086 1
48851 33352 1
22617 67956 1
76057 52416 2
42172 1473 2
34752 55240 2
98963 73011 2
42053 69797 2
10552 38585 1
42521 44467 1
6004 37336 1
84996 7904 2
92872 26697 1
75037 66638 1
52296 6840 2
60723 51988 1
95067 81767 1
19143 55294 1
19452 30345 1
55023 3209 2
32348 86663 1
78837 70280 1
92509 89406 2
92342 19074 2
34456 29215 1
56420 73457 2
8920 61998 1
48613 9316 2
99101 71076 2
61873 34142 2
81051 42989 1
20183 884 1
44952 24779 2
82649 51795 1
40497 42513 1
8363 74041 1
15189 85544 1
26680 27927 2
43720 22893 2
72029 84085 2
69858 51153 1
78508 70318 2
96782 34168 2
2315 34479 1
51436 5371 2
7506 87196 2
43151 57414 1
91505 97388 1
84063 17626 2
9543 2024 1
64183 2092 2
31180 24656 1
76904 52932 1
7432 5590 2
71253 83935 1
41529 26144 1
32693 28302 2
81906 17386 2
48149 38293 2
1910 70882 1
29395 18477 2
32673 69803 2
31492 28962 1
42367 34586 1
52366 83669 1
42579 29596 2
49359 31387 1
97234 75662 1
26484 41244 2
72389 61571 1
56323 53621 1
92715 81762 2
9682 94550 1
52596 60902 1
49037 52133 1
86791 11228 1
94740 90266 2
36349 40232 2
41242 37825 1
74691 34304 1
2471 6011 1
27964 75791 1
53463 28156 2
79773 32852 2
10233 64494 2
23600 37856 1
47666 61261 1
8945 91420 2
58679 9066 1
54548 25249 2
46678 93417 2
87965 64317 1
97838 66562 2
16998 98997 2
16977 58051 1
94301 17117 2
56521 86508 1
54979 45186 1
33201 7409 1
97038 5473 1
4760 32092 1
17415 36109 2
56162 9417 2
84813 20589 2
79014 84937 2
8305 19291 2
94992 191 1
59576 13062 1
4353 72198 2
42268 49745 1
2922 31400 2
60043 93714 1
51573 6728 1
72198 79732 1
89276 49274 1
71396 83189 1
63344 6694 1
80492 36840 2
88243 94120 1
35422 96149 1
82046 68851 2
23467 47540 1
30172 29417 1
12537 22070 2
57325 76996 2
27296 43772 2
87332 6833 1
4207 47837 1
4938 66096 2
88263 95013 1
40121 59381 1
48447 62768 2
47777 35242 2
71103 54131 1
79366 9579 2
49157 15988 2
78047 66024 2
77763 65517 1
47833 74438 1
48414 94637 1
75571 98111 2
67601 15862 1
3872 9949 2
66024 50272 2
50184 39139 1
6534 34389 1
4518 60708 2
48511 53107 2
35883 52682 2
64638 4205 2
43578 41840 2
17600 84938 2
91850 39273 1
77432 49221 2
45031 18487 1
86377 52427 1
57842 40244 1
8399 82784 1
97436 56076 2
87830 95354 1
21455 705 2
62433 63012 2
56357 26470 1
7013 36989 2
58959 4965 2
74891 74262 1
52847 3289 2
29841 33368 2
2750 38196 2
20682 21340 1
84647 83451 2
54041 37936 2
75626 901 1
12026 56345 2
30170 93151 1
20666 35851 2
3039 88586 2
62746 2195 1
80693 96220 2
9423 53326 2
88555 41883 1
7173 7599 1
44549 38277 2
67319 91965 2
92379 9675 2
41529 23794 1
96504 20337 1
21903 38301 1
53595 1072 2
42451 96033 1
32089 16629 2
40371 25620 2
61753 8223 1
80880 29409 2
76407 98820 1
89952 56006 2
60609 44333 1
58316 46039 2
23581 99701 2
1043 10009 2
62401 35086 1
70341 63880 1
68858 94044 2
6570 26065 2
47590 67319 2
5593 53752 1
21913 34734 1
77697 54004 2
28188 65951 2
8387 84366 1
36937 64128 2
41429 76358 2
59313 9113 1
84449 37678 1
54070 65127 1
14340 85869 2
64337 1403 1
73423 59549 2
51885 88089 2
36073 96301 1
40426 78618 1
71500 53407 2
27739 64778 1
99492 4107 1
56040 83786 2
48403 36795 1
84621 65903 2
31343 22733 2
49433 32609 2
51746 18708 1
89552 9501 1
90697 89143 1
29066 18644 1
83766 29841 2
86129 266 1
62319 8399 1
58183 71991 1
77004 57077 2
69022 32137 2
77660 42265 2
79806 26369 2
2241 74854 2
99330 13713 2
37487 15867 2
21179 63204 1
48337 39210 1
68940 91478 1
60069 78937 1
38348 42488 1
18811 54820 1
64295 28366 1
68409 66617 2
8093 34992 1
65946 25210 1
79618 88396 1
13770 7999 1
50780 66498 1
37612 19889 2
42889 82919 1
948 34480 2
6518 33027 2
39150 36783 2
56616 26611 2
96245 19698 2
10359 55719 2
68956 60247 2
20302 93349 1
63433 96138 2
16813 16932 2
86773 65551 1
49575 57138 1
62701 17596 2
70084 84175 1
7604 81276 1
23168 71120 1
20863 68685 1
84650 64349 1
23447 25539 1
45510 38066 2
67035 24163 2
81132 95266 2
19579 79496 2
83590 66351 1
7678 73826 2
20790 76436 1
96061 94898 1
74574 96763 1
30693 52400 1
35702 42471 1
41529 1893 1
78313 20492 2
79662 11057 2
4472 42866 2
72174 41670 1
17669 60693 1
1685 22379 1
54474 91784 1
87063 65178 1
67152 19757 1
54552 72994 2
72312 82590 2
69970 92293 1
93461 60392 1
73779 52315 2
72976 84747 1
3292 11566 2
58339 795 1
39491 99164 2
12415 22978 1
99602 70360 1
27238 55739 1
55718 86058 1
26993 81497 1
84784 64362 2
86763 43326 2
66647 70440 2
56979 18532 2
99733 31783 1
43999 61592 2
55094 37662 1
77012 47481 1
60412 90582 1
45359 31230 2
58621 46831 2
34975 2733 1
58051 56826 2
59784 62661 1
58571 38336 2
48097 53973 1
70567 96090 2
13559 36002 2
93276 30070 1
9128 84005 2
26277 12985 2
99369 79755 2
92718 91960 2
25665 95795 1
12057 84669 1
57963 86228 2
21436 77288 1
11352 50388 2
30401 51115 1
28970 21489 2
94982 63629 1
2779 9436 2
19771 20840 2
11156 82266 2
55654 69740 2
78166 13058 2
67938 54842 2
43700 7777 2
21627 6409 1
98071 44472 2
49075 67652 2
55289 82237 1
55329 52073 2
65098 87702 2
64621 78028 1
39599 15265 1
90933 22834 1
66813 17807 1
79276 34199 1
66946 99396 2
8437 85064 1
26493 56825 2
20972 58025 2
57601 6843 2
91741 45169 1
99222 45961 2
39403 18921 2
59448 62073 2
51691 27345 2
2646 29491 1
56902 78587 2
80180 98388 2
65243 75150 1
73546 56237 2
3770 73828 2
45378 76322 2
86442 22412 1
66846 35340 1
45572 28649 1
39535 11319 1
74005 57617 1
22463 26213 2
81952 11694 2
39656 4648 2
42074 85153 1
46491 3500 2
4460 698 1
28443 17387 2
59637 57281 1
86975 91319 2
76965 51441 1
61875 59347 2
59491 72535 1
61239 25914 1
13352 12439 2
56287 55639 1
14850 15175 1
84945 21387 1
1778 61651 1
72170 17195 1
31950 94007 2
34201 1375 2
32416 97192 2
21699 31620 2
78373 68684 1
2269 84779 2
30766 90108 1
10517 52536 1
28546 14953 2
97162 96515 1
15035 78421 1
9423 14267 1
61668 2293 2
36140 89022 2
60162 24566 2
36637 28993 2
84904 41717 2
83985 15086 2
1121 3557 2
15532 64385 1
83786 55181 2
68101 35115 2
92660 19272 2
15177 4464 1
42087 35299 1
87382 45832 1
8954 71938 2
66209 22433 1
58012 58875 2
87153 11323 1
50094 84345 2
23937 33803 2
62151 13306 1
25218 66073 2
69839 65394 2
17046 48289 2
19364 40486 2
51702 18742 1
45080 28210 1
1326 67867 2
15024 30468 1
91772 99144 1
95175 8254 2
39540 44939 1
51177 6871 1
90782 65284 2
71288 66267 1
6134 28103 2
52587 11079 2
76940 20382 1
96746 24718 1
30402 75333 2
52115 62038 1
79089 99788 1
32984 62460 1
85092 66297 2
53119 32108 1
59194 78339 1
31616 44169 2
94440 43864 1
96235 23051 1
80213 75384 1
76959 24540 2
64893 18071 2
34292 47354 2
7375 44383 2
32242 27481 2
58223 13036 1
42200 47998 1
56532 47694 1
46550 44516 2
67275 24138 2
41555 6011 1
31826 37017 2
78375 85732 2
21054 48392 2
16802 19574 2
1878 74327 2
23076 58461 1
25173 90842 1
61251 32693 2
48684 53467 2
21864 61971 1
75581 97557 2
42514 13309 1
47905 49755 2
82193 85452 2
39107 81967 2
23884 68913 1
7939 27755 2
73660 58990 1
28373 13372 2
25231 12505 2
82431 59841 2
80230 10300 2
13438 32112 2
71414 5591 1
35361 20402 1
57515 29917 2
22029 57859 1
43265 35251 2
34295 89875 1
93961 41236 1
21197 7175 1
94858 70543 1
38574 17272 2
74653 59783 1
1869 60306 1
13552 56914 1
24658 47927 2
2660 91931 2
13016 59354 1
44976 12673 2
61616 78564 1
58395 28469 1
29949 28755 2
57445 34304 2
47927 98614 2
58975 1978 2
53128 61426 2
5934 93716 1
12145 54560 2
74732 69167 2
76102 62476 1
78087 17763 1
95886 32024 1
70081 14009 2
13092 47447 2
88718 39793 2
49017 11858 2
85433 63389 2
46543 25831 2
63839 98564 1
27519 11460 1
12114 15616 1
88980 76208 1
15863 75232 2
65774 35459 1
69000 95015 2
44833 49354 2
66260 38571 1
2451 16324 2
49594 59959 1
42081 21703 1
67729 60009 2
38138 7035 2
31587 96117 2
2370 75037 2
78222 45600 1
13201 69630 1
52194 33989 1
28466 38338 1
91941 96052 2
73764 30050 1
53458 31182 1
36540 54378 2
181 77386 1
13185 39867 2
99473 63060 2
74383 59786 2
20090 25832 2
96949 57087 2
15003 88635 1
92183 7000 1
6066 57363 1
76812 45699 1
17007 54954 1
21985 38951 2
44601 3599 2
68852 27132 2
32776 60644 1
40153 34030 1
64364 8481 1
71385 46814 2
58725 54832 1
32238 42497 1
10024 23343 2
22793 46751 2
59393 25329 2
81388 7093 1
52043 36285 1
55824 5012 2
62938 92333 2
65345 61375 1
53169 64977 1
36829 20081 1
77228 13642 1
18456 56341 1
15032 52719 2
44858 33868 1
54582 53931 1
39679 51979 1
89788 60188 2
71254 86074 2
43443 14422 1
94371 39542 2
15194 47839 2
98142 67727 1
1153 81872 2
72434 73707 1
61615 53274 2
53406 15329 1
93501 75230 2
80791 53151 1
7097 92020 2
21188 73029 1
87812 39205 2
18241 26216 1
17908 23953 1
41981 89776 1
44403 34346 2
26300 42969 1
68414 84663 1
24469 1654 1
65798 434 1
80980 20521 1
31410 4075 2
54714 17581 2
49404 58082 2
88824 49357 2
3536 90192 2
62584 40969 2
22704 97855 2
14516 32184 2
4370 7118 1
23165 67393 1
23904 44718 2
2453 40385 1
11223 30407 1
67125 1800 2
54985 71636 1
86760 11611 2
3547 41570 1
98830 44596 1
25287 10901 2
38778 99165 2
44603 94788 1
96501 25401 1
80825 73816 1
49688 40668 1
29877 52657 1
47574 27149 2
72954 80609 2
42128 50731 1
53509 7310 1
40286 99205 1
37288 25236 1
43213 27009 2
53769 12289 1
11068 78294 2
33952 91704 2
86590 15665 1
24828 71887 1
2554 84628 1
31071 5040 1
36366 48274 2
41789 33532 1
14248 21973 2
7298 92771 1
73036 60025 1
84617 87949 2
32945 93678 1
48773 97972 1
7075 89561 2
90204 36424 2
79235 27283 2
11462 86314 2
6018 40809 1
94611 82097 2
67690 1274 1
64994 61416 2
35605 27196 1
12075 62125 2
34067 56824 2
42198 12660 2
49193 60009 2
1442 83011 2
55821 54593 2
2783 53299 2
52107 63813 1
16084 8789 1
31139 63308 2
46042 47915 1
56840 96803 2
68894 62154 1
87746 32460 1
37443 76831 2
45293 63610 1
12126 71303 2
58136 79638 1
24760 62325 1
4167 49086 2
93680 43664 2
37234 90977 1
48918 65522 2
33316 63652 1
6097 14122 1
75324 36032 1
85434 29659 2
87631 87777 2
67615 12347 1
9860 48872 2
36289 75829 2
41174 60234 1
54006 21479 1
51798 80624 1
86087 64356 2
13095 96021 2
5107 39796 1
73888 7787 2
41291 24335 1
66958 64502 1
11348 81638 1
54863 48719 2
42632 6874 1
66455 50306 2
73237 16963 2
84783 23632 1
3132 19786 1
15281 14926 2
51955 67823 2
46190 21092 2
65412 79268 1
49640 81776 1
25516 87439 2
55416 70400 1
18781 108 2
12809 25627 2
94812 90793 1
63963 63481 1
323 46089 1
43297 29862 1
24224 61506 2
53251 84291 2
89717 47262 1
8125 50341 1
91286 13886 2
36926 64596 2
56110 52562 1
54698 17197 2
64762 27650 2
47161 47969 2
72268 88232 2
15317 89012 1
85705 80916 2
33056 41119 2
86828 73095 2
85164 10606 2
80225 44312 2
95553 97442 2
45610 20274 1
6778 8528 1
33310 27508 2
37064 31776 2
22341 66223 1
97614 78543 1
54077 36268 1
13699 28653 1
10776 28772 2
43635 37280 1
47164 44997 2
54782 84095 2
31297 14228 1
19928 2168 2
21142 31910 1
53351 56171 1
14653 12549 1
18760 45517 1
95275 52369 1
459 36134 2
89033 88540 1
95090 85139 2
72373 22189 2
71670 54948 1
84034 10622 2
35682 50335 1
29043 81566 1
61590 99164 1
644 67600 2
98917 42886 2
98209 41002 1
30551 72320 1
23821 23959 1
90056 61150 1
39133 79766 2
46279 60872 2
48602 14872 2
43160 27099 2
99235 57222 1
17171 21415 1
58696 96920 1
79874 5522 2
57584 72863 1
18535 17331 2
61044 80380 1
87732 86264 2
23522 42534 1
75728 9408 2
35547 53577 2
62841 66946 2
85045 12802 1
38781 51877 1
729 96996 2
74239 97125 1
5062 4533 1
74329 91413 2
51788 61265 1
63828 79735 2
28946 43814 1
14609 21093 1
83025 76055 2
82819 54252 2
31991 92922 1
32243 69292 2
32165 43098 1
89243 58169 2
94545 65109 2
70539 57597 2
2661 16094 1
74600 68980 1
44958 11004 2
52072 9646 2
69806 24170 2
84695 59504 2
75002 97973 1
52 56531 2
77372 73793 2
95188 61220 2
49602 35908 2
11295 4995 1
31437 59434 2
17134 56644 2
11572 87695 2
37011 79952 1
35550 13128 1
73649 80261 2
10411 85626 2
96032 43954 2
2124 16225 2
75 14268 2
54663 22507 2
73425 47772 2
31092 97819 1
74631 10015 2
43938 87622 1
30996 34084 2
40658 14265 1
62035 85570 2
61211 75697 2
23637 6559 1
33861 19041 1
44156 1658 1
28398 83280 1
9698 43330 1
20552 90840 2
28976 17724 2
94616 424 1
28071 47777 1
12985 88579 1
97146 39901 2
20887 99743 1
76274 78450 1
85333 6439 2
74473 21875 1
85927 19738 2
79375 34537 1
41241 79529 1
91753 13425 2
85158 73981 1
75564 94908 1
70913 94094 1
358 30638 2
7440 30765 2
35158 36416 1
73995 92731 1
975 6623 1
61058 14608 2
99097 62474 1
18773 44437 1
71696 66231 1
88057 24266 1
67395 15662 1
282 27489 2
26166 3085 1
17651 67553 1
5696 30306 1
84983 67556 2
15086 12820 2
59052 32793 2
68478 80635 2
60811 71554 2
62757 29859 1
92610 49655 1
45034 40590 2
58961 4770 2
76424 89807 2
528 39361 1
37040 14287 1
58984 27560 1
4709 11563 2
94709 46876 2
53342 92692 1
72939 46424 1
45383 22318 1
65006 37580 1
7424 75153 2
92664 34905 2
1341 1195 2
35319 89654 2
52228 61725 2
62924 20878 2
7986 45017 1
75789 10368 2
48118 82283 1
49091 73246 2
55189 63117 1
25037 5710 2
51268 59504 2
76572 39724 2
97649 55450 2
71093 6 2
62651 75683 1
3762 45374 2
67093 76247 2
50785 58764 1
53287 45175 1
65955 64698 1
53133 24503 1
18222 15846 2
38614 69602 1
52364 60451 1
16102 93586 1
20474 17560 2
4244 23800 2
51274 92447 2
36973 88794 1
2433 72679 2
93327 17807 1
15289 44211 2
3631 54981 1
99104 7417 2
83636 45116 1
25816 35076 1
9433 14665 2
46517 56595 1
9967 94964 2
79394 38584 2
57176 73466 2
95804 32761 1
10029 9483 2
65269 78898 1
57594 36941 2
35890 2736 2
49341 82423 2
25742 8664 2
82602 94327 1
17141 42846 2
39433 18445 2
79850 62126 2
57494 53613 2
53985 60839 2
35681 71073 2
54309 17659 1
93004 3141 2
55731 3217 1
85424 13801 2
8542 71139 2
18840 34995 2
38281 58560 1
64419 72378 2
4368 72939 1
19398 39244 1
93631 23994 2
57480 17577 2
33689 43544 1
4677 4645 1
63826 55747 1
33292 91466 1
65142 25710 2
62849 74804 1
79648 86177 1
82459 28563 1
82691 75764 1
7399 40844 2
41157 61880 2
51395 21657 2
16415 91854 2
6116 29028 1
66046 53997 2
98193 43792 2
81029 37536 1
56613 49264 2
34537 82150 1
85745 31054 1
21587 12977 2
60823 83686 1
7970 67015 1
89936 32040 2
3174 32836 1
24551 14201 1
33542 18902 1
60252 87058 1
31771 92128 1
62339 79680 2
59539 76663 1
8962 1026 2
27407 85832 2
5270 68687 1
99013 78288 1
21934 94125 1
30430 5442 2
33742 68859 2
93337 90501 1
93582 81352 2
44071 86771 1
54585 8153 2
71789 91260 2
90479 23271 1
12869 71105 1
47619 57982 2
10909 50905 1
21789 54016 2
16502 13295 1
59352 8416 2
26374 11617 1
29509 51848 2
21623 47107 2
70567 92083 2
84198 19194 2
51990 12243 1
39460 55746 1
43452 75148 2
11160 91529 1
99322 75575 2
34588 50801 2
1924 32032 1
46396 58098 1
28065 65001 2
4282 42901 2
7692 30917 2
876 58298 1
22646 70333 1
74300 20723 1
77473 97039 1
94279 80327 2
68742 11690 1
40575 69552 2
63856 12531 1
17097 68989 1
20287 64834 1
81696 16977 1
34407 63366 2
59632 98338 1
20334 12061 2
48731 75419 2
85105 35101 2
36760 45498 1
70047 92270 1
43887 11346 1
53980 57998 2
5726 85739 1
67328 66923 1
96119 90141 2
76982 95084 2
45120 73305 2
7005 42697 1
29905 86496 1
69994 32974 1
51129 3401 2
8612 86588 1
84474 19039 2
34535 76776 2
6569 96193 2
91970 46939 2
6159 53249 1
84185 76016 1
63786 47078 2
8195 88792 2
11948 17257 1
27757 49561 1
51771 30747 1
97205 25451 2
42288 51998 1
49583 69690 1
32632 65384 2
80740 93415 2
56630 39267 2
79438 55911 1
33631 84239 2
96958 63682 2
83324 39871 1
78358 25077 2
55116 39320 1
6991 83953 2
92543 21749 1
62997 77145 2
87132 94725 1
31365 21320 2
63644 91499 1
31958 18985 1
58732 91742 1
64717 23773 2
6703 90375 1
56935 38489 2
72058 31429 1
11891 87909 2
68695 81612 2
60725 37022 2
65122 79009 2
8837 43156 1
39375 86816 1
33934 79277 1
11906 56119 1
687 42880 1
22677 88392 1
95549 13595 2
72341 98315 2
77087 99006 2
96678 11849 1
79473 18718 1
34299 58690 1
12578 38307 2
15262 78824 1
53846 83306 2
69038 70274 1
52036 84611 1
22492 33674 2
91416 5172 2
99629 92783 1
51090 34452 1
54651 93684 1
20422 68721 2
60436 34735 1
45083 73867 2
82361 51659 1
65068 27574 1
78240 28614 1
58602 39932 1
7891 51156 1
73879 36057 2
92175 29338 2
47148 90013 1
14726 58003 1
85684 69069 1
82045 24975 1
43791 41315 2
46351 60111 2
59536 36649 2
9608 8971 1
11423 49890 1
57034 11564 2
77528 61826 1
5900 97682 2
45195 45264 2
70325 40494 1
19226 44235 2
36454 73481 2
46461 36642 1
61870 77596 2
417 94587 2
65971 62870 1
63717 85965 2
36912 28250 2
46107 23237 2
97265 34173 2
13677 54021 1
36216 15052 2
9494 13857 1
91676 63044 1
83557 84000 2
61893 63864 1
94782 19905 1
89521 98416 1
68920 46163 2
43442 88580 2
82847 89179 2
8622 78692 2
50291 80914 2
76894 7443 1
67080 67589 2
30095 26663 1
46981 93683 2
36228 99308 1
22981 77139 1
2865 28862 2
38616 78347 2
70018 37810 2
64579 90522 2
22834 31245 1
66684 19471 2
86036 74219 2
67887 15055 2
85614 2554 2
51164 40947 2
65273 92636 2
21622 30247 1
47235 9193 2
13605 72909 2
15532 34602 1
39109 29464 1
36108 66943 2
16837 20881 1
76972 80538 1
87305 71094 1
56648 91842 2
2857 55318 2
12276 63505 1
76944 40470 1
37844 31927 1
69149 10191 2
74786 96212 2
26597 49549 1
31627 59137 1
68431 79633 2
90098 20360 2
34134 50800 1
34828 50856 1
47563 68403 2
40963 33394 2
37649 92757 2
59668 98286 2
69183 16840 1
34064 47991 1
47649 94480 1
24830 2971 2
34552 82406 2
85623 37180 1
34005 49206 2
62441 881 1
71970 51489 2
20374 94630 2
90713 74300 1
49010 96087 1
48202 7024 2
24199 2009 1
5978 15672 1
3956 94674 1
53695 79013 2
30154 10204 1
97221 20605 2
65454 22630 1
66764 99064 1
48667 66450 1
62215 53122 1
80573 92856 2
5502 70332 2
1974 11298 2
60365 76635 2
75964 89102 1
30083 84488 2
40089 6608 2
72164 3614 1
18570 12429 2
87400 37038 1
83905 24160 2
24281 18814 2
16355 16792 1
71097 20934 1
59531 49336 1
44698 62482 2
24901 41207 1
8899 59715 1
51092 23806 1
18450 70318 1
54060 14028 1
52757 31515 2
70584 73365 2
21807 5991 1
96309 14815 1
26202 66946 1
26741 87651 1
41727 55058 1
71934 25970 2
63583 80687 1
90921 366 2
81038 71045 1
69347 8812 2
7570 19221 1
83119 61497 2
35208 24755 1
15873 61938 1
94400 14217 1
67364 90858 1
36764 43859 1
37270 81256 2
24533 27842 2
33671 34182 2
65398 59289 2
74974 82707 1
77727 87507 1
85651 4626 1
54531 19611 2
88918 1689 2
66442 95921 1
43367 45555 2
22704 52428 1
60635 32478 2
60100 86579 2
25054 18126 2
51562 41731 2
9579 87080 1
37210 21644 2
5590 54760 2
54974 80852 1
17667 44763 1
85848 30994 1
39756 43046 2
85017 77588 2
82654 1885 1
81451 7290 1
94684 48812 1
33769 99608 2
72315 9810 2
50274 54680 1
68293 57665 1
84281 39606 1
20598 35744 1
55559 91458 1
67330 78569 1
32984 88865 2
99053 70155 2
21194 29357 2
14897 38953 2
28433 92656 2
66236 49080 2
74102 22189 2
18927 49029 1
69139 855 2
6176 85677 1
78104 57784 2
59865 43012 1
9514 29036 1
51894 49295 2
93279 19235 2
8107 6185 2
43202 90818 1
66780 99202 1
58389 58914 2
25731 82331 2
50122 54448 1
27950 65835 2
18570 50060 1
42879 44189 2
8238 79114 2
7882 89328 1
12744 13972 2
98810 45462 1
97275 28741 2
268 18805 2
56127 25551 2
78162 71241 2
12830 90550 2
5041 73536 2
45082 2772 2
45219 78748 2
83109 40339 1
16246 50773 2
64326 88342 2
7500 89780 2
20027 18256 2
70265 15385 1
22354 83178 2
31848 11447 2
72814 76002 1
40054 94195 1
97448 85863 2
7925 56552 2
83404 28286 1
96107 1605 2
63000 85920 1
63152 76525 1
95648 58809 2
1300 98870 1
76397 12523 1
50646 6283 1
57209 40009 1
76942 59370 1
5492 94940 1
12100 78247 1
49218 94786 2
90326 80295 2
50907 47242 1
10806 53030 2
4650 82745 2
25770 30866 1
63311 48168 2
90443 32205 1
7421 54883 2
87238 99438 1
220 65803 1
97374 86273 2
9480 68853 1
61992 93475 2
83408 88106 1
4365 43046 1
22840 26533 1
99019 23763 1
19735 99544 1
37429 63427 2
81146 84455 1
54959 65221 2
76927 75946 1
44594 22524 2
26747 23152 2
81742 50270 1
74805 75703 1
79459 19958 1
11848 61045 2
47431 81762 1
79333 58514 1
69443 40341 1
60431 11851 2
38422 60278 1
8445 46833 2
8752 74016 1
90299 1480 1
43064 59200 1
71849 57192 2
99623 21306 1
83322 97216 2
38603 30565 1
74967 7150 2
4805 91242 1
54138 98504 1
82955 82889 1
28275 64598 2
7879 91059 1
26247 72597 2
91829 16273 1
59435 59957 2
66057 31388 1
54061 29404 1
30983 94499 1
31084 90370 1
67273 17576 2
33211 46003 1
40253 72835 2
13058 15664 1
25988 65917 1
25085 25486 2
89557 57654 2
45435 661 1
64055 23553 2
59264 51874 2
2058 72131 2
18435 95333 2
3039 71895 1
8209 79428 2
61691 66668 2
29928 25654 1
51033 46981 2
32317 169 2
71845 93592 1
84919 58205 1
87681 28464 2
1361 24263 2
50019 61964 2
62556 96335 1
63797 22237 2
17370 54834 2
86004 89132 2
22244 91648 1
6418 35953 2
36549 73151 2
41301 91997 1
16797 42662 2
49333 53489 1
40512 25795 1
96290 98981 1
99252 94262 1
47835 34 2
85910 22964 2
76248 45224 2
55990 38564 2
59361 82313 2
91542 1989 2
8372 83916 1
68047 10471 1
59587 51467 1
27435 24365 2
40788 27221 1
66636 95889 1
66783 42093 2
78948 28416 2
63572 7433 1
89307 3802 2
97202 9523 1
35981 74707 2
46577 78380 1
76905 46549 2
93433 10500 1
17811 84668 1
80073 74979 1
7138 93560 1
59889 69412 1
43427 93262 2
51863 72852 2
71988 6712 2
46358 81783 1
27498 93536 1
49051 16836 1
43275 89769 1
24103 53636 1
67189 41574 1
36303 67127 2
11189 47713 2
74463 17102 1
66225 44886 2
84050 10162 1
34335 2997 2
92092 16124 2
9643 25987 1
34561 1723 1
1845 3065 1
46523 74417 2
61329 29508 1
23543 21046 2
82789 74211 1
22520 80180 1
62702 57197 1
28275 78761 2
79707 93384 1
86290 66152 2
54384 9523 2
94162 37656 2
41349 79517 1
10436 3123 2
13381 87403 1
58991 3048 2
86576 7190 2
95084 80314 1
5561 79211 2
9673 84704 1
50152 99913 1
61671 60259 1
74008 33094 2
66748 31042 1
47066 52811 2
45266 97265 1
59569 62003 1
66726 48469 2
53556 36624 2
33546 94218 2
53840 5062 1
51523 41469 2
94019 84846 1
3979 66387 1
12194 21237 2
32944 38304 1
9204 43066 2
37683 61329 2
74068 15923 1
18731 21251 1
86803 27817 2
7680 91945 1
92883 1687 1
6928 63818 2
47373 66287 1
11820 35648 2
15340 99061 1
4700 91034 2
62576 52450 2
48983 9914 2
33740 32162 1
5612 7160 1
74633 98198 1
35517 96766 2
23009 76307 1
68414 29163 1
6148 6625 1
77082 90224 1
14294 44542 1
79342 88469 2
21135 11768 1
19820 56373 2
70650 32150 2
72666 19837 1
66422 50000 1
54705 78353 1
89688 69298 1
70110 33416 1
47911 69726 2
38563 4683 2
10015 91303 1
19031 68634 2
33199 23990 1
20130 31367 1
99131 73800 1
42915 78904 2
25786 79470 2
20906 73161 1
28024 66699 2
66589 62472 2
91382 38682 2
64919 92920 2
22629 46278 2
11909 92238 1
26831 88560 1
70631 10103 1
99086 61133 2
82869 60080 2
64851 36293 2
74551 12588 1
92128 48821 1
55884 67506 1
12046 20750 1
40228 637 2
76776 72020 2
76486 79450 1
72494 5631 1
23147 13997 2
29108 37629 1
48417 96748 2
8096 75054 1
18313 10626 2
30575 37511 1
94552 15246 1
37264 96880 2
25978 64033 1
82759 44870 1
50155 82020 2
39276 98297 2
91868 8784 1
67498 58159 2
91700 44851 1
33472 58623 1
42124 99122 1
39075 1175 1
14738 7105 2
61402 54903 2
36007 84877 1
26209 77492 1
27617 79891 2
57799 73398 1
71946 47302 2
58799 59066 2
39935 93069 2
56755 32880 2
26769 57890 2
53756 20734 2
77415 9620 1
75019 78747 1
78235 94534 1
65172 83637 2
7256 18894 2
48190 30124 2
55523 69718 1
34756 17812 2
19055 95231 2
45142 21559 1
135 57753 1
15545 35505 1
8872 80813 1
97891 89106 1
99107 93555 1
17952 2624 1
19648 69660 1
38800 57330 1
62518 29577 2
65094 28758 1
91060 21457 1
65770 91883 2
79676 36479 1
17112 66888 1
12610 55442 2
95 45268 2
16753 30300 1
92516 2891 2
80390 81604 1
18876 26975 2
76883 26724 1
20501 46837 1
99389 88395 1
23405 10948 2
32479 37243 2
26873 38394 1
95621 29868 1
35744 75094 1
27506 28776 2
51614 33839 1
35802 23085 1
77378 78411 1
97288 27438 1
97487 20137 2
41786 7282 1
62943 50136 1
21056 2516 2
31835 78141 1
71328 46977 1
27844 71697 2
88309 47549 1
76878 48961 1
63115 52798 1
18336 88332 1
31589 45967 2
56245 88809 2
73560 22063 2
93917 57214 1
28749 90511 2
95837 88394 1
3139 89464 2
10443 58460 1
30250 99811 1
17203 13305 2
45481 27838 1
2580 7802 1
96088 21006 2
87716 59179 2
77671 38183 1
99400 42670 2
81430 86038 1
8061 54326 2
22075 67864 2
44402 99821 2
11551 69984 2
21643 21710 1
51745 71733 2
55488 97163 1
85777 93777 1
46843 4264 1
1526 17539 1
36190 14750 2
46921 85966 1
46427 36473 1
920 1320 2
57786 20603 1
98948 38588 2
44502 8407 1
14531 40584 2
27296 48694 1
53310 52032 2
74843 98453 2
61780 89545 1
62558 46341 1
12886 32831 2
30037 71690 2
48617 25935 2
78913 76253 2
88199 52157 2
80435 50474 1
13470 94240 1
78901 97234 1
95983 58593 2
86689 35178 1
64080 5632 1
70471 35003 1
20139 6319 2
67628 76896 1
73789 21685 2
28486 33291 1
40599 68940 2
74145 62272 1
96129 70434 1
26940 39767 1
28594 9724 2
50413 29054 1
86617 63983 1
84569 23862 2
48119 4326 2
7549 94257 1
23683 37503 1
87176 15419 2
56037 17389 1
8446 61454 1
5371 88599 1
70358 71131 1
99767 4088 1
18173 58152 2
32862 46461 2
57234 70765 2
91146 47978 2
90887 92310 1
46986 95189 2
27750 62084 2
4125 57129 2
2090 74284 1
84026 40005 1
11042 16566 2
96684 39931 1
94417 28191 2
78030 4337 2
20273 66487 1
8115 34051 1
63371 22404 2
48928 8799 1
81632 63326 1
25360 66247 2
21540 23409 1
46831 3827 1
20989 28382 1
22816 13868 2
96104 38585 2
41944 77682 2
4693 29580 2
51872 22680 2
72006 96659 2
88470 72514 2
22068 83167 2
77836 45454 1
26186 48659 1
57352 39688 2
96328 40970 1
51299 74580 1
41953 27631 2
49002 21864 1
33341 5059 1
80288 10415 1
57336 21338 2
81786 85959 1
54401 38014 2
88961 24836 2
16284 4811 1
8084 15083 2
97792 46129 2
2851 77591 2
6362 87734 2
95317 8888 1
24553 76081 2
57027 49679 1
17695 36784 1
56507 71220 1
85798 63539 1
82910 20784 1
61561 53294 2
2945 35331 1
17158 56523 2
47152 88671 1
39347 93606 2
26599 51595 1
9366 36463 1
34711 82529 1
33756 57868 1
96103 52112 2
163 91764 2
33168 19994 2
31487 67380 1
7008 49303 1
21113 88078 1
53272 5297 1
96107 10198 2
15086 31590 2
45669 8019 2
84364 34665 2
83852 1700 1
16655 93057 2
82261 90936 2
21160 11977 2
54318 35732 1
66239 94670 2
98518 1202 2
5419 23476 2
52736 92828 1
62043 85074 1
34836 61557 2
2992 17201 1
5998 12336 2
10208 3184 2
43453 7831 1
21301 30403 2
99749 965 2
64524 43824 1
20350 31244 1
2775 23025 1
40114 44049 1
15195 75924 1
67971 98091 2
39315 28670 1
91075 96391 1
9163 92196 2
40889 6279 2
32773 71312 1
76195 23710 1
12792 82050 1
55727 45109 1
56268 20236 1
83680 4330 2
48959 31445 1
11151 56876 1
4547 44919 2
62376 18880 1
20157 2178 2
92425 90399 2
71720 94999 1
18918 2101 1
72432 5709 2
70216 87428 2
28920 61519 2
38889 93279 2
28692 18875 2
77529 88815 1
94959 51941 2
80380 70962 2
26983 19602 1
36266 6583 1
81932 32862 2
60782 3 1
805 8630 1
25192 70319 2
66346 78494 2
58187 13063 2
88011 37709 2
17119 4844 1
44967 48812 2
90816 88243 1
64950 80635 1
1981 57861 2
40064 26860 1
33498 62973 2
57508 31654 1
36430 5773 1
54130 65923 1
15654 31929 2
54289 32754 1
28928 57946 1
10170 21078 2
73073 12956 2
95258 23237 1
76224 57792 1
90548 97769 1
58312 79419 2
15645 51043 2
43226 41589 1
46271 35555 1
67065 46731 2
79798 56081 2
81212 31694 2
77078 5640 2
89167 25282 1
25603 31029 1
59538 99840 2
66039 83388 2
78040 82132 2
2399 20243 1
96842 42335 1
14046 14790 1
54018 45526 2
72169 94897 1
85936 69057 2
29258 55305 2
49080 41693 1
81598 25907 2
81426 77531 1
69239 79275 1
79113 35198 2
7098 88479 2
18077 69921 2
64993 20594 1
77953 54991 1
60922 44057 1
48381 19401 2
23142 9793 2
16333 77156 1
60379 7015 2
48064 82152 2
77123 19870 1
69274 79314 1
39547 78669 2
1458 9938 2
43701 54414 2
38293 43982 2
96086 17361 1
98657 10654 2
56344 38167 1
37771 23693 2
10505 45911 1
27353 5630 2
87403 30044 1
21993 74757 2
13362 5412 2
28136 2506 1
70793 39779 1
73692 85610 1
92109 3614 2
46075 4693 1
46896 49329 2
36849 83473 2
9015 42986 1
88094 79573 2
88573 67595 2
2198 73871 2
19310 25739 2
23263 69727 2
61196 60854 2
72086 74042 2
49326 64073 1
68875 34408 2
26588 52151 2
36320 90821 2
81012 63206 1
5133 20388 2
98728 27506 2
99167 65223 2
70750 91530 1
1205 93225 2
24111 34926 1
59778 93940 1
296 84151 2
30254 57579 1
11884 91087 1
1173 43490 2
38223 25140 2
62246 36512 1
92124 39162 1
65765 85412 1
5585 92582 1
41097 24541 2
83774 28755 2
54783 94833 2
2346 43633 2
97797 58487 2
40398 31841 2
8016 55325 1
64983 44602 1
60518 70018 1
98216 44199 2
14597 41437 2
21878 28359 2
314 50772 2
3530 24684 2
25579 92774 1
93187 74077 2
93166 89122 1
40433 55283 1
6159 42701 1
50523 56319 2
36558 88608 1
57050 85059 1
49694 75912 1
53884 75189 1
85736 30181 1
92226 70303 2
55366 10827 1
16066 78753 2
16872 13539 2
87493 52014 2
79954 77323 1
97130 47562 1
14044 93490 2
99874 68691 1
45489 4541 1
62674 68693 1
39408 83397 1
58740 32212 2
66990 78455 2
22485 40998 1
98387 8626 2
9465 69558 2
9240 42828 1
72883 9635 2
73743 21454 2
55437 990 1
68411 8211 1
2566 54640 1
81555 6605 2
59983 97329 1
82116 45024 1
55181 50962 1
84236 48005 2
82011 70772 2
93120 10281 1
27716 16527 2
24198 24811 2
41229 66348 1
50332 54657 1
62889 30891 2
78287 74228 1
95651 73214 2
31173 4383 2
28824 7276 1
91988 90836 1
59930 9167 2
94408 20791 1
84174 50326 2
90689 93057 1
47311 11300 1
61394 38814 1
26537 97295 2
43268 26351 2
60126 20706 2
62737 99049 1
15653 12891 1
24649 8853 2
1574 95854 1
23248 93646 2
68863 46272 2
39326 33574 1
94850 27596 2
43070 60257 2
14324 51426 2
51599 69047 2
62736 54275 2
91526 61751 1
27490 44326 1
41354 66623 2
70349 50935 2
48631 7013 2
13861 70770 1
17404 30961 1
4662 8428 2
49181 85056 2
45595 46859 2
52721 38275 2
65351 31401 1
56036 69918 1
97632 83381 1
85207 92617 2
37087 75569 2
89435 87922 2
2065 89781 2
97274 54233 1
473 33067 1
71886 30643 1
44588 80017 1
14376 89928 1
25459 89242 2
53418 62677 1
23436 717 2
69581 87211 1
27114 2788 2
60380 85326 1
55537 46511 2
95575 48182 2
60986 7535 2
74290 94833 1
84949 70011 2
88339 33535 2
76898 24510 2
1079 21173 2
69847 99222 1
47213 31355 2
21117 96695 1
78937 24782 2
48083 50182 1
48371 73791 2
48586 42015 1
4166 34193 1
71431 79184 2
64465 98047 2
39716 92251 2
79177 32692 1
2638 63416 1
45909 46864 2
98216 1008 1
50737 24586 1
65479 9379 1
35916 97385 1
90997 515 1
33737 6058 1
22447 63575 1
64482 29853 2
87143 98329 1
24768 73672 1
34850 36633 2
95748 75202 2
61178 93495 2
28514 537 2
6717 4908 1
19137 1741 1
87756 89122 2
56732 27826 1
18269 19927 2
66787 64530 2
44122 67999 1
31963 84585 1
61088 58911 2
14042 85895 1
9665 99795 1
88364 96082 2
63778 48808 2
39505 5121 2
22974 81122 2
34844 91970 1
53217 56152 1
8309 43029 2
52749 95699 2
50008 97998 2
91384 73139 1
97812 58647 1
98476 55050 2
79949 84491 1
36358 21086 1
27675 23965 1
33784 19851 2
32105 1807 2
94472 44671 2
48662 26043 2
45838 27037 2
96183 15246 2
42586 56987 2
19059 67111 1
18987 163 1
92326 86493 1
49785 96982 1
68991 38230 2
33964 50180 1
38465 75057 1
33858 72789 2
36966 47261 1
58797 97059 2
94615 41439 2
30707 31326 2
61557 8561 1
54860 52615 1
43572 69885 1
85192 87477 2
74810 47238 1
90855 75795 1
23429 40127 2
54814 81599 2
35074 46897 2
23385 20077 2
93303 314 2
27827 17443 2
65593 17993 2
15487 21594 1
50679 31299 2
30691 78115 1
95373 39745 2
16472 40671 1
40626 16592 2
34347 7110 2
72971 27599 1
24831 53570 1
9013 17652 1
55337 39665 2
4895 85256 2
76242 5702 2
19341 66726 1
5305 68839 1
85559 64480 2
56303 6289 2
53959 43098 2
7608 74480 2
77567 83469 2
14064 91080 1
1457 31461 1
23204 82735 2
38117 61060 1
24597 90960 2
13110 38237 1
55769 57801 2
23893 41561 2
56730 64141 2
33093 32053 2
56340 90212 1
13277 90402 2
57659 64934 2
92009 2756 2
84307 55588 2
23305 98804 1
77910 31711 2
83921 22878 1
77458 66607 2
84328 27492 1
63944 88797 1
80169 35097 2
13518 92553 2
23236 23398 2
26350 35717 2
77246 92552 1
12805 70839 1
71405 98064 1
5477 35963 1
98813 74466 1
29299 97695 1
5581 72694 1
45001 26150 1
54899 3771 1
70837 59782 1
38036 2639 1
79353 63785 2
98861 35656 1
2057 13616 1
23373 89198 2
11312 38475 2
9624 86654 1
42315 28706 2
63653 4329 2
87148 41359 1
8769 54706 1
74488 50082 1
73003 87764 1
71082 88092 1
96469 20314 2
98798 11604 1
82313 74245 1
60678 38421 2
60034 61034 2
66825 77182 2
61327 49585 1
25215 28192 1
36979 34103 1
81446 60004 2
92487 3693 2
2928 34467 2
32279 48662 2
39363 23563 1
55521 34093 1
75287 80865 2
48409 89533 1
88540 39514 2
1160 44487 2
63825 80864 2
94920 79424 1
47566 89907 1
42954 24112 1
30683 15109 2
61872 9843 1
94583 85373 1
84691 90364 1
41906 81269 1
32894 34606 1
99058 42908 2
46609 20065 1
53586 23797 2
45503 88355 2
88863 61558 2
74928 86292 1
66202 7082 2
90848 78856 1
62520 88944 2
40446 15497 2
17701 15481 2
61934 89459 2
78140 7981 2
43175 39766 2
87793 36487 1
28118 68056 1
41031 55285 2
41209 49232 2
22010 72345 2
82021 95308 2
65527 36298 2
51009 80044 2
83103 81876 2
91145 5924 1
64488 56660 1
28043 33182 2
40411 37437 1
46669 52694 1
6647 92949 1
76261 64348 2
25485 39128 2
10144 694 2
4834 180 1
42588 23515 1
31504 51020 1
6797 44121 2
71556 75766 1
40444 54703 1
52322 77437 2
42147 31060 1
32669 11551 1
63378 99406 2
58495 14479 2
18285 69788 1
62183 69012 2
85260 21101 1
20038 96777 2
2906 23527 2
49249 1691 1
90743 43233 2
33938 82766 1
76278 59272 1
79175 23672 1
71903 71870 2
54626 31748 2
85838 52982 2
41879 93009 2
41234 71194 1
60817 58321 2
11791 64261 1
89837 35434 1
46077 15274 1
72892 36856 2
59814 5579 2
79558 67433 2
79340 36866 2
75522 43167 1
87104 46939 1
82335 34962 2
47948 9528 1
83167 18956 2
97099 25676 1
13654 89355 1
39275 81249 1
23343 80418 2
76306 79698 2
86407 66040 1
42422 40113 1
33072 81543 1
4100 13346 2
54224 39550 1
15258 19006 2
10879 15040 2
65580 70898 1
60877 34467 2
48419 79837 2
7289 97298 2
77209 39669 2
283 66572 2
77950 77283 1
55963 28642 2
88214 13698 2
20791 31741 1
9113 72004 1
41185 10453 2
47826 13069 2
78431 10171 2
64513 50294 1
23818 67696 2
44921 87595 1
9071 77868 1
55810 63085 2
33201 84824 2
35064 89202 2
90276 41812 1
29418 22176 1
31956 84306 1
36572 85685 2
75324 89496 1
58981 27298 2
93520 86147 1
58002 23371 1
63251 49791 2
89985 73705 1
6721 70799 1
25735 29544 2
2695 16651 1
32651 78505 1
11910 99133 1
92264 35457 2
17076 23715 1
62639 19192 2
75706 83633 2
37282 39403 2
87447 66796 1
33275 23339 1
29371 86639 2
5219 9884 1
92397 65770 1
93083 60215 2
15206 45182 2
11030 11944 2
1012 99810 1
861 19248 2
39288 45473 2
30058 21252 1
62152 95130 1
83981 4492 1
49389 98623 2
12362 52037 1
93414 17046 2
82297 91712 1
63300 21755 2
54597 57825 2
48044 66716 2
14510 72992 2
87160 57307 1
967 17643 2
26614 56304 1
28664 99490 1
54087 11941 2
64637 24730 1
18241 24600 1
45509 70939 2
44942 28188 1
1748 26370 2
51115 86552 2
91937 38240 2
82794 98822 1
69337 55192 1
12656 26741 2
7610 55301 2
85016 73800 1
7385 82738 1
85454 30869 2
53916 40544 2
23188 22919 2
86433 28579 1
47936 38749 1
27669 39173 1
39612 72872 2
89918 83202 1
42341 27121 1
80466 53483 2
73581 95057 1
12541 55971 2
56122 24630 1
36927 77189 2
50564 1924 1
97804 38491 2
30522 93042 1
16650 25608 1
43870 54761 1
65366 20544 2
96548 11945 1
12511 66923 1
53655 26052 2
1162 78181 2
79221 12449 1
86764 48065 1
90190 474 2
1523 36769 1
72872 95870 1
70782 58464 1
71198 3920 1
52352 90792 1
53052 34118 1
17857 2428 1
3205 72523 2
82493 50416 2
72142 94013 2
47939 88235 2
99744 98319 2
8151 54412 1
20185 34184 2
36624 86338 1
52812 56547 1
53595 53715 2
19932 78925 2
88022 74486 2
76005 94155 1
5078 41593 1
50836 32593 1
54401 23387 2
63081 91275 2
91125 79411 1
17660 92952 2
27071 17031 2
93846 30506 2
17669 80182 1
83347 93479 2
26877 46383 1
29287 68395 2
62355 44727 1
32598 45828 2
70119 54632 1
85465 17589 1
43276 63308 2
28960 63347 1
72203 34854 1
8171 70987 1
85598 23689 1
90320 10138 2
1749 41439 2
10233 64627 2
66580 85411 1
130 18493 1
31891 15367 2
3519 61874 2
24893 51887 2
87156 11650 1
5969 31668 1
63419 23214 2
16580 27203 2
92802 40461 1
25661 92603 1
22666 97386 1
23928 95443 1
50057 48099 1
21156 27249 2
46889 78988 2
9765 88500 2
93031 29002 2
97618 67434 2
19956 27993 1
75832 11195 1
97176 77703 2
11477 29341 1
91978 20694 1
46046 4893 2
43001 58078 2
28633 12476 2
70726 8 2
79876 16879 2
58695 3252 1
67148 73407 2
69094 12308 1
89527 60679 1
34848 3535 1
67643 75225 2
87623 6175 2
76228 73113 2
30209 71507 2
13074 12608 1
92998 18734 1
89432 82074 2
70821 44102 1
59167 51913 1
86528 39206 2
66241 40032 1
74539 38444 1
46862 97032 1
82481 27819 2
69162 55774 2
42191 17035 1
78093 35667 1
89527 29924 1
86081 17547 1
89423 11271 1
13736 65311 1
13071 72181 2
2228 26299 2
40519 21541 2
92589 83936 2
45334 92514 1
64143 27555 2
54068 54411 1
13929 7340 2
50601 81778 1
5118 84088 1
43155 44957 2
55240 43992 2
32165 31528 1
98544 21200 1
65762 14017 2
14391 21016 1
33190 16299 1
52721 29150 2
2429 93340 2
52261 45123 2
89002 92254 2
36782 35033 1
93730 54289 2
69917 8715 1
42222 34120 2
64020 20182 1
54829 48296 1
49260 65544 2
57295 81580 1
91696 30856 1
58587 42179 2
79072 69133 2
37418 57296 2
14863 2469 1
67849 81098 2
32582 46928 1
97531 7802 2
26495 85795 2
74421 38239 2
81450 94022 1
63713 57709 1
50699 86838 2
31419 47881 2
70842 77572 1
56375 96431 1
45665 5139 1
19641 50029 2
22050 7038 2
77243 19909 2
19759 64656 2
71147 81455 1
80080 65354 2
86122 4308 2
78049 19872 1
96590 68980 2
29392 97468 1
47072 83521 2
92035 11706 1
12927 80418 2
84049 98794 2
67676 18065 1
50820 40978 1
85116 93853 1
77789 79753 1
99513 30441 1
10608 46269 1
737 49739 1
57315 96398 2
40309 38446 2
24820 91601 2
93420 69168 2
24560 98797 2
67661 63077 2
17245 37665 1
22520 77586 2
76497 27484 1
63614 13906 2
20632 65956 2
42949 75477 2
59794 64464 2
84069 11164 2
30770 97774 1
6829 76831 1
5376 29566 2
47550 35015 1
48888 97300 2
21423 84180 1
15369 80410 2
8904 60983 2
39191 67244 2
54055 91737 2
