100000 5000 37234
75912 70225 2
84499 13797 2
86513 992 2
52942 26724 1
76229 77168 2
24551 34208 2
74241 4538 2
33598 4231 1
92521 2622 1
10774 26056 1
30241 3520 2
38103 65882 1
60789 93222 1
82159 86389 1
45106 9979 2
78188 17303 2
76651 27408 1
90851 91392 1
39989 75286 2
69613 16374 2
50955 88932 1
99140 44738 2
64650 57207 1
5963 45170 2
54102 56269 1
60611 24949 2
20980 70121 1
4599 55906 1
37262 4179 2
65553 43537 2
18770 52629 2
42146 61120 2
38579 3294 2
61662 87247 2
70374 40291 2
49181 12804 2
86535 71289 2
73180 72808 1
44498 10589 2
83866 10953 1
58762 26028 2
88187 11446 1
85877 78091 1
77353 326 1
26493 75744 1
86606 85009 1
98929 75414 2
36026 41685 1
51330 83806 2
38307 9170 2
1382 58185 1
78528 4175 2
56921 16142 1
84430 19795 2
14135 22826 1
30763 83692 2
53827 955 2
91454 6252 2
56484 56197 2
51629 19686 1
99042 21325 1
26820 50230 2
96493 27296 1
95733 69686 1
54007 48621 1
96947 2730 1
277 44007 1
96310 36469 2
13761 27684 1
69722 28801 2
69051 20512 2
90847 2012 1
27907 49723 1
84170 45045 2
93377 12439 1
20067 8099 2
26590 70683 1
27702 47454 1
59880 1458 1
36946 6884 2
48370 53069 2
90412 57078 1
78545 78301 2
65341 24120 1
26880 92890 1
7488 38100 1
91485 90303 2
78869 92664 2
63754 98443 1
30721 73299 2
25869 99201 1
3020 38876 2
80208 77033 2
26785 83915 1
90241 813 2
72081 98942 2
5331 47453 1
49488 90422 1
18332 5643 2
86743 7223 1
69269 57904 2
70528 60715 2
26461 47365 2
34254 16320 2
87734 46731 1
52258 75141 1
84230 84483 2
83623 47377 2
74808 21527 1
18631 4476 1
41945 2383 2
26707 53892 2
45499 30653 2
37951 90762 2
74677 61778 2
3203 68306 2
736 57798 1
89019 11303 2
188 6900 2
65992 72788 1
62249 20475 1
45358 37452 1
67311 9566 2
22132 27107 2
3190 32165 1
43494 14290 1
83662 7194 2
59254 36119 2
56553 8141 2
49207 76307 2
79964 35185 2
7777 99466 2
96642 12892 1
55376 31366 2
67800 50379 2
62245 83061 1
930 30523 1
54595 4166 1
5637 28401 2
6995 47632 1
44875 52276 2
72833 28172 2
50562 67149 1
43868 92726 1
29277 42830 2
73146 50063 1
55697 53640 2
84657 43806 1
44154 78291 1
52191 34026 1
82515 26858 2
82436 56226 2
87617 65260 1
38179 99637 1
90185 34397 2
51141 74394 1
12758 29634 1
64949 61738 1
74644 75273 2
66404 44609 1
50807 91807 2
49607 68704 2
74869 49879 2
39796 94414 1
82408 37450 2
59465 44434 1
63149 8338 1
97349 45115 1
39463 93805 2
9069 40472 2
16892 58272 2
49352 44000 1
32311 40818 1
69892 43660 2
68069 41836 2
68815 37496 1
78808 9664 2
33406 56806 1
84455 6463 2
30249 38554 1
22092 23809 2
21389 84351 1
95108 3841 1
70345 89344 1
57587 92319 2
48129 31216 1
66717 14620 2
85438 48963 1
25198 39969 2
79340 59442 1
23315 92632 1
59963 17403 2
98079 66801 2
95167 37407 2
83143 47615 2
21360 81699 1
38086 78201 1
66891 96399 1
45818 19033 2
28591 25490 2
37701 80384 2
74656 71004 1
95629 89840 2
23559 56962 1
57980 28784 2
61456 81725 1
42912 61260 2
8714 33771 2
43436 64723 2
93451 89837 1
21846 52247 2
92938 52488 2
41687 58256 2
10947 62916 2
53742 47130 2
38679 88048 1
19741 36274 2
61321 95259 1
394 20924 1
14145 21757 2
7840 2368 1
3117 71276 1
84523 58953 1
24955 51879 1
672 73573 2
80769 48591 1
37458 14504 1
33782 54249 2
74270 98184 1
7893 43773 2
91712 32770 2
75489 27098 1
30172 37748 1
84380 81872 1
19062 92929 1
74350 45620 2
74330 39536 1
97413 83327 1
40085 60717 2
98159 15791 1
81849 87783 1
77697 6469 1
30205 77680 1
70644 44358 2
71323 58369 2
51330 43675 1
3473 46771 1
29101 12176 1
52096 24678 2
75577 56888 1
51664 49438 2
99949 55975 1
95690 37409 2
81622 34295 1
60956 93594 2
93060 37444 2
37529 87481 1
71244 88944 1
37975 37009 2
86468 76224 2
97007 62521 1
43977 98300 1
10432 91692 2
52764 88243 1
83724 49225 1
77153 48437 1
27129 30771 1
30751 48055 2
23793 53809 2
45987 41843 2
65890 61263 1
4924 37765 2
17247 46460 1
96992 87247 2
7678 42122 1
6726 78165 1
15672 40594 2
33034 70434 1
77197 29773 2
76909 51650 2
31101 53275 1
26770 4006 2
1615 85088 1
55394 55779 1
49838 27586 2
24329 44082 2
75334 2349 1
58935 85170 2
91436 63407 1
2015 85058 1
40596 76284 1
70683 8327 2
82840 84363 2
78790 32012 1
91384 4502 1
63808 32669 2
85556 79774 1
31118 92523 2
51572 41894 2
53048 51787 1
81665 34323 1
2346 35543 1
28777 89970 1
4691 8235 2
88574 42930 2
41128 75753 1
42840 35686 2
9698 59958 1
175 48260 2
25980 1786 1
43649 79976 2
97878 77060 2
20306 78450 2
66997 73316 1
20391 60803 2
21376 42031 2
330 99589 2
98308 11423 1
2890 38912 1
9618 62480 1
48791 58853 2
86364 94692 1
57546 57767 1
45051 25856 1
68955 17181 1
57036 84333 1
27593 47810 2
8494 73272 2
15254 11541 2
31589 26802 1
5704 15385 1
23035 62896 2
88970 11446 2
63706 17676 2
41800 6422 1
21235 14754 2
60695 79369 2
39225 15028 1
16202 87362 2
5479 68583 1
75934 17783 2
42326 47524 2
91343 72100 2
85512 70424 2
28929 28809 2
39296 14708 1
94776 72648 2
79527 44109 2
28768 60808 2
94281 45213 1
67590 34613 2
18710 12384 1
78812 55549 1
62945 65496 2
97401 18324 1
99556 54570 1
52407 22865 1
51163 21183 2
65747 29103 1
57572 50020 2
9969 94925 2
48837 86634 2
66454 91694 1
87750 30534 1
73836 89818 2
76307 31922 1
54145 62683 1
97915 75435 2
48200 65345 2
75892 2897 2
34582 67167 2
75860 28586 2
16102 21771 1
80217 91262 1
70102 55522 2
87107 41180 2
85768 46977 1
78133 2932 2
86210 32621 2
52855 27420 1
49006 35660 1
44822 20076 1
67995 62474 2
98467 22049 2
10458 12566 2
25360 61565 2
37281 65986 2
89047 86693 2
67596 33350 1
37970 69506 2
41751 51613 2
63875 44449 2
76325 51270 1
51182 72947 1
70748 56964 1
62010 95245 1
48423 7391 1
98229 40297 1
72498 73057 2
6669 71972 2
22194 62842 1
47415 38782 1
65307 1821 2
40235 30941 1
10375 67936 1
58470 95658 2
93910 89280 1
82470 34642 2
88872 72251 2
55186 12006 2
82565 52212 2
97872 76539 1
29078 73170 2
45261 62667 2
78217 16513 1
52217 4915 1
48272 24015 2
19400 21459 1
27202 10608 1
30322 43025 2
35993 34395 2
64499 10038 1
13587 51595 1
74700 56367 1
72626 15040 2
5472 69741 1
51772 64635 1
87288 94022 2
60155 50565 1
60160 35378 1
68381 6760 2
14055 10254 1
4789 66644 2
18755 23644 2
39224 93916 1
99339 59073 1
10946 5175 2
85051 64742 1
51087 86911 1
41075 29080 1
51874 15637 2
76056 17417 2
68449 84795 2
99954 74508 1
13654 1272 1
26892 98332 1
48240 39320 1
88632 86134 2
83360 2826 1
57480 57338 2
57533 14560 1
84022 43790 1
58912 978 1
50717 59259 2
65832 12923 2
48125 81070 1
52120 6234 2
79227 58200 1
5332 81395 2
34238 56047 2
87720 51756 1
29940 40235 1
39393 16304 1
23659 79081 2
91025 37039 2
76184 55180 2
55599 13020 1
9811 90679 2
3509 21134 1
98393 87124 1
67968 47839 2
24425 87280 2
62164 46704 2
88072 52956 2
62806 89155 2
61693 13390 2
51247 31552 1
92213 37406 1
39472 57457 1
68864 34409 1
69896 66405 2
57106 95954 1
32688 28112 1
70243 5340 1
82912 36074 2
82832 3377 1
25335 85612 2
58775 22526 1
17622 94166 1
80991 4340 1
86789 52044 1
58350 31401 1
65806 33300 1
82001 31605 2
15997 26553 1
27799 15894 2
33350 36171 1
32822 34764 1
56191 5373 2
5637 8445 1
72129 12742 2
71808 49938 2
92843 58945 2
46984 48344 1
29279 43468 1
16864 79841 2
44611 21229 2
43249 44640 2
36930 51528 1
7846 8240 1
51945 30634 1
95281 67054 1
89770 44226 2
31109 84410 1
45052 68482 1
43641 73179 1
14712 44578 1
79499 12984 1
318 2142 1
99963 45311 1
26414 42611 2
33548 13377 1
84592 62310 1
62598 10452 2
14605 60573 2
70423 52912 2
51283 45923 1
76013 4819 2
84500 24648 2
46685 74557 2
81767 58367 1
70816 92980 1
88614 24447 2
93329 75426 1
28431 88515 2
97616 46706 1
51428 29130 1
72289 74742 1
93866 35607 2
78670 95908 2
86413 98034 2
16673 4020 1
14075 47397 2
53323 86404 2
59205 99967 1
71264 91828 2
67745 51605 1
37176 78795 1
40266 97628 1
87568 75152 1
33502 9776 1
77543 90769 2
53919 49777 1
27521 3039 1
93971 71169 1
75784 8656 2
87396 15207 2
76070 87868 1
6401 38414 2
49067 55233 2
36443 82758 2
54029 37152 1
47689 22690 2
18243 45821 1
24420 97945 1
81866 29218 1
63244 5958 1
98465 1884 1
24161 1000 2
21484 54301 2
81194 88066 1
38164 49753 2
33938 89372 1
85764 96489 1
63366 23072 1
75662 81643 1
51384 40830 2
20805 81855 2
71647 48328 1
34785 53771 1
53845 11639 2
88958 51193 2
84855 76484 1
76124 88692 2
50217 68720 1
58656 41070 1
41136 29052 1
8178 82013 2
91541 61458 1
31262 59706 1
19369 91706 1
48243 94144 1
98235 15205 2
42022 89555 2
64324 92327 1
72240 58166 1
98812 78260 1
32460 46900 2
99745 28138 1
57754 44664 2
77975 41703 1
42623 28724 2
63843 48975 1
4931 1278 1
18095 86791 1
33105 53295 1
44138 33437 2
65530 77506 2
40517 25661 2
52914 37179 1
99094 6173 1
60114 78493 1
84697 69522 1
70869 55635 2
87946 47289 2
95483 54408 1
26028 85455 2
29640 40687 1
64133 82201 2
38374 3355 1
70111 73629 2
10175 40712 2
74025 45543 2
74628 39473 1
59316 24326 1
44649 35831 1
93719 47116 2
23238 30113 1
43724 30225 1
70423 87446 2
53008 33584 1
59485 86052 2
231 6344 2
56764 77373 1
13269 7324 1
61627 757 1
21318 93556 2
14438 88741 2
19591 91322 1
95471 61643 1
68906 48574 2
11081 69864 1
7142 57299 2
35948 29920 1
16661 51503 2
15636 18878 2
27573 55631 2
44738 16141 2
5832 77584 1
11577 11872 2
3411 41143 1
20546 98219 1
33826 70922 2
58633 7015 2
78851 46581 1
9341 66898 2
85735 28615 1
96308 10253 1
54340 34642 1
8964 74524 1
91797 91438 2
27788 19369 2
57112 36790 1
16233 34786 2
14511 10057 2
33761 42615 2
69760 94378 2
3292 77213 2
73429 54241 2
15397 76813 2
28317 82553 2
83789 50501 1
17641 88287 1
24873 6150 2
90992 5673 2
39311 2868 1
23339 11725 2
63229 93978 2
37337 93349 1
20146 98467 1
17245 6194 1
97587 86690 1
93467 79766 2
23463 83691 2
42302 13656 1
87740 92567 2
9685 68260 1
20800 65572 1
63026 11913 1
34504 74547 1
93418 99161 2
73868 46120 2
62199 81740 2
35433 26318 2
73273 33085 2
38430 56048 1
74960 54507 1
45871 91777 2
87204 154 2
46502 85237 2
5726 45680 1
99980 52198 2
8108 35544 2
46804 30864 2
21505 61090 2
83153 34612 1
30482 36769 1
35739 7097 1
16634 77707 1
74607 80934 2
65367 35677 2
26540 75594 2
94410 42741 1
43318 57749 1
98555 31382 2
68566 21308 2
89331 35431 2
28024 13272 1
80577 25396 1
17515 76039 1
11510 34604 1
84645 65514 1
66152 52929 1
99069 86566 2
39442 33323 2
16559 41603 1
72979 33221 1
43516 90704 2
71339 56655 2
75559 62077 1
86209 21258 1
60824 2079 2
92895 57119 2
58077 94383 1
87220 46840 2
80580 20459 2
63857 97446 1
17539 6644 1
17293 94489 1
22097 13039 1
42593 8043 2
28042 21732 2
44461 94358 2
29742 33474 2
46417 84185 1
89730 4057 2
60693 68727 1
3021 26046 1
53473 19735 1
86973 17035 2
72325 72133 1
65216 80156 2
75507 38352 1
36651 47667 2
62368 15530 1
25303 73172 1
71655 2635 2
61246 60426 1
5861 44719 1
31042 27808 1
33758 63891 1
50727 53929 2
69559 2907 1
43764 82585 1
46970 46255 2
4214 55722 1
58293 98938 2
7902 11000 2
91547 77546 1
61438 293 2
18625 92211 2
89775 58102 2
14274 21324 1
70413 19731 1
33084 56272 2
8665 40811 2
39889 36221 1
17399 72046 1
39143 12473 1
54030 6513 1
36456 32104 2
54795 94638 2
89539 44119 2
63837 68321 1
69993 62581 2
69626 37196 1
38033 61172 1
56793 67060 2
89268 69292 2
56951 35073 2
82833 63353 1
51954 39138 2
23946 92280 1
72240 77767 2
78182 52174 2
79801 31941 1
27885 33729 2
36441 82006 2
39759 47996 2
1760 90806 2
4509 92784 2
50529 73703 1
23310 86862 1
95862 39278 2
71644 58957 2
5018 56627 1
1732 51690 2
99214 40869 2
84970 4771 1
12405 60756 1
21938 55675 2
84311 821 2
17384 41882 2
90882 29410 1
42681 69706 1
22084 31287 2
52248 59067 2
88594 98678 2
86906 4351 2
25957 87556 1
58138 73359 2
2392 97002 2
63414 54500 2
24363 308 2
88368 12766 2
13763 23157 2
95086 9857 1
15335 62658 1
34202 76339 1
15205 7826 2
94914 19360 2
88683 86501 1
45145 19126 1
52878 89786 2
2100 84297 1
42982 72407 2
48495 29232 1
37744 20356 2
99462 57510 1
49771 42352 1
23036 77322 2
84155 2315 2
36439 86079 1
56810 95978 1
46305 40589 2
83618 96199 2
9 766 1
20084 82399 2
70400 3682 1
58228 53906 1
38813 85131 1
62682 70917 2
53241 52786 1
10082 88675 1
29812 89072 2
38509 42488 1
33806 63878 1
55902 6965 2
51758 84150 1
33246 10415 1
79071 48935 2
94265 83776 2
49102 32708 1
29119 23461 1
8334 38878 1
98883 34910 2
3668 44582 1
74655 46960 2
44634 88244 1
56367 86502 2
46880 76707 1
44689 39340 1
46887 38066 2
66411 787 1
15860 38532 2
88293 14033 1
63667 49345 1
57259 62653 1
61105 95923 1
75436 16695 1
57377 65994 2
37150 32094 2
97241 77497 1
15767 89560 1
29362 66518 1
23989 4558 1
88043 71901 2
96184 35149 1
51173 70094 1
80227 89510 2
36296 13451 2
10430 70094 2
61886 40635 2
11319 32479 2
60979 18922 2
17916 20629 2
70523 10662 2
36930 22770 2
21900 68611 2
15810 987 2
48351 14232 2
31574 23353 2
70515 7520 1
33696 83097 2
36842 51675 2
13604 3980 1
6059 59850 1
67561 57544 2
99710 89558 1
93757 93477 2
47987 61769 2
35342 48832 1
41467 77907 1
20721 90619 1
93965 19239 1
32766 86587 1
77763 28539 2
97874 43209 2
45786 92812 2
13259 17746 2
22294 15223 1
32464 53543 2
8699 64481 2
70055 79070 2
97909 33329 2
97309 72015 2
52529 68880 2
45250 28823 2
25442 99696 1
37258 5112 2
91901 47682 2
71373 77783 2
28477 55806 2
93031 6173 2
74848 40479 2
13625 75927 2
231 7204 2
29990 80278 2
82714 87473 2
38519 15984 1
10402 40460 1
31128 15613 1
74062 60288 2
4664 27034 1
54606 46365 2
3309 70346 2
47995 37334 1
46830 96688 1
2957 75969 1
85527 45590 1
82147 26075 1
98024 28585 2
55615 66050 2
22214 25530 2
2535 10393 1
11513 75934 2
43430 43847 1
80141 77615 1
13416 90200 2
59281 34282 2
48161 85754 1
77466 41807 2
34599 47426 1
44097 44740 2
72916 23845 2
87297 47794 2
62501 959 1
22426 27846 1
84797 74607 1
52177 55857 2
60963 97145 1
85677 95689 1
72095 78051 1
31772 79014 2
19553 48184 1
13868 48870 1
83610 99688 2
49458 39209 2
59522 83494 1
85862 61973 1
21520 20297 2
60325 93107 1
34181 55403 2
74126 98512 1
29473 54221 2
3558 78813 1
2252 20209 2
62836 48656 2
52431 49342 2
7781 99425 2
78456 57920 2
66793 82958 2
63130 77766 1
13300 81303 1
15306 60226 1
78686 56386 1
20579 67148 2
26308 37464 1
87907 44864 2
8452 60454 1
49004 74555 1
69221 83006 2
28260 45090 1
34253 47603 2
58837 63995 2
30953 68704 1
5198 63889 2
83176 68034 1
66560 31092 1
68992 93497 2
23873 34967 2
73160 24907 2
94028 6801 2
65596 9825 1
89344 36924 1
67421 25321 2
75645 85561 2
14638 79090 2
44298 55850 2
72664 8979 1
47281 3927 2
33607 32708 2
16833 51786 1
26666 70274 1
94444 22323 1
22775 46384 2
48454 26980 2
71908 96881 1
54380 69621 1
55311 11311 1
61658 15361 2
96504 27511 2
58420 60488 1
62594 87739 1
66302 7179 1
71605 41134 1
98884 28051 2
99615 22283 1
73331 87307 2
64814 5391 1
46078 77729 2
75895 26011 1
5050 85481 2
14259 95923 2
78178 69178 1
43229 52001 1
62963 2415 1
40661 38930 2
70993 14535 1
87743 60152 1
17281 16741 1
72517 67206 2
92269 56496 2
45969 93431 2
32259 62324 2
26868 67304 1
99670 62720 2
97922 8410 2
9276 22758 2
36339 34001 2
78702 48223 2
3780 33367 2
69739 79396 1
81844 31097 2
46005 4278 1
77352 96361 2
82002 31510 2
91143 9626 2
7180 70381 1
46750 99048 1
15090 9798 2
45149 33069 2
25845 56239 1
56247 53037 2
66699 61724 1
80006 3627 2
34224 59652 2
82150 65297 2
56640 2818 2
65366 34573 2
80190 25045 1
78330 49742 1
63089 86944 2
7291 72811 2
5825 78155 2
89637 45788 1
39902 40576 2
1575 49855 2
6106 62607 1
50551 24276 2
92586 70058 2
10316 84866 1
36040 15401 2
47522 21968 2
93396 65352 2
63001 88300 1
78639 62436 2
47510 64712 1
91582 24066 2
63329 36504 2
33741 54216 1
45734 49109 2
87209 99042 2
41940 42237 2
4805 25566 1
89665 1424 2
58102 51728 2
5859 17429 2
8535 74511 1
34648 50675 1
42342 73494 2
58239 35288 2
67397 54628 2
4029 89110 1
37178 38556 1
26842 20577 1
85519 99110 2
99137 21970 1
594 62412 2
97763 21799 1
72406 51934 1
66388 46208 1
23921 65135 2
95213 13988 1
94876 37877 2
56361 16986 1
9462 31309 2
87944 94096 2
385 48148 2
11278 24984 2
82212 44399 1
17573 45190 1
9383 67108 1
50487 79123 1
82714 65247 2
70389 70461 1
82222 67502 1
78867 99461 1
81082 21733 2
57769 64495 1
27127 34107 1
16851 64165 1
25925 84907 1
95762 38197 2
21796 62548 1
59082 53582 1
21980 42362 2
418 62823 2
97973 59747 1
78599 13049 1
89791 54074 1
18952 52287 2
29580 70863 2
66011 18845 1
34001 8820 1
919 80630 2
35657 19874 1
80440 565 2
62002 36530 2
5791 71173 1
76717 42469 1
76143 42553 2
67170 10205 2
8113 90533 1
26810 30625 1
58289 76418 1
77027 50749 2
29982 686 1
57136 33983 2
29902 81130 1
1526 29052 1
58520 96026 1
92849 82313 2
85336 67081 1
33277 13154 1
55886 50914 1
78332 43046 1
40511 25080 2
2487 96760 2
91603 50015 2
43893 34272 1
71413 22960 1
86789 58376 2
54614 55817 1
75866 62592 2
3435 15659 2
3114 79899 1
51370 32922 1
69327 67984 2
78833 25025 2
70982 37529 2
51935 56459 2
8466 97175 1
46553 13067 2
18329 24364 2
4262 24533 1
19590 87519 2
11764 14594 1
70854 64860 2
68657 67792 1
26795 15729 2
18194 49408 1
71852 54067 2
38479 52599 1
54883 16791 1
92613 12701 2
52877 26585 2
25843 80129 1
74062 10456 1
12669 32306 2
43562 89240 1
20589 99463 2
92269 29630 1
43469 13433 1
31236 58360 1
76237 54180 1
162 59987 2
91491 64970 1
27868 46307 1
11110 72783 2
49389 23326 1
26803 97662 1
95411 7937 1
2569 44162 2
98192 47850 2
57644 64110 2
27786 35868 2
3333 25750 2
36075 58078 1
65312 39668 1
32897 80092 2
70188 31492 1
34111 32644 1
14719 99592 2
48187 72267 1
20720 19492 2
56206 12486 1
62235 18627 2
6263 38769 2
62913 27760 2
51320 95435 1
35461 86622 2
45111 26648 1
25487 66753 1
66367 19550 1
23501 67827 2
45596 85256 1
85645 42352 2
94467 35302 1
41253 6618 2
31527 29995 2
10124 88021 2
7621 78030 1
73342 64844 1
6073 10378 1
59259 5162 2
2119 25245 1
11976 63810 2
55859 94828 1
94796 87720 2
28777 32414 1
57941 39190 1
38006 67549 2
22929 38280 2
35116 38552 1
38805 63520 1
98114 27620 1
31898 63106 1
50770 3670 1
58074 68601 1
32506 99434 1
93175 87889 1
57724 56160 1
54421 39419 1
93 92889 1
23099 86476 2
29705 33598 2
36439 41341 1
89774 14170 2
69303 14349 1
45948 78683 2
92528 51226 2
89548 33973 1
83802 32396 1
72598 17791 1
12337 747 1
86649 52435 2
68502 75043 1
5559 88786 2
67725 57639 1
3446 32318 1
12541 72011 1
72896 86943 1
91443 66761 2
64355 29087 1
36670 51229 1
43186 82126 1
90932 6825 1
19747 15806 1
50892 79666 1
79087 29735 1
66051 30017 2
20534 39877 2
15927 354 2
17976 32789 1
30830 85672 2
92636 96764 2
57936 35527 1
47693 90688 1
86473 66617 2
57496 79052 1
62857 21946 1
18191 42224 1
98819 35532 2
17065 67135 1
1553 25396 2
21631 74448 1
11182 39835 2
69265 74046 1
84923 21325 1
84703 78184 2
89595 9565 2
51345 8369 2
23606 50304 1
11088 6145 1
69018 45357 1
28362 84482 1
16661 31012 1
84210 48100 2
64316 66692 1
84605 43001 1
20232 15570 1
69734 67353 2
98004 48953 2
61866 98496 1
84864 83781 2
51053 96651 2
78289 84839 1
52820 50463 2
31630 4276 1
87401 41634 2
34053 65414 1
58907 82176 2
23812 75161 2
11482 41319 2
58784 47855 2
74175 11179 1
42705 45709 1
11202 49475 1
45076 18556 1
4002 32938 2
34888 680 2
78817 32767 1
82161 7652 2
95973 47205 2
78713 88645 2
9977 33636 1
94026 36834 2
8329 68838 1
68565 61755 2
37418 37275 2
18926 83535 2
23439 21013 1
84173 69604 1
33845 1965 2
9902 58786 1
89304 7804 1
45202 37400 2
26716 1859 2
41052 43606 2
10341 7011 1
885 75922 1
12447 89030 1
16777 18275 2
32087 36692 1
26888 19721 2
87583 80991 1
73765 37475 2
78958 31800 1
73498 86391 2
97374 37239 2
93315 75662 1
90669 90135 2
19582 93460 1
70940 48215 2
99025 82908 2
16435 76186 2
7460 75355 1
13435 57832 2
31139 26185 2
35330 8011 2
73821 18819 2
82043 7187 1
58472 76203 2
10331 32530 1
37722 18950 1
87037 31009 2
17617 66717 1
77343 56057 2
18637 25309 2
53379 26779 1
99953 14487 1
86575 67689 1
99717 38880 2
73709 64394 2
55319 97170 1
8620 26218 1
46293 66474 2
25437 52119 2
436 33640 1
71542 76261 1
95565 67250 1
21939 67947 1
11578 7153 1
65328 59300 2
9821 12689 1
70480 27247 1
81274 28678 2
41817 75376 1
88313 43650 1
61110 60749 1
77285 40928 1
72788 48721 2
13679 30748 2
3557 66284 1
53195 63800 1
60960 87088 2
23889 72633 1
73758 36758 1
75262 57480 1
66687 60087 1
93585 44626 1
89635 50004 1
34510 88968 1
88114 66351 1
33630 45344 1
33141 4783 2
88109 36338 1
33626 59296 1
24459 83195 1
48211 4817 2
81868 83166 2
32247 32980 1
1960 78270 2
17152 38881 1
53755 82276 2
52876 62931 2
78054 73023 1
30013 22185 2
28812 55968 2
26393 43911 1
59094 97658 1
46986 60946 2
46992 26856 1
17214 63288 2
56841 7175 2
84936 35558 2
6071 51287 1
78717 44560 2
51345 80510 2
30425 6732 1
49747 80997 1
10200 42999 2
63645 78553 2
69949 92206 2
24116 97995 1
61390 92534 1
55904 20273 2
31221 45238 1
26029 11971 2
67809 96280 2
78346 10206 2
72803 75307 1
67468 89444 1
28242 12067 2
65516 84282 2
53735 37080 2
37605 31561 2
81153 9123 2
40215 20158 2
59075 61828 1
6119 12299 2
88945 16319 2
11004 8963 2
62103 36793 1
24644 84833 1
10658 31520 2
525 11170 2
4772 28385 1
48012 97254 2
75124 69616 1
345 93715 2
19788 55299 2
47505 13362 1
74569 74295 1
9331 91408 2
25231 50346 2
31108 11359 2
7587 82399 2
4331 39026 1
15503 57949 2
25077 69572 2
76289 79600 2
82674 51634 2
44587 69703 1
30806 77084 2
28837 3028 2
44601 60424 1
73351 41103 2
78488 5535 2
35408 36019 2
61489 31150 2
77058 90240 2
80875 44199 2
75106 43223 1
95884 92893 1
45949 8193 2
66625 4940 2
14238 43401 2
30681 49326 2
35161 93245 2
62858 15590 1
40292 41585 2
37003 26778 1
70264 19355 1
94168 80977 2
24404 2040 2
66002 18713 1
37466 74278 2
87612 56131 2
83185 69256 1
74271 67013 1
1057 56454 1
22951 631 2
42394 35114 2
46211 87 2
58797 51171 1
26985 70629 2
35921 68934 2
27023 47079 2
16192 3848 2
10419 742 1
82263 325 2
55061 88816 1
30233 47293 2
3640 80116 2
51309 99153 2
25348 56681 1
31068 81194 1
2343 60167 1
21716 10451 2
31695 21803 1
51719 42490 2
32849 81240 1
54828 72435 1
36230 66449 1
89501 26965 2
97385 43296 1
15064 85018 2
60442 63730 1
37983 31619 2
75389 83353 1
14327 45747 1
5660 5161 2
6028 13999 1
81441 98907 1
60268 69124 1
9181 76300 2
54216 39393 2
93284 93951 1
85622 97656 1
66447 51543 1
65201 49730 2
59128 87486 2
16215 78648 1
89921 79618 2
29514 71354 1
67278 75186 1
80752 88620 2
14150 75749 2
10132 40276 2
61910 11475 1
41922 91262 1
88366 91450 1
86862 73560 1
36993 84986 1
77166 24982 2
51561 46105 1
8987 51279 2
83394 5217 1
44213 57598 1
11499 16317 1
5180 1922 1
52392 95935 1
69559 77726 2
47010 86077 1
20593 23290 2
71397 14415 1
57335 20000 1
12544 63667 1
50075 30271 2
61705 63946 1
70612 97388 2
68055 45272 2
61372 65468 2
32294 89511 1
66033 38988 2
44470 70501 1
10740 58873 1
21388 28897 2
69517 62760 1
12016 88370 1
59749 14559 1
7982 11664 1
81514 60938 2
76693 66713 1
60782 80727 2
35067 97837 2
24809 41978 1
98230 28499 2
11251 53642 2
91044 70898 2
37643 73634 2
44516 67576 1
2674 12225 1
89499 95479 2
11056 12938 1
84017 88547 2
5230 4293 1
31601 34837 2
92027 55196 1
57420 70731 1
35976 16351 1
23510 85350 1
53131 63392 2
81480 96362 1
10528 35640 2
77085 99457 2
63555 95584 2
67829 61785 1
25239 72505 1
44820 50657 2
42146 80645 2
42276 8432 2
10766 27531 2
84783 99870 1
75402 7319 1
84230 86281 1
61608 33751 2
26493 95154 1
27068 87967 2
31500 28541 1
34755 56422 2
97967 83029 2
21465 19719 1
50599 9253 1
14466 39745 1
60760 40992 2
84002 11128 1
13737 80185 1
12101 7089 1
97383 50860 2
86648 7194 2
62625 50036 1
9325 4639 1
40269 94162 1
91228 65174 2
43586 45837 2
67420 69557 2
75516 80684 2
27790 822 1
59676 18846 1
38259 20954 1
86725 92594 1
65840 63907 2
448 88735 2
27473 60024 2
76985 702 2
69348 2469 2
68703 50378 1
9626 44088 2
71400 4807 2
66441 10917 2
12715 6457 2
99596 39075 2
36900 94376 1
70113 74765 2
12947 32706 2
50762 61059 1
94141 90425 2
90509 65254 2
44106 37217 1
16564 83359 2
30181 32308 1
10926 50264 1
20159 46830 2
30124 72961 2
6125 43792 2
37829 97549 2
7653 31617 1
28722 67474 2
65893 27880 1
68306 32781 1
25740 13268 2
90600 34780 1
59487 81076 1
28888 21570 1
25573 69855 1
10765 69926 1
3724 52942 2
9718 33332 2
67970 17309 2
72037 98938 1
7324 25229 1
527 39788 1
77234 26501 1
36590 70466 1
99553 96492 2
59618 47445 1
62888 96145 1
27755 41157 1
20011 64676 2
54801 41365 1
71508 78458 1
88829 35949 1
8173 49036 1
91229 52888 1
44230 99000 2
22852 36708 2
29909 95135 2
75655 97124 1
8305 42662 2
96161 68977 2
94679 91573 2
34736 6597 2
44390 19931 2
94997 58302 2
96802 50855 2
51224 84257 1
37332 70064 1
45986 29621 1
36264 5295 2
11362 4036 1
33901 17568 2
40425 45021 2
44185 90597 2
32877 63029 2
89923 7170 2
31498 5729 1
26855 58562 2
79132 56029 2
12678 78065 2
2918 86408 1
75715 40735 1
21486 65062 1
12999 72963 2
7902 66333 1
66237 17590 2
83557 7064 1
28791 8084 1
68692 15047 2
24839 83647 2
16290 41757 1
37575 46171 2
38857 84049 2
48882 43475 2
85574 82269 2
42536 35859 2
22108 40386 2
7278 40651 2
56626 80802 1
27627 83219 2
61488 70437 1
7149 38465 1
9926 28725 2
8834 88372 2
99558 84257 2
45855 10637 2
13957 9118 2
72029 21521 1
16670 50337 1
59862 99368 1
36206 45574 2
34380 50145 1
3001 14156 1
21187 74476 2
94500 17719 1
13186 60606 1
57433 63501 1
5111 92785 1
84262 83738 1
68976 49601 1
59198 70252 2
9698 11312 2
14134 63255 2
49317 20770 1
77257 36177 1
38581 47490 1
55253 3607 1
13843 94332 1
41340 79047 2
9667 67009 2
58148 75524 2
63116 91686 2
60951 20886 1
47323 39556 1
95684 65063 1
70655 66970 1
92572 40518 1
94862 53926 1
70390 19944 1
92607 38320 1
96203 3458 1
96591 24096 1
61306 43568 2
30652 44483 1
93381 10962 2
98381 59209 1
11187 94185 1
17831 52170 2
67084 51806 2
26617 3964 2
84672 99932 1
69714 64863 1
28608 99441 1
3653 68721 2
53731 93713 2
45516 37914 1
98051 20051 1
89602 23554 2
5373 61586 2
27880 80502 2
93045 71437 2
6081 38407 1
79088 48391 1
85845 48554 2
95575 73960 1
8530 67801 1
21658 3290 2
45894 56368 1
74091 70828 2
34246 89041 1
65087 92819 2
18091 53729 2
40593 19588 2
95248 44680 2
61471 66556 1
50901 15541 1
24331 86904 2
94079 98200 1
71387 61021 2
58261 64102 2
88121 98385 2
12005 41689 1
91507 77952 1
95293 98893 2
62140 19448 2
32722 45956 2
8713 40397 1
5052 66563 1
77014 40342 2
95224 91219 2
45279 69070 1
6565 72929 1
85447 71284 2
70183 95070 2
81684 72555 1
91048 16479 1
19248 16858 2
978 61662 2
27978 15406 2
25334 94455 2
90931 68211 1
16424 41772 1
76226 80479 1
77792 42850 2
14160 8007 1
86074 82562 2
81565 68936 2
21399 44409 2
61289 9247 2
5786 46744 1
49500 46897 2
57836 46196 1
43134 35460 1
35833 7399 2
9631 14020 2
24849 91693 2
80465 52895 1
53896 58600 1
50889 60841 2
33909 37949 1
69729 37241 2
34391 7413 1
61145 22442 2
3851 79997 2
65746 64955 2
53111 93606 1
65233 62608 1
99011 85989 2
60194 27054 2
75867 88884 2
67187 89219 2
78990 10831 2
30260 29787 2
89650 45336 1
66046 77708 2
66429 87636 1
40233 79916 2
98061 55788 1
83636 15221 1
97538 93581 1
28288 24584 2
13055 35752 2
77877 93671 2
71756 75123 1
6525 5593 2
87959 67397 2
54916 54889 2
30318 96286 1
11358 22920 1
40262 6301 2
25409 97063 2
69208 12424 2
76614 19966 1
6942 14760 2
43020 38888 1
32603 45130 2
94741 82820 2
37616 51935 1
33160 56054 2
70696 41916 1
10733 58115 1
29805 96699 1
3860 18745 1
13104 6713 2
7310 39205 2
76901 28406 1
16562 19290 1
17188 30328 2
44026 31025 2
28778 48520 2
5315 34115 1
67702 72851 1
38385 36945 1
26348 55050 1
75112 2333 1
23797 17890 1
40980 21966 2
45661 61685 2
75746 92176 1
34356 11200 1
76229 33713 2
21902 12579 1
47410 75814 2
33347 31396 2
10372 97028 2
99119 39052 1
40153 10855 2
33715 76424 2
82546 21390 2
29650 4777 2
47639 6556 1
72437 73572 1
26897 33337 2
76136 48243 2
80175 27856 2
60762 37459 1
30401 41359 2
3393 16932 1
44864 39209 1
43732 11756 1
43588 80183 1
17039 84084 1
19724 38771 2
2290 5033 1
76250 33339 2
96354 13980 1
96724 1108 1
45319 42723 1
39813 91333 1
21709 91606 2
41305 6263 1
83011 44466 2
56484 48476 2
58014 65018 2
7996 86277 2
1943 60913 2
45499 42986 2
81353 64065 1
68958 39558 2
35700 8759 2
69288 39001 1
61437 88292 2
48672 71492 2
26315 12670 1
40110 2096 1
91916 10589 1
94722 71080 2
61198 18014 2
73294 47130 2
95878 58659 2
51655 48345 2
71500 81682 2
46343 58430 1
12733 77874 1
47374 94883 1
78552 79409 2
58076 27655 1
22978 89728 1
83865 79501 1
51170 98581 2
95918 96060 1
19461 75720 1
9033 57248 2
13659 20566 2
14653 72008 2
120 42625 2
43999 82374 2
21492 43215 2
45322 84114 1
92844 8775 2
64572 93223 2
96382 4119 1
26615 27301 1
15217 57040 2
3585 38989 2
29707 11336 1
53796 65384 1
30841 77367 2
31599 46849 1
32042 31898 2
2227 89574 2
10708 79956 2
49254 84459 1
25102 2504 2
324 71974 2
92596 39552 1
10953 45844 2
1479 83017 1
59160 85811 2
11530 37493 1
51831 40870 2
90598 52919 1
11793 93972 1
13095 97962 1
98706 32233 2
52252 82795 1
58863 34324 1
56219 9146 2
70843 28551 2
91098 12733 1
40019 40027 1
28791 28638 1
56659 4649 2
46802 49640 2
24767 90289 1
74702 90125 1
73947 9655 2
32275 36931 2
18579 32961 2
2703 84386 1
18804 81275 2
82672 20744 1
76081 71379 1
90827 65333 2
287 7069 2
18009 61487 1
57849 98255 1
92053 16255 1
81820 65542 2
78911 19891 2
54892 85728 2
91740 55034 2
21742 56736 1
87219 11083 2
37132 94574 2
35953 74878 1
3956 30996 1
91270 32369 1
70585 69314 1
3718 96356 1
71761 20202 1
9450 59549 1
8117 91364 2
30252 79430 2
4 13228 2
206 42794 1
64896 86335 2
30292 4379 1
98159 96194 2
27013 98447 2
94459 95931 2
24526 2942 1
22739 36118 2
27679 55142 2
37096 64161 2
86411 36967 2
94449 86352 2
58477 82984 2
78535 47034 1
11134 37904 2
91529 59481 1
22176 92077 1
73882 55726 1
27446 25553 1
73118 63004 2
4105 26639 1
46304 51880 1
77797 90691 2
38383 36127 1
2649 19047 2
47901 77712 1
72507 65631 2
92287 1486 1
68834 14574 1
41263 60751 1
31498 31519 1
74125 81967 1
39059 48221 2
94362 69006 1
76482 42778 2
91227 45006 2
96415 80492 2
60444 61590 1
5142 10667 1
30794 25266 1
19670 97301 2
3864 2800 1
73333 25707 1
46395 38148 2
297 76753 2
54990 39429 2
11344 97681 1
43887 53518 2
40905 30777 2
40832 55454 1
40889 73176 1
21351 93464 2
89832 50085 2
65390 80900 2
99233 88568 2
11523 73964 2
65845 80239 2
98905 7488 2
55993 38123 2
38534 16402 2
74307 58000 1
3043 54395 2
5425 6120 1
14255 60468 1
94722 897 1
6508 37982 2
77914 78314 2
54785 7675 2
66243 56058 1
59702 58162 2
52999 26218 1
62875 5135 1
93559 31638 1
76225 96640 1
92327 63839 1
65087 67065 2
22639 34891 2
57582 86033 2
93835 1284 2
4174 64163 2
8284 74517 2
91839 64398 2
84422 59505 1
15977 55061 2
26544 85676 2
98036 32352 1
87207 10431 1
47536 45401 2
50906 46600 2
23503 3184 1
17023 58216 2
18022 86104 2
53229 71395 2
32912 26023 2
84832 63491 2
67851 37338 1
79449 22678 2
57688 38671 2
37147 63499 2
6175 47592 1
87087 29561 2
48521 20463 2
14625 54041 1
71556 53869 1
14496 72263 1
74755 57873 1
20162 22052 1
50972 9839 1
58110 73143 1
14600 20958 1
32912 87111 1
5926 75033 2
7480 37731 2
20504 24447 2
94267 8122 1
77732 82356 1
94113 65667 1
26964 54846 1
2677 48887 2
48342 11016 2
744 75218 1
11134 24130 2
60399 97237 2
34175 54143 1
43616 10055 1
64886 80501 2
9561 61487 1
80575 60609 1
83097 26972 2
82333 832 1
28165 64094 2
57270 35479 1
2309 61354 1
72821 56109 1
2692 33241 2
86311 61579 1
27827 49289 2
66078 39363 2
28518 5979 1
65489 28326 2
82997 60531 2
54170 66700 1
7869 33916 1
24470 84848 1
46621 16353 2
78089 53138 1
84377 61429 1
57496 16019 1
78747 92012 2
49676 34844 1
8141 92320 1
21206 9591 1
44863 63181 2
95397 33652 1
47847 83252 2
34865 68902 2
53564 72124 1
31892 53444 1
57947 62668 2
11596 24744 2
62019 62163 2
22267 41427 2
38072 20513 1
25031 76423 2
53955 89963 1
20346 15660 2
58832 30346 1
96098 36587 2
58798 5212 2
76658 36950 2
85171 24770 1
28256 76094 2
73302 93761 2
63621 31547 2
1203 67201 1
28864 80649 2
10507 5329 2
67475 28773 1
62369 33 2
96196 23251 2
47134 69382 2
48766 11963 1
68813 61145 1
94190 65928 2
22848 73592 2
76518 63240 1
1897 55844 2
57981 72655 2
90658 54466 2
7692 90259 2
37446 50298 1
88210 82001 2
35765 86011 1
69202 17575 1
55988 57205 2
39248 29592 1
79466 23901 2
45560 67883 2
14405 27724 1
68055 96204 1
50067 73249 1
47583 92138 2
29897 45626 2
57096 88439 2
99712 24575 1
13833 7308 2
63698 71992 2
12323 92258 1
63137 70961 2
57111 78137 2
37169 35901 1
8746 75733 2
6281 60112 2
21384 1916 1
95831 69924 1
25631 53977 2
5257 10357 1
10559 88508 1
78548 59973 1
23073 90072 1
44240 65849 1
42045 95332 2
22713 21113 1
97490 79707 2
58960 67476 2
87042 88988 1
42329 68954 1
99603 54730 1
67867 43488 1
87247 64460 2
11939 39360 2
83588 45390 1
68577 80342 1
75782 88319 2
44296 38180 1
34952 96018 1
52818 99950 2
65479 15101 2
47387 84255 1
45343 5532 1
48897 70307 2
89139 47823 1
36683 41771 1
3273 26935 2
11710 77900 1
85644 41117 2
88649 88352 2
82153 25452 2
56443 81635 2
38514 46866 1
6279 47255 2
23966 1987 1
52807 4961 1
28167 5398 2
84214 39305 2
56042 82022 1
61109 47166 2
46250 54450 2
48359 31056 2
18382 64029 2
72148 59572 2
8927 1230 1
62666 24260 1
6795 93233 2
82391 34012 1
66917 46293 2
33520 54014 1
90210 46605 2
64174 62031 2
7165 30351 2
51020 6360 1
55220 70167 2
78314 87045 1
48360 55461 1
91405 33897 2
28577 82107 1
15932 1529 1
56040 30592 2
88645 40652 2
82732 14175 2
23286 62178 2
1598 18217 1
82916 56026 1
92276 62031 2
90855 43865 1
38441 75208 2
22908 71050 1
53435 58993 2
93730 49721 2
56172 3848 1
79005 32503 1
96066 94705 2
60183 39385 2
91080 97073 1
38106 90873 2
13547 34837 1
49047 41043 2
56349 84012 1
36770 92553 2
53588 95497 1
91251 45216 1
44108 65218 2
13702 72961 1
81857 36756 2
39804 92633 1
46167 44028 1
65880 64025 2
91314 55967 1
52067 59510 2
90110 68131 1
18281 66730 1
46856 7956 1
95962 86801 2
46146 11968 2
46794 33421 1
81667 73243 2
52496 3203 2
74309 28220 2
21163 26044 2
60166 37086 2
91672 9669 2
13031 31264 1
17533 31311 2
79728 57637 1
49410 38383 1
46282 49877 1
90163 72127 1
67459 85370 1
74975 23644 2
11598 96964 2
14684 70022 1
97792 58470 1
23200 42851 1
12628 48598 2
19305 11451 1
52552 75537 2
84471 94461 2
87614 8884 2
40269 45241 1
57660 79332 1
27315 71781 2
8460 85192 1
84439 53305 2
87517 83977 2
4807 84754 2
4320 52697 2
60376 27346 2
14187 82249 1
34531 13182 1
60762 89137 1
82722 54207 1
62185 93900 2
16312 59618 2
94427 91865 2
7270 64856 2
66038 71419 1
4247 90967 1
21413 67194 2
75413 76726 1
89653 29248 1
79505 57205 2
29272 36829 2
54719 74931 1
14277 29764 1
7735 51190 2
23829 68684 2
74262 43943 2
81064 76815 2
14459 11603 2
50622 21262 2
43690 14091 1
94143 61547 1
92780 58149 1
56948 95117 1
72429 26680 1
41643 6528 1
83517 74916 1
72918 87730 2
10896 32744 2
3852 63191 1
99102 75690 2
54471 24198 1
66435 25043 1
66981 76155 1
30656 68400 1
90312 38259 1
67384 69266 1
18454 29106 1
3860 64623 1
3353 63264 2
92224 10687 2
22975 64199 2
56331 47935 1
17115 12279 1
44203 5841 2
91266 45443 1
28759 48538 1
23888 56738 2
30507 7843 1
8993 78382 1
44263 96089 1
90488 78952 1
18928 80622 2
20923 38706 1
35054 99285 2
11188 34771 1
46637 22409 1
49458 53719 2
26140 91815 1
31110 11181 1
31248 93967 1
74215 49735 2
48802 62727 1
38830 75069 2
89741 69496 1
3898 26570 1
5105 92783 1
13006 56430 2
5811 60285 2
4814 52138 2
92698 34008 2
83206 57127 2
98420 86872 2
46755 69743 2
21839 64538 1
24983 93714 1
55456 46145 2
86745 37859 2
22847 28272 1
99491 58585 2
70985 45937 1
29746 55919 1
64893 75953 2
14346 66435 1
19136 39265 1
70192 57050 2
18617 183 1
14542 69659 2
32245 33451 2
9106 9936 1
58788 47578 1
41007 17864 2
94170 13063 2
88410 36024 1
81775 39029 2
95598 42773 1
86752 43630 1
58345 88443 2
50411 53599 1
70893 41001 2
983 11449 2
89952 9251 1
37866 55506 2
524 71535 1
91121 28162 1
45759 4376 1
90203 60455 2
89612 34862 2
48158 10497 2
8361 36452 1
31345 57558 2
18287 51633 1
30544 51311 2
75709 61776 1
66652 10553 2
52437 72704 1
39832 56870 2
89182 44836 1
30925 64937 2
3424 47843 2
79239 19166 2
28427 65289 2
79605 85919 1
80528 94245 2
24461 34736 2
59718 55177 2
20709 1876 1
13575 21197 2
66971 25333 2
8848 1485 2
96399 37568 1
85604 66726 1
91908 46854 1
22058 97821 1
63010 85917 1
96427 87800 1
81687 33181 1
4533 8802 2
4849 99716 1
33690 73739 1
73381 60274 1
69393 5190 2
44268 56878 2
83892 29994 2
69153 8895 1
20449 95506 1
31812 51187 1
36506 85597 2
82906 55067 1
14244 32206 1
4010 70605 2
17868 43053 1
37505 58753 1
7165 86948 1
49007 45973 1
84779 91810 1
23976 94889 2
99563 34300 1
17829 20740 2
39992 82759 2
28384 73421 2
22096 93951 1
40443 92498 2
46645 31044 2
94106 43525 2
38925 69944 1
55044 50233 2
96355 1762 1
94470 99081 1
65955 37549 1
2992 16210 2
76577 78442 2
23957 94037 2
13107 47146 1
45392 31158 1
87827 83140 1
22266 24863 2
58878 71573 2
39445 39517 2
43479 6779 1
83492 35330 1
8452 69561 2
97392 48610 1
85072 1431 1
20997 47798 1
81576 20639 2
16242 62236 2
29598 29761 1
91181 89364 2
40937 70543 2
90509 34373 2
99043 48546 1
73230 56502 2
21738 54675 2
99888 13429 2
54655 11779 2
5752 17396 1
40298 1492 2
10318 13990 1
52788 83213 1
55166 47399 2
63563 94905 2
12503 84146 1
95937 53769 2
38895 31400 2
3470 17198 1
59772 85391 1
13866 79680 1
5244 11281 1
5524 60409 1
54702 21305 2
9421 81627 2
51671 20122 2
92029 16614 1
11167 21159 1
19565 50050 1
58481 636 1
74476 67260 1
71806 27060 1
16587 23936 2
54331 84656 1
26656 88004 2
52734 67766 2
74631 75326 2
39845 21136 2
54908 46312 2
57519 54857 2
93218 6467 2
90912 39092 1
29087 26544 2
32834 30245 2
48254 25785 2
91839 46837 2
44011 71814 2
32136 78658 2
42651 38249 1
96849 62124 2
38945 45683 1
90482 21722 2
79418 34108 1
72231 70899 2
92258 77087 2
11889 64294 2
29149 95675 2
71220 51330 1
65359 86291 1
89879 37662 1
28100 66895 2
44071 20818 1
47817 56249 1
8211 45980 1
99760 13153 1
48081 73405 2
86289 47034 1
22360 41145 2
80515 66906 2
75332 70811 1
76711 50590 1
46678 1742 2
25086 50179 1
24625 51653 2
81294 13774 2
81758 11764 2
19681 59494 2
38409 78452 1
92229 62356 2
95681 22627 2
75565 95082 1
71772 68354 2
17678 39737 1
6801 51125 2
40419 64505 2
92604 40199 1
22122 73989 1
42525 83683 2
50725 54236 2
11193 40476 1
80090 99202 2
45464 77894 2
74675 72764 2
94597 70234 2
11519 22744 1
4945 13462 2
70031 90019 2
10737 55259 2
75642 36688 1
92827 15277 1
86169 44120 1
71341 38455 2
94987 4404 2
30950 36740 1
63027 54853 2
21515 26983 1
77365 62893 2
83972 31668 1
36669 29395 1
54748 31396 2
60663 32387 1
69220 21205 2
67736 73612 2
47728 93736 2
71700 62752 1
43512 80098 2
70149 24695 1
72569 19179 2
90699 26092 2
64242 75314 1
73734 66718 1
53063 25926 1
79166 7281 2
63010 37342 2
82204 86123 2
41741 57683 1
782 44471 1
32889 9985 1
30791 67141 2
25 95978 1
22876 65512 1
35144 70066 2
24904 73751 1
22399 2436 1
5865 95340 2
65472 69995 1
1760 42792 1
12238 25338 1
84405 18861 1
46994 61029 2
33009 49090 1
28664 53926 2
29411 80627 2
79343 36057 2
8092 80815 1
11981 98751 1
21554 88424 2
78697 81663 2
16289 43030 2
81183 60736 2
72485 30420 1
27216 88401 1
88225 61602 2
13087 70946 1
99835 39585 1
32757 76712 1
42525 27834 2
89565 81372 1
34102 53496 1
83881 63997 2
85623 21577 2
71435 68745 2
68535 76129 1
17597 4072 1
5936 86358 2
13306 31490 1
96927 97221 2
65826 80131 2
76743 27212 2
73050 74078 2
64303 80238 1
45289 96935 2
88735 3826 1
76541 21720 2
9383 32836 1
65252 23821 2
61177 27251 2
44115 904 1
73226 60753 1
8835 22733 2
96757 66838 1
54926 43719 1
99864 31038 2
46711 32258 2
21364 84966 1
88511 90094 1
83665 97971 1
18833 94979 1
45496 97227 2
59607 84791 2
8151 52313 1
69858 36713 2
84577 88621 1
51430 59610 2
12459 87962 2
25147 52815 1
20624 77623 1
42077 70865 2
5998 31583 2
44205 49484 1
18951 33841 2
33455 16755 1
5249 55152 1
74570 41850 1
40294 28739 1
35467 90619 2
19621 27478 2
69154 71826 2
75983 93656 2
38594 3585 1
98299 49435 2
93893 48909 2
89474 77016 2
65095 13918 1
69731 85800 2
16806 62819 1
93952 29803 1
78057 35532 2
92000 70341 2
83285 77550 1
90507 68860 1
33273 25827 2
14577 43004 1
7428 34343 2
11331 97747 1
11849 83100 2
78552 78965 2
8610 23847 2
23722 50521 2
8138 27120 1
79159 42937 1
1954 12102 1
30304 17558 2
90637 30073 2
92845 8979 2
97427 91806 2
6246 69397 1
73730 23343 1
41916 33705 2
83624 21416 1
12990 43806 1
17691 3563 1
40740 67846 2
65137 33181 2
49000 77082 1
23560 45223 2
17192 50131 2
62815 43254 1
82214 59122 1
19451 71099 2
19208 67928 1
84131 13771 1
8952 27374 2
60997 95616 2
98404 46719 2
60655 45846 1
37567 45433 1
70710 85935 1
65087 12656 2
53778 98416 1
70429 16507 1
68512 1153 2
84152 78773 1
13567 23025 1
4242 49405 2
77396 74096 1
3793 94614 1
55718 57140 1
57567 64072 1
85378 75476 2
58955 50813 2
55256 96656 2
38662 24357 2
56156 56711 1
28967 86131 1
18598 44511 2
78888 26685 2
52754 21984 2
58822 27711 2
75009 87001 1
33092 53785 1
30486 14170 1
49353 7181 1
21146 81561 1
8829 17218 1
70841 91437 1
87120 61764 1
28867 38678 1
85012 79489 2
84172 21267 1
93630 34189 1
67083 24938 2
72104 67167 2
50207 26115 1
146 54418 2
71941 58605 2
59933 88613 1
98723 23928 2
60366 19227 2
69313 71322 1
22545 51868 2
27755 80267 1
52052 88626 1
75120 34664 1
32231 35789 2
64454 65651 2
82083 85664 2
81123 7089 1
3712 34433 1
9797 25547 2
21213 30445 2
55212 87566 1
86172 97633 1
91931 45835 1
51074 23010 2
65818 1015 1
13852 79542 2
73463 82060 2
22997 6313 1
26880 66694 1
90209 94729 1
93674 91880 1
9782 83051 2
99726 98356 2
88173 73508 2
40454 70966 2
15461 45872 2
34005 94138 1
9345 45422 1
65148 63825 2
78565 17089 1
2694 77265 2
36668 68241 2
46717 15858 1
6037 54664 2
8498 22833 2
47489 78902 2
53305 28464 2
40855 99726 1
66410 84980 2
13841 72486 2
82562 53798 2
61548 17403 2
45408 80467 1
71948 6410 2
34536 68268 2
78709 12696 2
1315 32839 2
64947 72460 2
49917 18460 2
9747 74064 1
73350 36424 1
1704 19987 2
60626 22925 2
68039 82121 2
32793 82384 1
42123 31913 1
56535 20154 2
58546 40334 1
88109 12312 2
16989 30424 2
67838 98619 2
97044 18760 2
27059 13849 1
67936 90951 2
65528 43594 2
81456 8607 2
25212 16875 1
45109 3840 1
61749 11583 2
31397 29981 2
96058 2473 2
9659 93036 1
96775 41203 1
19381 16426 1
26492 20874 1
54709 16661 2
67102 77087 2
44481 89008 1
45813 9479 2
16644 28738 1
90669 78908 2
63370 11543 2
79509 50107 2
26695 73118 1
98786 18756 1
61841 57929 1
30445 7133 1
77858 78736 1
90865 15151 1
18007 32430 2
72238 12583 2
27667 17922 1
75305 98103 2
49469 33936 1
28137 72754 1
54845 17214 2
19004 82259 1
62563 99575 2
6512 68183 1
56321 38635 1
4282 89054 2
4108 23629 1
96819 29262 1
42942 31156 1
85461 28624 2
15863 23578 1
8354 42865 1
11192 76288 2
71838 92482 2
52710 94632 1
63152 33721 1
68045 48250 1
87173 68750 1
69594 86208 1
39405 99007 1
70528 18153 1
81148 39212 1
32788 55241 2
39082 14843 2
12593 152 2
32596 87093 2
66965 33519 2
2073 57607 1
81218 36334 2
28925 19651 1
18974 46553 1
58441 60956 1
45491 95318 2
89289 2893 1
96816 56528 2
23788 7123 1
36198 2679 2
40680 48142 1
51019 24094 2
47732 80388 2
64859 95580 2
55372 16607 1
7410 57068 1
63377 88522 2
39411 92236 1
93254 40791 2
44580 44898 2
61972 28732 2
34480 82130 1
58599 41681 1
1635 2921 2
42286 61844 2
99826 89494 2
76895 66693 1
76337 24235 1
89456 93066 2
16602 5536 2
53919 29676 1
66061 95345 1
9612 55992 1
85258 55355 1
60986 192 1
83480 50755 2
39793 59287 1
68258 63951 1
6495 6809 1
95989 58954 2
85330 73792 2
31908 132 1
86495 87760 1
31332 61808 1
85887 9548 1
70192 95205 2
32237 20862 2
84934 61022 1
71913 99507 2
97607 71162 1
19192 59549 2
42363 47484 2
49473 2063 1
51051 57387 1
40177 56581 2
10341 84499 1
2712 30809 2
8060 20131 2
38410 55023 1
35494 92366 2
49344 40938 1
67292 68138 2
13140 9492 1
80093 2323 1
98664 602 2
52235 40809 2
34816 2478 1
50860 55053 2
71939 89828 2
57130 63401 1
78110 27413 2
14036 97253 2
4481 9823 1
7227 80434 1
31264 25570 1
29590 5443 1
37875 10756 2
56286 88815 2
58006 36110 1
1426 7249 1
15914 60494 2
12917 9992 1
18098 37139 2
70379 24183 2
49463 30292 2
56576 5670 2
44357 27561 1
92608 48319 1
907 66896 1
18560 77202 1
46367 34506 2
27316 84241 2
61208 11675 1
35735 74261 1
6386 55949 2
64550 65879 2
85357 32557 2
15269 89656 1
7279 61901 2
67608 58169 2
95901 80129 1
68875 14211 2
77894 17858 2
99819 66113 1
6680 22382 1
29707 98849 1
92265 27237 2
12576 5815 1
29487 39790 1
51589 30874 2
32712 69104 2
40920 84677 2
93203 85305 1
18971 93719 2
96405 18555 1
2068 3732 1
95990 15850 1
23213 92193 2
17953 15935 2
15188 78347 2
46919 50104 1
48188 86977 2
58749 65365 1
79707 77974 2
70265 90749 1
94794 81504 2
4345 33783 1
56168 16572 1
93500 67089 1
99799 9031 1
96870 60893 2
25630 29798 2
38913 52751 2
53349 66367 1
30839 7296 1
83100 32222 1
72089 39342 2
70452 32145 2
53371 13914 1
6244 28045 2
89045 96392 2
58533 46406 1
80515 23042 1
98647 314 2
4486 27798 1
39994 3144 2
43778 58675 2
48790 46257 1
52894 18704 1
75955 52478 2
84391 678 1
57570 34457 1
24364 96785 1
74258 94994 1
18499 15922 1
18203 56091 2
97155 25136 2
80919 50381 1
89768 58514 1
35268 15617 2
67123 43750 2
11459 46520 2
16903 70462 2
54844 23476 2
39405 63566 1
49880 36572 2
43121 98383 1
69413 21276 1
9762 90463 2
45494 54658 1
92886 1503 1
1153 90339 1
96964 92051 2
86239 70164 1
29928 20582 2
72687 59633 1
29634 36643 2
88915 10777 1
89143 91549 2
50001 98287 1
41871 51016 2
26035 71547 1
16917 9565 2
46184 24455 1
25658 70138 1
78753 40771 1
10675 34944 1
61396 70178 2
31958 42708 1
33629 18235 1
27873 17726 2
90232 7688 2
64339 62828 1
73672 97578 2
9009 41616 2
43603 33315 1
52771 20606 2
29988 2586 2
57748 26544 2
25512 66363 1
16917 92418 2
70417 88021 1
30906 73557 2
24118 58170 1
30843 72624 2
96785 25282 1
43381 89594 1
8191 93064 1
71591 28386 1
30660 30187 2
75253 58136 2
64901 50447 1
36489 25457 2
49195 27290 2
88429 68038 2
28487 56503 2
2386 85653 2
4040 36470 2
15083 81055 1
24902 18250 2
70771 33096 1
52027 1385 1
57347 29787 1
88901 21872 2
40573 61475 1
79430 29725 1
22660 41779 2
43748 46035 1
1729 56959 2
7561 79833 1
98304 1505 2
41699 40923 2
95408 5237 1
91333 79816 2
79847 19581 2
55397 75090 1
5436 85565 1
37532 67185 2
24875 84832 2
95657 76800 2
96181 8017 2
92718 51390 2
10941 54627 1
13265 52431 1
45260 35114 1
68829 76825 2
19533 12768 2
63679 78439 2
24722 2529 2
44777 44041 1
22061 95471 1
85970 78034 2
56216 37774 1
89299 57305 2
5742 90121 1
43052 5177 1
13103 96235 2
9437 91857 2
38816 79303 2
9933 20004 2
46152 87601 2
52263 69241 1
73365 93443 2
89688 22268 2
90037 36409 2
84498 23292 2
69117 41589 1
61165 38795 1
8422 45660 2
75328 36705 1
46314 97334 1
1356 12249 1
3980 15954 2
17874 26515 1
11629 87776 2
34007 6960 2
67288 30741 1
43303 63769 1
57847 40362 2
69200 90489 2
19899 98078 2
15522 32926 2
4344 86416 2
90678 8156 2
89830 67397 2
4484 1898 2
37537 92488 1
6667 87938 2
40746 11044 2
87277 70053 1
23365 77324 1
97520 80917 2
79929 42421 2
39422 66554 2
48627 98870 2
69254 96158 2
69891 16622 2
31897 72497 1
7932 56318 1
5421 94117 2
60632 66315 2
65470 72626 2
30963 14622 2
57096 94676 2
68235 31203 2
46798 93064 1
1319 28877 1
14102 74195 1
60588 28241 2
36267 91771 1
64841 62310 2
68890 67403 2
50157 7371 2
67381 58708 2
89035 7137 2
97747 9767 1
13789 74317 1
44686 10043 1
94910 96216 1
72323 44749 2
463 71375 2
88086 52987 2
10899 93154 1
74475 23144 2
35378 43849 1
53038 75580 1
84570 25274 1
30156 83297 2
63961 19157 1
36536 41191 2
32293 441 1
4615 16640 1
36148 76907 1
61332 23589 1
69764 22774 2
47549 9423 1
19028 37638 1
81731 42398 2
1321 68556 2
96878 36758 2
59370 46429 1
58023 5437 2
44453 88275 1
85437 34687 1
68776 80458 2
8577 52010 2
52712 71524 1
48297 47762 2
46141 4518 1
41296 46126 1
9860 40313 2
41492 97305 1
36220 16170 2
8311 43122 2
20330 96298 1
64256 47964 2
95637 64238 2
2967 28447 2
19530 72144 2
60012 24997 1
21529 78732 1
56656 68254 2
19414 63588 2
67290 70556 2
16057 36509 1
99235 91992 2
97246 92320 2
65418 73387 2
42822 40953 2
98002 5014 1
1588 79419 2
12991 28506 1
31953 50619 2
78941 78305 2
79273 29809 2
38649 58579 1
55308 70554 1
87045 21346 1
82606 48760 2
28184 7519 1
17383 18512 1
41132 37154 2
69715 29611 1
5247 84390 1
81938 29014 2
71154 55786 1
18249 92194 2
2317 67345 1
55584 77252 1
50233 20611 1
52771 20886 2
25124 96426 2
87649 48724 2
89825 74838 1
76464 71264 2
76517 72025 2
70022 94879 1
74987 50476 2
4609 96538 1
67953 95688 2
52833 3198 1
1081 15406 1
78377 12444 2
7465 31552 2
88033 79977 1
68939 18117 2
47255 50015 2
98734 35529 2
5273 92603 1
53571 95674 2
31836 21085 1
34368 73004 2
71097 68811 1
45217 78134 2
86410 95374 1
37250 50931 2
56850 58707 1
83078 73859 1
18866 7243 2
67091 62599 1
29493 82539 2
67316 31112 2
26597 19629 2
66870 38608 1
97587 27181 2
62699 7471 2
2835 91790 1
98186 75800 1
72605 80115 1
59724 58561 1
85198 22725 1
76561 31591 1
28997 43635 1
74041 46119 1
43110 19758 2
22444 12198 2
36218 36105 2
14291 15851 1
89101 84831 1
51324 1087 1
7151 90508 2
22233 88724 1
33140 24403 1
37250 66107 1
35284 72983 1
5870 7500 1
80651 85218 1
2046 29890 2
2618 64353 2
88435 81596 2
33188 35397 1
53523 61918 1
41266 17955 1
99944 13518 2
54032 39893 2
5248 19671 1
98797 58648 1
73198 26569 1
65087 62316 2
70216 34007 2
36605 98967 2
70055 89367 2
81251 11074 1
24970 98982 1
15217 3546 2
26099 44482 2
96684 92944 2
5320 30414 2
65596 18906 2
24243 50065 2
52173 66992 2
26563 46007 2
95982 30991 2
32041 83310 1
32372 78617 1
97308 14731 1
26616 49524 1
4821 9795 2
74837 19943 2
65075 31314 2
619 10400 2
59225 42967 1
90303 19408 2
7435 97846 2
83321 78412 1
13205 82549 2
90532 58158 2
13764 6559 2
8465 99891 2
84202 30084 1
59764 16731 2
75294 72215 2
58150 54348 1
92026 72334 2
22753 83343 1
90044 64038 2
48935 36689 2
59141 39389 1
55644 40132 1
48221 78998 1
56935 45979 1
27565 88088 2
52981 31793 1
14403 48239 1
52662 22275 2
70898 49162 1
82366 90801 1
47855 71163 1
81509 11553 1
57301 15130 2
78568 9532 1
11362 57315 1
31750 83760 2
49720 58163 1
55203 9548 1
20413 76142 2
69384 99175 1
32923 95004 2
70561 49017 2
38656 744 2
84126 92415 2
37759 75104 2
15378 49500 2
21038 77144 2
93687 33363 2
15334 75111 2
59048 42414 1
8582 967 2
8646 9242 1
29904 15865 1
14836 49032 2
8587 6687 2
65595 18350 2
8095 62785 2
26375 84164 1
2204 15657 1
40519 59176 2
28723 11718 1
96689 122 2
97883 62765 2
38235 13248 2
5998 46483 1
78883 70115 1
28105 61268 2
92201 35729 2
75823 79920 1
99952 55033 1
61735 81096 1
60672 78098 2
70970 8965 1
66631 98900 1
76214 49266 1
64723 40477 2
85261 42877 1
62233 19373 2
12182 75162 1
89554 26154 2
95115 57856 2
78233 53693 1
73706 24010 1
69550 6740 2
83797 59670 1
65622 81054 1
82706 69386 2
43128 82578 1
18699 39306 2
8449 79688 2
57326 95363 1
85153 30046 1
71150 38596 2
27980 31828 2
11424 81407 2
13371 48272 2
31071 86445 2
63048 88347 1
66473 45927 2
2613 82083 1
50624 30158 2
4326 54615 2
47178 24131 1
33826 55150 2
49458 36751 1
88822 61952 1
53092 35837 1
55026 7243 1
55156 37563 1
98474 92431 2
48856 10941 1
80566 95571 1
41162 67578 2
92274 86654 1
79463 29613 2
42015 99966 1
41266 82293 1
7872 46629 2
60881 29461 2
48318 25798 1
39279 93589 1
68549 68573 2
54329 26655 1
66404 11972 2
12097 44867 2
68593 90015 1
10558 79155 2
26083 26065 2
47082 36807 2
65686 7556 2
41219 94875 2
91690 89062 2
89450 37260 2
58341 54630 2
54855 54239 2
55468 71515 1
92963 85594 2
44782 33725 1
780 52169 2
43833 72554 2
10165 58810 2
69763 52963 2
4051 96641 1
39586 1132 1
40385 97717 1
77364 25327 1
84125 92497 1
29113 95002 1
2312 70132 1
92755 52604 2
40842 34401 2
81869 56748 2
31789 52640 1
85713 33026 2
49053 26299 1
96848 91516 1
94094 29794 1
37439 91195 1
66518 25960 1
42420 61219 1
76142 97219 1
21581 2142 2
18549 5392 1
56969 37914 1
75277 99052 1
21132 99046 2
79452 94300 2
95136 24537 2
1645 22502 2
3311 65451 1
92812 16502 2
56234 8122 1
33102 86490 1
82373 60135 1
67686 57702 1
67224 45462 1
78737 53009 1
21055 49554 1
77483 35798 2
18747 5734 1
36088 70164 2
10544 91045 1
81020 65999 1
64741 80547 2
72707 53164 1
61063 35961 1
60666 24473 1
34181 16805 2
81268 3875 1
28469 67079 2
20262 62621 2
61614 91526 2
73995 43680 2
58604 22345 1
46560 69637 2
98160 41695 1
13513 33869 1
45789 69815 1
81963 80826 2
41052 49128 1
70736 56147 1
14873 95179 1
13574 44932 2
19651 42460 1
81504 56347 2
80976 65500 1
62067 32460 1
23671 9746 1
46106 84878 1
84916 38309 1
23347 91996 2
13063 5796 1
99584 23606 2
19221 63518 1
94887 79133 2
2854 36074 1
32242 59546 1
89125 54017 1
6576 96375 2
31588 74623 2
57618 34628 2
63477 13669 2
90607 17428 2
94577 98170 2
72512 83005 1
81877 81093 1
91492 43452 2
79808 71829 2
93630 78127 1
81879 19353 2
38386 35033 1
99426 11080 1
4492 98337 1
55884 8379 2
65080 97907 1
26502 44590 2
6859 76093 1
13188 8195 1
19193 21172 2
51646 77310 2
96604 28877 2
63409 17066 2
7924 31844 1
15996 42834 1
23618 48184 2
75939 44393 1
33707 15404 2
97584 36547 1
70331 83560 2
81165 29273 2
18527 28983 2
82027 55337 1
45162 92551 1
9758 48244 1
75889 20587 1
72894 68223 2
88207 67964 1
9799 3506 1
64770 64724 1
37210 90748 1
68524 56305 1
79322 39660 1
80018 4313 1
68848 96442 1
2177 91056 1
54888 77596 1
26884 54947 1
83217 6001 2
45167 39040 1
38881 97690 1
25527 31964 2
87439 56252 1
68760 5484 1
7383 29599 2
40942 44748 2
41722 1810 2
48380 75035 2
99675 38596 1
5064 38141 1
56803 67181 2
58940 97624 1
75837 88483 1
74119 51319 1
9819 47013 1
62874 41514 1
21967 81556 2
94796 35044 1
3123 22549 1
18775 34012 1
56322 61968 1
42232 2028 1
31900 1940 1
90226 73397 2
934 19697 2
93612 74137 2
25415 7260 2
54287 67392 2
10221 79950 1
38665 94644 1
77638 64229 1
66828 2212 2
58087 24290 1
54319 57605 2
92361 90314 1
92140 17676 2
81446 16165 2
62433 5141 2
84641 19650 2
15247 53440 2
58075 5745 1
17630 18062 1
11199 25767 1
81847 93032 2
82775 12190 2
84136 71737 1
55604 77650 1
31044 98895 1
28970 88997 2
19232 1886 1
54993 12347 1
12695 87004 2
84549 90239 2
59431 46118 1
40551 12445 2
1010 71098 2
19675 12454 1
96958 60347 2
38888 66255 1
3957 58161 1
42811 98961 1
80934 17350 2
90596 27915 1
50882 36073 1
60182 73084 2
25504 19791 1
82699 60713 1
32121 46989 2
66111 96413 1
80332 94079 1
16624 33028 1
70972 58629 2
19877 99791 1
20109 22337 1
52740 67219 2
1546 21978 2
30265 17641 1
97442 78875 2
94550 97392 1
76711 77588 1
34477 60647 1
99629 29784 1
26104 10579 1
47793 34814 2
14546 43519 2
71120 68961 2
22364 7255 1
7467 96064 1
78073 21644 2
28106 11838 1
52529 29427 2
63189 51491 2
20466 81766 2
12637 62617 2
39114 67681 1
15281 18159 1
32879 22534 2
9097 8090 2
99543 18618 1
49791 30287 1
73952 19429 2
53073 86955 2
35497 30838 1
79905 13707 2
44983 86525 2
63573 48084 2
10737 53615 1
15767 19308 1
9957 8838 2
7765 44351 2
86721 20766 1
86402 45755 2
41882 25945 1
25236 47028 1
45800 84860 1
52068 74881 1
44232 64336 1
96817 33757 2
44281 69506 1
57437 54215 1
52384 99747 2
59150 44226 1
54820 42888 2
42350 29718 1
25810 66475 2
2124 60269 2
98010 15112 1
89241 20791 2
87056 77121 2
66188 58438 2
50252 1307 1
46559 33138 2
72554 89759 2
59887 55639 1
91755 33338 2
84127 31506 2
69426 31613 1
28502 39400 1
65160 56573 2
7516 22783 2
74489 32020 2
84129 58691 2
96629 74846 1
19927 83010 2
47728 9821 2
66451 17201 2
6626 69814 1
94000 27876 2
97063 86098 1
74091 33561 2
32863 5534 2
4232 63854 1
91055 50219 2
81835 42919 2
18879 60366 2
56000 55594 2
12315 22529 1
92181 57826 2
93202 77824 2
71642 32671 2
12410 12654 2
81800 80019 2
6090 9805 1
72439 40599 2
51101 43689 1
72998 56196 1
85814 14766 2
68247 23259 2
96151 71597 2
41584 27486 1
34600 25820 1
89147 9972 1
26007 89619 1
65894 83369 2
80082 97295 1
22052 83275 1
87342 27090 2
27147 70638 2
37924 86081 1
4468 18089 2
41038 98981 2
27358 8311 2
44111 15499 1
74348 59703 1
58472 4 2
76354 36269 1
24452 27845 2
53483 51742 1
37261 79784 2
30998 79704 1
18196 83434 2
49556 88776 2
68077 55403 1
63964 63393 2
45584 10545 1
29448 47772 2
53018 66053 2
64405 81298 1
11370 77588 2
14791 43844 2
36324 24239 2
43170 94164 1
15121 45067 2
31986 30409 2
68253 54146 1
87908 16207 2
34712 13041 1
41035 22869 2
55894 760 1
55644 93645 2
83247 16829 2
84882 69103 2
50015 41353 1
91851 59030 1
91527 22473 1
31848 92513 1
23850 20270 1
87313 31188 2
87473 1070 2
97583 60788 2
33288 40897 2
54385 61103 2
34558 65316 1
62088 49778 2
46249 8505 1
95658 64112 1
70848 71941 1
76114 80066 1
68255 23953 2
10238 64962 2
95750 75274 1
36304 17326 2
15643 57633 2
38126 38091 2
6595 81676 1
70691 93152 2
21005 76867 2
16763 40407 2
36935 66916 1
54859 51455 2
64423 48719 2
15558 99820 1
41251 21098 2
12233 48245 2
45561 42654 2
83760 18198 2
14056 59288 1
62142 14572 1
97269 2537 2
88378 60763 2
67720 80071 2
26860 53323 1
58924 45162 1
9956 76551 2
27570 66703 2
30644 47069 1
34030 82713 2
34417 69089 1
83865 32011 1
20853 49001 2
84045 33455 2
13760 16050 1
69740 19250 1
91027 87642 2
72538 47429 1
8275 48516 2
32254 94142 1
98284 34487 2
44901 48565 1
69323 54975 1
54495 9799 1
9795 89067 1
74528 27159 2
28521 40461 2
55392 13704 2
31928 1597 2
14620 79428 2
82990 47478 2
50643 51288 2
15021 78776 2
84361 10389 2
60123 42180 1
14055 5713 1
79074 82371 1
88665 63716 2
85841 18784 1
51855 61036 2
40345 84489 2
68540 38473 2
8720 32530 2
19994 32353 2
71090 94769 2
64740 87869 2
16347 707 1
2427 13418 1
59822 92358 2
25314 40826 1
30545 50845 2
20258 92160 1
34415 53872 2
17895 49591 2
67508 30921 2
98720 71516 2
17173 3799 2
27139 30127 2
49766 11599 2
23622 65175 2
52449 50598 1
84615 94011 1
27494 60664 2
1542 28553 1
7509 81188 1
57638 2482 1
18582 49870 2
87759 89484 1
77393 25404 1
77679 4591 1
91766 71738 2
71348 80249 2
44215 61046 1
89555 33706 2
24233 17956 1
83045 98216 1
2439 34075 2
96901 86621 2
42639 70581 1
77491 73556 2
77154 15251 1
57908 32159 1
70120 88919 2
28687 38996 1
4714 90537 1
59921 84395 1
53974 25843 2
49354 62658 1
70175 74245 1
77038 64697 1
36923 61009 1
10774 38167 2
39683 71504 2
97852 82723 2
16822 33691 1
26530 8811 1
1718 44818 1
37516 7904 2
29193 73977 2
57505 72216 2
2361 35958 1
22574 64811 2
75861 79189 2
29123 10935 1
77294 62244 1
79636 81565 2
91547 37527 2
31737 73025 2
35797 34853 2
42094 27597 1
48155 60553 1
97780 27086 2
58288 59682 2
15790 99862 1
52472 12179 2
38853 89241 2
92191 85123 1
99109 93744 1
5137 63135 2
17213 95321 2
50627 99347 1
79875 83220 2
1417 78069 1
78670 93063 2
47902 5786 1
58810 11324 2
47295 74623 1
53096 38974 2
64368 17185 2
5403 47839 2
77109 5253 1
98491 15349 2
40122 7953 2
22166 99513 1
86444 23249 2
99642 60614 1
12990 45363 1
64605 62112 1
68901 24875 1
23989 14922 1
87068 22896 1
42272 63438 1
46881 89917 1
80126 86138 1
19702 46545 1
82577 61405 1
87329 62671 2
44196 92526 1
55756 37375 1
46177 76006 2
44966 70059 1
77529 24800 2
20095 30563 1
79009 12960 2
83888 47417 1
74319 37641 2
46961 38246 1
82849 6982 1
90401 27843 1
76694 78050 2
15171 73009 2
33650 22672 2
26939 12594 2
63775 41283 1
87092 45837 1
52583 75383 1
70141 73710 1
20219 40103 1
60967 40259 1
12847 46996 2
56681 55904 1
35931 76293 2
96413 99676 1
22299 43617 2
65888 66578 1
49360 36918 1
37653 14689 1
92254 25238 2
19907 33453 2
19564 28053 1
93907 34907 1
52519 12620 2
44755 88313 1
3294 40857 1
39925 77939 1
80071 89277 1
55856 19743 1
70425 34556 2
21918 91187 2
36880 27233 2
69181 53097 2
69741 52471 1
40238 60162 1
94707 21905 1
31577 79552 1
65835 72483 2
1575 81450 2
91553 60582 1
5862 85452 1
12452 57208 2
32713 64500 1
33514 66522 2
78118 57718 1
99018 4240 1
74198 57481 1
71520 88292 1
71192 81384 1
63148 67620 1
45902 46450 1
37139 8288 2
8382 43147 2
46045 96397 2
53010 97273 2
18805 58020 1
88153 93191 2
82925 13187 1
52484 69701 2
31191 91499 1
21225 22342 1
14252 33984 2
76580 98336 2
20393 44397 1
29073 60496 1
53485 83997 1
8883 40339 1
76893 73283 1
42225 16462 1
73441 25331 1
96371 64040 1
24708 80230 1
47913 30603 1
63959 37082 2
27364 67270 2
84718 99728 1
18779 87661 1
36769 81580 2
73352 66583 2
28877 38905 1
98569 48640 1
68977 12002 2
9791 77509 1
83506 15482 2
6482 18538 2
89303 90133 2
6506 76759 1
99405 83213 1
45240 9270 1
10884 6494 1
75659 75895 1
52560 55689 1
51996 62605 1
67753 89621 2
17442 18895 1
42443 99401 2
15230 32664 1
60119 8564 1
39185 57158 1
4496 36646 1
50721 77886 1
99039 39380 1
76920 89575 2
24880 28471 1
4965 92875 1
92371 31597 1
5400 47897 2
1211 5527 2
66058 58309 1
32546 73818 2
39091 41831 2
74883 94206 1
52786 57336 2
71135 98898 1
63849 69720 1
70873 6982 1
42303 35083 1
80762 54287 1
90620 85815 1
58029 43014 2
23920 74183 2
69028 87977 1
5708 71371 2
44081 53625 1
76135 43702 1
63438 84155 1
5082 82527 2
45942 41591 2
67013 75424 1
92201 92284 2
49224 27098 2
48268 31674 1
34698 59375 1
79943 99974 1
21462 97767 1
58405 71802 2
79385 23212 1
63703 27794 1
19622 70285 2
40017 81424 1
12178 81535 1
4268 20952 2
55191 41719 1
23362 93397 2
52917 92753 2
57846 84050 2
1005 11116 2
81289 29314 1
92388 2188 2
34310 88697 2
33446 32055 1
21879 20817 1
23041 99288 1
1389 77542 1
91493 76288 2
94684 62458 2
63403 1471 1
85724 23122 1
93643 82607 2
41545 4854 2
20996 5354 1
38980 43285 2
43064 76399 2
81617 39327 2
72493 87169 1
49495 51977 2
57005 73416 1
66307 31021 2
11623 91566 1
37285 94695 1
33676 16034 1
41200 80857 1
86514 88761 2
6782 73352 1
10901 67848 1
60299 62716 2
45041 27019 2
47445 96388 1
27753 78338 1
69443 41936 1
76227 97262 1
55067 28501 1
70250 81624 2
97417 48141 1
32171 7915 2
16479 23380 1
92344 17909 1
84143 90188 2
42152 34538 1
65331 28058 1
48021 5537 1
19494 67846 2
43836 98965 1
85001 24319 2
31329 28613 1
51231 88917 2
3432 20244 2
22576 74557 2
24509 873 1
73994 85745 1
90605 73361 1
14939 59053 1
8043 83352 2
11481 79091 1
45356 7572 1
27386 94120 1
59339 69498 2
75452 7093 2
50950 96102 2
7934 67814 2
10270 1880 1
38949 73358 1
72891 4498 1
12440 48226 1
7142 20283 1
90469 37113 1
89998 7390 2
56954 56115 2
63076 34476 1
27532 91663 1
72062 47030 1
22099 22259 1
53495 84660 1
84044 16327 2
62701 62304 1
9782 76890 1
80546 10683 1
85430 14396 1
82461 24488 2
83955 92866 1
42406 51052 1
10266 68262 2
81101 71797 1
84571 99045 1
12099 62863 1
85002 50847 2
25183 67952 2
63615 56985 1
17274 58221 1
47158 37662 2
95187 56323 2
87888 60570 1
109 13551 2
94768 46366 1
74860 21334 2
68735 13503 1
61916 56638 2
14825 67159 1
73546 31443 1
93086 64387 2
16744 6179 2
47730 6883 2
3341 70178 2
66013 16508 2
15891 5383 1
53019 52153 1
98136 13773 1
72396 47270 2
73597 66195 1
64789 34420 2
92202 79709 2
45662 88921 2
47592 32656 1
92819 92780 2
43589 27162 2
3 18285 1
49268 89479 2
3172 44539 2
98634 3469 2
43341 59228 2
49058 69473 2
27450 98169 1
30362 46624 2
97227 4190 1
85588 13064 1
36677 91583 2
59670 9147 1
32367 21102 2
6922 51875 1
93431 97222 1
75647 9960 1
92747 22755 1
62630 12700 1
8768 20679 1
94613 84080 1
75695 77111 2
81608 71004 2
60883 12124 1
45723 87931 2
91148 28035 1
49041 90220 2
60766 81597 1
28784 7634 2
40627 60320 1
4099 32693 2
2805 88068 1
20791 30080 2
48917 23686 1
12190 42560 1
22311 46280 2
23055 19531 1
56227 76303 2
58276 47735 1
75782 6116 1
82298 28446 1
77999 24212 1
72500 20609 2
74082 25104 1
81017 82306 1
49032 34958 2
10450 4072 1
68877 48134 2
6445 77343 1
16225 67989 2
78428 4853 2
56344 63965 1
11991 25663 2
34442 11235 2
78998 30130 1
24243 71696 2
80567 95466 2
30964 99761 2
59294 22694 2
81328 71607 1
37712 14857 2
56400 70296 1
50551 48795 1
61280 74124 1
88897 15687 1
96591 28944 2
77217 18586 1
5779 97223 2
78093 45802 1
72739 15988 1
766 39341 2
64411 39457 2
40755 60445 1
34332 37915 1
68590 65915 1
79785 60723 2
63797 66249 2
81002 67582 1
32562 28207 2
52429 22934 1
34388 26422 2
98336 78040 1
16652 83472 2
32089 54500 2
27345 44494 2
9102 53056 1
52732 82600 2
31133 15989 2
78125 43065 2
261 34192 1
65348 14241 1
81995 56642 2
65480 79457 1
83639 84129 1
484 27842 1
59156 44549 2
12357 33230 1
13971 63756 2
30109 29270 2
77192 61334 1
11811 99722 1
62892 99241 2
82737 39780 2
46329 17454 2
53765 37278 1
78065 3986 1
1696 46326 1
47352 29318 1
41162 98449 2
4373 49184 1
16748 41814 2
78165 93432 2
25556 15087 1
42056 26028 1
53013 46859 2
37730 83420 2
78212 78591 2
90043 62190 2
49084 34112 1
45840 25931 2
13179 32874 2
97920 27808 2
15747 61948 1
31343 95070 2
33274 18298 2
32422 65851 1
96810 48394 2
42321 18639 1
769 51191 1
67904 85112 2
25938 21426 2
4966 21398 1
57875 76907 1
4861 74319 2
97021 84636 2
99009 11564 2
86735 25535 1
39408 88251 1
18571 15475 2
91920 58379 2
92504 86107 1
14985 91507 2
61566 5662 1
53351 6891 2
16013 12072 1
74009 976 1
9846 95368 1
94517 62213 1
19568 46160 2
27730 17005 2
76917 4025 2
22380 23186 2
17538 77084 1
91779 46369 1
56603 82905 2
60572 47436 1
67940 74996 1
27614 30182 2
29161 9203 1
96439 1834 1
53111 76609 1
16501 1013 1
80192 22767 2
41741 45448 2
60860 4110 2
80344 23879 2
8514 70805 1
52465 21180 1
81651 52257 1
90264 50356 1
82064 55152 1
19858 99360 2
38111 64389 1
91078 72630 2
60298 52136 1
42049 90542 1
11423 28739 1
71187 66534 1
56273 9510 2
99248 67487 2
59541 611 1
33905 92253 2
15270 12530 1
34064 24138 2
59554 73199 1
11951 19955 2
41771 56215 2
36018 80714 1
58503 34095 1
9504 22050 1
7425 25437 2
92742 20407 2
31973 80620 1
65332 45667 1
42855 99597 1
30302 95050 1
46941 43409 1
79132 90831 2
54337 32143 2
72874 6652 1
59280 78852 1
11625 19519 2
66157 7470 2
91036 88295 2
4031 7633 1
556 57707 1
69582 31570 2
42917 52067 2
52074 89438 1
73494 28589 2
79844 24260 1
27765 78889 1
34835 60663 2
88313 78462 1
15025 71597 1
96286 67251 1
38460 98210 2
3781 8854 2
68949 55542 1
1553 85273 1
67684 52299 1
32554 78704 1
25426 45000 2
91902 83796 2
28429 84120 2
81147 30083 1
92904 49804 1
45815 51325 2
89080 58965 2
82024 9641 2
33048 92203 2
59436 4910 2
71750 43113 2
27459 6746 1
81668 54862 1
26639 27199 2
98199 16509 2
46619 59569 2
69484 41982 1
14577 96937 1
94126 9787 2
53410 47109 1
50769 65572 2
90979 91877 1
76459 23211 1
84874 38608 2
83381 61577 1
33109 75565 2
11566 19959 2
39683 30922 1
22008 27382 1
16664 13177 1
77049 34119 1
46974 47054 1
84732 13556 1
10079 60354 2
12077 92773 1
58476 31603 2
6721 10124 1
15001 17313 1
49740 68090 1
97566 10035 2
31848 73383 2
70936 86672 2
90580 42990 2
96293 94759 2
13299 80206 2
66540 87783 2
47497 22762 2
66515 21479 2
9986 70282 2
90855 57824 2
86539 3128 2
13016 86733 2
51799 27364 2
40793 1810 2
64187 92481 2
74884 32786 1
5778 17029 2
87765 18648 2
44153 70509 1
87626 44879 1
52244 81846 2
55593 74730 1
91528 47973 1
87610 21981 1
29023 23553 1
64553 10529 1
11751 51859 2
42565 42612 1
16883 66157 1
82564 83159 1
77272 93824 2
42269 59886 2
52273 324 1
86668 80580 1
89116 89716 1
73873 20900 1
75355 15471 2
75217 16129 1
8308 46745 2
58260 29519 2
29138 91191 1
15045 76007 2
96769 29719 1
39862 89127 2
75157 91942 2
17081 64720 2
60932 37335 1
59143 90566 1
21479 92771 2
35741 80372 1
62750 2340 2
35418 22821 1
19209 57528 2
11363 82060 2
11439 74404 2
128 37757 1
95323 13839 2
22204 93809 1
90938 98850 1
27976 35878 1
52766 55055 1
13336 509 1
62430 45319 2
17060 43547 1
73876 74626 1
25993 82024 1
64605 22235 1
77862 65171 2
79613 14290 2
33344 11243 2
26424 29736 1
66942 64519 1
34298 58182 1
8813 92640 1
88240 89174 1
98717 69682 2
62029 85800 2
68738 2751 2
3846 32495 2
35092 12811 1
68182 36066 1
67695 93281 2
52859 61883 1
43508 32972 1
45879 19067 1
53158 11071 2
39439 4612 2
69070 61358 1
36464 51389 2
71224 48243 2
71749 2578 2
31796 1354 2
58114 44178 2
75733 63924 1
7325 63791 2
64277 80536 1
22639 82817 2
92079 17150 2
89431 39524 2
32932 64338 1
66679 71125 2
983 85127 2
36661 48920 1
51313 77809 2
27835 4277 2
83229 59242 1
71576 55703 2
35981 15950 2
23933 39212 2
37683 29791 1
57601 86760 2
99177 87681 1
76510 92545 2
73066 83679 1
67633 45716 2
74390 24484 1
54365 47551 2
87250 3267 1
85257 61093 2
20390 94128 2
71934 39437 2
23261 14565 2
31146 81219 1
9960 14910 2
81759 87286 2
19707 2301 2
85172 69816 2
3439 32646 1
88163 44194 2
58751 8580 1
61546 92717 2
73291 91075 2
86858 39801 2
58903 92180 1
88715 9290 2
85773 34796 1
95958 55302 2
87 52196 1
4377 84888 1
14374 48250 1
31143 58256 2
1678 15695 1
3605 42465 2
5895 61256 2
44094 40258 2
1006 30190 1
10080 70158 2
93409 37773 1
22429 67940 2
90727 38648 1
79259 22407 1
92774 44835 2
48709 32446 1
75915 84904 2
28679 1749 1
21254 73251 1
77237 40635 2
67371 37430 1
98853 33858 2
17553 18054 2
4368 6339 2
34647 4668 1
89525 7031 2
55226 76964 2
16247 57534 2
16929 26129 1
84602 89980 2
76690 6231 1
15881 48247 1
30777 32432 1
92723 83131 2
8840 4312 1
20810 3318 1
22385 92049 2
22595 57532 1
46126 6496 2
69400 73060 1
28154 9230 1
1865 67880 1
5718 29031 1
37142 18665 2
14981 54558 1
70567 20970 2
3535 60264 1
26693 90032 2
29218 80412 2
82878 84520 1
65932 69658 1
30532 75265 1
44451 41376 2
58222 49102 2
59037 37334 1
52502 44741 1
41560 78084 1
49850 58754 2
59475 24343 2
30012 55205 2
58483 51328 1
11138 32783 1
57760 6676 1
3446 78570 1
73957 65197 2
63366 39806 1
94355 39367 1
8485 93276 2
5598 85604 2
23721 79063 2
78974 63593 2
72683 82886 1
33200 87775 1
12394 96836 2
58419 94354 1
30216 64720 1
74444 73589 2
31563 88622 1
11426 84477 1
76989 75075 2
15042 75393 2
82349 62460 2
7164 82561 2
62924 40776 1
82276 24508 1
50417 41466 2
88178 32024 2
50902 87624 2
4674 17629 2
13880 82830 2
55541 36090 2
40794 86828 1
93390 73215 1
8739 69572 1
99158 2786 2
7995 83965 2
34425 33786 2
82418 42403 1
24807 48615 1
58970 12132 2
79732 88872 1
42280 47316 2
57560 54883 1
60631 10986 2
44559 53153 2
74116 43489 2
11737 73454 1
52467 59288 1
52508 24317 1
54665 13362 2
22397 74275 2
20847 80599 2
93003 9912 2
65942 53489 2
78292 66425 2
20365 36400 1
75854 99336 2
68941 63623 2
65264 40106 1
4334 80972 2
3318 60328 2
61487 50012 2
95552 12175 1
78610 13172 2
29203 14608 2
95389 72985 2
97782 82976 2
70394 85585 1
19447 89593 2
73879 18536 2
91876 71096 1
70247 52909 2
30898 74653 1
24352 64562 2
14906 53166 2
80027 19247 1
86807 39059 1
50936 89023 2
55337 15387 2
