5000 5000 1996
444 3103 2
3924 3546 1
4698 1259 1
4949 4585 2
4140 1340 1
1614 2404 1
3802 1517 1
4258 524 2
658 1853 2
2787 2786 2
1672 2410 2
2239 2773 1
1661 4669 2
1482 3363 1
3033 3613 1
2338 3137 1
3907 2637 2
1096 4856 1
311 4481 1
2583 3295 1
3183 4571 1
3948 1381 2
1693 2031 2
1775 857 2
1921 1201 1
2149 2534 1
1343 3128 1
2762 4887 2
2192 1586 1
147 812 1
1554 2192 2
3737 662 1
395 1846 1
1163 3305 1
4059 4860 2
2027 4657 1
4605 1921 1
2949 4495 1
2067 2316 1
276 4609 2
944 3706 1
270 1930 2
597 3145 1
3828 2706 2
3426 1223 1
4551 1580 2
1290 3645 1
1426 2066 1
4942 1628 2
313 2761 2
2706 3449 1
1374 4515 1
2470 2311 1
913 2868 1
333 837 2
1767 506 2
2308 2669 1
4587 3874 1
2854 803 2
4415 3650 2
4420 4868 2
4638 4986 2
479 293 2
4505 3921 2
3615 3648 2
4653 2313 1
1451 4551 2
3876 2546 1
4708 664 1
1880 3687 1
1371 4282 1
788 670 2
4248 427 2
381 4180 1
1619 1512 2
1468 4701 1
1361 4895 2
4420 4350 2
4366 1264 2
348 364 2
4416 666 2
490 2282 2
2439 1273 1
3987 4521 2
3047 4781 1
832 3565 2
2006 2520 2
978 663 1
4521 2677 2
3153 4977 1
541 2006 1
4135 4407 2
2755 904 1
1521 1336 2
3059 4720 1
3239 3704 2
3812 979 1
1479 1441 2
2801 2531 2
1715 1372 1
4218 998 1
1586 924 2
817 3546 2
4873 2193 2
1018 3981 1
686 2011 1
1724 1258 2
3944 3635 1
1072 4984 1
2728 1397 1
3423 933 1
73 3646 2
134 123 1
1224 3675 1
2957 3484 1
2916 1653 1
1686 1041 1
2080 4340 2
4240 1624 2
3535 3628 2
2124 1210 2
4564 4366 2
2531 752 2
4474 2914 2
2365 1746 2
4778 2536 2
2682 1493 2
4822 2563 1
2824 3357 2
3251 2459 1
2081 4812 2
1164 2403 2
2848 4269 1
1375 4694 1
2934 4271 2
1925 1122 2
526 436 2
3306 1334 2
368 1332 2
4079 2332 2
1988 110 2
1179 4364 2
1883 2695 2
2669 276 2
3532 3510 1
1470 3135 1
4482 393 2
1425 2091 1
2381 211 2
1355 3485 1
652 2348 1
3852 3354 2
3027 1546 2
4149 988 2
791 330 1
4599 1043 1
2687 1821 1
2357 2229 2
202 1597 1
4911 4025 2
4906 1709 1
2689 588 1
2453 2301 2
4028 4000 2
429 468 2
2838 1158 2
2977 2287 1
2795 4994 1
481 1025 1
4457 1918 2
4654 4136 1
2852 1978 2
1188 4391 2
4198 3724 1
99 4520 1
3168 527 1
3564 1016 2
1526 2326 2
158 1781 2
1721 4909 2
1273 2973 2
2627 1677 2
1573 4596 2
3171 3053 2
4045 1376 2
3457 2114 2
3192 1553 1
1590 2420 1
1636 935 1
3319 4348 1
1407 4953 2
1955 2514 2
140 1713 1
3256 733 2
1303 3162 2
240 2394 1
962 1344 1
457 3749 1
3822 667 2
3305 1323 2
3325 3640 1
3783 4158 2
4180 718 2
2144 3953 1
1532 1529 1
224 1260 2
4587 3645 2
4572 4028 1
643 2153 2
3045 3035 2
2607 672 2
795 3063 1
2917 3787 1
1080 2998 2
1379 2370 1
521 201 1
3921 4137 1
4286 2728 1
3931 4931 1
4634 3088 2
1119 2686 2
4249 2015 2
194 3249 2
1375 3045 2
4872 2529 1
1494 3242 1
854 2093 1
1153 167 2
3715 3654 1
2129 1109 1
4935 1315 1
4722 2239 2
3841 1606 2
989 3435 2
2365 1475 2
1690 4799 2
1923 257 2
856 4423 2
3848 2416 2
396 3193 2
2077 4187 2
2837 110 2
3665 2747 2
3509 235 1
1245 1298 2
3825 2256 2
2807 1470 1
4061 1269 2
3994 1108 2
4763 3807 1
3130 2683 2
4905 162 1
378 4896 2
59 3965 2
4587 3771 2
2620 4354 2
4389 2225 1
2902 2494 1
1885 40 2
4672 544 1
4611 2916 2
3686 1206 1
2138 4916 2
3406 2585 1
1668 4189 2
2883 529 1
397 4948 2
4377 4427 1
4904 1797 1
4449 542 1
2121 3114 1
1062 477 1
162 4879 1
3305 3822 2
4126 3164 1
1654 498 1
1422 3650 1
3551 944 2
2995 3503 2
317 146 2
46 2049 2
3010 1089 2
4536 605 2
3540 145 1
3487 4466 2
3674 1109 2
2975 1025 2
4042 4934 1
3177 4503 1
3869 1304 1
2577 3746 2
2449 2530 2
1680 2100 2
2079 1467 1
896 2592 1
3288 3009 1
2865 1547 2
2347 2199 1
1480 3701 1
3972 1852 2
4725 2349 2
1975 1992 1
1747 4473 2
4900 2518 2
985 4630 2
615 3064 2
4050 391 2
1598 3615 1
3317 3931 1
2319 4 2
1930 2540 1
1256 200 2
4145 3984 1
757 696 2
1032 2453 1
4811 988 1
3371 3172 1
2290 2108 1
2113 293 2
1992 591 2
3541 200 1
4103 2958 2
4696 4291 2
1969 4398 1
328 4869 2
869 40 2
4005 2853 2
2274 2091 1
496 982 1
493 3832 1
397 2535 1
1553 3807 2
2940 1852 1
1803 3065 1
476 1593 1
489 3978 1
2257 45 1
504 4091 2
776 3656 2
3382 2766 1
4783 2086 2
1460 466 2
4568 4065 2
1577 2200 2
4461 4318 2
3821 265 2
4214 1276 2
2225 277 1
3725 2801 1
198 38 1
1855 1083 1
606 1286 1
2756 237 1
4926 1202 1
3743 2501 1
4545 956 1
3716 1802 1
3432 1207 2
1477 4563 2
135 2614 1
1396 2787 2
2683 2447 1
72 2685 1
4542 1212 1
3436 184 1
4528 2965 1
2095 1922 2
3059 3919 2
1759 2589 2
738 439 2
4715 1439 2
611 1806 1
3934 4767 2
2688 4053 1
2722 1222 2
2973 1296 1
3081 3658 2
2485 1168 2
4238 1968 2
312 4389 1
3154 2877 2
4230 1461 1
523 3790 2
4821 45 1
3170 4506 1
943 3415 2
1735 3244 2
1548 3404 2
1407 4592 1
524 186 2
211 3115 1
1782 2927 1
2042 2536 1
3579 2010 1
1053 4169 1
2214 4834 2
340 4848 2
4351 1935 2
2045 3401 2
1253 673 1
4714 2752 1
4329 3135 2
1424 3797 1
2072 3391 2
4587 2811 2
846 4995 2
1196 2026 2
2921 2087 1
2395 1399 1
2448 1866 2
629 4887 1
1458 3799 1
253 3063 1
4313 4237 1
2114 2209 2
4550 2996 1
1447 4185 1
3417 3510 2
949 2156 2
1214 4985 1
783 641 2
701 3433 2
4519 1915 2
2944 1674 1
3233 1003 2
2408 1513 2
4591 4706 1
2262 3161 2
3048 4918 2
37 33 1
1673 1986 2
347 3129 2
2106 4343 2
2782 2457 2
4098 2611 2
2089 1045 1
1450 235 1
321 4252 1
4129 3861 2
2467 4999 1
3819 3148 1
3773 3997 2
1804 2535 1
3098 1178 1
3806 2736 1
4904 181 2
3799 4174 1
2207 2670 2
1082 4734 2
3946 4904 2
2381 2942 1
4381 207 2
1848 267 2
2917 4614 2
2497 811 2
957 4144 1
3503 3093 2
2917 4529 1
281 1170 1
3976 688 1
4725 1985 2
2408 3414 1
2885 1394 1
2484 782 2
3275 919 1
2032 3316 1
3781 788 1
2317 2173 1
481 2931 1
1057 493 2
1583 4673 2
586 3768 1
2867 37 1
3824 1831 2
4606 4543 1
1068 2625 1
4775 1503 1
4315 2426 2
3799 4577 1
3559 2155 2
793 2514 2
4400 2357 2
4611 2288 1
1572 1399 1
4589 4776 1
1052 4212 2
1477 2569 2
2338 3837 2
1248 1628 1
3694 2225 1
2591 2001 2
1292 4441 1
111 4791 1
1446 2572 1
1330 4913 2
1214 3584 2
1780 3568 2
716 2321 1
2769 158 1
2299 939 1
385 1497 2
2753 2001 2
1482 3557 2
3443 1687 1
34 1580 2
4402 1080 2
3846 1059 2
3416 4298 2
2682 4165 1
2407 3762 2
4851 2207 1
2190 1527 1
4779 2392 1
4701 2260 2
1086 791 1
1589 4535 1
2369 3351 1
1677 2227 1
1236 3666 2
2156 1720 2
4906 1670 1
3226 1805 1
2512 2566 2
467 2011 1
1674 3213 1
4936 4406 2
2220 1243 1
4405 3704 1
2831 1055 1
4718 3506 1
1736 2503 1
994 3955 2
2247 413 1
778 1109 2
711 4497 1
905 4120 1
3369 2878 1
1516 2447 1
782 2004 2
3461 1910 1
2957 3552 2
4314 272 1
756 3832 2
1682 1914 2
4111 2148 2
293 2477 1
3544 554 1
852 3790 1
3894 347 1
2167 2181 2
2908 282 2
3416 3716 2
4081 748 2
2148 1343 2
2621 4628 2
1633 4574 1
3474 1764 1
3996 1808 1
619 716 1
4834 2029 2
2150 2094 2
3463 3085 1
3226 769 2
502 1754 2
4682 1922 1
4142 13 2
1818 3354 1
941 1906 2
1537 342 2
4739 3199 1
263 4575 2
4860 676 2
1097 241 1
4519 3732 2
3944 377 2
3734 4809 1
1377 1808 1
1291 387 2
2855 2177 1
1971 4590 2
2717 4384 1
505 1388 2
4654 339 2
4022 2205 1
125 2476 1
2105 4828 1
728 4831 1
2999 3558 1
3459 4354 2
747 4057 1
557 4722 1
4613 3966 2
3662 1472 2
2591 3323 2
3105 3129 2
4052 959 2
514 3942 2
2404 1997 2
4484 4124 2
898 1736 2
886 1416 2
926 1450 2
2721 1118 1
3127 3814 2
4435 4157 2
4952 3321 2
3468 2410 2
1770 4428 1
2874 900 2
4251 1515 2
1837 2090 1
1658 3511 1
4550 2021 1
2656 406 1
2194 4671 1
4656 2408 1
2322 861 2
53 520 2
4255 1973 1
1993 1536 2
4445 2100 2
1107 1551 1
275 2595 1
3458 2320 2
1798 4299 1
2751 95 1
3728 2327 1
475 1763 2
655 3686 2
3325 1921 2
2877 1169 2
4290 613 2
1537 2488 1
3250 3283 1
1568 1783 1
2267 1685 1
1085 3520 2
540 4199 1
680 4026 1
4106 1667 2
1573 2510 1
1977 4116 1
3464 2439 2
239 2053 2
3303 4794 2
3080 1311 1
2519 116 1
701 480 1
2804 1158 1
898 431 2
3842 4851 1
2552 1973 2
1482 3171 2
477 2832 1
1803 3316 1
1684 4205 1
2744 573 1
3790 2837 2
2721 1037 1
3671 1396 2
2637 2156 2
2098 874 1
1649 1829 2
3889 4530 2
2281 4090 1
633 4260 1
1253 2991 1
2945 1325 2
3915 400 2
3499 1050 2
509 2571 1
1026 3269 2
1407 358 2
4999 4144 1
3188 4503 2
1859 4951 1
1095 2745 2
2976 90 2
163 3119 2
2516 3768 1
2504 4697 2
1402 2927 1
3826 2226 2
989 4829 2
2914 2680 1
3852 3428 1
2864 3681 2
591 3984 1
475 4032 1
1326 2288 2
3244 1380 1
151 2215 2
4141 1498 2
2207 3196 2
4155 4101 2
2752 2526 1
3311 2996 2
3337 4320 2
1413 166 1
4675 243 1
1387 4010 2
4933 16 2
1037 4630 2
2142 2238 2
1306 195 2
111 3760 1
4960 4343 1
1971 1911 1
2155 1833 1
4484 3924 1
3597 2564 1
836 3436 2
2897 4635 2
4177 732 1
2745 515 1
4928 2331 1
3592 1745 1
1539 4852 2
534 2254 2
192 1205 1
3874 2007 2
4566 2421 2
3957 3585 2
3035 2412 2
360 2544 1
2549 3312 2
2181 442 1
2064 1556 2
885 2019 1
3024 1083 1
4139 2796 1
3482 2648 1
1793 565 2
1622 2857 2
2165 2773 2
2964 3670 1
1662 4552 2
2530 2914 1
69 3656 1
4830 1934 1
337 34 1
4010 896 2
129 3834 1
4266 2 1
2175 4582 2
4609 2203 1
3180 3933 2
4401 3443 2
3495 2159 1
3552 470 2
541 3985 2
242 2383 2
1395 3623 1
1351 4239 1
4755 3166 2
1249 3846 2
673 4852 2
2241 3953 2
420 4281 2
17 3552 2
889 96 2
4232 2422 2
1362 4031 1
3196 2654 2
1166 2243 2
1004 1813 1
3957 874 1
2778 3953 2
4577 3113 1
2696 2735 1
1665 3793 1
2731 2292 2
3143 2555 1
1758 4097 2
204 556 2
1782 4153 1
2870 3331 1
4898 480 2
4265 1010 1
244 708 1
3118 3242 2
2279 3797 1
4802 1252 1
3079 62 2
600 1331 2
2765 4543 2
3468 1305 2
3554 219 2
4624 2838 2
140 556 2
4356 2943 1
4205 712 1
2809 2407 2
2459 2556 1
2528 1864 2
2135 2124 2
2900 4313 1
2556 4260 2
2602 1465 2
2916 1766 2
2879 2290 2
887 4675 2
2313 4135 1
4582 1459 2
2738 2672 2
2111 4929 1
2074 1416 2
323 4180 2
328 1941 2
2608 1981 2
3470 2798 1
1730 4650 1
848 4488 1
3386 2307 1
4968 4932 2
2405 2008 2
428 941 2
510 3236 2
1998 147 1
482 3923 2
2151 648 1
4907 4796 2
1440 4525 2
1499 4381 1
4709 4108 1
3071 1220 1
3073 2143 2
1282 3827 2
2392 3802 2
2885 3476 2
3318 3474 1
3169 1843 1
3052 1804 2
4079 3645 2
1413 527 2
1356 4235 2
498 104 1
2318 2299 1
3773 377 2
4910 2423 2
1905 386 1
783 1992 2
1635 2793 1
4133 4780 2
588 98 1
632 4455 2
4463 873 1
788 4765 2
935 338 1
1945 3703 1
1936 603 2
2793 3523 1
1067 1530 2
1435 3214 2
3289 3738 1
2515 2744 2
3375 2841 2
2217 1253 2
933 975 2
1229 3819 1
4628 1023 2
4278 1196 2
666 1502 2
2172 4826 1
3547 2971 2
1858 1117 2
3361 4952 2
3947 1313 1
4519 2520 2
3295 4291 2
2731 2673 1
738 4650 2
453 2877 2
4761 829 1
2050 2242 2
1771 3640 1
3309 2914 2
785 3922 2
1446 4303 2
734 2077 1
4724 1850 1
3534 1977 1
445 4710 2
1760 3987 1
1308 3699 1
4761 3413 1
991 1906 1
1425 213 2
2479 1589 2
1060 1831 2
4624 2042 1
563 780 2
1798 2848 1
783 4225 1
2861 3355 1
304 2060 1
1547 1516 2
1073 2661 1
539 351 2
1128 2176 2
1705 3474 2
2667 2918 1
4960 846 2
2220 4869 2
4235 1085 2
2195 1433 1
2677 1484 2
4587 2027 2
3127 3810 1
4433 970 1
4460 2115 2
3092 3114 1
1684 3198 2
1621 4876 1
4144 3981 1
1592 3677 1
3733 833 2
1856 4987 1
2560 2425 1
1771 172 2
547 4633 2
2803 1269 2
1828 3773 1
537 1630 1
2102 3483 2
41 4490 2
2718 570 2
4415 4350 1
4421 3074 1
1654 533 2
2587 1995 2
1680 848 2
2414 2689 2
3586 3144 1
314 841 1
2176 479 1
3064 363 2
4381 1300 2
2376 3925 1
3700 832 1
980 99 2
2781 3810 2
3107 2199 2
4557 1577 1
1251 2701 2
603 2917 1
4960 4715 2
460 3485 2
1003 140 1
595 908 1
59 1388 2
171 956 1
4145 205 1
2692 1520 2
4719 2393 2
3263 2382 2
1278 913 1
4205 1192 2
897 1519 1
89 1481 2
1696 4553 2
126 4029 1
623 1030 1
3034 2138 2
1294 3734 1
2312 4536 1
2795 612 1
3224 345 1
1952 3644 2
3527 3694 2
3480 2852 1
1046 1268 1
166 1677 2
996 2443 1
1749 156 2
4921 4458 2
3596 4682 1
1954 4219 2
3246 1172 1
652 4698 2
1141 261 2
3457 832 2
365 363 2
4208 4941 2
1019 1853 1
1078 19 2
1264 4540 1
1690 888 2
3841 2880 1
2370 3449 1
1562 2117 2
3325 4321 1
3872 857 1
3192 3547 1
305 2379 1
4248 220 2
1170 3014 2
3905 1811 1
2991 4602 1
1222 290 1
3793 3736 2
3536 1014 2
4994 1424 2
3960 1646 1
2513 3018 1
2704 375 1
637 3322 1
225 3257 2
906 3586 2
4457 716 2
4424 4507 2
3985 1458 2
1329 2255 1
614 3132 1
4636 988 1
2770 3134 1
939 636 1
1884 2958 2
1546 954 1
3877 135 1
4633 4441 2
4417 1619 2
1906 1213 1
3770 3251 1
2049 1440 1
1021 2740 1
2211 729 1
3292 4826 2
3015 1104 2
451 367 1
4722 4846 2
3287 687 1
4151 3042 1
2558 2195 2
1494 4269 2
464 3729 1
4837 1834 2
4953 4579 1
2761 3450 2
3316 535 2
270 1137 1
3499 3093 2
1430 3172 2
955 4082 1
4842 4557 2
3002 209 2
338 2290 2
2545 2743 2
2696 2471 1
4624 2010 1
2789 4936 1
1208 1296 1
3545 3954 2
4194 4606 1
57 1938 2
2787 2296 2
3723 3731 2
4206 2808 2
3682 3944 1
1566 2325 1
3489 148 2
3971 1822 2
3090 946 1
4463 3800 1
447 1467 2
1792 1503 1
1946 490 2
2667 449 1
1236 1023 2
4694 3199 1
4365 3312 1
1253 1166 1
2310 4983 1
364 1205 1
1780 4617 1
4870 3458 2
4589 4069 1
1298 3240 1
4994 2098 2
3497 1308 2
3308 3997 2
1638 3718 1
3345 3659 1
3246 2776 2
3458 2168 1
3110 2614 2
2743 4576 1
4929 2326 2
4773 2132 2
2543 3344 1
820 3988 1
1074 1402 2
1731 377 1
4691 4395 1
2464 2564 1
1215 3837 1
1230 958 2
4982 803 1
3425 1672 1
1729 2832 2
4395 2710 1
3110 914 2
2984 1895 2
3618 3270 1
3207 3746 2
4397 4767 2
2650 4068 1
4841 4353 1
416 3555 2
2896 3283 2
3488 75 1
4552 2134 2
1542 794 2
1542 3132 2
1818 83 2
4693 3870 2
2522 2078 2
2379 4755 2
4085 1481 1
1086 4230 1
2246 2058 1
2501 55 2
2142 3339 2
2187 3753 1
643 4899 2
835 2422 1
2342 4868 1
1284 820 2
61 4087 2
3361 2793 1
4274 667 1
395 3743 1
262 3302 1
353 3116 2
1194 3670 2
2119 4900 2
412 1849 1
1986 1579 1
713 2969 1
3024 2855 2
124 4356 2
245 4603 1
3445 1529 2
4830 2810 2
1314 3642 1
628 4823 2
2175 3496 1
3098 4863 1
3002 3420 2
2108 2243 1
231 3923 2
1100 1666 1
868 2708 2
4045 1541 1
2876 3695 1
869 1110 1
4742 2281 1
4678 1280 2
4464 329 2
3333 3095 2
881 3799 2
1135 2547 1
1351 3877 2
3100 1507 1
1293 2277 2
573 734 1
3018 2886 1
2153 3760 1
1153 3492 1
4550 4230 2
1870 1840 1
3389 1900 1
4688 4299 1
2229 3820 1
1362 3927 2
3369 3496 1
1007 1658 1
1544 1629 2
1534 3643 2
2052 4547 2
3426 1292 1
205 3538 1
3732 681 1
1958 2524 1
1759 3587 2
2874 2633 1
1457 2722 1
202 930 2
3110 448 1
4116 1515 1
4129 3840 2
1911 2579 2
3012 20 2
285 4961 2
2151 947 1
202 2933 2
3411 4129 2
10 2937 1
328 288 2
1381 4050 1
728 2073 1
4605 1038 1
1230 3691 2
2993 3607 1
2281 3077 2
3309 964 2
4747 1116 2
707 620 2
1127 2881 1
1628 834 1
830 1426 2
687 4731 2
4011 3935 2
1721 71 2
4799 4703 2
4543 2167 2
5 2967 1
3660 4519 2
2145 2027 2
1827 3780 1
2937 2213 1
3608 2843 1
1214 140 1
3575 2888 1
2088 783 2
3822 1799 2
4204 3307 2
3888 3130 1
2158 1444 2
3663 590 1
289 4029 1
427 2755 2
2881 1879 1
2627 4391 2
2523 2640 2
388 959 1
177 4473 2
4486 3602 1
4363 1637 2
655 4731 1
4260 3835 2
3384 748 1
2664 495 2
4281 4902 1
1710 4088 1
4137 2760 1
3388 3521 2
2810 4204 1
4370 3731 1
2406 729 1
304 3213 2
2602 3279 2
4532 87 1
3782 1383 1
3807 2561 1
3588 1377 2
3431 1212 2
1124 4436 1
2871 58 1
227 1415 1
4357 3101 1
4194 1503 1
1263 3331 1
3364 3814 1
2743 2167 1
1764 4299 1
2363 2536 1
1617 449 1
729 2785 1
1299 1350 2
3906 2221 1
4413 591 1
4667 4248 2
4411 3201 2
2524 4598 2
2512 3060 1
4010 983 1
983 4992 1
7 2551 1
2288 4430 1
4842 1665 1
1550 4140 2
1585 3743 2
4807 2773 2
1581 3437 2
2697 4721 2
2376 4095 2
2075 1102 2
547 1649 2
4107 2372 2
1199 3964 1
2466 2641 1
767 1359 1
1493 772 2
563 1154 2
2737 3893 1
1755 155 1
621 3484 2
235 3956 2
565 3474 2
2646 1985 1
2297 295 2
1529 3108 1
192 2692 2
1158 3461 2
3180 862 1
3816 360 2
2360 1491 1
2150 1078 1
1348 2827 2
1755 4378 1
567 3545 1
2161 2187 2
2122 3616 1
1582 2197 2
847 201 2
2812 668 2
1252 1500 1
741 4861 2
4081 154 1
3004 4740 1
3927 4098 1
4292 4767 1
3573 4433 2
4684 54 2
4052 4516 1
3919 3517 2
519 3580 1
3937 4462 2
3122 1313 1
4167 2028 1
2864 1307 2
4844 4667 2
225 1120 1
1866 4747 2
1727 2724 2
1177 1393 1
2134 2023 1
4692 1424 1
4373 3138 1
1148 226 1
2377 4269 1
1218 3704 1
3822 2220 2
332 419 1
2062 2789 1
3326 4858 2
1138 3619 2
1143 3204 2
3413 4378 1
4593 3886 1
4364 3276 1
867 726 2
1850 3614 2
2018 2380 2
4554 2224 2
1419 3351 1
2695 2746 1
2022 2003 2
2443 2732 1
4703 4457 1
211 4258 1
4453 177 2
1726 72 1
2170 2901 2
4192 3394 2
608 1595 1
1559 2663 2
4632 148 1
3668 934 1
335 3614 1
4320 1025 2
3717 2598 2
375 4354 1
2129 3002 1
2974 4354 1
3604 1234 1
4516 4675 1
4875 4265 2
2948 133 2
354 2224 1
855 1214 2
1618 4116 2
4298 232 1
4028 2786 2
4429 4960 1
4769 3157 2
249 2441 2
3219 3735 2
4968 2454 2
2053 1951 1
1789 3391 2
2254 315 2
4826 1357 2
4913 3687 1
3494 189 2
3656 781 1
1389 2017 1
2084 711 1
2488 1676 1
4570 4989 2
1418 2799 1
1148 732 2
2650 874 1
2063 2477 2
2700 2249 2
3037 3242 2
3347 4748 2
4965 1765 1
3608 3318 1
4357 4520 2
3159 4370 2
4187 1512 1
2452 1968 1
2258 3168 1
2267 3089 1
2370 3395 2
2199 3182 2
3971 2676 1
915 1642 1
2394 4244 2
17 1849 2
3664 3905 1
2141 3134 1
522 3832 2
339 4777 1
4857 234 2
833 1229 2
3851 207 1
643 2313 2
3508 2603 2
2426 4957 1
1304 2247 1
2063 2633 2
534 740 2
10 2364 2
3802 2653 1
1278 1059 2
4685 2269 1
453 1732 1
2182 1211 1
874 1534 2
3303 1441 1
1778 3807 2
698 335 2
4236 4466 2
1059 4510 1
2227 3855 2
2394 2727 2
3321 2623 2
845 1659 1
1848 4062 1
2658 2016 2
2017 2894 2
3044 4713 1
3971 1071 2
1264 405 1
3697 4164 1
4933 4660 2
2262 4112 1
1054 119 2
1159 4645 1
3310 2392 2
4875 740 2
1306 586 2
2239 329 1
634 1109 2
3153 2170 1
1839 4703 1
1691 4664 1
4546 1386 2
2437 4965 2
1521 2813 1
3893 1798 2
4558 2884 2
4396 430 1
1598 3143 1
1899 4616 1
855 1035 2
3830 4046 2
273 615 2
423 4911 1
4100 502 1
1143 3054 1
4586 798 1
3480 2995 2
4583 3475 1
4049 150 1
4105 1609 2
4777 2545 1
670 1473 2
1577 3730 1
4452 469 2
2009 4861 1
2007 4644 2
196 2328 2
3636 440 2
2921 4827 2
2354 519 1
701 3434 2
3299 3047 2
4252 757 2
3660 294 1
876 1941 2
2087 3349 1
1411 313 2
4672 4666 2
3817 3440 2
2064 1484 2
4496 1647 2
1110 4664 2
3166 1136 1
4884 3140 1
1987 2030 2
1256 919 1
783 4409 1
1637 2399 2
3963 2676 2
2364 3606 2
24 4424 1
604 778 1
2838 596 1
1041 574 1
1276 3162 1
3007 4286 2
1206 1784 2
4968 4747 1
1077 4788 1
1682 4123 1
2022 2012 2
169 704 1
718 1523 2
1890 3492 2
2037 1928 2
1606 2385 1
3863 153 2
405 2018 2
375 4697 2
4741 781 2
1346 3005 2
1531 155 1
4673 3165 2
1154 2881 1
1511 1162 2
445 2582 1
4516 4753 1
249 1031 2
836 385 1
1833 3370 2
3897 3563 1
1474 4029 1
4492 315 1
2157 3612 1
4747 2246 1
1416 1743 2
2586 3362 2
1714 3350 2
2303 2595 1
1388 1295 2
4749 1334 2
657 32 2
804 1274 2
724 2838 1
3474 1753 1
873 4282 1
2672 4278 1
3095 1362 1
1136 3618 2
4924 1733 1
1550 3255 1
4469 777 1
4632 626 1
2808 1310 2
3032 512 1
1290 608 1
4533 4872 2
3168 4925 1
3024 1749 1
3244 217 2
1310 2666 2
2978 875 1
1915 3622 1
384 232 2
3350 2238 1
2644 1789 1
1102 208 1
1581 157 1
292 4533 1
2287 3117 1
2164 2260 2
1875 1690 1
709 4255 1
3543 1251 1
3775 2230 1
311 2478 1
136 3445 2
2012 2165 2
3894 4265 2
2482 552 2
1290 2892 2
3104 4671 2
3106 4526 2
1134 23 1
753 2549 2
1627 2244 2
3427 4091 1
4235 4193 1
2749 537 2
2099 1708 1
4630 2623 2
958 4648 1
2332 1817 1
2675 50 1
1978 4627 1
3142 2411 2
3481 2737 2
805 1949 1
422 1827 1
3072 1801 2
4782 884 1
4458 1113 2
4951 327 1
2972 2314 1
1052 3547 2
4013 1170 2
1494 1681 1
4224 3107 1
1361 930 2
1906 2865 2
2592 3289 2
3724 1702 1
2375 1893 2
4043 3162 2
645 2491 2
2706 752 2
1268 4310 2
2780 1339 2
2721 4194 2
4583 3545 1
450 1816 2
589 3760 1
1661 3558 1
3164 4736 2
2914 828 2
808 4138 2
807 4117 1
70 2593 2
4237 2889 2
3204 2744 1
789 3166 2
92 315 2
729 2951 1
3696 4920 2
3420 4168 1
4223 1896 1
3699 1753 1
3986 3863 2
4626 4871 1
1683 3644 1
2177 4472 2
2693 4334 1
2558 1774 2
1770 4635 1
3751 741 2
59 451 1
1612 3661 1
2637 2094 1
492 4628 1
1092 2843 1
3138 466 1
4028 2080 1
2187 3940 2
4282 2124 1
115 1239 2
2325 1720 2
280 2635 1
1755 4546 2
3881 1664 1
1244 3513 1
4677 4147 2
1934 3022 1
4120 3372 2
4776 1165 2
4344 754 1
1534 4996 1
963 4475 1
419 3442 2
4420 2796 1
3477 1803 2
4596 4865 2
2869 1997 1
3003 4914 1
2994 1328 1
2281 2921 2
3567 1214 1
3161 1535 1
2858 4305 2
96 3727 2
2528 1521 2
1720 2285 1
3081 3593 2
1657 2244 1
168 4346 1
4973 3947 2
1623 1343 2
2452 1654 2
111 2987 2
1400 1061 1
3500 4389 2
4472 2476 2
1082 1264 2
318 3408 1
2557 2639 2
666 1618 1
4953 442 1
1035 3997 2
2282 1646 1
2500 1619 1
3871 831 1
861 4408 2
3655 4138 1
1175 315 2
3786 4278 1
3784 854 2
3487 471 2
4238 1028 1
807 1868 2
672 1681 1
2472 3662 2
816 1496 2
4733 4717 1
3082 4510 1
4842 1634 2
4534 1064 2
1188 651 2
1821 3182 2
1865 3856 1
1634 2135 1
1828 4435 2
2551 2009 2
4269 2802 2
2898 1532 2
1826 2314 2
4806 4523 2
3108 2038 1
779 1171 1
4736 286 1
3318 1682 2
653 4166 1
3723 3399 2
4561 91 2
3196 663 2
4791 1862 1
4573 3416 2
3517 2079 2
2827 3457 2
1851 3497 2
4263 4576 1
1432 1090 2
4247 1828 2
2203 1933 2
188 2301 1
934 4956 2
686 4454 1
322 283 2
3162 1499 2
3770 139 1
1779 4035 2
2148 68 2
1751 4258 2
4373 2970 1
65 4877 2
1808 1641 1
323 4108 1
1557 10 2
306 2506 1
2542 3106 2
1239 3056 2
3971 1863 1
1619 4347 2
610 4094 2
2651 2255 2
862 2510 2
2327 113 2
758 1166 1
194 1356 1
2156 4214 1
3426 348 1
603 4194 1
4328 3404 2
1360 1448 2
1145 1188 2
2949 2721 1
3750 3887 2
3059 1363 1
1572 4689 2
82 4255 2
1676 4939 2
697 3724 1
365 2101 1
4713 873 2
2886 3618 1
1119 2291 1
2053 4053 2
118 1088 1
1787 2591 1
321 1280 1
4474 1462 1
3132 4160 2
1826 3497 1
4781 4442 2
1716 2489 1
1945 2192 2
4393 2227 1
4082 3980 1
2294 578 1
2479 3749 1
1087 1102 1
4002 170 2
4400 945 1
1851 927 1
722 4669 1
4134 2054 2
4608 4442 2
3599 1690 2
1785 1814 2
2046 355 2
3417 2690 2
4333 4942 2
4705 283 1
1148 4310 2
2486 2793 2
3305 1153 1
2334 1570 2
4002 4048 2
4920 4091 1
389 4689 1
3270 3107 1
1202 986 2
2197 1564 1
4014 4834 2
1836 1223 2
713 350 2
4965 4927 1
1562 3595 1
3827 470 1
661 2891 1
979 2238 2
1403 3877 1
1513 3791 2
3712 4129 2
700 1968 1
956 3761 2
4731 4176 2
1910 4106 2
2535 2675 2
1233 2978 1
1477 1838 2
691 4350 1
3933 985 2
199 1234 1
1051 4720 2
1068 2011 2
1877 1654 2
1985 2926 1
3458 4477 1
4469 4147 2
1452 4968 2
313 1940 1
4927 1529 1
2153 1899 2
4856 1160 1
4139 2663 1
1283 2881 2
118 2216 2
163 2372 2
2660 4660 2
4067 4811 1
4137 4796 1
4212 317 2
1590 521 1
1931 3518 1
1758 806 1
4943 951 1
822 1989 1
764 1481 1
468 289 1
3915 180 1
2580 1757 2
2153 940 1
4895 548 2
3892 1817 1
793 4801 1
834 4758 2
2536 4785 1
591 765 1
1045 2806 1
2379 147 1
2442 4867 2
4022 759 2
4144 1904 2
1765 3315 1
4438 4485 1
4030 4883 1
3528 4308 1
2157 52 1
3956 1947 2
834 3483 1
170 2762 2
4951 2172 2
4392 3107 2
3819 2581 2
2183 3264 2
2764 3311 1
1357 4983 1
2369 1088 2
3421 4955 2
159 3545 2
435 4608 1
2264 2742 1
2526 4019 1
2970 2824 1
3617 544 2
1528 1292 1
427 3828 1
462 3749 1
828 948 1
2224 3291 1
3695 3986 1
1355 3210 1
2999 4126 1
2619 1970 2
4896 4284 1
1784 1238 1
3626 1105 2
1269 3225 2
1501 836 1
4730 356 1
4314 1885 1
925 2563 1
4993 3448 1
4250 4368 1
3889 2548 2
3827 2616 2
3422 3968 2
9 3344 2
3991 3877 1
243 973 2
4483 395 2
2082 651 2
1917 3438 2
3882 136 2
278 3734 1
1022 1035 1
1349 1639 2
2966 2156 2
675 970 1
4180 1191 2
1204 2898 1
422 1087 2
1995 2651 2
691 2808 2
4935 1879 2
4249 1752 1
3817 1030 2
3827 63 1
89 4518 2
4761 3933 1
3119 2204 2
3598 1778 1
3124 1495 2
4530 2484 1
2279 1515 2
2168 4404 1
2126 463 1
2545 3577 1
4663 3639 2
1226 4669 2
869 4831 1
1664 3635 2
956 706 2
1945 452 2
2421 4766 2
1505 4451 2
4416 1795 2
1844 1129 2
483 502 1
4764 1414 2
659 2234 2
2622 3170 1
823 2076 2
2725 2246 2
3912 939 1
1643 4488 1
2728 3241 1
2768 2889 2
4610 4823 1
4180 4867 2
3904 1197 1
3833 3791 1
747 2961 1
3602 1872 2
3678 3393 2
2651 3866 2
2802 2847 2
3899 4220 1
2857 554 2
1219 1134 1
856 589 1
4398 4618 1
1350 4557 2
3025 4777 1
3618 4346 1
1230 4105 2
3314 4863 1
3369 1837 2
3387 1072 2
4572 2170 2
3709 3397 1
4564 3464 1
4208 3657 2
2928 2133 1
1316 80 2
2273 4040 2
2187 2644 2
822 1303 2
906 4684 1
3841 4309 1
1771 872 2
502 1515 1
23 3893 1
1496 4359 2
2007 2603 2
4613 1600 1
1743 1714 1
3097 1664 1
911 4900 2
3311 3861 2
119 2827 2
77 4312 2
3621 39 1
1791 1747 2
2583 2149 1
4496 205 1
555 1167 2
4667 331 2
3486 4305 1
1821 3780 2
604 4982 2
3148 4276 1
3493 4533 1
4089 3938 2
1812 2320 1
1718 4502 2
686 4051 1
2567 999 2
4346 4818 1
1023 87 2
3984 4947 1
723 1414 1
2667 3324 1
2163 1221 1
2558 1842 1
4144 2638 2
2646 3261 2
2089 3542 2
4574 2315 1
3962 4875 1
3804 4055 2
2505 4028 2
4704 788 2
945 2561 2
168 2439 1
3712 1091 2
1461 955 2
4455 4900 1
4566 3475 1
2870 2763 2
1405 1545 1
3674 4964 1
2902 2692 2
692 3690 2
4694 2641 2
3290 988 2
972 1699 1
3682 3940 2
504 4534 1
4199 1687 1
3970 3935 2
3375 4700 2
1179 659 1
3743 3714 1
3820 1361 2
2583 2139 1
289 3704 2
954 4984 2
4557 1988 2
54 631 1
3576 4993 2
3240 771 2
2057 4392 1
632 4917 2
940 4154 2
3765 947 1
736 182 1
308 602 2
3067 3013 2
2614 4510 2
3112 825 1
2121 2729 1
3495 1812 2
1251 3457 2
1512 506 1
1479 2853 2
4750 3275 2
1413 1957 2
3947 3462 2
3315 3930 1
785 1626 1
1061 546 2
2347 2676 1
3318 3048 2
4678 4006 2
4666 2655 2
141 3204 2
4052 1015 1
1262 768 1
4952 2175 1
268 637 2
3985 4189 1
4024 1817 2
1905 1195 1
454 3006 2
185 2187 1
1806 1779 2
4684 3605 2
2684 4256 1
1529 3443 2
4452 2843 2
1756 1748 2
2417 3915 2
3646 3097 1
439 4252 2
2718 2884 2
204 4243 1
694 850 1
3391 2146 1
2358 2604 1
68 1150 2
3327 3291 2
1315 968 2
1558 2767 2
1564 2200 1
4074 3730 1
1736 2022 2
391 2056 2
4053 2978 2
3728 2829 1
1845 3464 2
2079 2545 2
2930 832 2
1528 3022 2
3688 4309 1
494 2092 1
4297 132 1
2162 4192 1
910 384 2
56 1901 1
594 4327 1
2133 2258 2
3175 43 2
1006 531 1
1425 4317 1
598 3587 1
4460 4869 1
634 1090 2
1774 464 2
3248 4704 1
472 1896 1
4709 3989 1
3085 3919 2
4570 4341 1
3379 131 1
3199 1414 2
4732 2383 1
401 1115 2
3809 2797 2
411 2611 1
3443 3242 1
3504 1065 1
2196 2999 1
3224 2328 2
2629 1007 2
2769 4595 1
4458 518 2
3836 4250 1
1699 928 2
3144 1407 2
4756 2806 2
1461 4379 2
4854 1727 1
4319 323 2
1030 1256 2
1257 555 2
1285 3448 1
4628 438 2
1110 1519 1
3274 509 1
2934 726 1
144 4863 1
4017 36 2
1207 3055 1
2513 2369 1
3342 2863 2
2529 3690 2
4868 1657 2
1326 1901 1
2392 3416 1
1606 3548 2
836 2466 2
236 534 2
4469 1962 2
4668 3859 2
4659 399 1
513 2972 2
3601 4306 1
1414 2991 1
831 3702 1
2752 4510 2
3587 4515 1
1976 1214 1
3680 2559 2
1581 672 1
2250 850 1
4439 465 2
67 2265 1
4729 2738 1
4145 1576 2
4408 4396 2
3166 3947 1
2913 4173 2
2922 2099 2
3440 2280 1
1305 2477 2
2573 2585 1
3176 4553 2
3323 1809 1
4312 4778 1
3842 1181 2
3063 1973 2
1868 3737 2
4250 4129 1
1578 4799 2
4819 2779 2
4962 4959 2
4563 3280 2
3330 2895 2
348 1084 1
4701 1535 1
3154 3583 2
2229 2394 1
4038 2322 2
2815 3780 1
1308 4812 2
2362 631 2
2743 678 1
4133 832 1
4250 2317 2
2912 2423 2
1056 3920 1
1824 867 1
2621 4882 2
1555 4659 2
2777 3124 2
525 1368 2
2147 1952 2
437 1680 2
3515 3953 1
1402 2254 2
3545 4578 1
537 2185 2
4746 4446 2
4744 491 1
1604 3871 2
2098 4995 2
3896 1494 2
932 4248 1
2685 4857 2
4420 4861 1
1474 3835 2
471 2243 2
3983 4525 2
3886 1351 1
3576 4837 1
3532 4486 2
1605 756 2
4961 2829 1
861 2937 2
2977 3426 1
689 3087 1
2991 802 1
3045 4081 2
919 1947 2
4917 2276 1
4830 1071 1
268 1388 2
3877 3918 2
1227 548 2
1585 3591 2
4487 4753 2
929 385 2
230 1259 1
1554 50 2
3714 110 1
3306 786 2
4349 4770 1
2500 1293 1
2058 1344 1
2271 2827 1
3285 1672 2
2486 4671 2
3488 591 2
3031 3293 1
408 1895 2
165 1671 1
2389 2495 2
3882 3155 2
78 4202 1
2388 1112 1
3162 1953 1
4417 1777 1
2164 1614 1
3092 439 2
2348 4202 1
236 3350 1
884 1033 2
732 3217 1
4777 4712 2
4591 4233 2
4490 1160 1
3869 3241 1
3227 3819 2
1133 3547 2
181 2367 1
1350 1208 1
1048 4882 1
589 133 1
4636 4786 2
4445 2811 2
2322 683 1
724 1013 2
1299 3838 1
2599 1658 2
2604 976 2
1061 1863 2
449 275 1
218 1067 2
2235 3071 2
1841 4327 2
1403 2621 1
4492 4122 2
913 3572 2
4990 3525 1
392 2630 2
4983 3972 2
2644 1318 1
3427 2190 2
4111 1691 2
1153 1999 2
4334 1082 1
1120 1280 1
2960 3310 1
772 1339 1
4593 2688 1
2408 4452 1
2830 2584 2
1982 2344 1
1530 1659 2
107 58 2
3688 544 1
3072 4617 2
4456 475 1
1799 4860 1
3954 2582 1
1928 2566 1
2993 3461 1
1820 2406 1
4220 4359 2
850 1219 2
22 3203 2
3257 4983 1
2424 3051 2
2042 1524 1
44 4157 2
2136 2794 1
1114 1705 2
1811 411 1
2756 4103 1
3273 1465 1
499 3054 1
483 4090 1
2465 1365 1
2326 2928 2
1009 4008 2
226 3780 2
4455 1046 1
4520 1120 1
4410 237 1
3220 1051 2
2978 1719 1
4490 2101 2
1989 416 2
2208 4833 2
1919 1617 2
513 2743 2
3100 3537 1
1814 721 2
1101 1055 2
2653 1038 1
1762 1871 2
356 3693 1
3721 109 1
2420 2372 1
4164 414 1
1177 2919 1
3778 3558 1
4281 3434 2
3907 243 1
1938 2298 2
4023 4493 1
8 3673 2
406 4743 1
626 3058 1
1527 2758 2
4689 4886 2
1658 3831 2
390 1325 1
1259 2589 2
3256 365 1
1497 2289 1
3236 244 1
2871 2840 2
1289 2386 1
127 2669 1
3708 623 1
4710 4914 1
274 676 1
1213 4879 1
3121 497 2
3983 2763 1
3145 1097 2
2329 3677 2
583 1407 2
3960 4446 1
2294 762 2
3409 1208 2
3006 1457 1
1948 313 1
1811 347 2
2866 349 2
1903 507 2
3425 2352 1
3741 1850 2
3815 4628 1
1695 3268 2
90 4356 1
2770 1668 1
1064 3699 2
4192 36 2
1417 3401 1
4736 593 2
4150 3905 1
574 3329 2
857 40 1
4105 4126 2
1279 1458 1
4257 669 1
300 3101 2
1966 909 2
1343 971 1
1278 736 2
3842 3939 2
2435 4216 1
1877 2074 1
3803 2959 2
1588 681 2
1572 2285 1
2417 49 2
3679 728 1
1794 1517 2
278 2450 2
4116 2765 2
825 3196 1
4735 3071 2
1384 4187 2
2630 662 1
4711 2713 1
1680 4561 1
4190 3095 1
2373 2046 1
856 4595 2
4605 4782 1
1586 4283 2
3119 4294 1
4327 4850 2
4481 3050 1
1407 498 1
416 873 2
4157 262 2
2058 194 1
1934 2019 2
4848 3924 2
1015 3776 1
607 2836 2
517 4677 2
3206 309 1
4340 438 2
4057 2178 2
2805 2077 1
167 2207 2
4078 4474 2
1449 4661 2
1175 2453 1
198 4211 1
244 2741 1
3537 767 2
3364 1090 1
2330 547 2
3970 821 2
4451 4258 2
4405 4175 2
4190 2585 2
4348 2184 2
2721 934 2
2565 2603 2
3627 69 2
4955 1132 1
834 4814 2
3020 4235 1
1516 723 1
3533 3931 1
1495 1228 2
454 1271 1
389 4554 2
1896 1185 1
2890 2149 1
1025 4135 2
2250 591 2
1492 3114 1
3690 2011 1
3504 697 2
1601 4480 2
124 3707 2
4745 2785 1
604 1461 1
3122 1059 2
1179 4046 1
2821 2290 2
2632 4694 1
2645 4781 2
13 2835 1
2868 1081 1
287 3858 2
3177 1586 2
988 576 2
894 2805 1
1519 177 1
583 3497 1
3019 2080 2
629 1289 2
202 913 1
2977 699 2
4211 4073 2
3020 3516 2
2357 4259 2
1502 2112 2
3071 3496 1
737 3381 2
4870 4021 1
1013 2267 1
4329 2997 1
2572 1937 1
1198 4942 2
3201 2250 2
3566 2944 1
2859 2842 1
4190 1786 1
882 12 1
3261 2109 2
3544 586 1
1642 4772 1
4148 3711 1
3118 1597 2
3710 1300 2
656 3141 2
469 253 1
2199 3580 1
4981 4818 1
1089 3158 1
3565 3813 2
4256 1280 1
2717 1220 1
278 26 1
1054 2441 2
2457 3343 1
169 2523 1
1213 3994 1
4821 3860 1
3381 777 2
2058 255 2
2161 1775 2
3705 2992 2
2055 3255 1
1853 366 2
1697 139 2
1365 3822 2
77 3921 1
3739 3532 1
2876 3950 1
3494 923 2
3430 3032 2
2143 1885 2
3354 569 1
3579 3780 1
1825 2913 2
4089 3966 2
1125 1966 1
1726 57 2
1697 2317 1
2931 3586 1
1650 2297 2
2822 3942 2
479 4719 2
1772 2154 2
3373 1349 2
2710 2216 1
325 2637 1
3546 2570 2
3393 2278 1
2883 1450 2
113 513 2
2650 4128 2
3144 2329 1
2262 170 2
3540 290 2
289 2897 1
4981 3868 1
2374 267 1
1860 1727 1
2011 430 2
3750 1958 2
3766 2600 2
4579 5000 1
2446 145 1
3416 4366 1
2108 2805 2
194 4216 1
4329 1637 2
3988 829 1
760 2888 2
3334 3 2
2861 2406 2
2563 2488 1
2738 2307 1
4224 4457 2
1886 3056 2
3421 2197 1
3347 764 2
782 3826 1
1632 2536 1
4341 1280 2
1396 1592 1
4966 2725 1
1117 2930 2
615 3684 1
3600 484 1
221 1713 1
2103 1611 1
1865 1447 2
41 2759 2
358 2309 1
3688 4339 2
3359 2709 2
1272 2708 2
4366 1881 2
919 4515 1
2797 1761 2
4421 2033 2
1253 4616 2
2790 3781 1
1229 281 1
4978 3243 2
1488 1605 1
4512 1739 1
3861 2591 2
3550 4990 1
2596 1303 2
67 1711 2
1213 3544 1
3845 3298 1
88 1612 2
1629 4368 2
350 1688 1
1381 1910 1
783 288 1
4153 2574 1
3395 3257 1
4972 2221 1
1115 1379 2
4228 2352 2
3713 3275 1
3086 869 2
1637 2540 2
2266 723 1
653 3213 2
2105 1273 1
1740 2430 1
3582 3690 2
2003 1020 2
3212 4350 2
2687 705 1
3663 1211 2
4690 2380 1
2252 3146 2
1681 3036 1
2500 4067 2
2177 895 1
1492 1789 1
858 3134 1
4123 608 2
1909 1393 1
3837 1739 2
116 2429 1
2743 2261 1
435 4294 1
3705 3100 1
3079 4113 2
389 1347 1
3580 3667 2
2508 4739 2
2696 3916 1
2743 369 2
774 2052 2
4856 1593 2
1514 402 2
411 3969 1
4534 1364 2
3135 4790 1
2689 211 2
2860 2189 2
1321 3284 1
127 3712 2
2771 3229 1
1236 2305 2
4735 3029 2
1645 3988 1
2661 3578 2
267 1928 1
736 763 1
1002 1416 2
3111 4512 1
693 4870 1
4084 4791 2
925 4185 2
104 2708 1
1708 3222 1
4140 1951 2
3809 1002 1
2707 2640 2
973 3637 2
2092 2714 2
2435 1429 2
3946 55 1
970 4281 1
2268 4239 1
3244 4510 1
3642 741 2
1735 4958 1
4134 4414 2
2505 1625 2
2657 138 1
3264 70 1
518 3413 1
3005 2129 1
4152 4507 1
4560 4076 2
2193 4603 1
4368 373 1
1893 2047 1
1514 1892 2
170 4462 2
2319 1794 2
4989 3870 1
618 183 1
3511 2782 1
2707 3745 1
2989 2815 2
933 1310 1
2021 732 2
632 410 2
2249 3872 1
2233 1432 1
932 1480 1
767 4706 2
4772 2592 1
2268 3243 2
4214 3236 2
3459 3225 2
4816 317 2
1084 432 1
2383 1705 1
1865 1594 2
4688 1392 2
1906 390 2
1269 3433 2
3979 327 2
3623 1228 2
2840 2415 1
3660 3343 1
3013 3887 1
2021 4651 1
597 3629 2
4406 4474 2
446 4441 1
2823 2623 1
2943 2333 2
785 1061 1
4816 3822 2
1916 583 2
1424 691 2
2384 3316 2
2536 4323 2
2970 4135 1
999 4375 2
2144 3752 2
4142 3215 1
1847 3772 2
259 3029 1
1116 3159 2
1957 4950 2
4753 3053 1
1599 3361 1
2572 4597 1
3698 1787 1
1143 2597 1
75 3928 2
1706 2272 2
3890 4556 1
1690 4127 2
4270 4977 1
930 3093 2
1941 1383 2
1378 740 2
4607 3686 1
1377 4331 1
3385 3648 1
4121 2904 1
2644 2461 1
120 4189 2
759 1410 1
2340 3532 1
2658 4743 2
1418 3931 2
2521 1661 1
2724 216 1
3670 219 1
3155 4594 2
2126 1303 1
3830 3495 2
3573 1322 2
3908 4097 1
809 3761 1
1174 2538 2
1140 886 2
3164 269 2
1082 1908 2
2209 243 1
4008 3799 2
2397 4337 1
2071 33 1
4973 3991 2
1657 4302 2
480 4964 2
1534 211 2
870 3804 2
544 1119 2
1354 3099 2
3437 3251 1
4480 2769 2
2808 215 1
2418 3314 2
3389 4958 2
1578 961 1
2533 3886 2
1267 57 1
705 700 1
728 1420 1
1244 4176 2
1183 1049 2
615 3937 1
4532 2892 2
236 1356 2
791 4527 1
2169 4007 2
1288 2112 2
2183 692 1
2623 3321 2
885 501 1
3506 3689 2
3983 1460 1
4531 1157 1
4655 331 2
3995 3607 1
3272 742 2
1821 4633 2
1668 3199 1
2578 3901 1
322 1256 1
4149 3944 1
4876 43 1
2153 524 2
3661 1195 2
579 3265 1
520 4367 1
2838 1652 1
3600 4646 1
1430 3300 1
4426 1435 1
4992 2571 2
483 3858 2
3319 1341 1
598 2903 1
596 1381 1
1959 934 1
413 2212 2
1376 2890 2
2819 181 2
288 1588 1
2544 2193 2
3665 4734 1
4602 3412 2
3789 3247 1
3516 3285 2
3354 3686 1
2615 675 1
3511 1165 1
4875 1262 2
3425 987 1
3217 1352 2
3415 4358 1
1485 3300 2
3658 2836 1
1071 630 1
1060 853 2
2394 1805 1
2299 2982 2
4424 877 1
1994 4649 2
1584 2755 2
4044 2347 1
2778 4901 2
2236 2630 1
2033 2244 1
3174 4382 2
1482 999 1
2444 1044 1
2374 1238 1
162 3375 2
1843 799 1
3968 494 1
1320 4442 1
1778 2320 1
1920 1258 1
2742 3482 1
2969 1575 2
4709 1135 2
2728 4943 2
1841 4388 2
3091 522 2
1660 1606 2
4693 2472 2
320 2646 2
758 3856 1
4069 1026 1
2182 4104 2
3590 2000 2
1390 1280 1
679 339 1
2749 283 2
2497 301 2
4037 4107 2
1829 3782 2
4190 1188 1
1128 3424 2
4036 2076 1
4779 999 1
6 3520 2
521 3006 2
862 892 1
1082 3034 1
3052 4403 2
2764 151 2
2870 3286 2
968 1848 1
518 3013 1
3538 2955 1
292 4348 2
4173 3290 2
4178 340 2
4917 2487 2
118 3092 1
1290 4966 1
4538 2953 2
3545 3771 2
2618 856 1
5 1357 1
1529 3933 2
4431 4563 1
1857 583 1
1062 1232 2
1603 3826 2
3649 4141 1
4299 64 1
2033 442 2
3591 1965 2
233 4142 2
700 749 1
4681 3639 2
2965 2061 2
3931 846 1
4858 4330 1
4382 1341 2
3785 673 1
3911 3575 2
3331 1746 2
3052 461 2
1135 3572 2
2827 4757 1
571 512 1
1048 3531 2
2207 4267 2
1436 4689 2
788 3128 1
2994 3477 1
2097 1020 1
4169 4681 2
1692 3875 2
597 457 2
1922 2626 1
2857 1492 2
4747 2690 1
4529 3894 1
3383 1597 2
2175 491 2
3819 665 1
425 467 1
3251 1680 2
2155 1148 1
3219 3113 2
2424 362 1
3352 4135 1
607 3586 1
2098 1731 2
1843 4090 1
1797 345 1
4167 3655 2
2598 4011 2
3500 2101 2
1837 442 1
3586 4174 1
706 164 2
2665 3907 2
3136 4538 1
1291 3166 2
3112 1572 1
1924 4625 1
3687 198 2
1093 4951 1
1049 2410 1
3756 3318 1
4429 1271 2
599 1678 2
1533 2071 2
791 1671 1
274 1813 2
217 1348 2
4851 2703 1
3340 257 1
1379 4505 1
869 1658 2
1605 4571 2
1870 1637 1
3412 2881 1
4984 4185 1
3245 2839 2
1765 4991 1
4627 2309 1
3500 1870 2
4541 2653 1
1273 391 1
3240 1706 2
87 495 2
1633 2185 1
4255 2796 2
2253 694 2
3736 4456 1
2272 2551 1
4032 2000 1
954 4973 1
1208 3121 1
4182 2244 1
2300 4009 1
1205 4606 2
4015 1851 2
3872 2978 1
3592 4885 1
4088 4866 1
1544 2244 1
555 4888 1
4387 2208 1
1873 2306 2
4679 698 2
4888 1512 1
2055 496 1
4061 2827 2
2436 4450 1
2230 3058 1
4314 16 2
3812 3318 2
2573 2920 1
3610 175 2
3363 2270 1
2527 4124 1
145 927 2
297 1856 2
1033 2488 1
2761 2656 1
1874 1121 2
256 2268 2
2999 3020 2
4002 582 1
242 266 2
2960 2460 2
1352 1917 2
4592 207 2
4359 947 1
3646 3588 1
1911 3207 2
2159 1954 2
1833 4231 2
1462 1914 1
3484 1239 2
34 1061 2
3101 333 1
1230 2667 2
1277 1233 1
2197 4198 1
3494 3324 1
3488 103 1
1938 2357 1
3412 3142 1
3239 1207 1
450 2387 2
3216 3392 1
4942 3068 2
4595 4323 1
928 4096 2
2646 1894 2
531 1900 2
4669 5 1
12 2838 1
2340 333 2
3039 1014 1
3589 179 1
923 2218 1
2777 2287 1
4652 2698 1
750 2096 2
2151 851 2
2993 3297 1
1134 834 2
4666 3425 2
2430 3795 1
4588 4788 2
3018 753 2
2714 4558 2
3987 156 2
1761 1202 1
2143 3277 2
2702 938 1
1118 2017 2
3124 1173 2
2074 1043 1
4288 2921 1
628 4958 1
1846 1612 2
147 2658 2
3858 2229 1
3096 1897 2
4457 3820 2
2462 2523 1
1169 49 1
795 538 2
1962 2732 1
754 2901 2
3284 3821 2
4375 2054 2
1416 1089 1
1237 4214 1
4646 3331 2
3314 497 2
2518 860 2
4437 1505 2
4731 947 1
227 564 1
2605 509 2
3801 1229 1
2155 4336 2
4538 1109 1
4516 4724 2
3941 853 1
3988 385 1
2317 3497 1
101 4032 2
4027 4908 2
1077 1776 1
1485 1314 2
525 1712 2
2138 1409 1
2220 4378 2
949 2048 1
2847 3792 2
1801 711 1
448 2061 1
3600 1786 2
4697 4415 1
1026 2701 1
2973 1244 2
76 290 2
2564 2258 1
4599 1656 2
4545 409 1
4915 615 2
3826 2256 1
4812 3790 2
1547 2155 1
131 516 1
1250 1753 2
3714 1718 2
1247 2938 2
3738 826 1
1714 499 1
1500 3752 1
150 2416 1
2614 2931 1
462 504 2
4014 4815 2
1299 505 2
960 3496 2
4710 3912 1
576 4881 2
502 553 2
661 806 1
3387 2779 2
423 262 2
4076 1139 1
917 4878 2
930 3625 2
2270 3310 2
934 4499 1
749 950 1
4060 752 2
3884 4940 1
4841 4603 1
3529 4221 1
3983 2897 1
3051 1341 1
2176 4678 1
823 839 1
4898 1323 2
4349 4040 1
2540 3072 2
2992 2012 2
2282 4814 2
3584 1208 1
1580 748 1
3755 842 1
2493 4186 1
2439 1866 1
1389 3747 2
3264 3633 2
4789 3915 2
2012 63 2
669 2285 1
837 3692 2
2033 3565 1
3547 992 1
4743 922 2
2621 543 2
4728 3828 2
564 3680 2
1206 3638 2
2415 4217 1
335 1399 2
3088 3010 2
4151 1032 2
1069 2224 1
731 677 1
2309 2798 2
539 2802 1
1430 363 1
2906 3336 2
4918 1296 2
4737 4555 1
2402 2353 1
2012 2444 2
2789 821 1
3368 1741 2
1821 4519 1
3364 989 1
2489 4116 2
695 357 1
1801 80 1
94 2022 2
3227 2648 1
3309 2020 1
2620 964 1
1252 3241 2
1098 2796 1
1930 1809 2
1072 232 1
1794 2249 2
2998 2572 1
2699 730 2
18 2353 2
4275 2622 1
4276 4192 2
4730 4462 2
2868 4003 2
578 3118 2
1087 4914 1
1152 3865 2
960 1419 2
3884 4209 1
681 801 1
3926 4092 1
551 3645 1
1201 2936 1
3860 1367 2
2722 3190 1
369 195 1
2637 200 1
1956 2178 1
659 2495 1
3573 1961 1
1165 1206 1
4086 916 2
2335 4920 1
2326 4861 2
104 3105 2
3852 605 2
9 2898 2
2333 1512 1
2248 3177 1
967 732 1
1422 3146 2
2418 4298 2
1060 1497 1
106 2524 1
1199 3101 1
2537 3448 1
4114 2662 1
325 1522 2
1550 3398 1
1818 4136 2
3746 4676 1
2914 3583 2
2 3154 2
1270 3592 1
45 1368 2
378 2965 1
3766 1755 2
3082 1377 1
4160 274 2
2606 2368 2
3206 195 2
4643 3062 2
3671 4157 2
2723 1649 1
1089 993 1
1406 2750 2
2165 481 2
1408 1294 2
4088 2059 1
2402 4626 2
2014 3133 2
1913 392 2
3741 1989 2
3309 158 2
1037 4323 2
4019 3804 2
762 4158 1
3659 4443 1
1920 4895 2
3259 546 1
3430 868 1
1179 2637 1
4239 2925 1
3640 4380 1
381 4419 2
1081 792 2
290 1282 2
2124 2344 1
3966 4443 2
1612 311 1
3553 541 1
4240 1561 1
3382 1069 2
3972 2930 2
3697 760 1
4286 1165 2
1390 1575 1
3699 4825 1
4130 565 2
3824 3458 2
2601 2040 2
4564 1006 1
2139 1368 2
805 4803 2
4832 4534 1
4932 4404 2
2515 1594 1
4170 3137 1
2677 50 2
4578 837 1
569 757 2
4008 4110 2
4195 3162 1
1800 2659 1
206 2635 1
2189 2248 1
3389 3410 2
4098 157 1
715 4966 2
1404 939 2
1952 753 2
654 1575 2
1040 4484 1
2083 385 2
2291 2980 2
835 370 2
3737 3474 1
680 1628 2
3579 1052 2
3151 112 2
4162 1962 1
3520 4607 2
2375 4732 1
4508 765 2
3646 2564 1
331 339 1
134 3264 2
3465 4121 1
1222 1489 1
4759 2025 1
1172 254 1
1674 4320 1
2035 3672 1
4844 1535 2
4094 137 2
2478 3349 2
4842 2602 2
3793 4633 2
288 2436 2
633 2985 1
1860 3451 1
2817 2838 2
1155 295 1
1133 2255 2
3992 3464 2
3774 3597 2
3103 1742 1
3138 3293 2
2919 2991 2
3415 33 1
903 4638 1
4263 1185 1
3891 1674 2
436 2118 2
4245 2337 1
1014 1424 2
1058 4577 1
1720 1068 2
3656 87 1
2329 4391 1
4163 3208 1
1097 4511 2
4382 718 2
720 513 2
1252 3668 1
3371 2803 2
127 1583 1
931 1971 1
4716 2956 2
4504 3560 1
1444 1324 1
971 2935 2
3916 116 1
1212 1471 2
3142 2406 2
4335 64 2
1091 3722 1
3303 1613 2
2057 4596 2
414 2652 2
2305 1640 1
1107 1852 1
4759 4986 2
4610 570 2
2454 1895 1
2193 3033 2
3127 4563 2
234 1084 1
607 31 2
1252 3879 2
1861 4393 1
3409 615 1
858 770 1
2958 1874 2
647 3501 1
4382 2672 1
112 1483 2
3976 1733 2
3048 1587 2
3284 2988 2
3875 1015 1
2665 1125 2
2309 1012 1
3308 2083 1
2058 4550 1
2070 3096 1
2159 2433 2
3593 3508 1
1256 687 2
3587 2857 1
3978 1062 1
3288 4744 2
3989 4815 1
855 3181 2
4186 3411 1
4718 627 1
1492 4222 1
536 4661 2
671 1235 2
4399 3370 2
2183 4225 2
1644 2538 1
4261 950 2
1147 1261 1
3022 1733 2
1580 875 2
3654 4570 2
1337 3897 1
2800 636 1
2870 4793 2
2722 559 1
391 2848 1
3504 4870 1
4624 3913 2
3063 2572 2
2331 3510 1
1771 1800 2
309 367 2
940 3160 1
4492 4966 2
1202 3927 1
100 4198 2
3761 3140 1
4895 3106 1
4405 115 1
4604 4713 2
1906 2180 2
3665 3621 2
4793 2887 2
2610 162 1
1176 891 1
418 2639 2
2265 4789 1
3069 1616 2
4297 1666 2
1071 4307 1
3263 644 1
1496 1667 1
1764 4507 1
183 491 2
764 119 2
4435 2551 1
2329 1337 1
218 2701 2
202 2948 1
1841 4141 2
3091 2521 1
4189 2265 1
340 1300 2
2784 2774 2
3142 1451 2
2576 1767 2
4665 3070 1
4967 4977 2
610 2944 2
3370 521 1
3773 2019 2
4625 3558 2
2169 657 1
939 4475 1
929 4927 1
4536 361 1
2258 968 1
2541 1080 2
803 4245 2
1164 4845 1
1900 1 2
1706 4352 1
3213 498 1
3564 2749 1
3247 1659 1
4076 1533 1
4806 187 1
531 1407 2
1374 2680 2
447 1357 2
4108 108 1
2073 1831 2
1223 1883 2
978 714 1
4409 4442 1
1077 2419 2
3750 4365 2
4357 4888 2
3615 4834 2
1589 1942 1
911 4603 1
1336 4903 2
1340 587 2
3861 325 1
1335 3916 1
2005 756 2
1159 3350 1
2695 1831 1
569 1896 2
570 4190 2
81 96 1
3958 2050 1
4568 4755 2
596 3981 2
32 4794 2
1309 1413 2
3300 288 2
1952 855 2
4101 2377 1
783 1658 1
4121 4563 2
4819 3227 1
1303 960 2
1811 3151 2
3294 4641 2
3652 2124 2
4512 681 2
1277 3081 1
2818 1485 2
3431 252 2
2137 3624 1
3544 2762 1
283 689 1
1750 2069 2
2033 451 2
3005 1396 2
4592 4267 2
1268 2076 1
3738 1133 1
4260 1228 2
283 2891 2
990 2836 2
2134 1031 2
557 1011 2
3711 987 2
1105 65 1
4762 2024 1
98 1642 2
1027 4604 2
3709 841 1
2954 113 1
2090 3599 2
3558 195 1
2538 4766 2
2921 2330 1
1056 2120 2
3899 1396 2
3477 3016 2
3634 3820 2
3044 1006 2
3238 2291 1
453 468 1
533 2132 2
4145 938 2
855 805 2
2700 3169 2
4732 773 1
4866 1836 2
398 2723 1
2175 138 1
729 3989 1
1936 617 1
4692 959 2
3459 2385 2
2171 3432 2
1318 4192 2
4561 3932 2
3441 4707 2
3831 1562 1
345 3665 2
3936 3978 2
1634 2596 2
2173 1238 2
1429 330 1
3175 3433 2
4632 961 1
1472 1772 2
4132 4734 2
310 3367 2
3775 2876 2
3602 4562 2
1958 104 2
2562 4933 2
3066 4389 2
3805 3457 2
3706 3696 2
4200 3421 1
1942 1968 2
1671 4741 2
283 346 2
2900 1465 2
1497 1650 2
979 2798 2
2225 3310 1
3286 1443 2
3319 113 1
294 2766 2
263 2101 2
4499 1006 1
4792 217 2
2462 4978 1
1797 3468 2
4660 3916 2
4908 39 1
1333 1521 1
4699 4019 2
3884 4317 1
2544 1537 2
4519 3323 1
370 1413 2
4958 2384 2
2572 1966 2
1328 2344 2
782 1779 2
4410 840 2
1086 2395 2
2068 1996 2
67 1306 1
3744 3501 2
444 3148 2
886 724 1
4347 213 1
4118 858 1
4523 859 1
2423 566 1
3523 2023 1
2911 160 1
3866 675 2
4863 4837 1
1211 4250 2
660 3724 2
2983 3648 1
4543 3471 1
2140 1459 1
4760 3181 2
4108 1800 2
291 4871 2
897 4107 2
4631 385 1
2019 3852 2
3909 1540 2
143 136 2
794 1175 2
3275 2159 2
2417 3817 1
129 4780 2
709 80 2
2232 656 1
2935 4492 1
4701 4102 2
1795 4181 1
3300 2125 1
2103 2131 2
4997 2444 2
998 3333 1
816 2592 1
3024 4859 2
1562 4580 2
2778 3958 1
2602 1457 2
3030 1737 1
1426 690 1
2337 192 1
2387 1562 2
562 3085 2
1211 489 1
4317 2773 2
2637 3985 2
2658 2294 2
2075 563 1
1173 2899 1
4436 3224 2
2024 2305 2
1014 3345 1
4623 3338 2
2402 327 2
955 4622 1
4618 311 1
314 2060 1
3946 3196 1
2531 1793 2
2994 1754 1
3164 4003 2
3097 4686 2
4225 318 1
1169 3195 1
557 1998 2
2108 4815 2
2350 3157 1
1127 421 2
685 2135 1
3250 87 1
4131 176 2
4031 154 2
3773 2714 2
1273 173 1
4545 1958 2
3905 3217 1
1255 1696 2
402 136 2
2915 218 1
1710 747 2
834 2452 2
634 530 2
1914 3166 2
1459 2399 1
262 63 2
4991 690 2
1746 3180 2
217 2621 1
3931 3659 2
4566 3146 1
597 1254 2
4642 3790 2
1410 4772 1
1671 4654 1
4165 4753 2
4040 1058 2
1908 3319 2
4822 870 2
91 2210 2
460 3557 2
453 933 1
1545 2610 1
4986 4427 2
3376 2627 2
2650 1330 1
1481 4506 2
3484 2381 2
1148 1050 1
927 4274 1
3651 3649 1
482 1054 2
1194 4770 2
4555 4850 1
2720 3185 2
852 2708 1
4208 556 1
615 96 1
1512 4635 2
3719 3615 2
718 3263 2
3721 4446 2
1677 2198 1
4399 2325 2
2997 4006 2
2139 2427 2
786 4115 1
2273 2379 1
4673 4769 1
3910 2089 1
4356 4804 1
568 2128 2
2144 2571 1
3784 3670 1
1289 3074 1
3560 4027 1
3036 2553 2
4565 2178 1
827 1933 2
1853 4288 1
2086 3988 1
316 3011 2
4791 1894 1
118 3186 2
4120 1898 1
4100 972 2
2336 1253 2
2793 1114 2
1671 4470 2
47 2276 1
524 1514 2
761 148 1
2284 2857 1
4055 2631 1
18 3769 1
3501 350 1
3342 798 1
4172 2935 2
3627 1320 1
1181 3511 1
1489 2288 1
4374 184 1
445 4409 2
3436 3067 1
3378 4479 2
4886 3015 1
2344 4705 1
741 140 2
1655 4349 2
3044 1916 1
3857 3226 1
1546 451 2
2826 562 2
75 1401 1
3636 4155 1
506 743 1
4565 2142 1
332 1237 2
2486 4219 2
1690 3842 2
3416 622 2
3608 3965 1
243 3691 1
922 1602 2
2316 3087 1
3102 3287 2
4579 4059 1
1871 1900 1
3593 3728 2
294 351 1
4771 3747 1
4705 4271 1
2667 4482 2
2460 1105 2
3543 3969 2
2143 4977 2
1874 2613 2
4601 3571 1
892 2582 1
4920 405 1
4850 101 1
2176 3651 1
4973 3277 1
4989 2208 2
262 4240 2
1360 3107 2
456 599 2
2757 3251 1
2627 2522 2
538 3720 1
4394 102 2
3148 1911 2
3392 2825 2
4882 3671 2
3916 1652 2
287 2252 2
3765 4432 1
4541 1116 2
2988 2520 1
4259 2959 1
3052 2563 1
2796 1763 2
3147 4029 2
3152 2002 2
1300 4158 2
3111 1917 2
2579 1753 2
1381 4352 2
2588 1846 2
4511 2261 1
3706 3997 1
1019 2172 2
3471 3831 2
3857 4616 2
4723 2333 2
3475 4813 2
4463 335 2
1656 2145 2
123 183 1
3191 2687 1
1156 1750 1
3033 252 1
472 1991 2
3150 4470 2
1003 2958 1
3007 3916 2
3598 2789 1
938 3466 1
41 2831 1
2621 2091 2
3871 4219 1
2461 537 1
3634 578 1
1521 4138 1
3374 3505 1
3052 284 1
3217 671 2
2303 908 1
1336 4481 2
4788 4162 1
3709 3577 1
1009 3453 2
1248 623 2
4441 2052 2
934 4368 2
4747 3450 2
2468 1498 2
2449 3283 1
10 4601 1
2876 2562 2
3610 1864 2
3624 480 1
3275 4280 1
1046 3802 1
4285 1159 1
1766 3065 2
4336 2900 1
855 1031 2
1474 1644 2
4793 1011 1
2614 300 1
2739 1442 1
3565 33 2
3621 2729 2
4855 4523 2
3737 2648 1
4603 3425 2
4644 2592 2
3125 1979 1
2990 1734 1
4620 2311 1
2496 4817 1
408 4203 1
4979 1849 1
1996 4687 2
4955 3583 1
3281 2873 1
3790 109 2
1130 274 1
3818 1543 2
4016 545 1
936 2935 2
4543 3002 1
3290 1338 1
268 2893 1
3463 1316 1
1099 756 1
1491 368 1
627 1762 2
3908 3817 2
932 2025 2
2536 4714 2
2104 4096 2
2981 4539 1
2443 2289 1
3535 2444 2
3309 1354 2
2697 3824 2
4705 2944 2
1493 652 1
3475 4235 2
1466 3073 2
3816 1763 2
901 1259 1
963 917 2
2723 1303 1
1298 172 1
946 4239 2
3752 747 2
578 3880 1
39 1120 2
1283 4044 2
1203 827 2
3504 2023 2
1169 36 1
305 2128 1
4516 3912 2
4311 2942 2
2977 1641 2
819 2371 2
1391 3557 2
162 3751 2
2596 4668 1
480 3976 2
1158 4565 2
2909 377 1
4826 1625 1
1198 754 1
3432 1278 2
1818 4674 2
1386 3672 1
4391 1798 2
1793 1115 1
4861 749 2
1636 3659 2
3403 1553 1
2065 16 2
1660 4813 2
2897 2366 2
3737 3039 2
338 3801 2
1120 2424 1
3045 1582 1
236 4733 1
777 1287 1
870 646 2
167 2059 1
85 4754 2
3159 72 1
4499 1844 1
2189 2056 1
3455 603 1
4623 3678 1
1599 1999 1
4393 2671 1
1855 1652 1
2817 3878 1
4368 4642 2
4160 3630 2
3775 3400 1
2671 877 1
2797 4189 1
4214 1501 2
1384 4873 2
3528 3194 2
4208 2009 2
1304 4509 2
2732 966 1
3527 4048 1
2776 2332 1
2580 3716 2
1734 4789 2
3314 3871 1
1532 2657 1
2911 1172 2
4757 2487 2
4074 3063 1
2593 3521 2
470 3194 1
3845 3963 1
3157 4867 1
2176 198 1
4676 4060 2
1225 9 1
4737 4167 2
3594 2234 2
234 1821 1
1460 517 2
4270 1064 2
1810 4789 2
3196 3048 1
117 60 1
2737 3566 2
1078 4501 2
1916 1697 2
1860 1837 1
3347 3940 2
2897 2921 2
3453 3504 1
2174 487 1
2169 4672 2
3666 2959 2
2330 3712 2
3288 1796 2
750 565 1
776 2801 2
1382 3137 1
4324 4770 1
2005 4044 1
2602 1221 1
1129 2441 1
4025 3388 2
1606 1928 1
4991 2027 1
4453 1609 1
1104 3041 1
4920 4570 2
3801 148 1
3553 1793 2
561 2897 2
3694 1187 2
3701 1263 2
1130 575 2
3498 408 2
1268 4853 1
4024 4420 2
3738 2545 1
3377 4111 2
857 1086 2
815 784 1
4212 4336 1
1772 1490 1
4054 35 1
4115 2961 2
676 491 1
1455 150 1
838 1997 1
44 1058 1
2826 1588 1
350 1239 1
52 3999 1
4993 2451 1
4633 3701 2
3784 1140 1
3686 2098 2
969 1292 1
1889 1438 2
2555 3137 1
1746 2536 2
559 2488 2
55 176 1
1348 384 1
3914 3501 1
4317 4652 1
148 3034 2
4506 2817 1
1471 2926 2
1105 2812 1
614 2847 2
4658 4243 2
3823 685 1
4684 2325 1
2857 3175 2
2245 1031 1
1146 4015 2
540 2805 2
2672 1880 1
128 1008 2
1026 476 2
3567 1069 1
3157 369 2
358 735 2
2941 3516 2
1215 3005 2
2425 3760 1
4935 453 2
4154 4640 2
1786 2729 2
545 970 1
889 670 1
2166 4261 2
3472 1727 2
4670 481 1
4691 4992 2
1299 4531 2
247 552 1
3874 3629 1
515 754 1
3380 3428 1
3109 3104 2
1778 1379 2
4490 2238 1
57 2010 1
2782 2136 1
4731 1874 2
1110 538 2
2813 999 2
368 3647 1
4262 1123 1
3528 2772 2
402 1036 1
3470 694 1
235 2577 1
3188 3913 2
4089 2589 2
3434 2045 1
4058 3076 2
4954 1123 2
4087 4642 1
4569 2563 1
4466 1261 2
4136 4290 2
452 3195 2
501 3203 1
2003 2241 1
2183 1791 2
3766 1503 2
1873 216 2
4485 818 2
4885 2511 1
3112 3574 1
1355 4154 1
1200 1293 2
1194 605 1
4213 3756 2
405 607 1
234 1712 1
2819 1188 1
107 3995 1
4671 126 1
29 4584 2
3055 3880 1
4486 84 1
1255 1053 2
4867 1722 2
2101 4002 1
2278 974 2
1510 186 2
1987 1335 2
4558 1266 1
1707 1200 2
3300 4042 1
2342 3439 2
2058 1926 1
2865 956 1
423 1226 2
4976 3875 2
2310 191 2
282 4434 2
4613 177 2
2190 4827 2
4755 4732 2
1222 3043 2
3041 2962 2
33 1247 2
4930 634 2
1684 2826 2
4153 1467 2
1675 2758 1
2447 1996 1
4015 3652 2
1383 2982 1
2596 3316 1
1670 776 1
932 1860 1
3564 4984 2
1032 1135 2
2631 3987 1
2632 991 1
121 4342 2
3716 2009 2
3135 2621 1
1429 31 1
1321 4471 2
2473 4576 1
2337 4896 1
2330 3578 1
1702 2454 2
230 1869 2
1727 846 2
648 282 1
4299 2659 2
3449 3981 2
2996 2104 1
4687 4381 2
2222 768 2
3122 931 2
921 1654 2
1946 1686 2
2816 2661 2
1194 4167 2
570 2771 2
760 280 1
4829 2955 2
2837 3210 1
3511 1341 2
103 435 1
1078 884 2
647 3896 2
4828 2206 2
1725 545 1
3388 1315 1
2499 3957 2
369 1518 1
21 2541 2
1480 2766 1
3773 738 2
546 2029 1
3188 2384 1
735 4163 1
3045 3827 1
1745 4339 1
3635 2583 1
274 4554 1
4889 4358 2
660 4560 2
170 2189 2
1889 4252 1
2361 1055 2
2311 4408 2
1328 4740 2
1071 426 2
1007 3302 1
268 4861 2
3468 3678 1
4813 2031 1
1470 2850 1
533 1337 1
2138 1863 1
406 1272 1
2407 1945 1
224 528 1
4586 3588 1
1694 482 2
2283 480 1
2184 2571 2
3106 1304 1
2085 4852 2
2555 2019 1
1682 2041 2
341 73 2
1788 1501 1
2706 615 2
3069 3885 2
3997 3917 1
2802 4791 2
182 4082 2
2511 4698 2
1949 3215 2
3080 4877 1
2333 4215 2
1448 3445 2
4022 345 2
3544 888 2
2673 3740 2
3096 2011 2
1133 3406 1
281 2938 1
1916 4114 1
840 2148 2
688 4397 1
920 1258 2
1781 4771 1
676 1981 2
1195 4642 2
2898 2210 1
4053 1829 2
3391 1119 1
3923 31 2
3718 892 1
2161 3287 1
4994 4387 2
1961 1155 2
3152 2827 2
681 4171 1
4751 52 2
867 1257 2
1171 4903 1
3937 4310 1
51 2533 2
1481 996 2
3883 3108 1
3824 2272 2
4439 1119 1
2586 486 2
617 674 2
407 3139 1
2000 3257 1
963 2248 1
4525 810 1
4652 1385 2
3508 4055 2
2130 4458 2
1017 2460 2
3901 1633 2
3641 1948 1
646 4279 1
2417 2832 2
2627 2677 2
4451 988 1
646 3807 2
2111 3251 1
1193 3962 1
3378 279 2
2123 2990 2
262 2877 2
2613 4939 2
2246 1484 2
405 291 1
4201 2854 1
1811 2177 1
1007 3127 2
2125 1439 2
4204 115 2
908 1566 1
3347 2192 1
2472 322 2
3444 2537 2
4165 3086 1
4399 3866 2
4451 2130 1
3900 1798 1
1318 1942 2
4773 1413 2
217 916 2
3849 17 2
3775 3864 2
2833 1784 2
500 1604 2
1830 3069 1
2533 1327 2
855 1513 2
971 4720 2
393 2802 2
1689 1831 1
4439 711 1
1013 785 1
3847 3499 2
4275 19 2
1350 1540 1
4491 1323 2
1788 2820 1
241 3695 2
3554 4469 1
1602 3922 1
3262 2588 1
115 3071 1
3710 735 1
229 3157 1
864 3210 1
834 3190 2
547 1037 2
420 450 1
2820 3913 1
4846 1612 1
1956 3310 1
4433 4872 2
4133 3432 2
4897 360 1
192 1757 2
398 2454 1
2019 1805 2
2520 840 1
1574 4473 1
2200 794 1
71 2941 1
3440 1056 2
698 1154 1
4597 170 2
2558 4614 1
556 4144 2
4813 4533 2
4786 831 2
1222 3463 2
1962 1753 1
1534 4614 2
2022 1526 1
1946 1755 2
1634 2633 2
2621 2421 2
4028 896 2
3902 4429 2
309 2871 1
3661 3328 1
389 2819 1
3119 449 1
2217 1439 1
1146 2718 1
2332 3264 2
3205 4216 1
2415 3970 1
4966 1815 2
1688 548 1
2821 3721 2
2843 1476 1
2268 2712 2
3969 3580 2
4737 124 1
4620 377 2
4098 185 2
2807 4889 2
359 1133 1
411 1464 2
3021 52 2
4006 1815 1
2935 2138 1
4238 123 1
1567 2138 1
29 1925 1
1290 2243 2
3557 3753 2
197 1057 1
1405 3145 2
895 3921 1
3798 2293 2
517 4616 2
2719 3952 1
3982 4027 1
2323 2078 1
3984 4871 2
4350 1644 2
4082 441 1
3955 907 1
4520 4 2
4080 3141 1
422 1806 2
1613 992 1
48 368 2
3780 3089 1
475 1621 1
4301 3415 2
1220 3823 1
767 1822 1
353 284 2
1069 4768 2
1423 536 2
1106 4661 2
1395 2302 2
2492 1247 2
4668 4813 2
1419 1496 2
2814 3315 2
2162 4666 1
3897 212 2
1881 2020 2
2328 1392 1
3076 1153 1
1235 1196 1
3258 260 1
734 2351 2
2862 2346 1
942 1866 2
4559 2241 2
2813 722 2
1392 767 2
1555 1413 2
4729 2686 2
2671 1871 2
1897 1271 2
2951 2814 2
2583 428 2
1324 1926 2
4074 3712 2
2229 256 2
2531 2850 1
2973 4187 1
4683 2557 2
1727 1540 1
953 1464 1
3889 4597 1
192 3220 2
487 2038 1
3144 2617 2
4904 3685 1
717 3762 2
2899 3586 1
1828 3878 1
2690 2449 2
4670 4190 2
1597 879 1
3784 920 1
1615 1041 2
86 2933 1
2840 2505 2
2787 4486 2
4232 967 2
3434 66 2
326 4303 2
1351 2248 2
429 3682 1
4102 4436 1
4484 4000 1
3939 684 1
953 4467 1
687 436 1
2981 4923 2
3456 4143 1
607 4207 1
164 2349 2
2600 1912 1
653 4242 2
3331 3879 1
1063 879 1
286 2227 2
542 3191 2
4948 2516 2
4864 683 1
2300 4214 2
3657 2632 2
3418 1728 2
3508 3460 1
1899 1645 1
764 1655 1
3351 1728 1
3418 3282 1
234 1569 1
4259 2642 2
1569 2401 2
4501 4605 1
2373 1935 2
2650 2589 1
3545 2218 1
1557 1195 1
3256 4373 2
107 3260 2
891 4895 1
668 1695 1
249 1975 2
1300 3591 2
574 2671 1
2144 4924 2
4790 1424 2
1204 1976 2
2802 4527 2
2229 769 2
878 3863 2
3158 3137 2
3577 513 1
2992 2333 2
3161 4344 1
368 3671 1
4298 1235 2
3073 611 2
3763 4477 2
662 4660 2
2859 3795 1
4892 2576 1
4704 2767 2
550 1225 1
4939 508 2
598 2757 1
3349 3686 2
696 4626 2
4097 2412 2
544 1494 1
4888 2817 2
1952 2643 1
4848 4096 2
2728 4993 1
4161 98 1
513 2908 1
393 3674 1
4408 1758 2
1919 795 2
3064 2667 2
1769 2237 2
3610 2626 1
3269 3513 2
2181 1030 1
2670 700 1
1470 2916 1
755 795 1
1274 3178 2
2926 2178 1
1667 704 2
1207 1033 2
1782 3901 1
2708 3084 2
2395 123 2
979 4944 1
2756 2468 2
2811 2281 2
3190 2907 2
3366 1479 1
495 3440 1
1903 4290 2
2851 756 1
1118 2867 2
3821 3137 2
3484 781 1
3974 4112 2
4971 3028 2
4980 4475 2
894 3115 1
1199 878 1
620 4020 2
28 96 2
1238 4587 2
4668 2862 1
1079 2886 1
193 2296 1
3138 3202 1
2393 1838 2
1398 1488 1
3073 614 2
347 2566 2
299 3040 2
4348 725 1
1400 4742 2
2274 3875 1
3592 3092 2
403 4716 2
4946 4988 1
634 4066 2
3112 4071 1
1920 3921 2
1800 635 1
284 28 2
4173 444 2
69 4017 1
2849 708 1
2654 1971 1
4084 3243 1
1943 3874 1
1961 3744 1
3481 1848 2
4577 1682 1
2760 4459 1
4075 3974 1
4202 4923 2
1429 4807 1
4789 3089 1
2225 3551 2
2573 3185 2
2999 2011 1
4954 2389 1
2711 2241 2
4082 357 1
1981 1323 2
2540 558 2
2891 499 2
4414 4361 2
2744 1477 1
6 4084 1
563 2798 1
1275 3793 1
3329 3749 2
3770 3240 2
3086 1776 2
169 4423 2
1670 4968 1
3529 4418 2
3347 280 2
2363 3910 2
435 1503 2
2322 918 1
1733 3629 1
2830 3133 2
1321 3974 2
3150 3249 1
3577 3628 2
198 4904 1
4732 3402 1
1576 385 2
2393 1646 1
207 4353 2
2728 953 2
2826 2160 2
1381 4757 1
2794 5000 1
648 1176 1
807 2341 1
4297 4656 2
3396 817 2
620 4956 1
840 1238 1
2926 2771 2
2112 1072 2
1044 3969 1
3547 3064 2
1006 3281 2
4122 187 2
805 1062 2
1671 1715 2
4673 2450 1
3888 4151 1
1806 2558 2
3414 3037 2
597 178 2
1680 3303 1
3464 3355 1
2006 4680 1
1093 2707 1
1971 4990 1
1782 1083 1
4456 3426 2
2514 1729 2
2995 3730 2
2551 587 1
4932 2312 1
2673 1091 1
4161 2027 2
4947 1438 2
4173 2179 1
4744 2013 2
4913 4678 2
1302 1850 2
1465 4788 2
12 3955 1
1751 1929 1
2919 2460 2
3583 4837 2
1482 2611 1
3797 4232 2
4306 1496 1
4866 2097 2
1163 3822 2
374 4701 1
522 3601 2
3979 1419 2
637 518 2
877 2605 1
1195 4927 1
3402 3980 1
2250 3110 1
954 975 1
3450 4064 2
4317 2832 2
3950 1946 1
1586 1181 2
468 999 2
4819 1818 2
4255 606 1
1303 2076 2
3498 3114 2
754 159 1
3602 4614 1
4704 1222 2
2496 4800 2
2571 40 2
190 4533 1
2076 3183 2
4247 4312 1
3887 552 1
1906 1727 1
3840 392 1
4924 2839 2
484 785 2
3411 1617 2
3664 3774 1
2911 151 2
4314 4724 2
3330 4637 2
4582 1695 2
1724 83 1
2890 1445 1
4061 423 1
3482 3699 1
561 2969 1
3583 3059 2
678 4956 1
2617 965 1
325 3304 2
591 1931 1
5000 2067 1
4460 2906 2
4465 3277 2
446 1001 1
3711 455 2
2457 1802 2
2252 4154 2
3455 1783 1
88 734 1
2244 2148 2
2753 3910 2
286 3040 1
3799 3962 1
4491 3176 1
2911 4454 2
1565 4199 2
4779 3526 1
1123 616 2
590 301 1
1850 2531 1
3065 1798 2
594 842 1
4402 2550 2
755 4067 2
1649 2489 1
2117 971 2
4363 2868 2
2262 3904 2
2330 3486 2
3657 4261 1
3558 1159 2
4985 2162 1
923 2577 1
3265 416 1
1514 3557 2
2954 2995 2
3514 4054 2
2342 4985 2
3657 3452 1
3954 3475 2
1688 746 2
2307 2943 1
2713 4780 1
1 1996 2
