100000 5000 81637
31862 25817 2
22226 92649 1
5035 85662 2
21197 84356 1
11093 18207 1
76879 15664 1
8128 56438 1
91751 53878 2
87518 79263 1
70854 4808 2
50242 13820 2
92322 73335 2
87524 43857 1
40822 58491 2
49984 54153 1
88288 29520 2
90806 81583 2
89282 28755 1
48236 82070 2
44451 392 1
53543 51026 1
54155 81015 1
29302 15517 2
74794 46475 1
24711 92339 1
7505 84754 1
71184 79446 2
31479 68192 1
36711 86378 2
51701 67275 1
72970 20090 1
23883 70608 2
25593 47633 1
52569 97485 1
31383 13954 1
52454 67909 1
81804 66913 2
797 31327 2
39013 65224 2
65131 83559 1
26419 90259 1
29731 81452 1
78504 50660 2
31162 80832 1
3581 60192 2
66539 55644 2
17871 18543 1
75571 68025 2
3357 42112 2
51830 6807 2
43276 62435 2
36313 9690 2
20547 27053 1
31173 77064 1
50895 12631 1
84171 96908 1
25344 58016 2
86075 12726 1
23722 45062 2
73099 97913 2
77094 68401 1
92502 15116 1
26222 52937 1
33530 70762 1
99588 64762 1
50137 19570 2
89067 94039 2
74521 47015 2
9741 43924 2
79620 208 1
15251 61291 1
78281 36569 2
24624 51160 2
21881 65905 1
39831 92061 2
57610 19306 1
1216 65727 1
43832 98877 2
17479 56039 1
21791 31971 1
61069 82753 2
25282 4444 2
42101 12576 2
45095 14700 1
21352 76600 2
24793 78937 2
29938 83139 2
7525 83791 2
75074 45661 1
59997 15260 2
42574 79816 2
51544 78388 2
39181 59913 1
63088 23310 2
40443 12425 1
80482 57157 2
22968 48340 2
58578 75640 1
7497 8797 2
67812 970 2
30358 1625 1
46020 14402 2
44874 79295 1
73023 82156 1
99159 90831 2
98056 74103 2
47663 74376 2
32916 21494 1
71084 69167 2
862 57471 2
59369 43983 1
484 16910 2
16294 78548 1
90632 82147 1
3784 70831 1
13967 48224 1
87862 29205 1
40165 16940 2
29501 4768 2
99160 8434 1
35853 81004 1
88313 42019 1
34555 74267 1
81886 67440 1
98493 63762 1
1794 45904 2
94513 65946 1
88964 13152 2
80726 23583 2
99268 79678 1
5200 85140 1
16937 28910 2
72168 17102 1
31965 26165 1
45450 91749 2
28559 21600 2
71718 24630 1
32560 42302 2
75088 23875 1
30199 61378 1
5088 12209 2
31805 41698 2
22899 99496 2
69506 49627 1
62152 5623 2
68230 69322 2
79203 42702 2
70512 24084 2
88461 95971 1
86635 48479 2
16370 66670 2
93956 39447 1
49890 38956 2
3501 69258 2
34224 63391 1
98173 13036 1
26998 17100 1
74990 3284 1
80015 40572 1
11646 97117 1
31644 57435 1
22702 52774 1
38304 23261 1
88710 60434 1
8996 52756 1
38639 329 1
93107 52219 1
5143 87125 1
32287 96110 1
70705 38822 2
47930 39663 2
72050 5103 2
32574 60419 2
17269 65798 2
18886 38739 2
16184 6344 2
17106 12460 1
12829 71474 1
75207 80383 1
18378 83081 1
61357 705 2
85865 70771 1
36143 93388 1
83337 92188 2
37055 77437 2
53659 46323 1
43855 88532 2
57526 16266 1
55224 12279 1
90643 69721 2
32119 87439 2
18865 29435 2
96651 7272 1
54994 94607 2
99833 79542 2
22717 45240 2
78184 4459 2
71034 91454 2
869 55778 2
82233 88235 1
62464 65047 1
39531 88655 2
69966 37101 1
94215 41405 1
76901 86150 2
19335 16075 1
11042 55886 2
58440 69238 2
50182 36593 2
81998 94652 1
73205 63777 1
75837 33664 2
74006 33905 1
57825 11785 1
27510 84668 2
54215 28771 1
84965 12318 1
34018 96444 2
3799 40986 2
34087 96200 2
66276 50131 2
87921 25406 2
60104 76402 1
34877 33178 1
52292 82854 1
59279 12217 2
83707 59712 1
24460 96607 1
29078 15827 2
37342 51412 2
15520 46106 2
25395 84706 1
6795 98866 2
91870 73305 2
59658 9915 2
76021 82796 2
39861 13851 2
63601 52242 2
78792 16827 2
52913 57893 1
10531 64520 1
56535 88006 1
2795 92307 2
67817 4887 2
2792 28498 1
3377 49951 2
83173 72669 1
23358 10474 1
18420 6801 2
70497 76327 2
88647 76112 1
46609 82184 2
94584 42495 1
50215 20357 2
66498 37735 1
37475 30329 1
2437 63830 2
63301 55556 2
25254 24603 2
63476 79367 1
52972 4076 1
93947 94635 2
63236 62307 1
56615 58458 1
95551 26461 1
32202 55396 2
22671 80250 2
827 13020 1
47469 59872 2
14772 99321 1
13974 7096 1
16083 13781 1
83465 83951 1
17945 5425 2
235 48759 1
14734 93711 2
45571 25571 1
50395 34583 2
7230 75406 1
40782 33299 1
50156 2709 1
80538 68594 1
49793 14616 2
2676 45993 2
30325 34141 1
31383 83341 2
16772 31085 2
49089 826 1
7855 15734 2
36724 71791 2
43066 13575 1
8662 34096 1
82412 49558 1
80753 12707 1
36433 94238 2
59187 45715 1
66331 88025 2
24783 61488 2
60221 85355 2
26171 36077 1
67471 57943 2
90448 49377 2
77037 24071 2
4429 45511 1
95832 56008 1
77525 19966 1
17043 59499 2
75212 88649 1
60679 33094 2
52029 36399 1
55679 62641 2
15063 56732 2
98669 82826 1
92587 79199 1
26307 31121 1
69552 9802 1
39931 13804 2
48192 44021 1
27824 65028 2
93464 15260 1
16163 37767 1
70108 73564 2
1654 21892 1
99504 58458 1
18708 53522 2
33632 61532 1
97255 15145 1
65593 29293 1
52257 25350 1
5709 37501 2
70516 34412 2
69748 88127 1
79322 61918 1
59014 73834 2
26445 54214 2
78113 61529 1
27600 2065 1
82601 66571 1
86596 3697 2
98019 17059 1
99732 45306 2
15257 71177 1
19498 98757 2
28633 16455 1
99095 24495 2
12214 11340 1
14383 90587 2
6501 84973 1
8874 46668 2
10914 52831 1
36165 43180 2
33097 83518 1
78143 53257 1
19516 45450 2
34396 11314 1
26244 33285 2
55430 49790 2
45672 31318 2
11846 11461 1
76023 39560 2
32879 40165 1
80645 91660 2
48052 10206 2
11077 12210 2
62381 45174 2
6548 74932 1
35543 81911 1
59374 25388 1
70192 20556 1
73590 8281 2
32735 27207 2
47219 89598 2
68938 33982 1
8205 90691 1
13373 31497 1
20372 74066 1
21034 63462 1
97146 76283 1
73092 6486 2
64404 92304 2
20962 12669 1
52796 73258 2
87363 7941 1
96978 14914 1
98116 90524 2
18038 27353 1
80651 91249 1
64240 45136 1
1184 54971 2
67337 18609 1
27758 32850 2
75183 95492 1
31047 9972 1
90389 187 2
88029 68258 1
37456 33511 1
96554 1088 2
98619 28448 2
50889 31160 2
32308 21696 2
64154 18807 2
73213 84456 1
74178 57871 2
67740 68315 1
76233 20948 1
29915 33246 1
90138 58495 2
14696 28287 1
46886 83790 1
77686 89418 2
40705 57346 2
75131 31637 1
66148 23999 2
81456 58997 1
6665 66351 2
9140 62247 1
39698 62560 2
60809 2057 2
20451 36513 2
68853 54941 1
85539 39465 1
69763 99117 1
54175 43920 1
56640 48193 1
96359 95316 1
13886 52139 1
10095 84438 2
50900 65980 2
11312 250 2
16379 16652 2
46948 31307 2
95987 73398 2
31949 72948 2
94780 7417 2
75438 25064 2
69469 64376 2
46896 52858 1
96705 63003 1
51263 87078 1
74293 83212 1
46251 9287 1
10540 7707 1
50472 31134 1
56827 41979 2
23982 59634 1
60925 96130 1
51801 88522 1
48943 76109 2
61194 75317 1
1813 79001 2
56228 48482 2
26292 43947 2
66288 15496 1
80694 57033 2
81465 45344 2
72169 97919 2
43793 30886 1
9056 94428 1
54795 29915 2
53968 34898 2
67262 43910 1
30260 14521 2
38632 63470 2
40042 7180 2
83881 16641 2
40308 64170 1
43140 85553 1
83768 24919 1
78401 59378 2
29665 38072 1
48046 45406 1
17851 11131 1
16601 41809 1
46682 82093 2
52056 75468 2
75156 52033 1
91297 34294 2
25602 69712 1
1330 50838 2
68420 93939 2
50122 88859 1
94298 55371 1
10062 53524 2
93643 6010 2
14789 27032 2
68738 54631 2
42108 39744 2
40044 3390 1
19748 24264 2
56219 14638 1
28271 27825 2
61286 89161 1
47894 50114 2
25671 10951 1
31510 5858 2
95899 30083 1
77358 25184 1
3686 15484 1
68802 49516 1
21868 62134 1
76443 17563 2
95865 89175 1
78309 71590 2
218 14698 1
19696 81995 1
31522 46559 1
46768 94699 1
95238 90217 1
21213 36907 2
50561 70014 1
34324 46675 2
1745 80699 2
27795 44722 1
22712 15550 2
62305 94423 2
13628 37994 1
99204 42713 1
39591 14150 2
78472 93105 1
64103 71390 1
59423 37179 2
2159 51841 1
79100 46585 1
86069 63713 2
41527 21487 2
16402 93078 1
72876 38984 2
38981 37627 1
77819 36400 2
53104 8976 1
56522 16951 1
19641 2294 1
90718 46516 1
37067 70710 2
78694 37280 1
14066 95835 1
73872 37719 1
63298 98675 2
89714 96187 1
75985 16657 2
46082 44176 2
34137 26414 1
15870 56865 2
23799 91844 1
42790 80026 1
35567 70290 2
5181 77195 2
2469 74363 2
41867 89260 1
63781 96838 2
65757 30515 1
69468 39455 2
58148 99231 2
29084 49557 2
81522 5489 2
25404 51578 2
86720 76366 2
65206 83174 2
36555 93822 1
78728 40533 1
21394 54736 1
10035 6148 2
77114 98420 1
35327 50616 1
40554 75167 2
23381 98039 2
95663 58379 2
56803 43980 2
38841 6036 1
51100 19303 2
43772 99292 1
38517 6587 2
89873 39975 2
52554 80383 1
69746 74368 1
43158 21006 2
31713 51603 2
73982 96998 2
30177 8849 1
87495 40557 1
33724 33999 1
25468 41735 1
76699 8518 2
43369 31425 2
73905 22005 2
9250 44810 2
13617 15866 1
3677 92756 2
74099 91837 2
93811 44568 2
77203 78374 1
16196 79471 1
42962 38914 2
97616 96825 2
60243 10241 2
80510 2618 1
23263 14619 1
99384 63576 2
27522 98918 1
56269 95135 2
59595 93378 2
25423 37469 1
23504 90702 1
97683 90054 2
94888 48367 2
99411 95729 1
91343 51088 1
17391 42712 1
61605 82813 2
14951 3100 1
55727 80839 1
67427 18784 2
95637 57603 2
85324 59465 1
97186 11819 1
23568 54308 2
62024 9403 2
39713 50016 1
9721 45461 1
54615 42479 1
63215 93662 1
13514 98826 2
6213 67038 2
27608 31530 1
80187 76164 2
37989 76464 1
65590 93344 1
98934 95197 1
84765 70375 2
38741 23002 1
4637 46643 2
49712 46450 1
32294 48736 2
47802 67795 1
21325 28144 1
24649 20977 2
1608 29768 2
23830 69571 2
71957 42257 2
29984 33444 2
24755 79544 2
31241 9811 1
34854 23854 2
3095 74131 2
62807 97288 1
75829 42476 2
73938 8448 1
9327 22088 2
95271 95954 1
74265 95543 1
86602 32000 2
9161 65387 2
29139 89455 2
30457 97085 1
13695 50824 1
85318 19686 1
88333 82712 1
88947 90055 1
38497 37776 2
97479 62818 1
32676 1061 2
90858 80382 1
10338 89297 1
90412 84199 2
25867 46416 2
52191 40619 2
87730 48836 2
66520 27422 2
30257 79922 1
74130 76631 2
18883 62307 2
35114 57457 1
2057 19204 2
22372 27019 2
61094 6790 2
84901 63304 1
13379 43742 1
1975 86416 2
23115 58918 1
28872 72045 2
51664 5530 1
2635 52815 1
42596 5980 2
19285 17417 2
78625 82257 1
22561 50321 1
60066 1730 1
22445 15492 2
91976 78012 1
51675 383 1
60885 95088 2
13073 90247 2
45300 58612 1
78617 92354 2
57519 59551 1
55969 52284 2
10072 33009 1
42684 80643 2
5857 52777 2
22880 54956 1
22659 28333 2
96486 45996 1
84987 52102 2
47246 35423 1
11336 5249 1
62072 53124 1
6959 207 1
56075 20862 2
96663 77157 2
17650 54837 2
86893 2205 2
85497 7475 1
89954 25588 2
27957 75528 2
85832 40714 2
11258 93639 2
95896 31141 2
94690 52998 1
55886 30926 1
67629 92034 1
44587 82802 1
7387 99608 1
72147 62434 1
31380 49677 1
41069 46451 1
45024 68136 2
56422 79935 1
65487 54675 2
33294 6755 1
12755 95997 2
33337 94175 2
58081 38682 1
41535 39705 2
70804 69089 1
38364 49946 2
94026 55085 2
13265 8175 2
38309 61661 1
44993 92329 1
80298 62997 1
42133 67549 2
29573 59739 2
27896 75141 2
21252 25914 2
18524 33182 2
69784 31266 1
70804 45640 1
42167 72166 1
39352 89513 2
35164 75356 2
45316 82442 1
53157 64225 1
44536 44152 1
93716 68627 2
6265 9124 2
32912 31157 1
74447 75364 1
35265 50862 1
77445 68432 2
91095 57002 1
94413 71141 1
87427 8343 2
37529 10694 2
11035 57706 2
56803 38838 2
89371 66424 1
83558 84351 2
47103 86557 1
13890 96814 1
7914 54424 1
27996 58164 2
53059 29005 1
6555 68071 2
51538 50626 1
77260 3839 2
52647 23874 2
50080 55577 2
22484 87165 1
95625 61527 2
23726 92806 1
49376 23967 2
53360 28276 1
12034 69208 1
93943 69729 1
37390 10672 1
70823 62574 1
7753 81688 2
36292 67965 2
68730 35846 1
17274 79606 2
30830 3826 1
45815 86722 1
41397 74553 1
49131 6003 2
49667 53246 2
495 1722 2
87984 18692 1
76091 53808 1
93240 50709 1
13389 24718 2
68508 71358 2
66889 46964 1
47904 45648 2
34132 53862 2
47211 70337 1
84152 42730 1
75945 83209 1
41348 6155 2
29164 52997 1
5129 97081 1
85255 87832 1
56638 51239 1
7218 17989 2
62300 71244 2
96905 23638 1
49538 33283 2
95981 67576 2
49938 12330 2
20225 21373 2
16402 52710 2
39374 27512 2
78125 190 1
39871 10340 1
60880 9564 2
45862 24382 2
58669 85968 1
18613 53222 1
65499 26988 2
71590 62051 2
20147 74504 2
55508 23132 1
96693 17599 2
92320 11679 2
43393 48753 1
2380 22461 1
9759 76992 2
32771 11532 2
41495 70131 1
41327 8100 2
17593 27061 2
64162 98307 1
67895 68342 2
78734 64105 2
7910 29289 1
30893 24060 2
97345 35461 2
60633 68101 1
13126 31557 1
55253 99026 1
48534 92072 2
36930 35154 2
61433 57585 2
53035 69820 2
82424 31943 1
12090 30696 1
642 9686 1
48864 1300 1
43495 34445 2
99601 88224 1
69312 19679 2
30949 11602 1
62533 88290 1
43001 39092 2
68181 45042 1
63340 43057 2
40626 463 1
65442 9211 2
74850 49434 2
35045 8776 1
27087 10748 2
63902 88912 1
14952 3104 1
81440 21777 1
45182 79572 1
65374 35883 2
72648 28972 2
83792 87621 2
9183 18559 2
29011 91206 1
4899 51400 1
26533 94844 1
98452 46694 2
51501 83225 1
29401 66524 1
69809 67408 1
51133 31058 2
96765 56701 2
99213 46418 1
12995 70779 1
27739 48460 2
49590 21867 2
74462 77778 1
92526 3507 1
400 8733 1
41671 75709 1
91918 966 2
31169 65972 1
10364 49229 2
59329 20426 2
67198 73430 1
9199 16501 2
960 7943 2
85782 86509 2
83728 93388 2
22216 82256 1
83358 94483 2
78775 85279 1
18274 47216 1
46557 78366 1
25078 19610 1
42325 99351 1
71288 99148 2
31423 14744 1
66474 58181 1
73888 98928 1
75346 22505 2
59008 41782 1
47546 28989 1
83690 91746 2
95633 15342 2
91823 75218 2
84936 11275 2
20899 62343 2
75605 13927 2
37631 70565 1
61139 86584 1
64509 49687 2
7617 11355 2
91935 53608 2
1503 11629 2
61609 63690 1
91284 97683 2
78722 71379 1
61706 94323 1
35767 74332 2
17616 83545 1
7096 75457 1
31319 70643 2
85561 43747 1
76182 80597 1
24179 14761 2
61479 9110 2
3840 34618 1
74727 13873 1
58786 28132 2
10841 96518 1
86236 38425 2
20132 4694 1
23992 8397 1
13393 75402 2
53919 35609 2
99438 11116 2
77412 40731 1
46317 39532 2
44666 4660 2
19557 73628 1
27801 8104 1
67952 20021 2
82205 1953 2
7564 25200 1
42055 75565 1
55899 73134 2
94074 40764 2
92514 51825 1
85791 59394 1
32845 38880 1
51905 48571 2
56298 38151 2
67538 52002 1
44041 75156 2
2661 85400 2
92963 19516 1
81233 15588 2
17808 28980 2
97460 14029 2
91375 64952 2
44974 94978 2
15618 8903 1
39906 51538 2
17519 8452 2
20376 10388 2
87520 7767 1
30302 89505 2
78532 53162 2
62594 75733 2
92300 36365 1
21082 33265 2
67471 55283 2
34204 58620 1
47590 31027 1
78086 13277 1
74608 20423 2
77367 28451 1
82447 7824 1
47028 82814 2
54794 91408 1
93796 18371 2
48425 62126 2
31284 33931 2
80732 93558 1
50261 13428 1
73685 33302 2
19129 38687 1
42088 19683 2
44025 19344 2
31794 21746 2
73234 85426 2
17904 40959 2
98115 92368 2
62723 1481 2
16624 90909 2
3507 95060 2
35170 95501 1
19305 90694 2
2149 8186 1
56915 91594 2
72809 53856 2
56995 75184 1
4354 28192 2
90833 7595 2
93832 58209 2
84021 63185 2
78776 92842 2
85165 3487 2
23248 73802 2
30781 96915 1
56119 40177 1
29770 22352 2
27859 70292 2
68702 47453 1
58672 35564 1
89288 5190 2
88032 21719 2
15705 10970 2
53302 33750 1
30535 79275 1
25802 80782 1
29197 96497 1
16632 44423 1
98697 85223 1
23488 26192 1
10910 45964 1
16840 6489 1
53392 92516 1
52021 96311 2
9482 52661 2
8854 29187 2
43771 2890 1
99449 5211 2
53908 17491 2
51732 33632 2
66348 6723 1
78781 56343 2
97244 1713 2
61298 79528 2
84804 51416 1
53619 76770 2
32484 98742 1
94083 35413 1
57252 99057 1
80042 85462 2
41388 88269 1
82549 92126 2
67884 26199 1
92181 22732 1
36054 48158 2
74236 27902 2
24639 75828 1
41987 90300 2
35490 32369 1
76775 47022 1
67228 38384 1
26855 19712 2
52657 12753 2
82664 70213 1
33158 77429 2
44145 26225 1
45061 63333 1
8783 24926 2
83356 80844 2
98610 78888 2
39614 59384 2
70478 51793 1
85568 79549 1
89724 27166 1
43069 38162 1
31030 99127 2
43251 85553 1
50366 91883 2
89124 6459 2
33400 55658 1
45910 95890 1
63659 55241 1
77779 48286 1
57763 14466 1
26250 74057 2
78386 95601 2
49036 74115 2
59083 83800 2
66735 77982 1
28934 42523 2
72079 99506 1
60287 81733 1
66088 2715 2
96727 65122 1
94493 74550 2
69425 62147 2
2325 47048 2
32406 13053 2
21080 98263 1
85970 33834 2
99222 68718 1
45236 74246 1
78784 14782 2
66898 16595 1
70573 4855 1
72771 77526 2
19735 43795 1
52195 64823 2
78363 34700 2
97362 18917 2
83069 85473 1
35029 43504 2
40353 63381 2
45108 59277 2
21011 8656 1
84698 13142 2
69568 4092 1
42169 86567 1
35451 42729 2
50787 17602 1
27097 75753 1
68210 94060 2
57973 16213 1
85057 46094 2
55661 12646 2
57968 3060 2
59043 37596 2
21892 70801 2
79676 95867 1
70116 70970 2
69316 5257 2
13885 86374 1
51273 85586 1
99168 61493 2
4636 16772 1
88191 16454 1
44051 96723 2
55507 61886 2
72970 50134 1
91065 71848 1
57085 58056 2
99472 43888 1
12943 76136 2
42044 42471 1
20742 94585 1
92358 24226 2
44332 8803 2
13147 89691 1
28112 13520 2
38184 6222 2
57891 74704 2
99780 35389 1
20028 3637 2
16551 2765 1
74804 48408 2
50059 96487 1
84427 35730 1
63922 50520 1
8289 50180 2
57567 65649 2
78813 54959 1
40059 82471 2
70730 24637 2
37010 17268 1
66197 50518 2
40372 83668 2
74896 47884 1
19700 86089 1
31026 7760 1
30604 79576 2
17749 22330 1
80663 20106 1
49271 77925 1
54422 69004 1
26745 24016 2
7532 39887 1
28483 73310 2
32482 5160 1
92094 56119 1
87396 73585 1
6584 82661 2
27745 18887 2
85092 22808 1
21519 23242 2
9847 36674 2
94212 76448 1
21996 43676 2
85726 34673 2
67777 52479 1
88541 69964 1
93624 65452 2
91683 76641 1
94135 52901 2
17531 25190 2
59816 24625 2
23631 18931 1
76954 1916 2
24433 22373 2
75742 46164 1
64755 90782 1
96235 43693 1
39438 98755 2
69434 80766 2
19359 55869 2
32042 38914 1
58021 537 1
99869 63672 2
33381 25768 2
39930 56964 1
1062 95904 2
7337 73420 2
74998 6488 2
21722 37915 2
84195 65776 1
23870 91201 2
6178 98631 2
89164 31280 1
65195 85091 2
47198 23553 2
78778 99213 1
3857 35566 1
79984 84786 2
48841 52789 2
42961 99267 1
42218 53211 1
60196 10742 1
52352 422 1
79734 11138 2
57144 95458 1
7543 72007 2
229 52862 2
64219 64676 1
64924 28236 2
1498 63519 1
96888 50404 2
95856 19937 1
34934 9121 2
13854 38519 2
75930 75010 1
83047 67442 2
47465 59371 1
43796 8552 2
11949 96354 2
73873 49201 1
92052 4178 1
47597 12778 2
89809 4619 1
95902 36981 2
11738 65760 2
46395 19575 2
77256 19079 1
79872 69177 1
5338 26429 1
75597 67496 1
61778 48864 1
23303 41910 2
11318 43411 2
79638 19254 2
29328 63645 2
86117 12835 2
10063 67082 2
22790 86746 2
1956 42856 2
74827 4091 1
89542 71180 2
48270 71916 1
6574 75755 1
94794 50006 2
7932 8673 2
57567 10150 2
95856 53261 2
86930 33293 2
77809 34163 2
7114 66785 1
41578 85304 2
33365 71738 1
49416 90666 2
48481 25237 1
93245 20534 2
6947 69717 1
36704 94768 2
80275 31325 2
23115 31726 2
81550 567 1
75548 57037 2
64019 85040 1
71252 95083 1
27079 4441 1
43803 56619 1
57297 86856 2
79834 84340 2
59166 25589 2
89439 44338 1
37694 86941 1
66717 68404 1
83077 62179 2
64873 16236 2
59435 96298 2
52574 23186 1
36876 25052 2
99162 7522 1
83593 82982 1
13183 51161 1
41670 50361 1
59315 70843 2
12746 37003 1
13888 86320 1
88514 94868 1
95476 22915 2
95773 33298 2
4290 15362 2
5969 79301 2
4544 12289 2
49685 91571 2
95111 33399 1
94693 20965 1
68215 66366 2
82594 93064 1
45328 60535 1
36495 41102 2
89593 77636 2
95221 49802 2
4444 73037 2
24063 33912 2
85256 4476 2
46335 11762 2
31726 98624 1
3015 96284 1
55781 31438 2
67665 25401 2
29735 91323 1
36792 403 1
59953 50211 2
88893 93367 2
97063 67846 2
87939 29974 1
95661 66277 1
89714 78534 1
38735 95977 2
18008 33151 1
36474 76445 2
62723 91007 2
38817 83375 1
92712 13510 2
48601 97971 2
66208 56539 1
71389 98048 1
80357 14725 1
56426 94577 1
26906 90290 1
90532 34980 2
73856 24499 1
33200 2687 2
80226 75070 2
5944 32198 1
2986 51147 1
99178 82022 2
28233 56952 1
86585 33934 2
16211 86245 2
6842 67376 1
25632 72793 2
41929 52517 2
60205 25083 1
2690 58950 1
57913 70425 2
57960 52243 1
61352 78469 2
32769 82928 2
89956 64370 2
19671 41923 2
26839 30012 1
21785 29720 2
32913 65853 1
25912 39549 2
77384 83321 1
7146 36454 1
41331 22931 2
65355 42346 2
70831 27797 1
42647 42756 2
74682 87245 2
95537 44787 1
14491 8906 1
92000 45882 1
83192 36643 2
54892 89345 1
45213 79120 2
56773 56338 1
26684 69487 1
9533 84700 2
46312 5952 1
80329 58004 1
46905 89098 1
76291 6511 1
76555 31348 2
90571 67274 1
12958 56940 2
8097 22242 2
30935 64420 2
60461 32092 2
9918 62575 1
53720 2590 1
37887 7241 1
39344 54548 2
48361 87469 2
61960 99948 2
51441 15548 1
83125 87898 1
78576 14460 1
97330 40821 1
15265 6263 1
82141 70328 1
69796 52920 2
40376 14946 2
30110 58706 2
27753 79350 1
58999 79352 1
51258 34876 1
48570 26982 1
56697 33502 2
75480 91703 1
72345 48396 2
1285 83404 2
73008 7801 2
73498 45291 1
89047 42715 1
16049 66366 1
23597 24622 1
39565 80208 1
69044 76594 1
85583 81140 2
22482 98089 1
65121 36222 1
82610 91130 2
28496 29543 1
63105 98513 2
94058 42285 2
54065 93084 2
20932 79664 1
4601 24879 2
49942 30167 1
47826 577 1
38556 66569 1
78396 6413 1
55607 34325 1
97015 41906 1
27658 86154 2
42987 60820 2
45983 69087 2
2048 34776 2
26815 95468 2
36422 92268 1
95773 74319 1
5359 22301 1
5036 95913 1
88336 79326 2
38372 18462 2
51620 2376 2
25697 74585 2
22504 48916 1
41444 42117 1
25536 57731 2
97264 41333 1
95313 695 1
21998 14397 1
47941 65111 2
43562 63094 1
77002 49295 1
42131 74014 2
92083 5709 2
46847 18134 2
6805 50757 2
61956 78946 1
25003 97230 2
16448 37997 2
26803 40771 2
47635 92194 1
14383 70884 2
54848 11988 2
89669 4402 2
4239 82711 1
11712 21558 2
62446 58852 2
88876 46874 1
10347 3001 2
47357 4846 1
66524 41111 1
46473 11205 2
7991 85506 2
95401 21941 1
89018 15621 1
25149 53435 1
60740 13259 2
40229 37589 2
74618 87975 1
24424 51878 1
37859 80237 2
61489 41269 2
75213 48054 2
38477 84398 1
37734 66400 2
36110 16479 1
59555 33900 2
35691 37116 2
7932 55679 1
15518 91005 2
46702 85857 1
30500 53915 1
32696 87841 1
46913 69078 2
40510 67246 2
95865 68849 1
55753 83807 2
13816 53844 2
36261 64333 1
31403 74634 2
35746 94900 1
21157 18721 1
86228 57142 1
75547 7020 1
13075 59543 1
27048 96580 1
76252 53794 2
88170 72355 2
5933 63810 1
17923 87047 2
49965 16394 1
75513 54325 2
96130 31534 1
39414 65492 2
82361 85096 2
61224 41134 1
32001 34644 2
38786 85394 2
76464 39251 2
71738 38197 2
32509 84812 2
10217 12780 1
4740 78151 1
36078 29971 2
62533 54000 2
83627 4329 1
71046 76026 1
24678 33618 1
85420 38681 2
51050 29076 2
422 87911 1
65507 52122 2
90082 36960 1
38502 27892 2
88950 66789 1
43974 53845 1
72632 65661 2
34720 8948 1
47046 58448 1
32944 80075 2
3872 15882 2
26938 46619 1
52361 92318 1
79266 58726 2
31177 32288 2
148 37812 2
5134 30218 1
99133 27439 1
21062 5464 1
88175 24742 2
28742 98700 1
5377 64430 1
71782 33546 1
42285 7772 2
97795 85117 1
33201 11916 1
52412 75857 1
89518 77278 1
34166 4342 2
20364 96979 2
61560 62788 1
46228 4308 1
43151 63633 2
80404 43436 1
96363 59772 2
63583 12329 1
60928 56454 1
96555 68031 2
90119 44628 2
60817 70820 2
49050 17679 1
74832 96341 1
37115 80483 1
13065 38992 1
90670 90979 2
85988 30936 1
89082 20195 1
69675 117 2
15244 95069 1
25098 80657 2
979 95533 1
45365 82075 1
22085 62165 1
98946 71880 1
17689 42010 2
91594 12525 1
65547 43460 1
44365 20518 1
82300 44482 1
35979 56755 1
64143 32484 1
19851 66422 2
68301 55647 1
30680 99862 1
2466 83533 1
66430 10846 1
73277 69258 1
26610 5438 2
32916 45272 2
74664 99401 1
16798 75516 2
54714 39158 2
66935 71359 1
72904 57728 1
71775 2445 1
90674 96070 1
71771 63545 1
24000 7371 1
4083 98071 2
42779 48695 2
91475 57281 1
19441 67796 1
27882 5875 2
61108 62769 2
62893 25583 2
29244 19395 2
51509 4282 2
48385 33567 1
95901 9949 2
58721 6338 2
29669 12709 2
26656 10057 1
21874 8451 1
77091 66617 2
83531 57676 2
65364 5944 1
77917 71066 1
35073 66034 2
46233 65513 1
56125 5269 1
17297 56123 1
30046 58677 2
72638 17397 1
77661 76105 2
88445 65119 2
52025 73452 2
82189 38056 2
57620 55037 1
16338 52032 1
61972 22847 1
52726 14717 1
93764 68442 2
69123 22966 1
29104 664 1
50601 91787 1
96941 43657 1
97438 20283 1
60430 37407 1
90842 54540 1
71664 79570 2
7095 42278 2
11279 63934 2
10007 87896 2
77998 50784 2
29885 8562 2
36596 14685 1
10194 60906 2
47113 19931 1
97826 9271 1
90205 30054 1
9469 41241 2
39298 56940 2
80758 44879 2
60525 2209 2
73031 39935 2
73465 33852 1
1643 17041 2
26659 44280 2
82915 69172 2
35119 19444 1
95954 15864 1
28418 39892 1
38977 99987 1
94438 36894 1
17372 86781 1
50953 59517 1
1458 10195 1
29534 96289 2
37881 99671 1
20250 73724 2
14439 48462 1
90872 67431 2
82554 22241 2
23894 89947 2
77298 72125 1
48502 58553 1
47121 43059 1
41726 45187 1
42882 26104 1
94616 72864 2
28591 73158 1
64755 85532 1
96042 47641 2
62912 98053 2
89925 92372 2
84085 6287 1
79161 26298 2
80173 84369 1
15971 87316 1
26567 52934 2
25442 94641 2
93059 53389 2
67803 6113 2
5224 90378 2
46325 18234 2
641 49762 1
91166 68884 1
39354 21283 1
80676 93516 1
17608 20826 2
36988 48228 1
64415 68250 2
33374 46145 1
29145 764 2
95558 62284 1
48534 53241 2
24821 68754 2
43446 68050 2
86767 54148 1
31457 94057 1
16315 14296 2
80735 43077 2
84230 41222 1
59233 57426 1
35200 37451 1
82166 54751 2
36189 61065 1
45270 43358 1
22837 49701 1
88315 58567 1
12996 62888 2
50083 44085 2
28299 37247 2
30704 13671 1
49773 58428 1
30664 74017 2
48979 23634 1
41461 80680 2
78729 26620 1
97829 19306 1
75134 91734 1
69547 26196 2
47400 44803 1
3484 4761 1
76158 5254 1
69427 88434 1
66780 97321 1
93934 99097 2
59554 46809 1
92367 75116 1
44309 94023 1
22045 92624 2
71773 79688 1
94848 1612 2
99045 71894 2
70280 24010 2
32223 41070 1
70182 85785 2
37693 98768 1
90992 59181 1
36441 16034 1
11362 4157 2
69518 45101 2
67128 165 1
65788 87294 1
64566 4258 2
81224 69543 1
36992 27416 1
24249 18907 1
98050 2255 1
53277 70517 1
73544 87794 1
90626 61394 1
4487 93295 2
86333 9970 2
4691 61273 1
58406 67323 2
98151 60873 2
21818 6966 2
93056 31481 1
9976 63600 1
52066 88360 2
65477 64667 1
83537 65337 2
48840 92682 2
60825 11667 1
42062 84248 2
11240 97794 1
43367 44194 1
31790 45877 2
33351 35336 2
33828 61886 2
98182 33936 1
89122 66037 2
63168 14083 1
94631 59189 2
23094 37134 1
3828 97886 2
89036 12515 1
76145 69073 2
79273 45237 2
31207 69047 1
12186 69503 1
44645 34651 1
74382 68350 1
26556 299 1
68379 73266 2
79107 80347 2
62680 18754 1
31475 81601 1
86561 35317 1
21771 38202 1
66039 38585 1
75405 68740 2
381 12511 2
66431 51362 1
55068 82525 2
20332 46972 2
59263 25931 1
49761 84572 1
67608 36679 1
15216 20721 1
57401 88113 1
60688 12368 2
60540 30799 1
58042 64942 2
47132 59882 1
69262 45031 1
68538 72431 2
79436 54586 2
31353 82032 1
45052 11531 1
3265 23968 1
55078 78112 1
6400 8123 1
44603 19173 1
35044 49339 2
43402 50728 1
63426 57444 2
42091 73501 1
37235 57497 1
49112 84347 1
98225 61028 2
72399 45212 1
69791 9234 2
97298 79841 2
89982 82421 2
20742 76076 1
68121 70880 2
24727 20165 2
68570 4143 1
43891 45046 1
14418 8540 1
37611 6031 2
48565 91339 2
85557 96162 1
79995 34175 2
57452 65543 2
57793 73890 2
39502 82554 1
20422 5345 2
40477 49912 1
75918 51246 1
80511 30566 2
88579 97597 2
21630 56554 1
50127 38087 2
87369 29616 2
3010 64458 1
67857 16710 1
53810 6758 2
78317 17056 1
84758 28129 1
27190 87797 2
93707 6693 2
3596 78240 1
94671 18525 1
48111 92064 1
25897 50715 2
97126 73368 2
64383 95797 2
58076 3055 1
29661 37347 2
91582 78610 2
49557 24739 1
55518 27405 1
4186 49590 2
92755 64278 1
36420 35232 2
7575 98 1
54703 93771 2
78087 33006 2
86203 78244 2
24487 88183 2
74637 99677 1
10588 51810 2
62541 18506 2
83791 853 2
19047 32260 2
63921 92252 1
78538 53449 2
44977 47749 1
56139 47193 2
66120 41028 1
78147 46363 1
37326 26256 1
96429 66198 2
98913 15204 2
5481 81368 2
68965 45439 1
60508 72947 1
12447 60196 1
56878 63419 1
87993 89595 1
32714 12489 1
47874 98606 2
34881 66875 2
42187 84237 2
96551 21073 2
72650 61418 1
89269 80562 2
86299 91550 1
87173 60677 2
40026 75906 2
38778 11864 1
2058 28023 1
40021 82173 1
721 38303 1
89984 67656 2
83321 58209 1
6888 22418 1
90097 99049 1
43163 633 2
79786 79237 1
12494 5694 2
69563 61289 1
39385 33029 2
7614 78028 1
29272 94808 1
52624 25545 1
39404 8037 2
16629 78559 1
28952 69243 2
52785 74193 1
48230 52081 1
60528 72487 1
74463 85312 2
79519 22731 1
49942 34468 2
66928 83757 2
88670 58782 1
69658 43008 1
12271 56981 2
1527 37850 2
83813 69456 1
55589 27576 1
80801 60797 2
83238 15320 1
78534 56974 1
70911 18877 1
23229 55063 2
90300 21262 1
2834 29041 1
32459 19575 2
97780 18618 1
98524 71238 2
74425 20499 1
40488 66735 2
28695 7936 2
54407 98921 1
19948 78124 1
60440 12239 1
70712 82882 1
49501 77760 1
42590 12181 2
74940 46880 1
6407 43065 1
27359 79285 1
41662 83687 1
60021 63978 1
28564 35421 1
92303 33487 2
48542 5692 1
70116 82615 1
63250 77673 1
99693 43576 1
31566 22092 2
98729 76367 1
17585 73939 2
3898 12697 1
1632 61296 1
60743 82331 2
56610 28247 1
59640 97692 2
59845 42338 1
49117 25990 1
23959 24973 2
424 43880 1
15501 88121 2
38542 66966 2
97887 94925 1
45993 98055 2
17322 97968 1
66553 61526 2
18029 56561 2
4926 47107 2
87756 92288 2
928 27311 2
98768 12402 1
33672 3843 1
68613 97536 2
79108 12521 1
61371 78792 2
45510 33361 2
55622 74283 1
75814 25070 2
48286 37517 2
11484 27895 1
73760 83033 1
1031 71878 1
8170 3482 2
37256 81244 1
79907 17091 1
69031 14875 2
30513 20936 1
58285 68459 1
88289 4995 1
43017 68310 2
31074 54064 1
43692 99115 1
41802 92433 2
60812 25950 1
848 77194 1
33572 34887 1
91888 35558 1
36787 86431 2
24555 560 2
79897 76646 1
47204 99291 2
90173 88160 1
71587 39323 2
84521 32019 1
5110 17130 2
70476 2474 2
18731 56196 1
50167 97653 1
59160 65387 1
385 73479 1
67348 30595 1
93763 13623 1
81978 53591 1
64957 79263 2
82445 54579 1
33359 34592 1
29551 94727 2
68961 95644 2
81736 60010 2
1307 16027 2
11430 57653 1
77229 73319 2
73815 19556 1
58921 78959 1
30928 1913 2
49412 87015 1
43913 87385 1
43865 61767 2
46975 18860 1
99973 19976 2
16945 5089 1
42732 26186 1
88452 36392 2
11699 31793 1
95455 67414 2
14340 30019 1
90991 44773 2
68301 86603 1
73540 7697 2
97153 14394 1
41395 99868 2
91765 55968 2
40466 48618 2
12964 55991 1
35742 23878 1
56620 33689 1
49336 62012 1
22095 59557 1
52708 13084 1
28275 74014 2
21833 8702 2
41282 36268 1
32020 74776 2
88363 1465 2
28788 2281 1
48703 24532 2
60223 77938 2
86517 15794 1
19756 7352 1
44518 14888 2
39639 23876 2
56625 86290 1
30145 10370 1
45368 72976 2
52525 14917 2
83618 43235 2
98852 76418 2
20599 28884 2
53394 61232 1
77543 25934 1
71207 43886 2
52739 14175 1
18198 66397 1
62626 19483 2
93241 39650 2
12702 69145 2
29771 2214 2
71188 36404 1
34892 64054 1
54568 70219 2
2177 546 2
43870 80257 1
63282 98114 2
56002 21693 1
75499 73644 2
17537 79820 2
76635 608 1
1582 31066 1
11991 56349 2
7774 66205 2
17880 35944 1
55788 78602 2
21177 71724 1
43574 75709 2
42618 98453 2
24094 26454 1
28512 52756 1
1673 20439 2
37202 70814 1
32772 64455 2
78077 99437 1
82618 29873 2
64178 24061 2
66879 8390 2
71875 98128 2
27976 43415 2
13833 68715 2
65009 70588 1
94081 89367 1
51574 29615 2
82922 47393 1
76634 17617 2
59208 61690 2
10371 67301 1
53381 28663 2
16891 52400 2
59819 4274 1
40817 2080 2
91178 47783 2
67094 89921 2
26296 2232 1
38401 24745 1
94445 59466 2
60555 2445 1
10179 20070 1
8436 61962 1
61308 1656 2
32796 6749 1
54203 91859 2
41290 4555 1
23753 52332 1
10057 18746 2
30322 72379 2
34726 33366 1
87206 52765 1
68083 45965 2
2616 84532 1
70728 50419 1
5762 19461 2
61052 81983 1
26783 88889 2
50224 87276 2
43728 35709 1
37733 87481 1
92920 67746 2
12576 48426 1
8928 4989 1
78765 14436 2
42580 19880 1
15865 84373 2
86147 73887 1
50647 48713 1
4995 83364 1
8092 25622 1
17514 62556 1
37188 49 2
70486 13168 1
69130 31735 2
82407 14797 2
71123 73446 2
13344 36548 2
96676 79232 2
89417 2698 1
82760 94511 1
14895 68313 2
46347 16763 1
33635 48910 2
56033 72566 2
40343 33737 1
30912 78289 2
74212 46416 1
44385 49572 1
44999 35564 1
71843 9418 1
79487 77162 2
43464 16546 2
45265 11547 2
29399 6319 1
78884 89396 1
34456 3993 2
24902 51823 1
28059 99306 1
61221 80777 1
75313 63346 2
34518 36898 2
49297 51172 2
59025 33248 2
58773 64279 1
68562 56268 1
39962 96581 1
23354 24978 2
5988 97231 1
51565 46278 1
44343 14839 2
4754 97754 2
70975 39044 2
91286 7593 2
91401 44994 2
17673 20176 2
87400 33823 1
9407 38415 1
74097 79567 1
71824 71372 1
70463 44426 2
14808 18832 2
18159 86473 2
75832 95144 2
54021 76492 2
88563 50949 2
20806 69142 1
72594 26524 1
88892 61455 2
12737 26407 1
98613 74881 2
58607 41315 1
62532 94620 1
95026 73072 2
91551 38867 1
16385 47764 1
6911 78429 1
61048 12696 1
68835 45332 2
35223 40841 1
66861 45401 2
42659 48408 2
77475 81390 1
6148 93755 2
3119 89978 1
28389 3114 1
70272 26761 1
61784 64674 2
91303 14122 2
74223 42470 1
84923 77199 1
25252 69689 1
37461 40144 1
37714 69637 1
28757 93992 1
58969 86167 1
1211 76631 1
88158 43360 1
89998 65534 1
24328 41237 1
3321 63686 1
30757 54960 2
45033 85433 1
26659 83374 1
26608 10535 1
92407 5007 2
3013 69283 1
83097 36249 1
85282 92996 2
44422 54869 2
82405 26533 2
17149 75473 1
65007 98500 2
51011 3388 2
69064 80870 1
42943 8620 1
72601 76082 2
94750 28091 1
10928 66162 2
98672 14534 1
93120 68213 1
73961 40557 1
78078 78320 2
60961 31286 1
31045 72056 2
70580 63979 1
15443 67369 1
67395 1431 2
39466 58082 2
51442 97836 2
69392 66631 2
10952 30592 1
54255 35390 2
2578 21867 1
34230 40690 2
35231 68266 1
2294 23572 1
3365 2144 1
81029 28276 2
89819 96496 1
13982 70124 2
38781 13540 1
55840 74934 1
97900 93225 1
60395 70033 1
8427 34704 2
6662 15328 2
76579 65135 2
49723 11594 2
29183 41534 2
38265 56315 1
77201 58139 2
69489 9314 2
97644 58406 1
62522 72625 2
48007 15589 2
43054 36513 1
96576 73121 1
22538 71979 2
64439 17672 1
34098 41231 1
72943 69737 1
69962 1201 1
9456 13883 2
92830 60311 2
75592 90166 2
35419 96972 2
87141 96888 1
11316 12449 2
34844 55585 1
9182 47495 2
90662 26967 1
65780 41301 2
47101 10435 1
92179 36872 1
79780 16659 2
16319 13086 1
52220 4470 1
28093 68762 1
34352 85987 1
33079 6084 2
4138 46002 1
40635 97894 2
50587 9633 2
58108 91951 1
43031 91280 1
13135 25748 1
82614 25765 2
50160 12810 1
88213 65417 1
55419 31950 2
16595 97386 1
74163 61501 1
42132 68215 2
8990 13340 2
59618 48263 1
14150 84465 1
2151 78642 2
39034 20167 2
97587 83574 2
27947 30095 1
8988 65171 2
82607 20474 2
43033 54704 2
6946 80735 2
80071 73716 2
72224 12443 2
49508 38925 1
4844 76140 1
29623 57005 2
65677 84278 2
58278 31687 2
59563 99294 1
58877 86999 2
60950 44913 2
42990 91287 2
47328 17086 1
10636 78219 1
79390 24664 1
95823 14326 2
79594 309 2
80019 44066 1
53252 91249 1
47128 89149 2
40076 42348 1
93795 54262 2
42378 56648 1
86940 59876 2
40839 35628 1
7887 71359 1
84081 76675 2
36811 89125 2
4699 1214 1
70405 68343 1
30298 24782 1
36086 69849 1
59049 96299 2
88889 11029 2
9158 7120 2
2670 11641 2
38579 21436 1
72346 72276 1
34486 34226 1
67909 83869 2
19833 31834 1
53242 76140 2
36170 53918 1
18794 80863 2
27548 13998 2
81513 79671 1
77957 38620 2
71152 34840 1
3486 22785 2
82969 18668 2
39846 99350 2
40647 22817 1
47679 27804 2
37979 54822 1
91855 86676 1
5184 20146 2
49281 64232 2
81568 84733 1
54370 1504 1
460 27909 2
38852 57678 1
8152 64651 1
95966 16355 1
44636 98003 2
7625 52631 1
47540 17800 1
67237 73221 1
20545 38357 2
62482 57132 1
24647 73005 2
31576 32751 2
79885 96836 1
36959 44086 1
61663 99603 2
71383 21419 2
24463 63160 1
22194 3262 1
73456 7284 2
42597 15906 2
66202 76683 2
49035 67597 2
88905 16903 2
39329 93116 2
26014 26486 2
13803 76268 2
24700 20007 1
58766 8610 2
77132 75025 1
38036 87589 2
62330 13965 1
5707 35710 1
97397 85207 1
39910 13791 1
52051 41776 2
6298 24473 2
60842 26783 1
84387 82884 2
51384 29323 2
56668 49787 1
15357 43523 1
16842 69469 2
40732 62806 1
66962 2702 1
35998 77083 1
18367 80787 2
87438 75339 2
22013 378 2
53245 7650 2
45568 39312 1
96480 8161 1
70270 61800 2
59629 30543 2
44625 15963 2
63458 74611 2
87830 98147 1
89438 25468 1
35248 84158 1
6054 91833 1
44261 38353 2
23745 57217 2
79072 28515 1
43165 66605 1
96878 63133 2
47496 72697 1
92737 67249 1
87511 38023 2
22896 7312 2
1634 46811 2
28853 39410 1
24422 40160 1
67437 37298 1
25634 385 2
21916 43984 2
99034 12497 2
13510 88717 2
71127 35396 2
37879 69682 2
13253 22195 2
65852 19913 2
11060 92988 1
3176 59618 1
8472 3168 1
10896 41424 1
68809 23332 1
97135 67946 2
75204 70160 1
19299 72842 2
50376 52083 1
53646 72913 1
57817 70333 2
2422 12385 1
40480 22595 2
26597 21953 2
27113 82750 1
20073 48381 1
62819 4044 1
47317 38308 1
61444 38318 2
28095 33288 2
24867 45193 1
28384 22529 2
77372 15813 1
67575 20779 2
18736 46609 2
8358 94819 1
9474 25820 2
28851 84109 1
58490 95294 2
71977 6801 1
46662 32429 2
92980 5722 1
41332 79528 2
46185 11574 2
59482 88752 1
28603 13785 1
57647 18122 2
41991 57593 1
62670 11134 2
63785 20947 1
83514 46683 1
33477 59141 1
38709 20273 2
11103 28434 1
52775 78101 1
4227 24289 2
15838 40800 1
39038 4382 1
34472 18224 2
9474 25592 1
44378 85638 1
9062 40641 1
60781 64455 2
67140 74706 2
92091 38204 1
70074 47492 1
28934 39601 2
15497 61751 2
98962 41273 2
47993 12911 2
29574 24552 2
7923 94130 2
29391 61464 2
91045 5067 1
37533 16261 2
52290 79530 1
46661 94161 2
44992 84194 2
73149 90273 2
2904 76042 1
64674 49949 2
96937 62237 2
8469 17556 1
23317 48794 1
92538 35382 2
62498 70468 1
27256 11000 1
27610 16194 1
97596 69524 2
40299 78208 1
59317 13350 1
83976 53933 1
21241 56208 1
14311 28923 1
6015 86966 2
17729 12323 2
44899 323 1
73878 94654 2
65606 73859 1
27046 75052 2
27179 95943 2
11448 44305 2
34523 47204 2
74743 26387 2
3234 21363 2
73007 20286 1
83536 3315 1
4917 71808 2
24120 19363 2
23229 7117 1
46068 65352 2
26241 59068 1
93151 88909 2
50017 86823 1
43929 51422 1
62621 65551 2
69639 95180 2
80477 4919 1
29105 90700 2
24298 88292 2
31235 36248 1
80786 52259 2
95628 87020 1
81095 6531 2
9025 77386 2
8865 55479 2
8571 38647 1
16632 90933 1
17781 27515 2
86186 34137 2
92527 5253 2
26107 82915 2
75310 84773 2
82832 73716 1
43321 45584 1
78931 38710 2
12733 20480 2
68243 41489 1
19659 59185 2
92992 33942 1
30837 38597 1
21171 89400 1
48436 81633 1
99556 78990 2
37413 77294 2
51282 54227 2
22087 69145 2
74719 14182 2
1438 49779 2
71825 50122 1
79604 90033 1
96083 60871 1
72371 43405 1
34865 74151 1
61676 24355 2
4160 20474 1
3762 83157 1
51571 2739 2
59392 92520 2
5191 76744 2
36303 44165 1
77240 77077 2
82017 68761 2
65642 93082 1
99801 48053 1
82273 19833 1
61408 27726 1
2729 2873 2
5122 10270 1
77167 60614 1
21007 8769 1
53125 99758 2
67258 31673 2
46146 52165 1
99325 85131 1
1632 60194 1
12788 30208 1
8188 59968 2
48061 20549 2
40506 72990 2
13374 13035 1
91807 7135 2
97983 7335 2
95925 5803 1
75532 85747 1
67498 46156 2
24628 46156 2
59889 94866 1
10637 39442 2
49887 94704 1
28141 81099 2
51919 19996 2
12018 33343 1
49119 50483 2
22748 12605 1
64689 26194 2
90286 9717 1
49547 94590 1
32368 13341 2
20759 29437 1
60975 95629 2
48708 55739 1
18524 19778 2
99779 49063 2
48905 11870 2
51722 92019 2
55088 63750 1
15733 93335 2
95691 80675 2
91872 21390 2
7004 8386 2
6574 14871 1
38791 83444 1
91781 41621 1
64083 56526 1
47024 81776 1
302 33258 2
87899 72498 1
4422 33573 2
95835 38507 2
72048 32831 2
45700 28558 1
39108 49822 2
31472 14545 2
70527 82699 2
59551 3313 1
21727 81555 2
59761 94060 1
26571 36615 2
14382 47781 2
77737 14044 1
93183 3843 2
72006 5900 2
75186 97170 1
15154 16852 2
20569 12384 2
44033 25716 1
74763 70369 1
73515 97874 1
75874 73004 2
77932 51991 2
59068 26300 2
85701 16784 2
1051 47185 2
16729 52974 2
98405 76140 1
7249 32839 2
36772 37686 2
82265 32979 2
95654 56921 1
45088 88175 1
41374 92997 1
45948 6845 2
46305 50477 2
82244 7106 2
36555 69896 2
14292 76807 1
87096 21616 2
6828 78873 2
35819 47334 2
8753 84234 2
62026 45004 1
79275 15565 1
30719 66249 2
65893 20893 2
32761 15529 2
29745 14199 1
9129 57979 2
73185 93339 1
95878 29105 1
84047 31375 1
29001 31011 2
87606 66716 1
15793 34860 2
14422 88335 2
86337 65675 1
86900 8889 2
53117 56900 2
68439 74768 1
7057 48989 2
51053 34860 2
2794 55649 1
49828 17130 1
12986 53152 2
70001 84173 2
62008 36973 2
53676 75096 2
89438 55103 1
48658 15477 2
29257 80944 2
77154 66801 2
44797 74977 1
15137 18525 2
22463 98484 1
87574 74831 1
87640 73169 1
94478 91615 1
91993 16898 1
49145 21194 2
61489 27382 1
96747 39059 1
82137 65313 2
68572 14109 2
47849 67419 2
72713 77810 2
68736 4029 1
70800 86591 1
84799 2151 1
30040 75445 2
77326 39037 1
51143 78346 2
33879 43621 1
39498 89014 1
61222 55498 1
15856 39767 1
53359 93340 2
5327 63757 2
2504 82606 1
24990 30270 1
99018 77431 1
217 31795 2
16052 26898 2
43553 82009 2
36200 8445 1
60569 60290 2
49228 90174 1
26474 993 1
16555 48537 2
95231 32081 1
79634 28219 1
89130 37039 1
20307 31475 1
34334 93755 2
48869 87635 2
62450 4828 2
90049 14483 1
50180 46265 2
73095 40687 1
65332 99776 1
11255 49636 2
39237 99874 1
34041 36183 1
16735 17717 2
14422 16206 1
37392 3729 1
63996 18868 1
30310 98452 2
189 53689 1
16726 33022 1
91632 23472 1
54265 73493 1
32463 93552 2
48106 16099 2
71640 5396 1
84105 61619 2
78061 64251 1
53178 85655 1
43763 56072 2
74247 28325 2
99222 65603 2
32954 6965 1
43652 52150 1
38148 55013 2
76910 46160 2
10041 75733 2
47530 91526 1
36241 18796 1
26515 16237 2
21481 34417 2
87911 66337 1
31072 51122 2
26088 1538 1
53114 47744 2
98716 38450 1
47297 16305 2
93549 55480 1
34271 46493 2
26410 30495 1
48036 74050 1
23780 64695 1
60486 29825 2
90386 96403 1
65916 45086 2
42957 3882 1
5731 14563 1
81397 67255 1
27738 12317 2
40490 95033 2
12837 41534 2
32339 21075 2
52877 89914 1
22139 54893 1
88125 95978 1
28815 5841 2
27143 66988 1
73761 80463 2
61598 48096 2
42472 35865 2
80666 5964 2
26078 32136 2
75319 68442 2
68512 18069 2
86837 21493 2
23122 86657 1
50009 20303 2
29017 54989 1
99211 38078 1
15742 58723 1
98167 13915 2
44018 45291 2
16428 30849 2
90724 13814 1
56639 92660 1
7885 64504 2
58345 20023 1
20933 10661 1
91941 46549 2
12330 86171 2
77171 40153 2
73536 28344 1
17880 95829 1
91756 41696 2
81276 54783 1
69528 14072 2
9706 33520 1
47379 9998 2
83155 93379 2
85710 81262 1
79371 99612 1
59647 96078 1
67371 18206 2
63618 62595 1
93390 3540 2
95603 66922 2
85684 47977 1
56821 31200 1
61697 70096 1
58350 78858 2
31775 37756 1
64040 77870 2
85848 53545 1
77106 60216 2
84573 30834 1
51229 55479 1
17986 11256 2
25728 87133 1
92287 11650 1
80053 23650 2
52624 85623 1
2457 99777 1
7510 72613 2
97904 90297 1
92373 72350 1
37214 67533 1
48884 72118 2
14063 99845 2
68735 56998 1
82096 67371 2
16328 29804 1
98803 92879 2
42562 60713 2
30671 81956 2
89445 64641 2
89022 62080 2
24941 21183 2
49342 25856 2
50139 9870 2
17713 31617 1
5394 83713 2
19292 65512 1
64731 73036 2
18987 58139 1
80738 57992 1
86412 4838 2
86870 11155 1
71984 42712 2
9901 17454 1
11405 37891 2
86173 44029 2
72510 39167 1
78213 1642 2
62305 63719 2
3522 16003 1
48216 95962 2
62682 76440 2
75049 28283 1
31445 70398 1
20254 70898 1
86558 98638 1
80710 46698 2
92966 24870 2
94770 51248 1
79010 20615 1
13401 20090 1
30696 49941 1
95444 69534 2
73622 2811 2
55458 50550 1
91755 80932 1
77158 75011 2
70604 49571 1
88196 25255 2
54176 44780 2
66375 30857 1
98837 82968 2
48414 40629 2
82841 67045 2
82267 81978 2
67617 87572 2
50611 75146 2
58533 93641 2
35136 32381 2
35298 25551 2
7234 3118 1
78647 96977 2
36153 28412 1
40552 91906 2
13293 55659 2
40031 12182 2
4903 52385 2
68549 18119 1
30037 55913 2
48077 83729 1
84842 58803 1
34090 18965 1
88315 35762 1
35476 15482 2
36643 41724 2
84488 68679 2
98656 25230 1
1349 32939 2
69939 22758 2
79887 9462 1
48868 36327 1
28335 44797 1
26716 26168 1
53265 28153 2
20906 61925 2
18596 38504 1
44255 68189 2
61310 92459 1
30001 97298 1
60790 1607 2
44571 39196 2
95080 33220 1
40188 23382 2
34805 43569 2
88052 41024 1
61728 53534 2
30090 18619 2
69905 4992 2
93064 42384 1
59222 59792 1
7197 53513 2
79229 4108 1
59642 15127 1
42428 39317 2
23542 90218 2
7434 29808 2
50794 22044 2
80419 34149 1
60758 90887 2
20167 27107 1
65914 49450 2
27483 7258 1
862 99368 2
63462 97919 1
18538 96680 1
56406 25228 2
26542 59286 1
40569 89277 2
80604 81313 1
15108 80404 2
41929 94939 1
90192 13333 2
92688 42076 1
21719 17419 1
46030 10208 1
98747 61313 2
50343 36 1
86432 80106 1
87104 79884 2
45773 73658 2
18211 38400 2
69487 59787 2
82782 75979 2
86679 44473 1
89348 28315 2
44215 17414 2
76522 47044 1
85960 13559 2
3211 17117 1
35494 8660 2
87077 5409 1
14994 48620 2
66938 47470 2
93584 7759 2
31504 64298 1
43271 70450 1
66897 35833 1
44580 3759 2
46380 78696 1
88182 85026 2
5042 3814 1
35315 6381 2
84218 19909 1
38834 11701 1
94877 64464 2
65826 87930 2
64426 43339 2
7651 12819 1
59817 79209 2
12328 53871 1
69151 69298 2
67430 52822 1
50994 71474 2
85655 96664 2
65613 60057 2
33815 62246 2
34689 55834 2
26536 66039 2
16607 65743 2
13455 10309 2
80574 27091 1
6068 55373 1
891 551 2
46822 59603 1
17396 7150 2
90005 55547 2
52076 83760 2
65366 37361 2
33707 51259 2
5315 93410 2
52219 75037 1
89880 77377 1
44684 33739 2
10231 4771 1
80016 52542 2
89413 26147 2
87872 35441 1
12747 69151 1
44725 11044 1
10773 46777 2
1647 59836 1
42454 63767 1
96338 98400 2
94883 58115 1
66212 69854 1
72787 47371 1
84177 60260 1
49830 40290 2
89735 9031 1
30395 61597 1
26042 13087 1
78840 25432 2
24417 64105 1
73893 49935 1
31863 90788 2
88657 40933 2
7323 35988 2
35852 83424 2
38480 90595 1
34539 79114 2
59454 57435 2
62440 10450 2
54351 61965 2
16640 80425 1
3923 64269 2
78611 56358 2
94844 85011 1
1094 31298 1
47043 3675 2
3332 27549 2
34241 87942 1
28729 19767 2
59255 24215 2
67894 81623 1
23079 14231 2
28592 23688 2
43704 44082 2
62721 65623 2
98165 16536 2
80870 94807 2
20687 23420 2
12927 90205 2
95479 17624 1
12433 64707 2
15077 60008 2
19879 35113 1
50004 490 2
67117 33680 1
13667 35780 2
91380 83581 1
60181 90718 1
83794 20956 1
20882 14948 2
18046 92442 2
26628 95653 2
42232 65322 2
56699 49207 1
65727 3234 1
59114 48720 1
35641 53467 1
57351 68302 2
96911 980 1
82734 39505 1
97742 82126 1
53663 84892 1
96263 82385 2
15676 72503 2
99375 41063 2
76300 816 2
68480 700 2
14203 94037 2
62358 35588 1
31095 43771 2
63091 87605 1
7220 62683 1
36060 40712 1
1801 36879 1
85690 56988 1
20785 75769 2
67514 10291 1
32236 7613 1
54125 12916 1
91899 72546 2
99465 14567 1
11751 41462 2
53318 77724 2
39482 38599 1
32385 10724 2
21060 97322 2
28412 71190 1
38520 28823 1
47516 30892 2
55404 39595 2
43114 37091 1
75229 64196 2
28755 66047 2
53480 56009 2
44360 92100 2
85778 11680 2
81503 86270 2
56226 96150 2
25168 6042 2
20257 12027 2
22264 1995 2
22593 21027 1
14521 98054 2
70067 14982 2
50712 69798 2
67727 82784 2
28478 75689 2
46960 44434 2
65528 38864 1
50677 44959 2
80983 19779 2
67618 24752 1
1297 14667 2
37309 14481 1
6558 64663 2
25905 76369 2
65595 16503 1
50766 50982 2
15499 21092 1
80775 71879 1
51793 18998 2
14738 33136 1
2775 7116 1
72140 30209 2
78442 49800 2
78931 40159 2
72155 55376 2
53354 94834 1
99231 5839 1
98744 51142 1
5040 47761 1
99689 99370 2
42507 41770 1
44075 46195 2
61136 1904 1
3091 49466 2
73509 95517 2
56758 57690 1
62419 80686 1
98832 99059 1
44551 33190 2
88992 97834 1
23666 75340 1
90986 39974 1
70890 8648 1
77268 44405 1
97703 32234 1
77129 1221 2
57799 64835 1
8665 95307 1
9514 38091 1
6711 36767 1
34646 33113 1
91770 21918 1
94580 67662 1
60892 78375 2
9809 27498 1
41182 27135 2
11230 65813 1
65058 30701 1
22417 75192 2
65807 80670 2
51074 26721 2
17457 10850 2
20111 68099 2
75479 40589 2
90168 59827 1
86707 67351 1
14787 9036 1
66013 69917 2
58649 2860 2
62097 27485 1
1447 19669 1
85356 51678 1
67967 89997 1
63155 5222 2
75668 88222 1
5516 85186 2
43937 89911 1
43810 289 1
84451 8233 1
91685 62041 1
16602 50858 1
97288 11809 1
65420 4981 2
33602 94037 2
64354 39529 1
77133 21878 2
11050 57638 1
41258 12135 1
98771 27795 2
33019 38225 2
53748 34362 1
97672 8416 2
92037 842 1
55131 79427 1
56579 28021 2
59940 26448 2
40881 17711 2
22421 85981 2
68562 95797 2
93510 93800 1
83568 20739 2
96882 26705 2
30648 18013 1
38137 11771 1
53148 97703 1
4924 95726 1
15311 6477 2
86340 85080 1
88940 97692 2
9564 70567 2
34512 51975 2
40690 71952 2
49436 44835 1
58458 66220 2
43604 84427 2
20747 47894 2
93346 57596 1
19872 2830 2
3027 12442 2
60984 66392 2
28153 47594 1
30902 31518 1
18119 20854 1
81537 72618 1
98360 5292 2
6949 61485 2
74057 90143 2
34065 69883 1
84091 96421 1
21719 74444 2
75986 43255 2
18160 25725 1
95384 81076 2
43029 62285 1
16122 1150 2
72647 54145 2
40906 30203 1
68103 47616 2
41531 8309 2
52926 71767 1
43081 61147 2
53783 63446 2
36462 33086 2
93056 91824 1
18478 73908 2
51437 32639 2
91980 6265 2
17653 34207 2
66546 56809 1
97267 35471 1
30158 3719 2
46758 67827 2
74959 35034 1
94865 36180 2
16076 98186 1
66140 88350 1
35581 42087 2
93073 6496 2
72000 34019 2
6432 98000 2
58581 6547 1
3643 8677 2
27555 80753 1
30586 35995 2
1489 38333 2
49657 25746 2
17517 29976 2
7893 81231 1
51945 7591 1
36307 17338 1
69913 66678 2
84121 33919 2
45526 91154 1
70163 93069 2
63358 16558 2
52655 38874 2
99761 39615 2
29985 37628 2
16854 19392 1
46624 74065 1
2740 28687 1
36103 12088 2
80345 9902 1
72533 37078 1
38135 30531 2
91661 88051 1
66050 82136 2
74999 19226 2
26291 96891 2
10109 25116 1
1576 25567 2
10703 64941 1
26433 69530 1
83840 31430 1
54533 49989 2
92166 42434 1
23643 5919 2
90462 59553 1
16977 33514 1
67397 56935 1
83321 76461 1
15904 47710 2
38471 31952 2
22805 30352 1
3732 98403 2
91536 46830 2
19518 23095 2
27295 89900 1
45222 18339 2
75958 93250 1
57136 43296 2
91852 67692 1
48902 60814 1
55548 76075 1
18806 50285 2
83717 26787 1
44079 84453 2
87275 14779 2
84680 22398 1
46932 3584 2
2234 95528 1
63819 77377 2
83008 213 1
66560 65364 1
71070 88762 1
73477 88304 2
71991 78386 1
19347 1969 2
53846 95835 1
57731 83128 1
31366 10582 2
35926 17832 2
84186 48843 2
50606 40970 1
53126 54371 1
61554 4458 1
85571 50444 1
94766 37623 2
37071 60889 1
58832 53959 2
38027 45791 2
69293 10161 2
83899 97146 2
82010 95473 2
96618 26054 1
72851 69063 2
76803 74085 1
12855 71576 2
31065 82432 1
16521 58764 1
74048 30718 2
47569 27694 2
23697 4142 2
90329 81839 1
6058 20355 1
36049 1284 2
98124 74483 1
49772 85827 2
31291 58616 1
46625 11274 1
50498 37199 1
66698 24856 1
38284 98587 1
87880 16370 1
90860 59266 2
7133 64703 2
87638 30159 2
53456 40237 2
56931 65647 2
25581 52874 2
67377 58644 1
64002 54475 1
21825 18133 2
61380 99432 2
38520 58188 2
45896 40894 1
26046 51510 2
70474 24396 2
91298 30903 1
8809 99478 2
85491 51987 1
54921 38470 1
7272 87126 1
97967 89766 2
20506 21805 1
60713 66502 1
90085 61739 1
4132 88540 2
71307 94629 1
30868 1951 2
12464 53334 1
60047 59020 1
70079 58844 2
72402 79618 2
72611 7897 2
26075 16773 1
80111 67763 1
19277 36254 1
6231 6420 2
87919 95097 1
80309 6730 2
70605 32869 1
35013 48008 1
18037 69208 1
75689 39972 2
94940 18345 2
40325 45847 1
84471 32404 1
85060 88672 1
32994 63034 1
58385 62209 2
49052 35422 2
40479 72864 2
19657 62312 2
15202 79048 2
8271 16806 2
40884 45541 1
23705 96870 2
46545 92812 2
65687 12286 1
76411 12816 2
50940 6149 2
63446 98190 1
31263 90583 1
82605 71522 2
78619 46708 1
70091 90096 2
17678 86625 2
43715 57596 1
989 10661 1
82441 14002 2
1871 80238 2
75415 26335 2
78574 19242 2
61737 7957 2
9289 63598 1
85921 16011 2
69269 58739 2
87875 47419 1
76935 55795 2
32666 75363 2
77371 67568 2
35122 36677 2
77905 69710 2
76188 43782 2
46730 29684 1
40397 48338 2
94191 45264 2
39486 54807 1
28651 31600 2
42830 34085 2
12684 60329 1
99323 68661 2
9542 87091 1
4205 19167 2
71984 1354 2
63052 86978 2
8932 96975 2
58596 61952 2
3523 71974 2
76328 25023 1
43951 67926 1
36076 69961 2
73552 88556 2
17610 32748 1
77360 2487 2
40894 12635 1
67839 34509 1
36522 10412 1
75247 78693 2
24691 38648 1
44088 69180 1
95842 95871 2
14422 74896 1
79715 449 1
20326 20135 2
50569 4517 2
43373 39721 2
22728 12662 1
12945 20706 1
73946 78561 2
925 85154 2
97467 3288 1
76737 56476 1
86093 22930 1
91856 20426 1
181 64744 1
53697 8231 1
93724 88250 1
27407 70484 1
46318 77992 1
64473 18228 2
25694 51482 1
85826 28367 1
5025 84889 1
42770 41939 1
32558 91251 2
26387 70446 1
1253 81947 1
45653 31669 1
48453 81542 1
70602 80641 2
48243 65775 2
27946 15373 2
99322 82227 2
62065 69689 1
16870 3958 2
4860 48298 2
6856 89565 2
23600 6119 2
38229 74322 1
58387 73886 1
30887 91108 2
56913 30333 1
69658 64867 2
59384 36985 2
97072 99880 2
316 9834 2
32750 78251 2
19572 5485 1
3357 10379 1
14395 17953 1
78985 86634 1
55856 2154 2
53253 18350 1
30358 28530 1
70470 34562 2
24149 45251 1
22787 92690 2
37047 99086 1
17884 12787 1
23052 78727 1
9424 34712 1
72742 81030 1
22181 16382 1
97246 72263 2
3363 71105 1
89229 53675 2
86489 5701 1
37172 62133 1
82007 52910 1
9556 95598 1
43475 61096 1
52503 66210 2
21124 27776 1
78885 5537 1
87018 26216 1
85040 87678 2
30724 73623 2
47433 98483 2
84024 52487 2
64296 6236 1
69487 86518 2
67336 46807 1
53429 81957 2
64776 1162 1
89469 98748 1
65515 8189 1
21532 49700 2
95641 14556 1
95050 81067 2
99036 42038 1
72228 60836 2
69796 68609 2
20716 11940 1
31587 47059 2
31655 74022 1
49362 19402 2
23134 27240 2
35722 10342 1
19422 2444 1
47724 53994 1
46904 85752 2
90554 74654 2
76065 34902 1
42267 45552 1
88499 86197 1
19579 65678 2
51339 8134 2
98024 33645 2
8585 48447 2
90806 96678 1
691 59196 2
48828 93747 2
54866 15385 2
87925 48438 1
1042 4825 1
49280 75027 2
76871 37538 2
59393 26514 2
39267 68703 1
6878 37886 1
58753 44093 2
52386 4360 2
76605 1806 2
87645 24836 2
91833 29545 1
79297 12842 2
59066 68103 1
78791 57015 2
14857 86696 2
72360 19210 2
18867 15436 1
70437 87879 1
25193 28027 1
52544 93399 2
44545 20350 2
30624 26310 2
11315 81315 2
18673 33892 2
14172 77532 1
52162 67845 1
1119 58816 2
46757 76289 2
25311 50185 1
2130 38708 2
55621 36309 1
48868 91679 2
32160 53446 2
22298 57861 2
34433 34 1
97272 69327 2
61307 88083 2
59331 69257 1
23049 31079 2
48937 32226 1
57128 81329 2
28727 84592 1
27192 96678 1
12161 48842 2
15743 59874 1
52573 58796 1
62502 85953 2
61896 35670 2
36122 47078 2
70911 3085 1
3628 76535 2
81607 40825 2
57650 48158 1
92263 55078 2
90756 3402 1
52137 56227 1
38943 10732 2
39004 25669 1
26309 62139 2
54644 90853 1
86075 51824 1
71305 76062 2
65258 81002 1
13588 592 1
78143 20428 1
74581 24320 1
83052 40250 1
368 56917 1
48292 57760 2
3722 52957 2
63682 86059 1
21937 98278 2
90115 11341 2
32434 54373 2
20775 37405 1
63969 40210 1
29588 74741 2
30004 54986 1
67155 7474 2
24040 79724 2
50641 61624 1
6715 44541 1
79424 36876 2
91536 52996 2
48435 33816 2
25390 11662 1
73669 25226 1
11105 31211 1
79507 29012 1
90680 56111 1
53213 47278 2
66469 78098 2
10697 18704 1
42400 32689 2
7680 83737 2
89348 93642 2
80911 36203 1
69585 17508 1
68712 11083 1
96936 32229 1
42430 78534 1
79346 29850 1
34093 51879 2
11578 41746 1
74447 7682 1
50958 95331 2
91207 95981 2
50466 76868 2
85115 31361 2
75884 81393 2
87378 71901 2
51785 43243 2
12538 69123 1
81143 81973 1
92356 81306 2
59225 62872 2
40550 61674 2
66167 73248 2
31544 53059 2
40283 29404 1
18872 28790 2
15284 67554 2
75974 49466 1
12535 75176 2
66440 98281 2
90553 59788 1
56583 41088 2
53590 88910 2
46385 39170 2
2510 32753 2
44853 24598 1
92642 68669 1
72714 98725 2
37179 8160 1
13352 9149 2
86596 3528 2
61356 46608 1
82795 65290 2
71129 62165 2
90564 62815 1
23538 32742 2
71718 19202 1
88705 98753 2
50731 14803 1
8851 49928 2
32820 88246 2
44538 28096 2
25476 66901 1
6410 33493 1
29536 54906 2
33404 81685 2
73877 97814 2
9933 26641 2
44722 10685 1
38720 58975 1
60233 6600 2
60056 60346 1
40499 77585 1
88351 3200 1
86633 3386 1
86563 16691 1
99755 19431 2
21075 94361 2
99101 96287 2
74150 48125 2
6629 98703 2
59988 8555 2
59023 56295 2
43963 12791 2
74089 44762 1
35099 86519 1
78375 91074 2
72410 24804 1
18560 75899 2
85890 20926 1
57071 85444 1
4702 77797 2
10419 74593 2
95232 32640 1
40943 87675 2
64286 83194 1
90955 68318 2
96016 58080 1
46801 33913 2
19860 90820 2
13200 81186 1
69707 41149 2
48893 16496 1
34489 79237 1
94573 98655 2
67400 51098 2
27485 98063 2
82982 41181 2
64874 16357 1
92930 83990 2
33177 35113 1
6771 34798 2
20528 95111 2
62193 35091 1
97275 41070 2
38682 92471 2
34728 22612 2
18990 47314 2
63595 33391 1
40436 85436 2
31195 53469 2
30387 16468 2
12691 14717 1
78361 15099 1
94418 25300 1
38328 64377 1
32891 68906 2
55940 54327 2
96406 48650 2
21654 51716 2
54413 24805 2
30572 54673 2
64816 61423 1
52167 54132 2
15473 44257 2
10795 18313 2
27273 61270 2
68258 51852 1
66129 92366 1
11226 26784 1
57066 49037 1
63618 6763 2
55766 23773 2
44049 28055 1
12700 87720 1
96543 55123 1
25608 65983 2
92170 52113 1
98312 9782 2
80051 39909 1
71376 63717 2
77918 21036 2
46103 60520 2
23126 55234 1
75192 69312 1
58854 15659 1
33042 72817 1
30401 14123 2
36809 69826 1
75866 77390 1
97794 84512 2
19373 16353 2
22507 88922 2
94069 65974 2
34480 50566 2
11155 47557 1
26023 70971 1
68782 38085 2
1350 76533 1
96845 44023 2
1767 90869 2
53151 53020 2
66443 21246 2
40115 94041 2
724 95385 2
3648 98106 2
43497 92178 1
21151 3149 1
4118 12568 1
86539 62371 2
12713 42369 2
47496 68242 1
27318 77604 1
85754 71253 2
1460 10493 2
58889 77706 2
14910 25420 1
92003 48563 1
13204 39606 1
37370 17334 1
18551 80579 2
32450 28381 2
95504 71550 1
89269 32759 2
87305 90456 1
80591 40757 2
71026 47654 2
73457 1070 1
3262 58590 1
78530 33979 1
26051 39262 1
47305 35931 2
5790 6085 1
2101 20113 1
80397 52152 2
42581 20961 1
13491 87262 2
77216 82422 1
50327 49541 1
335 89695 2
21573 56283 1
89950 58382 1
68843 26325 2
68942 71640 2
7197 6795 1
58470 55255 2
19571 56890 2
68557 60555 2
71654 82785 1
76690 24020 1
72790 19716 2
39717 7386 1
54502 44045 2
7483 53958 1
830 92838 2
41869 44966 2
24777 96895 2
25593 81453 1
86389 42222 2
59552 23568 2
71829 96362 1
12775 67146 2
13314 40688 1
41654 31353 2
15958 95199 2
59836 39550 1
463 45755 2
58728 99585 2
93810 49517 2
56401 25771 2
23078 70561 2
7792 7947 1
20405 12678 2
61281 66962 1
66862 54162 2
74246 90230 1
92774 86460 2
48611 39027 2
52658 88640 1
79011 31397 1
58894 3551 2
50994 39471 1
50809 15516 2
27680 38039 1
49783 83680 2
98788 31879 1
77742 86262 2
1687 44206 1
24969 50192 1
73173 57981 1
25752 78464 1
18144 53355 1
68302 64192 1
12092 2066 1
1026 75947 2
11188 11727 1
2606 91905 1
88244 66949 2
79219 10279 1
652 79867 2
1651 61924 2
56820 41465 2
32726 84166 1
30306 26895 1
59686 89115 2
14901 14735 2
93490 94648 1
26094 97422 1
559 53142 2
28146 13799 1
92338 13711 1
84297 12215 1
32023 21573 2
75650 86210 1
35613 50620 2
1037 77 2
20296 28571 1
98815 8450 2
3262 2448 1
96914 51663 2
16043 10505 1
72226 79559 2
63613 29787 2
19313 52095 1
22920 15550 2
30371 56050 2
24898 84206 1
43459 31038 1
28936 27468 1
26685 25861 2
90424 43836 1
82466 44685 1
8437 39141 1
61639 58016 1
68391 51732 1
87141 21773 2
83224 75544 2
69947 97093 2
79543 59399 1
23335 8575 2
60473 15384 2
24081 32692 2
39603 31784 1
28385 44515 2
65345 96021 1
7748 942 2
20707 71878 2
23242 21084 1
75002 54912 2
22923 5461 2
44783 29202 2
42557 38345 2
97933 70635 1
4736 72553 1
35394 13630 1
85810 93068 1
42178 19493 2
86363 30604 2
14148 63483 2
17987 27334 2
66787 19457 1
54487 38366 2
85214 70458 2
96424 48793 2
2968 45134 2
25291 46176 1
24889 73547 1
45498 23939 1
66059 39327 2
80497 20916 2
89149 25663 2
2642 44136 2
11524 42628 1
81762 71962 2
61173 98793 1
67657 53000 2
75341 7278 2
68502 5108 2
99081 14072 2
57145 79236 1
73774 73390 2
64327 93730 1
66530 80094 1
33370 84188 2
58673 34358 1
73422 98629 2
42185 69419 1
29477 81362 1
83390 8021 2
84964 65663 2
54855 79249 1
41492 2088 2
70719 80894 1
71970 16560 2
55077 36000 2
23423 17085 2
74012 63009 2
25024 44793 2
77451 64171 1
93023 72275 1
70111 26415 1
4312 38940 2
56868 81569 1
61837 75755 1
35696 12185 1
73859 43065 1
47736 84467 2
60451 83174 1
99705 51920 2
45082 97490 2
52112 12307 1
98713 75109 1
17634 20773 2
68885 60007 1
52277 17554 1
4840 20232 1
96309 68138 1
24910 4634 2
36400 67553 1
44393 24018 1
13082 38510 2
18494 69066 2
6058 25744 1
30486 78050 1
51227 32804 1
3998 32475 2
88204 96496 1
71143 97882 2
58785 4156 1
31910 39627 1
98751 62676 1
72725 71580 2
60820 9831 1
67056 68285 2
30028 22027 1
34937 66311 1
74589 68662 2
98805 88882 1
67325 57286 2
10477 16637 1
44102 76443 1
83758 37353 1
60921 28728 2
38441 24670 2
90136 41477 2
60564 58918 1
82890 96464 1
7046 66765 2
94010 42183 2
31935 12359 1
29209 36287 1
84670 26954 1
92120 39185 2
49993 76463 1
61775 14327 2
61641 26997 1
11641 6580 2
1963 80254 2
87861 49993 2
44672 88081 2
72423 91329 1
23069 52950 1
52692 5158 1
94812 54365 2
44426 45705 2
46714 84951 1
80310 78142 1
48183 65755 2
56299 39741 1
41401 45667 2
72866 95523 1
90953 15852 2
34324 74127 1
50676 55418 2
41762 997 2
13995 83089 2
23406 49038 2
54211 68925 2
83775 81974 2
59990 77547 1
88321 92557 1
28577 17774 1
92034 3431 2
73284 97435 1
28663 53020 2
36005 42413 2
85845 72616 2
73453 95426 2
37720 12076 1
80041 98075 2
85087 98827 2
40202 19680 1
5005 4270 2
12805 77530 1
17898 61473 1
8084 6552 2
81217 21747 2
11732 60074 1
21728 4218 2
70085 69513 1
94330 76685 1
24365 38733 2
85032 23976 2
50197 82005 2
2372 11755 1
45258 45507 1
36972 70907 1
73501 46397 2
49381 37952 2
10340 66958 2
4726 43366 2
14743 98 1
96040 4796 2
25555 46029 1
83277 24567 1
65915 35717 1
79126 69040 2
32978 60964 2
99643 55138 1
18338 53511 1
96407 18637 1
39864 18193 2
83146 29846 1
89573 64137 2
74517 4548 2
56479 28247 1
38945 48165 1
96094 25483 1
84441 99655 2
7327 47095 2
11979 75007 2
21764 67984 1
85706 30629 1
86515 10736 2
3983 24854 1
87379 93143 1
50356 21201 1
51122 93637 1
19160 26235 1
62241 57730 1
16286 86747 1
51286 17079 2
57901 88894 1
57961 94386 2
65297 29684 2
3703 11910 2
14681 99217 1
54818 30888 1
76951 81741 1
17200 11763 1
86275 69893 2
21352 59717 1
63032 4663 1
1112 31808 2
53206 88970 1
305 75626 1
76030 72132 2
79593 96877 2
68377 3026 2
39640 49400 2
75154 84387 2
73371 38972 2
51351 41357 2
11477 60879 2
63388 96487 1
84425 53453 1
67063 81677 2
90817 91506 2
44293 73024 1
1098 6561 2
2948 80419 2
59062 59104 2
91319 16863 1
19768 55130 1
11461 54528 2
36555 30555 1
52314 30773 1
98604 48376 1
25253 66356 2
39131 66308 1
49080 38227 1
44318 70076 1
89868 15088 1
62943 42460 2
10042 57707 1
93481 83720 1
68386 26823 1
4078 35268 1
60360 25100 2
92068 36572 2
78450 4648 1
25603 15453 1
15884 50889 1
19593 26042 2
32452 96100 2
66294 37000 2
33710 49522 1
68336 93762 1
69216 34766 1
69120 57605 1
40983 21176 2
29492 89621 2
74705 73365 2
12795 56599 1
73905 24108 2
27212 88341 2
54431 32010 1
42335 44093 2
52069 74623 1
33234 47938 1
43539 90719 1
61989 34362 1
18267 9379 1
99134 89534 2
1397 14373 2
87943 41485 2
4733 95911 1
36203 43017 1
31984 11277 2
55004 61304 2
19731 73630 1
17488 57700 2
13708 7655 1
9055 23388 1
23719 84056 1
64423 89009 2
77106 11332 1
40552 8986 2
8001 47878 2
3273 45424 2
67019 2839 1
90993 90930 1
11658 24985 1
70510 27075 1
25247 25423 1
2322 30375 1
44877 60770 1
80144 19145 2
18457 48702 2
43300 18424 1
9104 70770 2
16936 24454 2
73985 468 2
89344 81224 1
99679 6171 1
1071 53368 2
71392 44899 2
85088 36950 2
22336 65420 2
27422 24995 2
85599 82939 2
60923 65988 2
78175 94712 1
56941 52197 1
42055 58479 2
97900 37043 1
88291 27599 2
93174 30081 2
51329 74990 1
55500 12932 2
99189 26050 1
17362 1687 1
438 65929 2
49074 61336 1
73599 49250 1
73722 32361 1
10767 22514 2
35545 39568 2
50249 71809 2
14342 8855 2
30773 37402 2
47481 4940 2
77661 55182 2
51984 55842 2
68273 2418 1
62220 41071 1
97923 43676 1
53969 38092 1
16396 56874 2
73161 42424 1
46981 78299 1
84546 94165 2
72495 32147 2
907 84298 1
58284 62108 1
98555 35903 1
14339 96544 1
4971 54660 1
76896 19440 1
43223 99466 2
74801 92832 1
67072 34248 1
16938 808 2
32972 64375 1
40674 26852 1
84453 88247 1
33236 62997 1
90358 5736 1
71359 64991 2
16626 16786 2
66086 54665 1
62829 61757 2
37297 24544 1
45984 61145 1
3562 51187 1
20105 18456 2
93569 81336 1
76073 22063 2
63401 2534 2
23172 81913 2
47352 10297 2
37412 79924 2
14091 94802 1
19831 78209 2
67328 23252 2
51116 8136 1
76889 41704 2
14842 2226 2
67200 33402 2
47962 36077 1
41918 33401 2
72744 85676 2
80994 70715 2
53925 39429 1
63872 42359 2
41112 85105 2
68655 61417 2
38376 98671 2
32906 49553 2
3492 53729 2
61136 12884 1
51035 19885 1
6469 24922 1
29348 54045 1
40079 49902 1
30872 18911 2
59609 68609 2
32851 19399 1
33331 55976 2
42902 52456 2
34864 92953 2
88968 52191 2
36358 17202 2
560 38856 1
40818 9682 2
30461 50022 1
44785 19454 2
78111 62303 1
65320 38654 1
53323 80158 2
18590 10813 2
80570 21808 1
30300 7436 1
24938 40295 2
7028 30207 1
55196 7578 2
19191 44174 1
3092 78467 1
38013 74230 2
24989 41151 1
93953 93974 1
39330 10674 1
7971 64242 1
61718 65793 2
15780 44756 1
49901 73461 2
86189 82758 1
7009 8447 1
64104 90232 1
20814 51694 1
30405 77280 2
7253 75482 2
86711 12245 2
21533 70589 2
14229 38516 1
67725 44437 1
42361 16892 1
12660 41668 1
49732 63025 1
64866 3728 1
16696 51516 1
79404 8355 1
91965 66793 2
6603 34155 1
7580 35591 1
20957 14619 1
87047 74796 1
27875 19625 1
84783 74863 2
45890 96334 2
21036 75372 2
10466 4297 2
72538 87844 2
60914 47388 1
19958 19674 1
64674 13101 2
80068 81975 2
78343 58631 1
79084 93222 2
90490 10071 2
24761 44857 2
31417 65935 2
95801 13890 2
99653 19270 2
33568 64379 1
83939 83541 2
79812 8895 2
71355 12699 1
50498 85870 2
23100 31707 2
1240 56493 2
55702 64729 1
50793 38307 1
25246 43265 1
42236 89214 2
11277 51296 2
84381 44620 2
86306 55496 1
40187 94146 1
22939 54161 2
85864 98105 2
96512 51442 1
16477 99723 2
36185 74796 1
24499 93434 1
90898 256 2
85834 82602 1
69438 13843 1
7430 36578 2
41873 38161 2
95085 5840 2
50725 17352 1
24362 99426 1
182 96520 2
17357 87373 1
20870 90218 2
62601 95209 2
70618 86438 2
8501 61394 1
5754 27579 1
31948 74249 1
32085 41579 1
13005 16786 1
6875 21436 1
48091 87668 1
94273 93496 2
71293 27388 2
9377 5005 2
86399 94458 1
71575 74287 1
72464 98945 1
91909 49777 1
13699 33579 2
34095 96592 1
81870 23124 2
6208 30952 2
44525 18266 1
932 96380 1
12800 39332 1
6444 81522 1
13832 1687 1
70669 82421 2
39726 2658 1
78625 40658 1
95645 33588 1
67428 41979 2
25795 37728 2
56568 67111 2
21876 39616 1
26210 62736 1
90471 4079 2
75786 8211 1
26615 16430 2
53599 28595 2
69955 15744 2
56657 3799 1
24494 81677 2
7189 10920 2
40703 4067 1
85445 94612 1
16034 80368 1
50493 85806 2
96102 48969 2
51231 97515 1
59102 91655 1
49968 48454 2
96352 83813 2
68857 45149 2
63336 93443 1
67526 64305 2
63414 95942 1
41674 53674 1
57964 58901 1
51482 54929 2
2065 78334 1
5037 38933 2
5456 66415 2
72771 4295 1
89050 86589 2
61563 39101 2
87648 11584 1
47770 80178 2
16889 77397 1
98699 82628 1
68386 5307 1
52954 52469 1
98393 49398 2
79704 39019 1
19042 60400 1
63386 81777 1
95362 89043 2
36442 5140 1
91014 75184 2
79572 53478 1
10461 24795 1
42890 87517 1
1882 88204 1
60417 28565 1
82419 17279 2
96066 8202 1
56037 65781 2
28346 81472 2
84365 94289 2
51866 37595 2
34064 97852 2
53495 84391 1
73204 77250 2
37963 44593 2
34917 66899 1
2098 97739 1
61457 51651 1
72046 46700 2
99372 51337 2
7012 40846 2
71821 34020 2
81757 25359 1
46223 71569 2
70758 10064 2
6513 62806 2
5520 345 1
97942 13467 1
32912 78067 2
88486 47628 1
63936 76652 1
28331 41848 1
4125 61143 2
45557 81557 1
64999 34345 1
49239 14041 2
35940 23613 2
72679 72418 1
91996 30481 2
16994 56688 1
55646 31271 1
26341 52134 1
80378 41317 1
97077 46316 1
2726 26645 2
15737 88880 1
94394 2086 1
30330 72160 1
1139 96329 1
93610 60401 1
36723 34900 2
5498 36380 2
21311 54691 2
24898 27579 2
77568 93522 2
82653 23249 1
25283 38404 1
90634 31615 1
62425 52383 1
16204 70320 1
39224 53934 2
29451 75886 2
82711 65502 1
81521 35946 2
50614 66177 1
65294 97816 2
46740 73198 1
16149 35408 2
35767 72766 2
77949 17455 2
91848 38673 1
93728 7796 2
9172 98887 1
27807 84579 1
80236 23496 1
23964 98117 1
28838 91709 2
25918 3430 2
75897 35188 1
44017 96598 1
86341 33983 1
14243 63753 2
6889 14965 1
59688 27127 1
2411 94704 1
73495 28444 1
15380 86734 1
83116 47161 2
48337 98609 1
33156 52465 2
63155 26527 2
77219 20301 1
62896 40002 2
68913 28697 2
47968 89096 1
38232 33220 2
38496 87364 1
90568 88100 2
29234 34155 1
1172 46384 1
46171 83513 1
86323 35300 2
11684 62730 2
91263 95392 1
73114 85249 2
81753 92809 2
4047 40868 2
66435 6919 2
27094 66237 1
40932 71270 1
34506 60571 1
90504 97941 2
65608 71055 1
3614 32201 2
94992 9200 1
73240 37691 2
80008 5047 1
76782 68006 2
47737 45379 1
99163 73610 1
37360 58647 2
75391 91692 1
95486 97879 1
89115 42067 1
38329 95311 2
70840 6765 1
28921 13612 1
45216 39816 2
96059 32096 2
28195 74617 1
34658 86242 1
90100 7352 1
77009 72108 2
83818 8514 1
69554 34523 1
64800 10102 1
498 4755 2
3796 24473 2
19618 83161 1
34571 14514 1
36536 13143 1
15820 84494 2
38444 11611 1
90593 56925 2
2139 82584 2
17145 70803 2
40520 57187 1
44009 50696 1
18294 43927 1
56518 62425 1
76655 70642 2
13900 49444 2
40064 62134 1
79194 65328 2
66458 11497 2
34196 57891 2
8915 20181 1
15200 41418 2
92355 89864 2
64681 5620 1
58632 30581 2
11423 21943 2
85634 46258 1
81493 97258 1
27607 70744 2
77090 90633 1
83536 2758 1
37697 5909 1
50138 57470 2
74353 85105 2
42983 75943 1
17237 16646 2
65450 28265 1
14644 65280 1
1535 36116 2
63642 92270 2
6400 79833 2
86230 81830 2
15057 74735 1
314 14142 2
20629 59568 1
43006 10964 2
6902 473 1
55070 23176 1
99521 58765 1
33431 25789 2
56519 74451 1
12206 11451 2
20510 80564 1
88521 92016 1
7038 13438 1
73747 99754 1
81189 89123 2
21308 27262 2
42995 71226 1
77623 86821 1
10735 64765 2
94779 65434 2
70720 58666 1
52547 68093 1
46708 25507 1
73070 67859 1
43612 40525 1
24095 55363 1
52366 117 2
78366 33818 1
79586 79462 2
96213 65896 1
97526 7060 1
9171 82433 2
93290 89044 1
48237 64734 1
7557 58081 1
79672 36921 1
25678 31513 1
73552 38292 2
12723 5982 1
13173 62675 1
78086 65046 2
35305 96445 2
6074 12940 2
3987 91199 1
31594 3660 1
58078 53929 2
55315 55146 1
98843 57486 2
95702 70460 2
33115 33897 2
20375 39164 2
54261 56243 2
19168 32391 1
72518 25614 2
15646 77920 1
48044 50589 1
91075 6029 1
74666 43465 1
74659 77337 2
65352 78142 1
7511 35441 2
35856 13035 2
42173 18439 1
41586 70694 2
89429 27122 2
95808 22854 1
15398 90380 1
6451 78631 2
13335 32659 1
75684 20809 2
91190 37768 1
56852 44465 2
49941 88787 2
3877 14119 2
71815 44349 1
40382 43863 1
93640 27412 2
47978 78608 2
