10000 5000 5382
8739 39 1
4798 3243 1
7268 3261 1
8953 1889 2
8190 7766 1
5525 5507 2
8756 8188 2
3128 4538 2
5260 1738 1
9771 8837 1
195 7553 2
9083 8486 1
7767 7412 2
2617 5619 1
9675 8123 2
9115 7158 2
9622 8852 2
905 8526 1
2324 5149 1
9921 316 2
212 6684 2
8739 8535 1
5352 4375 2
9925 712 2
5048 9436 2
2560 6527 2
4223 2170 2
3905 6572 1
204 5606 2
3945 8342 1
5315 6184 2
5822 2440 2
810 7483 2
8248 639 2
3548 3248 2
9796 8317 2
8329 1403 1
8405 9593 2
612 3909 2
3582 9869 1
5252 1352 2
8985 6551 2
5571 3431 2
7251 3208 2
5586 2163 2
9837 6152 2
8611 8534 2
7437 1104 2
1102 8316 1
4395 14 2
1757 6597 2
3332 2661 1
8271 6037 1
4475 3306 1
1288 6149 1
4387 600 1
3168 3135 2
3814 2925 2
2832 2885 2
5233 1387 2
7912 7562 2
6117 7912 1
4060 5607 2
2664 4734 2
3154 6008 1
3378 3596 2
7429 1293 1
2321 1810 2
2613 42 2
8021 2585 2
5909 8326 2
4676 8873 2
4172 8592 1
2295 6610 1
5845 6261 2
7515 2516 1
9806 3035 2
946 9430 1
8845 1402 2
8783 6050 2
9686 8046 1
3629 1623 1
8294 7958 2
7305 2214 2
6252 8888 2
4915 2550 1
2314 1099 1
5842 561 2
9544 8619 2
2509 9700 2
2482 9672 1
6930 1651 2
7125 6503 1
2098 6706 1
8294 6560 2
9971 2093 1
2235 1358 1
7901 7777 1
4991 3058 2
9870 129 1
2226 6081 2
2710 418 1
2823 5249 1
5979 2575 2
9637 5072 1
8007 421 2
5911 9853 1
1797 7240 1
9516 6461 1
8567 5645 1
4567 3319 1
8051 4542 1
8911 632 2
5601 89 1
8609 1825 1
2383 161 1
1577 7540 1
4493 5691 1
3997 3946 2
6289 6387 2
4754 5855 2
9013 9285 1
1700 9492 2
2500 6564 1
5107 9853 2
5632 5894 1
9760 2337 2
3743 8613 1
1333 3229 2
7097 6384 2
6410 993 1
8204 936 2
8032 3137 2
6393 915 1
8634 1013 2
8804 6941 1
8527 8169 1
5527 9666 1
2058 8062 2
8879 8261 1
6138 9271 1
3134 8605 2
1970 9725 1
4632 3186 2
1898 7852 1
854 2724 1
7932 8820 2
9734 6261 2
1560 2520 1
2840 1146 2
4928 6194 2
5810 3949 1
2765 5693 1
1854 1486 2
1496 3722 1
7543 5389 2
9650 2012 2
8319 3714 1
7628 1900 1
1212 2742 2
8367 1285 1
2535 1767 2
5942 9800 1
8955 6696 2
7327 7226 2
1452 3806 1
9198 4738 1
7101 2484 1
778 3403 1
2184 8200 2
5470 3256 2
3115 2620 1
6697 3115 1
533 2646 2
6431 5276 2
1277 4704 1
4309 2664 1
1387 5832 2
1784 816 2
813 9953 2
679 6326 1
6868 2833 1
1461 4739 1
7332 4353 2
5800 9540 1
2376 8784 1
733 3512 2
7515 448 1
2305 6788 1
6560 7671 2
9017 6847 1
2250 4448 1
2923 1766 1
3749 1032 2
1395 6169 1
5612 4161 2
6815 8604 2
1104 2514 1
3652 8279 2
9128 916 2
599 9143 1
2347 1959 2
9940 3035 1
4903 7595 1
3386 2247 2
6206 4424 1
4652 4756 1
3476 5254 2
1234 3630 2
1250 5125 1
998 9525 1
7158 5111 1
7480 956 1
2737 1025 1
4170 2365 1
7799 606 1
8933 676 1
7107 3515 1
7907 2463 2
3344 6764 2
6754 1125 2
3105 2534 2
7911 6523 1
9706 2435 2
1656 6224 1
8308 8609 2
8177 1811 1
9693 9683 2
7457 7415 2
4470 542 1
8746 9574 1
5619 2621 2
3076 2491 2
2078 4798 1
7786 6134 1
7237 3315 1
6955 9596 2
8200 9698 2
202 8853 2
1419 5542 2
47 9468 2
8778 5083 2
1428 6211 2
9904 9269 1
3081 4492 2
2399 9658 1
577 8529 1
9435 467 1
1555 2060 1
2414 2384 1
7897 1712 2
4054 3553 2
4628 1278 1
2931 637 1
8950 5409 2
5946 239 2
9638 2019 2
5396 8468 1
6032 1141 1
4303 302 2
4883 7435 2
540 4884 1
6545 6782 2
7839 992 2
4850 5624 1
7315 4607 1
7713 5915 1
4275 7637 2
4269 4811 2
3314 4854 2
5002 4383 1
3284 2478 2
2398 6580 2
4483 5210 1
8404 5834 2
1739 9469 2
1436 8485 2
8525 5164 1
6073 9453 1
1840 5138 2
7521 4398 1
9019 9565 1
4369 4361 2
477 5359 1
9543 9537 1
8182 2990 2
4310 927 2
6715 5716 2
6149 1215 1
5589 3727 1
9728 5697 2
3122 5954 1
454 5624 1
9459 6035 1
4553 2446 2
1821 3147 1
9793 7502 2
8 1161 1
5593 3017 1
867 5775 2
2081 6530 1
6062 1379 2
3370 1554 1
4110 7312 1
4365 2948 1
316 8162 2
2004 5114 1
4006 4430 1
816 9686 2
2813 5943 2
3105 6050 1
9222 506 2
5553 1369 2
4905 8387 2
8042 7323 2
4373 1126 2
9003 3789 2
8202 1335 2
3959 3527 2
5917 7842 1
4837 6068 1
9592 9524 1
3377 4501 1
471 8959 2
7498 5071 2
5308 4666 2
7058 6024 2
6539 4831 2
2241 2062 1
9935 9148 1
3810 7344 2
3027 8850 1
3397 5859 2
8218 4153 1
5931 7710 2
840 1610 2
5229 5102 1
535 179 1
1926 67 1
3 9463 1
3540 7713 1
5918 108 1
5371 8496 2
9629 411 2
5698 2301 1
9576 1219 2
7619 3591 1
4974 7061 2
4239 850 1
7743 3177 2
9864 3415 2
3520 9017 2
1798 8322 2
571 7233 1
819 7683 2
9884 9589 2
8031 9534 2
1413 5291 1
1756 6539 1
1275 9612 1
98 5350 1
2070 7768 2
157 5472 2
1509 5535 2
6778 924 2
4808 4296 2
5854 1075 1
9028 7950 2
8271 4576 2
5827 2477 2
5960 7989 1
5441 4058 2
3130 1749 2
8592 7801 1
6454 2135 2
5445 8980 2
8003 89 2
3432 8395 1
4510 3947 2
280 9102 2
5637 4128 2
3077 1685 2
1915 4977 1
3060 3769 1
7336 9705 2
863 8152 2
5238 8857 1
4578 5140 2
5893 3286 2
5423 2245 2
8119 3638 2
811 9347 1
6725 1847 2
303 508 1
6888 3704 2
5511 324 1
7968 8590 1
3782 4080 1
2865 5185 1
6385 2938 2
2001 4236 1
1471 7760 2
6380 4320 1
4064 4357 1
9168 4449 2
7155 4479 2
4017 2152 1
6542 8087 2
6278 6047 2
9321 7196 2
1482 1128 1
2499 1600 2
2844 3463 1
4652 6649 2
5231 6179 1
1289 4306 2
9067 7977 2
676 4199 2
618 9561 1
1033 2557 2
2940 1879 1
8570 8215 1
1587 6331 1
6172 2146 1
4456 353 2
1800 1658 2
3428 3450 2
7883 2226 2
3400 4154 1
262 9105 1
7862 6264 2
974 7776 2
7973 6320 1
3357 6189 2
3968 5972 1
9327 4522 2
4600 1751 2
4375 4846 2
8574 7345 2
6967 7107 2
3770 1470 1
8155 246 1
6839 4495 1
1247 4635 2
7892 9671 1
3892 9527 2
7300 8158 1
7968 1492 1
3535 2706 1
9498 5104 2
8927 690 1
2434 3566 2
9716 3585 2
5847 6051 1
8832 2409 1
4143 3386 2
6332 5189 1
6563 4705 2
1 1317 1
4239 6394 2
5456 4142 2
3079 6859 1
8443 1048 1
1949 4494 1
4313 6622 2
2508 6898 2
3142 353 1
5680 2440 2
9776 5942 1
8843 4790 2
2539 9395 2
7314 8088 2
8558 1382 1
6526 8506 2
772 7854 2
7516 8111 1
317 2480 2
7197 4413 2
2314 19 1
5127 9759 2
7028 2916 1
370 2225 2
629 5443 1
9803 136 1
1405 1124 1
7972 7288 2
9231 6655 1
1266 8283 2
1521 3297 1
8942 2113 1
5616 6505 2
1541 9978 2
4233 6683 2
9448 8494 2
5537 9553 2
5277 3701 2
6239 3892 2
7564 2496 2
8188 6679 2
4834 302 1
9738 4157 1
5729 9239 1
1450 5806 1
6398 2533 2
7892 1942 2
3938 6982 2
3459 7382 1
2522 6236 2
9718 9009 2
5319 637 2
7249 5840 1
1039 3059 2
8938 5855 1
2490 2636 1
9692 494 1
3301 3947 1
519 8928 2
3762 8805 2
2446 2431 1
5911 2741 1
6935 7334 2
3546 3850 1
3855 1718 2
4636 6356 1
9828 2274 2
4219 7098 1
809 2098 1
6653 9734 1
6197 1828 1
9996 9223 1
5940 9574 1
2325 8830 2
8692 1422 2
1688 7202 2
5978 4194 1
779 7916 1
9787 3776 1
6519 5307 2
211 5240 2
2905 5938 1
7393 7388 1
3426 6165 2
1033 7735 2
696 7344 1
3249 5587 1
7651 7792 2
7780 3521 2
2545 2519 2
6370 3493 2
9906 4748 1
2862 6760 1
2540 5273 1
46 9268 2
6760 2955 1
3023 7852 1
4163 8102 2
3407 3473 2
2494 3807 1
993 4653 1
1023 6111 2
4140 396 1
1998 4407 1
4972 8382 1
5817 9030 2
7968 4279 2
5488 837 2
5034 9536 1
4425 1228 2
3170 3699 2
3037 8970 1
6980 6146 1
3497 8368 1
1181 1424 1
6174 5078 1
6722 1222 2
194 3558 2
5560 2704 2
2317 1004 1
9501 6830 1
2477 5308 2
2734 7412 2
4546 9116 1
1215 7466 1
690 4869 1
5927 7372 1
6422 7350 2
320 1386 2
9196 9217 2
1547 682 2
4979 5132 2
7210 3121 2
1698 6754 2
3717 1470 2
4657 5824 2
54 8719 2
4221 9560 2
9116 3450 2
6025 2385 1
8748 6038 1
5800 628 2
1115 7103 2
8052 6657 2
2277 2085 2
5082 1656 2
9658 3021 1
8572 17 2
267 5327 1
445 6452 2
113 3718 1
9720 2738 1
2823 2963 2
7914 8474 1
9243 3915 1
6547 2164 1
1617 292 1
5034 4538 1
9264 5228 1
9046 3354 1
4947 3682 1
2421 2294 2
3369 8715 1
8840 9891 2
9301 5342 2
7301 1981 2
6206 9992 1
4516 386 1
2416 9626 1
8019 7939 2
1754 6902 2
9027 4470 2
206 6677 1
8600 1686 1
2997 6979 1
7404 2705 1
2008 1313 2
6364 2265 1
2664 3347 2
3882 8436 1
5510 6864 1
745 9356 1
3835 6053 2
3301 1984 1
5282 3890 2
2632 4097 2
3913 763 1
5542 2710 1
1540 888 2
1650 8360 1
3274 1717 1
2854 5319 1
534 2819 2
6032 5043 2
3655 1093 2
2783 4355 2
5120 7668 2
3066 5698 1
7257 9228 1
6457 9277 2
8124 5805 2
8394 1014 2
1529 3322 2
8045 2148 1
2082 2637 1
5337 4977 2
303 6049 1
3541 6058 1
1788 8999 1
3743 8547 2
4150 370 2
457 5601 1
6898 9179 2
343 1885 1
1606 3533 2
7714 1032 2
3838 5258 2
4856 7905 1
4376 612 1
1449 193 2
7096 9237 1
9323 8016 2
3221 8519 2
1896 4716 1
9738 7901 2
7451 6265 1
4742 5417 2
5751 5260 2
284 4387 1
1151 5279 1
7972 1112 1
4991 3825 1
7672 297 1
1746 915 1
3352 7768 2
5881 8347 1
4327 558 2
9147 1525 1
5003 8872 1
7471 9197 1
5841 421 2
4227 1046 1
6758 6234 1
3529 3814 1
8239 7790 1
3621 7159 2
3554 4718 2
1872 8456 1
2443 5290 2
2184 5802 1
3400 9750 1
9293 8500 1
317 10 1
2966 4960 1
5857 1715 2
4762 7051 1
2607 3456 2
6696 345 1
5286 7637 2
3759 2542 1
9098 2683 1
7606 7014 2
3553 3262 2
8645 9166 2
5430 1198 1
1914 3192 2
5593 4319 1
3974 7403 2
7404 9800 1
621 9857 2
7256 6408 1
1530 5896 1
1590 4460 2
5224 3602 2
5191 8459 1
2602 5284 1
5693 1706 1
3956 3162 2
319 6664 2
9135 8626 2
3929 9476 1
7321 3613 1
7689 5377 1
7619 5985 2
6995 5113 2
1937 3033 1
2542 6871 2
2622 9203 2
8342 9147 2
8613 3089 1
8648 8250 1
7785 7065 1
648 3004 2
542 3845 2
8830 7564 1
973 6020 2
324 5404 2
7284 3751 1
1690 494 2
8404 6325 2
9059 3756 1
5169 487 1
6197 7744 2
7958 5564 1
477 1789 1
7982 3654 1
281 8820 1
5148 3628 2
588 4736 1
3364 358 2
893 411 2
4543 4004 2
9864 134 2
2203 8200 2
8939 4997 2
4649 2119 2
6283 3505 1
782 3755 1
5037 2660 1
626 9028 1
7709 9456 1
6580 5266 2
2746 7385 2
723 7277 1
2839 646 2
9382 2814 1
156 7716 2
3990 6019 1
5012 9379 2
2847 5631 2
5021 5751 1
6307 2631 2
4842 3048 1
230 3782 2
8884 6674 2
8291 1114 1
8485 8486 1
4949 1732 1
1260 5591 2
5183 4588 1
7676 8686 1
6357 8187 2
6252 5415 1
9473 1024 2
8936 3378 2
9679 476 1
4526 7218 1
1856 7797 2
7555 4801 1
6443 5414 2
1452 8794 2
8664 814 1
6437 1886 2
5811 749 1
461 3952 1
1919 5578 1
4824 9497 2
3168 7119 2
3372 2836 2
7840 4139 2
9540 4675 1
299 4303 2
1984 9656 2
1618 8194 1
531 9021 1
6428 813 2
8772 1517 2
7201 2768 2
3981 600 1
109 9851 1
1039 3379 2
8467 790 2
2940 7526 1
6215 9977 2
1660 44 1
8995 5620 2
3017 3030 1
7491 3385 1
6274 9945 1
6329 3469 2
6380 9659 2
3065 3083 2
8268 3146 2
6414 3136 1
3166 8821 2
1140 7888 2
3154 753 1
1948 528 1
8217 6869 2
7515 4138 1
156 270 2
6522 8876 1
8758 4220 1
7943 8377 2
133 531 2
7971 8982 2
3901 3419 2
339 1486 2
2900 769 2
6080 2431 2
7 8292 1
9990 8187 1
3780 1880 2
7304 8494 2
3014 1818 2
800 2605 2
2218 6262 2
5586 4331 1
5012 6856 1
4111 3703 2
9800 3538 2
8094 1110 2
670 1257 1
8392 2765 2
898 7061 2
7404 4184 1
5317 5973 2
2124 4695 1
9562 1337 2
8223 9932 1
7242 5078 2
3005 5454 1
1072 4182 2
262 6920 2
9326 3333 1
9899 7882 1
391 7413 2
7251 1735 2
9842 5755 1
2808 4166 1
8861 3904 1
7751 6834 1
8776 3728 1
5620 9866 1
7446 7086 2
4259 1729 1
4800 4319 2
2512 7231 1
3697 282 1
4504 5438 1
9354 7518 2
9646 3342 2
4384 8332 2
3079 2497 2
4489 969 1
7934 9103 2
7347 3438 2
465 6388 2
4078 5624 2
6946 7293 1
9756 7656 1
5831 8255 2
5864 7923 2
1946 976 1
1612 7747 1
5145 4028 2
8153 900 2
8039 8689 2
995 7352 2
2393 5091 2
1267 4180 1
5019 4569 1
3299 5553 2
5545 9134 1
9381 3803 2
9510 9569 1
8061 5813 1
7800 3845 1
5794 8564 1
8633 1202 1
2881 5567 2
9224 2898 2
4746 534 1
4518 9669 1
2913 4888 1
6922 8941 2
1390 6843 2
2477 2499 2
5438 7687 2
8943 6480 1
2159 6011 1
4064 8500 1
680 8951 1
6759 5539 1
6703 8529 1
9519 1827 2
688 6560 1
197 4336 1
9741 3092 1
5868 9576 2
9209 1980 1
8121 9984 1
1100 2574 2
6454 9404 1
18 3490 1
6419 6378 2
2796 1511 2
5457 9113 2
589 3213 1
5269 3626 1
3070 1530 2
9931 7814 2
9898 5446 1
4464 7655 1
1603 5214 1
679 7693 2
3755 5396 2
9270 3514 1
6988 2733 1
8630 2199 1
7329 5778 1
2389 541 2
5674 1968 1
4519 4061 2
2860 5432 1
9345 7945 1
9295 8895 1
2350 8264 2
8270 7199 1
3306 7302 2
1386 8021 2
7817 6257 2
904 7873 2
8177 4925 2
8542 8553 2
5771 2241 2
506 8629 1
598 2280 1
2699 1892 2
5156 7169 2
342 5271 1
3596 9728 1
8098 4961 1
7142 5450 2
6716 7389 2
3810 7469 2
4196 4855 2
6609 1430 2
4110 5425 2
8266 9640 2
7602 5008 1
4791 9452 2
5597 1629 1
4789 9451 2
686 5 2
2232 8166 1
1177 2649 1
2676 8655 1
1800 9007 2
437 9325 2
8980 7583 2
3992 1084 1
768 2070 2
800 2459 2
7375 8102 1
6770 8252 2
1113 8436 1
3705 2375 2
6379 137 1
7971 887 2
611 3522 2
5361 9019 1
3463 2929 2
8395 9735 1
3199 2729 1
746 2016 2
9799 517 2
8109 5156 1
4527 3042 2
7188 2176 2
3226 1392 1
9768 5959 2
3330 7893 1
5265 5474 2
2226 10 2
9070 9547 2
6699 812 2
6993 7504 1
7424 3852 1
4880 2214 2
4233 2816 1
9605 2692 1
9092 3792 1
7647 5252 1
7279 2681 2
1263 6661 1
9520 9613 1
3996 8619 1
5021 4737 2
4335 6014 1
4996 8062 1
4728 2519 2
53 6417 2
1815 6310 2
3250 6620 2
5075 5022 1
7046 7650 1
8679 6567 1
2907 7950 2
368 892 2
1618 4093 2
3200 3755 1
7759 7935 1
4654 1432 1
443 1898 1
4452 2921 2
5617 5383 1
7504 9515 1
6065 8643 2
2067 2620 1
1727 9376 2
1925 9391 1
9620 2657 1
1135 3755 2
7004 4721 1
3519 8348 1
6423 845 2
4264 1169 1
5625 1781 1
2383 1660 1
1483 3519 1
6191 7237 2
5783 7044 2
8534 3079 2
6495 3169 2
6870 5266 2
2134 9704 2
3317 9383 2
3669 9788 1
2733 3759 1
3944 9992 2
1053 6917 1
4319 1929 2
9062 5623 2
7006 399 1
94 9561 1
8365 2001 1
4064 8881 2
5272 7238 1
7579 2412 2
7071 5836 2
7743 9784 2
3480 8996 2
3875 1880 2
8568 9828 2
9761 6676 1
4718 5668 2
424 166 2
1288 7906 1
265 2493 2
5116 1486 2
3515 766 2
7489 8382 1
9432 286 1
6547 155 2
4237 8921 2
178 3618 2
3278 8191 2
8003 5285 1
4687 3105 1
9998 312 2
5324 7896 1
7374 5396 2
1090 1327 2
1924 8086 1
4 5028 1
6789 1681 1
375 523 1
6535 408 1
3270 6203 2
2424 8677 1
8222 2014 1
8343 2613 2
3507 1413 1
3849 2138 2
5050 8274 2
4757 3447 1
6269 3709 2
4408 7576 2
698 5824 2
2483 4567 2
6516 8651 1
5672 200 2
2257 464 2
9952 6206 1
3194 6312 2
4248 7091 1
8750 2396 2
7806 7332 2
8831 6828 1
3753 6691 2
4819 2940 1
5951 8980 2
6836 642 2
5373 7648 1
4337 7402 1
9427 853 2
9819 386 1
1445 7523 1
7880 7790 2
187 672 2
5492 3621 2
6369 3766 2
3771 4706 2
7736 6592 1
256 3748 2
755 3072 2
3514 798 1
43 7692 1
8753 4663 1
140 7644 2
5365 9116 2
7302 9726 2
7208 2953 1
2396 4195 2
3279 6964 1
2440 8687 1
9924 1474 2
6981 1644 1
4871 2640 2
2932 8007 1
7464 3851 1
5624 8066 2
8031 3608 2
1162 2593 2
9557 861 1
5509 3821 1
6920 2502 1
5851 7620 2
4939 1825 2
5134 9590 2
6771 6114 1
3672 5194 1
5867 3888 2
3732 439 1
2497 2310 1
8242 5163 2
2071 8355 1
9367 4888 2
9491 1114 2
3754 3858 2
4383 8243 2
680 1954 1
2665 6312 1
3618 9046 1
1492 8585 1
5866 8638 2
9734 8680 1
1337 2417 1
3400 6286 2
9356 7462 2
777 4356 1
8354 9068 1
5771 5691 1
5200 9442 2
2917 3317 2
5341 591 1
9743 3817 1
294 6251 2
8089 7939 1
5019 3732 1
3380 7105 2
7344 3611 1
4631 5015 1
3677 7844 1
7083 9148 1
6415 8537 2
3392 1947 1
9173 3640 1
566 6435 1
6115 784 1
3893 7896 1
1682 1528 1
9717 9343 2
6062 1481 1
8502 6406 1
4007 8143 1
2138 9273 2
6161 6731 1
6790 7326 1
2980 2452 1
8069 1115 1
2588 5521 2
9781 666 2
7545 8721 2
199 1596 2
2065 2467 1
3299 8771 1
1209 7006 2
3858 9814 2
6608 3018 1
2946 3841 1
3493 2549 1
6534 7042 1
427 2976 1
6419 5949 1
7564 8624 1
4149 537 1
4531 9725 2
4056 6177 2
560 9941 1
9390 2068 1
5960 2778 1
8096 6278 1
5123 3632 2
597 2429 2
8508 4048 2
2684 9908 2
9237 6280 1
2200 4571 1
6336 8281 1
3967 5861 1
3207 3992 1
5851 8232 1
9317 4621 2
9401 7281 1
6394 9767 2
6812 5374 1
3226 8053 2
5306 3937 2
8383 8638 2
6718 1492 1
3763 9339 1
5845 8736 1
6215 4840 2
6625 5220 1
1711 7702 1
3689 2852 2
212 4140 1
4807 8039 1
272 3793 1
3400 8521 2
3685 8276 1
8448 2743 1
9639 3653 1
1795 7045 2
7581 7449 2
7037 8683 1
6308 201 2
6523 996 2
5132 5635 2
7616 6590 1
2649 7592 1
7729 5532 2
9219 3132 2
6953 583 1
4806 9402 1
3174 7897 1
2067 6814 1
634 9712 2
2541 7768 1
7515 4113 2
6445 2015 1
435 9491 2
9151 2252 2
5840 3600 2
4563 43 1
5125 8935 2
3069 4510 1
968 2252 2
84 9145 2
4322 5639 1
7623 999 2
4546 2113 2
899 1395 2
3770 5034 1
6206 9872 1
1824 6886 2
7168 3730 1
8927 5195 2
7028 8275 2
1379 2916 1
7516 3247 2
9921 2033 2
1690 2728 2
6652 7621 2
7912 8274 2
6961 5975 2
5121 5816 1
6332 7857 1
8933 8902 1
1905 6596 2
537 5276 1
52 2386 1
3685 7906 2
8769 2323 1
8468 926 1
8053 3073 1
4983 7711 2
4802 683 1
5731 4982 1
2271 3014 1
3758 9176 2
1974 5335 2
6630 5101 1
7125 106 1
1914 1860 2
5822 8382 2
559 4605 2
3398 7591 2
3324 7437 2
937 1451 1
3806 2286 2
8820 4613 1
8805 7836 1
5626 3814 1
5077 8281 1
1457 6270 2
2198 6937 2
1298 3143 1
629 7959 2
316 2107 2
945 7151 2
2721 521 2
590 1649 2
7591 8436 2
5445 6933 2
9192 6756 1
3922 9585 2
610 2483 1
8661 5653 1
2728 1120 1
1474 5647 2
2896 7536 1
7793 1831 2
2579 9864 1
4446 1957 1
5969 2004 1
5418 9253 2
5306 8868 1
1640 3738 1
6229 3209 2
561 8745 1
5373 6748 2
6960 249 1
7279 1240 2
5943 7706 2
1629 6043 2
9673 1226 2
2590 7001 2
8125 1233 2
8107 8521 1
5810 6903 2
7380 2486 2
7957 217 1
8697 1071 2
6460 7880 1
9378 5271 2
7183 8809 1
1288 9045 2
9865 7014 1
873 134 2
9739 3531 1
8824 1638 1
1914 8154 1
5114 9867 1
5452 6151 1
5050 8506 2
1791 5645 1
4517 1919 1
6723 1080 2
9039 2858 2
8218 2297 1
6845 9629 1
3423 277 2
7753 2911 1
7852 9238 2
8562 6619 1
3474 1496 1
5400 3906 1
9317 7773 1
8516 6437 1
8350 3882 2
8542 9196 1
8951 904 1
4965 2193 2
5554 7604 1
6155 6438 1
4947 5743 1
5078 8827 2
1201 6750 1
9361 5864 1
7497 9323 1
7224 8394 1
683 9266 1
9392 8941 2
9531 9621 2
3756 5959 2
6657 8105 2
3337 5853 1
5466 5303 2
7283 9372 2
7044 3628 2
894 9713 2
2486 5177 2
6462 6209 2
1446 9603 2
2111 8994 1
2097 4084 1
46 6992 1
4710 9976 2
6077 5657 1
9115 5697 1
9523 8113 2
8727 964 1
8970 1423 2
7798 5322 2
9487 8350 1
7177 8912 1
6070 5149 2
4515 6375 2
340 5120 2
5789 7380 1
9203 8220 1
7250 9889 1
9665 4751 2
8724 2618 1
4321 2613 2
613 9041 2
6632 164 1
2543 8203 1
8657 8977 1
3325 2337 2
8794 5353 1
9023 6752 2
1717 2442 2
1386 3561 2
1288 8326 2
9942 9010 1
8989 2247 1
7502 7874 1
3091 629 2
1027 185 2
2075 3330 1
4442 2662 1
7211 6511 2
5433 1727 1
9647 5348 1
7742 5677 2
9907 6300 2
5160 9581 1
3418 2710 2
1452 2912 1
2506 5653 2
7489 6891 1
9358 5777 2
7268 6984 2
211 3589 2
6501 5652 2
1163 3902 2
6712 4927 1
3629 1970 2
6102 9135 2
3282 1879 1
313 6445 2
9162 2071 2
8435 8822 2
3813 1363 2
9543 251 2
6731 6173 1
8735 3569 2
9125 6604 1
6597 6306 2
7793 5788 1
2233 4667 2
1777 1883 1
8209 6684 1
3708 7886 1
2628 4587 1
4060 1226 2
431 5921 2
1119 1531 2
4880 5547 2
3303 1984 1
3230 4602 1
3610 8620 1
2942 1235 2
9522 6983 1
1343 3696 1
4701 5356 2
7024 7262 2
6510 7065 2
7700 7789 1
4570 4801 1
8629 5699 2
8957 9805 2
8302 665 1
3987 1862 1
224 2444 2
287 1389 2
2862 2573 2
9063 8788 1
5233 4690 1
3749 9315 1
6580 9395 1
5032 1939 1
1928 9933 2
4929 710 1
18 8355 2
3735 4173 1
8904 5704 2
4787 4944 1
9832 4486 1
8852 1802 1
9330 4794 2
29 6171 1
8040 8757 2
5682 8372 1
1701 6861 1
31 4878 2
2787 9338 1
9857 628 1
8899 7561 1
362 2068 2
794 9132 2
2353 177 2
7662 4728 2
4224 8180 1
4285 5238 1
4644 6631 2
3478 2644 2
9553 8232 1
4189 7713 1
5164 9069 2
4923 5331 1
9742 8234 2
2685 9637 2
440 7036 2
3552 5153 2
6041 5649 1
299 3082 1
8138 9326 1
9814 134 1
8099 8440 2
9339 6204 1
4163 1883 1
9596 4842 1
1723 2054 1
8428 3249 2
8883 8781 2
628 1319 1
9189 2230 2
4944 7780 2
3837 6029 2
896 101 1
3439 4032 1
7816 6781 2
2033 9090 1
448 5967 1
9452 1500 1
1956 3205 2
9407 968 1
708 3548 2
6828 581 2
6358 8309 2
9593 2406 1
3791 7622 2
2113 6946 1
1902 4231 2
5905 373 2
210 7638 1
8875 1550 2
7854 2611 2
950 5007 2
9052 2020 1
6171 2529 2
5111 8755 1
4138 2333 1
1327 7547 2
5507 5795 2
5961 510 1
8430 8919 2
3213 3602 1
5732 2335 2
7238 2079 2
2499 2230 1
5957 5187 2
5453 541 1
7039 3998 1
5721 9269 1
7562 646 2
1057 5093 1
9396 5332 1
4819 8634 2
4172 470 1
2561 7778 1
679 7931 1
7456 1008 2
3788 6314 1
7116 1532 2
6873 9211 1
2163 3648 2
716 5596 1
1750 5516 1
8202 4845 1
1323 4754 2
4235 8852 2
8861 5130 1
7804 811 1
6506 1664 2
636 8493 2
7924 1713 1
2159 9724 2
2449 9938 2
7214 9470 1
9132 5897 2
1061 3067 1
9281 673 1
1700 9121 2
8132 2571 1
4239 5904 1
2475 1272 1
2862 4383 1
5183 3504 1
6717 9365 2
4784 3757 2
2845 8224 2
9470 7536 2
1361 1954 2
6576 108 1
9042 3838 1
9057 950 1
4236 7600 1
7902 4603 1
3071 4290 1
6345 6618 2
9054 7944 2
697 470 2
4947 3957 2
5624 3173 1
1305 8867 1
4691 643 1
3649 9472 2
7006 8640 1
5054 7467 1
4190 8318 1
4217 5035 1
12 644 2
9485 8616 2
2137 8317 1
1324 5088 2
9684 170 1
1304 1428 2
9686 3212 1
75 5896 2
4071 6955 2
224 7798 2
1397 9362 1
5367 8476 2
2996 7408 1
9525 7481 1
4713 8376 2
257 9284 1
8958 9618 1
1321 965 1
850 1368 2
5499 1626 1
4774 1450 2
1116 676 2
4608 3770 1
6788 2231 1
8396 7041 1
3648 2445 1
6070 1224 1
1615 2756 1
3377 5184 1
1334 1387 2
419 9771 2
7180 3433 2
9126 9680 2
7486 8135 2
8409 8426 2
2364 9552 1
2941 5690 2
3754 8776 2
1609 4401 1
1280 2338 1
4887 3927 2
7099 5641 2
6612 183 1
9066 3336 2
372 7888 2
3425 5298 1
923 7893 2
9817 907 2
6213 8750 1
6542 4220 2
8895 6069 2
8176 7955 2
5003 7482 1
7763 4625 2
8785 2464 1
8607 7658 2
6600 2877 1
752 8744 2
9297 2350 1
3286 8441 2
2573 2416 1
1575 7996 2
2529 6680 1
8889 8824 1
6953 4589 2
1768 1302 1
5427 6536 1
8262 8562 1
8512 5675 2
1125 221 1
1030 9527 2
8207 7326 2
7040 4804 2
9423 4524 2
2252 7405 2
9221 6214 2
7820 9457 2
3158 5355 1
2502 6612 2
1754 2530 1
1188 3787 1
973 5540 2
6741 4996 2
478 61 1
4938 6860 2
2578 2910 2
9050 6502 1
450 5646 2
6126 4987 2
5177 1220 2
2581 1701 2
7063 6959 1
9010 8754 1
8017 15 1
6313 3095 1
7070 7385 2
5909 4635 1
731 9878 1
1317 9335 1
2264 7380 2
3307 2765 2
425 9348 2
3068 142 2
4647 3722 1
7890 498 1
3596 4001 1
5997 9060 1
7018 5812 1
6253 660 2
8869 7350 1
4714 4403 1
7780 8891 1
5645 3994 2
9108 1836 1
6740 8163 2
4869 3639 1
3138 2062 1
9307 3229 1
2700 4718 2
6222 5939 2
9869 3434 1
6074 49 1
1427 9884 1
9712 8310 1
6399 6293 1
7667 9682 2
3593 7687 2
7996 4682 2
5226 1066 2
4967 6823 2
8177 1591 2
3716 2055 2
4495 5392 1
1927 139 1
7498 4118 1
727 6520 2
7774 3553 2
2467 1718 1
7895 7181 2
5864 5252 2
7672 1895 2
2444 3650 1
9095 3603 2
9559 8661 2
3198 4329 1
4661 5990 2
1084 676 2
5381 6483 1
9778 1570 2
1692 8445 1
4743 7127 1
5139 3225 2
8053 7657 2
5237 5311 1
4729 1509 1
6626 8766 1
630 5529 1
207 1254 1
2675 6456 1
6980 8972 1
6680 2393 2
5068 5145 1
3413 9896 1
8984 556 2
6284 4020 2
8845 8275 2
5698 511 2
2337 614 1
994 3794 1
2578 3373 1
937 3878 1
783 9812 2
6251 3659 2
4125 5822 1
3325 6181 1
6627 7359 2
3241 6682 1
9550 9057 2
1581 3125 2
2830 4896 1
76 150 1
1943 5454 1
4027 8032 1
3025 9888 1
1621 7978 1
1929 6366 1
5896 6943 2
142 4439 1
870 8606 2
6084 3371 2
7285 1930 2
7540 9103 2
9727 1674 1
9418 4589 1
6563 5386 1
326 7969 1
98 4633 2
7436 1341 2
4291 4953 1
1492 1541 2
2447 7523 2
2650 9908 1
3381 3920 1
3007 7430 2
2167 4240 1
7862 1884 2
3436 5207 1
7448 2555 2
3548 4299 1
3345 2653 1
6279 4824 2
6416 1454 1
782 5324 2
555 7936 2
7304 75 2
8249 7303 1
4847 4076 2
4054 7326 1
9760 8378 2
9922 8641 1
8783 5667 2
1186 4641 1
9040 6237 2
3246 4979 2
2095 8812 2
2001 2769 2
9305 3725 2
5597 9271 1
7297 5103 1
8724 8455 1
3308 4517 2
1567 8390 2
5653 7653 1
3819 2748 2
7018 9291 2
4776 7928 2
7165 6471 2
7352 250 1
724 666 2
8966 6344 1
2745 7214 1
1996 8857 1
6538 1643 2
2059 6285 1
9562 5330 1
8055 4259 2
7790 6246 2
8553 8464 2
6978 158 2
8667 367 2
7218 7941 1
5071 6140 2
3297 1050 2
2489 6696 1
981 8161 1
384 9128 2
1960 7439 1
2481 1318 2
6313 9169 1
8732 3582 1
9881 4758 1
8053 2114 1
2431 7985 2
2948 3847 2
1540 5720 2
4726 1926 2
6408 9768 1
8233 8364 1
5947 2318 2
3044 6858 2
2996 6751 1
3053 6789 1
1822 9249 1
9697 1383 1
8150 3984 2
2623 5916 1
3919 4410 2
2093 8358 2
2478 3011 1
9938 7226 1
2941 4386 1
5578 6321 2
3484 5810 2
7622 9576 1
4412 2082 1
9369 7088 2
6802 5541 1
1164 6878 1
970 9107 1
1194 1372 2
7697 8870 2
6485 7863 1
6346 9262 1
5039 6495 1
4251 1518 2
9986 1706 1
5661 124 2
3641 9296 2
4831 7605 2
8628 1600 2
8210 9766 1
2760 5482 2
3246 4820 2
6333 2148 2
1325 7349 2
1006 3862 1
4315 9061 1
2076 3885 2
4076 6163 1
2428 5339 1
9606 6225 1
7860 4997 2
6482 4023 1
8946 8132 2
4751 7344 1
5317 6405 1
3503 5691 1
7618 9609 2
6009 27 1
3408 5350 1
3029 4760 2
9484 7395 1
3 2204 2
6758 6864 1
8724 8567 2
8690 8860 1
4047 4732 1
3033 3677 1
638 3441 1
1269 1948 2
8126 1075 2
9816 6774 2
8019 5936 2
1397 2940 1
5777 9099 2
9878 1491 1
5156 6699 1
5541 53 1
9753 2396 1
8162 7279 1
9363 8828 1
1011 2753 1
8823 2367 2
815 3777 2
8848 7852 1
5059 1992 1
5116 2702 2
2941 3171 2
3212 3941 2
1428 6819 1
2600 5426 1
4573 5278 2
4489 2174 2
7655 3740 2
7038 6579 2
5185 7626 2
7351 4225 2
6398 2330 1
1149 1371 2
792 5137 2
9048 6440 2
6106 8632 2
8759 5794 1
2325 7196 1
2076 6522 2
8044 2255 1
3645 5010 2
6200 9092 1
4277 465 2
2260 5526 2
8688 9299 1
1793 9234 1
1330 9863 2
3444 1064 2
5681 5423 1
9779 7982 2
695 1171 1
1244 6589 1
1745 9662 1
7679 4466 1
9634 655 2
2142 5198 2
2657 5146 1
8596 935 1
8758 9461 2
475 117 2
7473 7291 2
9828 2005 2
8596 3820 2
132 2442 1
7364 4571 2
1665 2215 1
2619 7295 2
8473 1718 2
4233 9330 2
6299 9476 1
8382 9717 1
1627 8130 1
2626 5290 1
3522 4614 2
1582 9369 1
1181 7320 1
1776 9580 2
8537 7653 2
8939 802 1
9197 6016 2
3540 384 2
5457 4348 1
9158 6747 1
8367 1699 1
2991 9151 1
2857 850 1
737 9515 1
6866 8906 1
6546 1779 1
5859 7361 2
4988 9245 1
7128 1647 1
542 3876 1
5185 4402 2
6105 8152 2
7746 7322 2
8339 1052 2
1395 6445 1
4712 9943 1
192 6164 2
6580 516 2
3753 5740 2
3866 4994 2
5460 5127 2
9744 8612 1
1446 5752 2
1936 1969 1
8350 3194 2
3433 5397 1
5579 2154 2
9661 4031 2
5648 7209 2
4976 1089 1
4199 3787 2
6399 6691 1
7035 1210 2
6294 8641 2
5484 1747 2
6249 3512 1
8831 9271 1
700 349 1
6812 7180 2
9979 1382 1
5102 6106 2
3923 6046 1
950 3887 1
167 9317 2
9161 9675 1
7388 1774 1
5741 2677 2
1549 1264 2
7392 6356 1
1847 8214 2
5425 8966 1
8830 3903 1
4101 8124 2
9527 7422 1
7635 2748 2
5724 3835 2
6473 8046 1
4827 3008 1
2901 2784 2
9767 7884 2
3564 3970 2
3542 900 1
3494 6155 1
8529 3677 2
7264 7778 1
4263 227 1
8505 9413 2
5530 8870 2
8981 3653 2
2240 2216 2
557 7832 1
5667 5504 1
4205 5462 1
642 5177 1
1285 1805 1
7854 4371 1
5369 1550 1
8350 3297 2
4081 893 2
6587 3338 2
9113 8852 2
1348 1881 2
6962 480 2
3243 1421 1
479 2787 1
2951 8217 1
5769 1697 2
3184 2405 1
284 9235 2
9606 3163 2
7992 8327 2
3035 459 2
848 9741 1
836 2279 2
3694 43 2
5803 2824 2
1709 6011 1
6880 375 2
8862 104 2
4212 37 2
5124 8613 2
4956 2515 2
648 677 1
4132 4939 1
5573 6612 1
1001 7141 1
9245 1996 2
7134 307 1
5042 1985 1
760 9270 1
2366 5318 2
9314 2533 2
8092 7062 1
5466 9645 1
5084 1916 2
4978 9612 2
5171 1850 1
3008 438 2
1864 1510 1
8382 4976 2
5561 8009 2
5386 7192 2
8900 4334 1
4935 9850 1
8334 9705 1
587 6668 1
7439 5837 1
7903 5347 2
9940 8197 1
6802 5308 1
3292 9932 1
1270 900 2
7292 7397 2
6898 8784 2
4363 8916 2
3182 4007 2
1238 8210 1
1002 6754 1
9181 8269 1
7287 8931 2
4596 6117 1
9740 1211 2
8323 7601 1
8258 6770 2
4231 3320 1
3833 1571 2
5807 3512 1
9585 4221 1
4895 995 1
5282 8915 1
6512 8573 1
1924 7453 1
5310 1599 2
7319 7253 1
5417 6039 1
2141 9579 1
5797 8838 2
6379 5138 2
554 4272 2
6540 3280 2
5956 7344 2
4654 1682 2
8931 3185 2
5122 7205 1
13 4486 1
9600 7342 2
9960 2227 2
3665 5987 2
8544 5729 1
723 9952 2
3991 7726 2
6777 5908 1
4127 4043 2
7384 561 2
1714 1868 1
4268 4991 2
6987 4363 1
2097 7737 1
9387 6214 2
6266 8462 2
2852 9309 1
6621 3057 2
801 5445 2
1540 6938 1
2957 8391 1
3917 4 2
2151 6513 2
9308 5997 1
1268 68 1
1828 4888 2
3245 5556 2
9266 1902 1
5069 8188 2
7714 4152 1
6548 1831 2
8935 5623 1
2263 4408 2
2839 3373 1
3005 9411 2
4653 2977 1
7811 8001 2
2758 2959 1
5353 4192 1
9764 9670 1
1683 8961 2
5214 3656 2
6170 344 1
7550 1613 1
744 7472 2
1297 2704 1
6783 6452 1
1147 8832 1
8851 4359 1
3824 3313 2
5739 5117 1
9804 1305 2
4084 2080 2
2492 6979 2
5646 5932 1
995 5727 1
1661 8659 1
3702 6400 1
1785 9849 1
9360 7836 2
2894 3209 2
4127 5232 1
4141 8574 1
3493 5210 1
9049 9259 1
6680 2189 2
4427 1156 2
9938 5760 2
1215 6082 1
9249 7279 1
981 6260 2
1688 7769 2
7281 6600 1
3405 112 2
5658 5558 1
3801 8284 1
4511 805 1
2203 3624 2
2589 6628 1
1093 5236 1
1546 4275 2
4061 6049 1
4638 3655 2
2686 552 1
2053 1561 1
5941 6084 2
6910 7432 1
5748 7155 2
7183 2418 1
482 9912 1
1630 9871 2
5208 3388 2
8169 5383 2
4693 3801 1
6767 22 1
3036 8238 2
1253 9711 1
721 7294 1
1171 3878 1
8752 544 1
5460 325 1
7878 9440 2
9465 1944 2
6581 5933 2
1255 929 2
532 8905 1
1588 8660 1
6653 7516 2
654 8876 1
8590 226 1
7012 5301 1
9001 40 1
6379 8895 1
8163 3811 2
3226 1330 1
4984 1801 1
4590 5620 1
8326 1717 1
4631 436 2
3565 4999 1
3209 8787 1
7382 1506 1
6396 3830 1
8137 2061 2
2829 2853 1
2085 7939 1
427 6463 1
1628 978 2
8810 7764 1
8420 7296 2
2627 873 1
5927 5729 1
914 9096 2
1619 7874 2
7111 93 1
747 882 2
5830 1786 1
9029 3091 2
7239 4212 2
555 798 2
3654 3539 2
8218 3468 1
3956 2390 2
8709 6029 1
5956 6861 1
3074 6933 1
2831 5245 2
9948 234 2
5793 9328 1
1504 8296 1
937 1250 1
9168 5181 1
4285 1797 2
8947 3645 1
3380 5198 2
7874 3294 2
8618 7909 1
6285 6813 2
527 1145 2
372 6280 2
824 5738 2
3887 8722 1
2093 1021 2
2327 3651 2
4569 2364 1
7818 2501 1
6014 1811 1
2395 1960 1
6846 7396 1
6815 1550 2
2195 6468 2
785 8048 2
3031 2460 1
559 1879 1
6653 6937 1
2570 4932 1
2966 3788 2
6746 1256 2
1581 1722 1
2008 5708 2
3628 9517 1
1395 779 2
2580 1633 2
6620 6579 2
5033 8872 1
9353 8392 1
9732 615 1
5269 561 2
9183 5158 1
4478 8649 1
4028 5444 2
9990 4511 1
255 5121 1
179 1718 2
1327 6291 1
4208 4230 2
3753 9857 1
1209 9593 1
6461 7003 2
579 319 2
207 8608 2
1793 1706 2
5799 8357 1
9712 9779 1
1298 6053 1
8188 2227 1
1406 7852 1
3673 2811 2
1106 7451 2
3035 7021 2
8004 4167 2
1006 4384 2
1009 8762 2
4895 7088 2
7928 8737 2
1392 4139 1
2831 780 1
6488 2437 2
6749 6033 2
977 4885 2
1550 3880 1
5945 3702 2
7219 9632 1
7217 4087 2
6719 1081 2
8209 1627 1
1467 9497 2
1074 7658 1
8962 5863 1
146 8942 1
2022 1459 1
7124 9991 2
1433 9772 1
4317 5720 1
4021 1816 1
1016 4919 1
7541 5520 2
7747 3313 2
1481 7217 1
8816 5603 1
3126 1788 2
8757 2658 2
3828 1270 2
9100 4116 2
7214 2329 1
4356 8533 1
4357 5425 2
9582 1011 2
1134 6688 2
8752 1794 2
8207 5707 2
2774 4826 2
4982 4443 2
8444 1940 1
4610 4541 2
2517 1472 1
8072 6066 1
1815 7665 1
799 2880 1
589 4143 2
5156 3071 2
7444 1940 2
3687 6396 2
6254 7072 2
9820 5017 1
1810 358 1
6172 8395 2
5913 2300 2
2817 1435 1
4307 2703 2
573 342 2
3424 1148 1
8260 7485 1
3448 1544 1
5965 6918 1
6756 7962 1
6789 1769 1
1010 2619 1
6171 6307 2
8196 1133 2
9045 1382 1
65 5873 1
3834 5223 1
6819 6207 1
4071 2703 1
2440 3602 1
7818 1771 1
4178 9417 1
2938 3756 1
471 8040 1
9212 4664 2
753 2005 1
5503 7367 2
3262 9035 1
6082 7686 2
8929 3370 2
6360 1560 1
7167 6853 1
7563 7424 2
9284 8898 2
230 5416 2
5980 2830 2
8714 8541 2
1834 9303 1
4586 7328 1
6020 3072 2
9327 134 2
3844 272 1
1796 5369 1
6745 6307 2
5546 742 2
8180 9623 1
4246 7501 2
8972 8945 1
9694 1556 2
7402 102 2
2864 3972 1
7869 1074 1
5116 1594 1
2392 5876 2
5940 776 1
3903 3328 1
9907 2753 2
8046 7932 1
3923 5472 2
1730 5523 1
357 9858 2
9789 3701 2
8590 3687 1
5830 5493 2
7860 9861 2
2135 6186 1
8565 2501 1
7613 1774 2
1424 8388 1
9900 6274 1
1705 8675 2
9369 9128 2
1498 2696 1
6030 9640 1
1101 3355 2
4809 3563 2
5699 4682 1
8748 4403 1
7824 1397 2
7295 1905 1
9212 2738 2
8874 6446 2
3635 5386 1
7564 5235 1
5046 8410 1
4967 4128 2
4696 3220 2
5664 3625 1
8802 6571 1
2868 772 2
3008 266 1
3838 5324 1
8914 1150 1
9730 337 1
9580 7415 1
1206 6294 1
7926 4715 1
3651 3490 2
3836 3492 1
7704 3007 1
2110 8925 2
6775 702 2
6930 5848 2
3671 7345 2
3661 8667 2
2768 4320 1
5342 8510 1
9986 4277 2
6132 734 1
6078 512 1
7874 8766 1
6283 4563 2
5442 6305 2
7011 8246 2
6287 561 1
7411 2884 2
1513 3931 1
6398 1709 1
4229 5249 1
427 9907 1
7627 5078 1
6307 2877 2
1558 310 1
6916 7606 1
6839 7899 2
9200 302 2
6707 8121 1
1854 9256 2
6272 4643 1
8920 6379 2
4956 3683 1
6124 5378 2
7846 4982 1
9132 8236 2
4547 6782 1
4093 2716 2
5546 270 2
3019 5049 2
6473 6209 1
9956 5887 2
4638 5508 2
6297 1581 2
3806 3736 2
8080 3206 1
1297 9745 1
9876 4688 2
6564 9113 1
6115 4183 2
5782 8861 2
1823 6603 1
4107 9151 1
4302 765 2
7788 5491 2
4523 7798 1
6165 5058 1
2770 33 2
9574 4073 2
903 7532 1
3491 4107 2
9376 6139 2
3076 4795 2
5334 4229 2
8149 5347 1
9033 9877 2
8631 625 1
6329 5722 1
7421 1220 2
5837 9335 1
7824 8083 1
6624 5460 2
5036 2758 2
3599 6875 2
9121 6987 1
6076 7964 1
9394 1234 1
8638 6265 1
2617 3554 1
2703 8811 1
4801 1458 1
5901 603 1
6971 528 1
6649 6313 1
8922 2142 2
6619 1481 1
2631 6192 2
6988 8257 1
1853 9087 1
3114 8061 1
5166 7401 2
6887 1243 1
7260 3710 1
1131 1247 1
1089 3557 1
30 3312 1
8120 8613 1
1855 3529 2
7793 4732 2
31 1337 1
6545 2940 1
2134 9860 1
5055 8809 1
5005 303 1
8633 2860 2
8963 151 2
5165 6483 2
6953 9947 2
6528 6670 1
8789 1214 1
9898 7236 1
627 8870 2
8312 9276 2
1327 8448 1
665 6596 1
4284 137 1
9906 1998 2
5504 3990 2
7946 8398 1
1542 7901 2
4462 7725 1
5562 3466 1
5182 3497 1
8273 5403 2
8046 6035 2
4318 6292 1
6806 6399 2
6686 1132 2
8291 6247 1
3789 1038 2
6788 3257 1
4511 2298 2
7485 8996 2
632 7409 1
8343 1007 2
388 8300 2
6878 6595 1
2240 3589 1
9746 3020 1
8094 9516 1
3159 7179 1
3366 1987 1
4725 6663 2
5471 99 2
7976 167 1
2554 4389 1
7665 4041 2
5752 4714 2
803 7231 1
6543 5284 1
5175 7997 1
217 4266 1
2920 7644 2
9988 1096 2
7784 4570 1
579 4108 1
8121 6136 2
475 1355 1
581 2282 1
5015 1418 1
9959 8475 1
9189 981 1
4096 6422 1
1815 5915 2
3043 5326 1
2067 9327 1
8808 5031 2
3267 9417 2
1245 6906 2
2374 5427 2
5536 1509 1
8333 9005 2
6758 2521 1
6191 9114 1
8664 7930 2
3621 3601 2
1713 1235 1
6462 4924 2
5169 3279 1
2845 5228 1
4893 9601 2
1606 7251 1
8796 61 1
1028 1208 2
6363 9213 2
3302 3319 2
9978 3149 2
4814 4974 1
9133 1598 2
3473 4578 1
5629 2519 2
4025 2216 1
7524 4223 1
6086 2556 1
3012 8261 2
6792 957 2
8369 8168 2
1239 4351 2
5666 5920 2
7708 2711 1
4196 6947 1
9205 3443 1
455 3344 2
1605 6208 2
3343 536 2
7169 5938 1
8356 4975 2
9156 5007 1
3362 3600 1
5740 1220 2
8474 9174 1
9354 3663 2
5055 9844 1
1174 3171 2
3322 7422 1
3145 8903 1
7735 6302 1
7570 1239 1
6230 8608 1
8194 2370 2
9371 8918 1
5631 3818 1
413 8932 1
6517 8327 2
4667 7029 1
1648 196 1
5266 6132 2
771 9536 1
2664 9796 1
5700 975 2
3077 1177 1
9741 1063 2
4965 6381 2
7149 2803 2
9255 1212 2
2805 3587 2
5953 7352 2
5676 2922 1
9401 6277 2
4012 5151 2
6973 8286 2
4978 2381 1
2044 3390 2
4353 9986 1
2811 568 2
3152 9060 2
2722 6688 1
3127 5047 1
6476 8640 1
2630 6440 2
3562 9684 2
9167 1206 1
5873 3054 2
9783 1747 2
5527 5955 1
7225 8471 1
1738 7371 1
4626 973 2
6377 9029 2
5782 5477 1
4953 8321 1
4154 5840 2
8481 5012 2
8216 471 1
1150 903 1
9134 645 1
7408 6841 1
7663 8120 1
7451 2984 2
1808 4820 2
503 2604 1
7612 7760 2
7169 861 1
5985 3926 2
6072 8103 2
5201 6103 2
5168 4317 1
6130 4069 1
6050 2084 1
1710 4456 1
6698 259 1
1924 58 2
7736 8313 2
7845 2315 1
5344 6391 2
4408 3165 1
8218 7170 1
1078 4728 2
4786 2083 2
6206 4744 1
1305 614 1
4306 1610 2
5010 3150 1
2969 5203 1
3526 431 2
9691 9801 2
5409 8499 1
5704 1751 2
914 4582 2
7233 6430 2
4527 586 1
2493 5934 1
5999 6420 2
5542 9585 2
8030 7469 2
2666 785 2
9692 7025 2
938 3245 2
4574 627 1
4302 9128 2
4844 8360 2
878 6090 1
4337 9815 2
4954 9773 1
3471 6320 2
228 33 1
9528 7058 2
7889 7960 2
886 114 1
6076 8218 2
4835 475 1
6515 7379 2
2786 7257 1
136 4368 2
7220 861 2
8241 3990 2
9268 9036 1
9816 2395 1
3692 7104 2
6251 7323 1
2093 3781 1
5101 3844 1
6187 5165 1
3956 1466 1
4207 8829 1
8633 3108 1
7379 8254 1
8507 4301 2
4057 4780 1
3276 2932 1
7141 5162 1
7874 8972 2
4318 1245 1
87 5341 1
6289 5133 1
298 5649 1
3614 8583 2
668 712 1
7993 4525 2
5556 6788 2
6842 116 1
2651 3150 1
7982 9957 2
5057 5631 2
8179 5532 2
7302 1480 2
544 9868 2
2850 4986 2
9675 3114 2
9709 4175 2
2481 990 2
2967 9439 1
8865 2069 1
4162 6812 1
1953 9585 1
7683 4951 2
88 8151 2
7988 4904 2
7282 7152 2
4821 3594 1
4864 9800 2
4999 7244 2
21 8563 1
7839 7537 2
1946 5507 1
4553 2545 1
1850 547 2
899 9830 2
2871 6623 1
6621 9584 2
4595 5881 2
6048 3617 1
5560 5094 1
3940 9922 1
3601 1359 1
5752 4428 1
2142 5521 1
9437 208 1
7412 9405 2
5675 8688 2
6171 424 1
7340 5123 1
5918 4636 2
4380 9573 1
4302 6790 2
4751 9124 2
9664 7622 2
2635 2964 1
5882 7698 1
5289 5516 1
4282 2243 1
7288 135 2
815 1702 1
7963 3396 1
4350 4876 2
7766 7287 1
6494 5130 2
148 678 2
3788 346 2
3684 2220 2
8584 7432 2
7191 3353 1
5270 8887 1
6100 6959 2
2207 9002 2
6389 8775 1
397 6570 2
871 4155 1
6450 8710 2
9134 729 1
5026 383 2
7166 9926 1
6516 1160 1
4723 6312 1
4421 5484 2
7018 4379 2
1732 8023 2
8198 3934 2
7463 8860 2
924 5139 2
3765 6366 2
6743 9298 2
7611 7959 1
293 5734 1
1175 7012 1
9079 2526 1
9664 4470 2
8133 1774 2
156 3522 1
8280 3596 1
8951 6690 1
6511 1715 2
1507 8019 1
58 6115 2
5426 5253 1
9074 7839 1
1406 2558 1
9215 9501 1
4194 5623 2
7024 666 1
1039 5229 2
7831 3556 2
1672 9665 1
2890 5566 2
5318 713 2
3348 8943 1
7748 4941 2
9217 7747 1
6451 6906 1
1173 8888 1
3224 5810 1
3142 227 2
9482 4650 1
2430 7945 1
484 1227 2
8586 8998 2
1657 8019 1
1149 233 1
8602 2337 2
2606 2790 2
4834 8715 2
7557 6978 1
7563 6683 1
2626 2923 2
4950 6670 2
2855 4094 2
184 4916 1
4169 7199 1
9895 3443 1
802 3220 1
3441 7972 1
3154 3242 1
9253 8500 2
5850 8591 1
5879 9973 1
1663 1926 1
2625 9866 2
3133 5030 1
6189 7918 1
737 3739 2
1100 8254 2
46 36 1
5986 9770 1
121 5027 1
8903 2280 2
7149 6416 2
8327 8849 2
9608 5079 1
8979 1347 2
3708 5077 1
5374 9085 1
8303 2670 1
241 8422 2
9483 8186 2
7928 5686 2
3823 3892 1
7731 858 2
7788 9962 1
6 3397 2
9848 4848 1
7849 6522 1
3055 2893 2
8360 947 1
29 8779 2
9940 701 2
2277 2955 2
1376 1593 1
1933 735 1
5396 413 2
5840 9951 2
4014 1937 2
9834 2949 2
3181 5491 1
2672 4944 2
7828 2787 1
4469 9237 1
4765 9351 2
2886 1721 1
9811 5656 1
7696 4984 2
6390 196 2
6964 8722 2
8283 6442 1
1257 2936 1
4794 241 1
5530 1667 1
5294 1841 2
8436 9726 1
3705 1495 2
2890 9047 1
9853 3606 1
2497 2530 2
8419 3873 1
8036 358 2
8216 9938 2
7441 429 1
4603 2710 2
6633 9912 2
2321 799 1
8164 2218 2
9745 6817 1
3995 696 2
3385 6245 2
7468 5615 1
5031 4360 1
7466 9038 1
9088 8525 2
6811 9767 2
1212 3431 2
4232 9683 1
5720 6736 2
4944 2331 1
899 6006 2
7381 1055 2
241 7688 2
2653 1987 2
2731 4957 2
8498 6109 1
9117 9373 2
4483 9913 2
6343 4886 1
8801 1765 1
3741 7272 2
5795 8005 1
6231 9737 1
3954 3616 1
7345 5763 1
7725 6529 1
3564 4017 2
103 6151 2
3947 3717 2
8836 4437 1
4695 8197 2
5951 1811 1
1052 2969 2
6791 1739 1
7834 8943 2
478 44 2
1428 5576 2
4857 3723 1
2276 7176 2
9235 45 1
4885 9529 1
1225 7519 2
2712 4201 1
5951 3710 1
9808 8823 2
5465 3071 1
3958 3098 1
4051 3496 2
2357 554 1
6986 2741 1
847 7525 2
2449 6852 2
9286 140 2
5325 7321 2
164 5987 2
5337 5083 2
3108 8244 2
3523 8677 1
6198 4556 2
3821 1782 2
2527 4477 2
6877 8801 2
4694 1067 2
93 9294 1
9273 1903 2
7371 4599 1
8742 1303 2
3914 4236 1
6194 9684 2
9136 8672 1
2389 2186 2
5382 8793 2
6828 6051 2
5291 8019 2
9526 2381 2
7937 8158 2
744 6999 1
7215 6444 2
3993 536 1
8157 7604 1
8182 1160 1
9355 7618 2
6415 1557 2
458 7860 1
7016 4048 1
7265 7790 2
4537 2989 2
9657 3591 2
6639 1271 1
5906 138 1
3465 297 1
3756 8182 2
8011 5702 1
7807 9007 1
1630 9954 2
1347 9674 1
9150 8950 2
9144 613 2
9899 3584 2
8752 1661 2
9225 9344 1
8944 7349 2
8224 5965 1
6371 8262 2
4028 2958 2
7527 8089 1
4846 5618 1
2653 4895 1
6969 3832 1
5517 1130 1
2454 7735 1
9440 6177 1
1296 7576 1
1396 6288 1
8361 7959 1
8364 9621 2
5171 8085 2
4078 4340 2
6776 2921 2
627 756 1
9187 5290 1
8042 4464 2
309 8727 1
3445 6360 2
3761 7471 2
2874 8045 1
3679 7193 1
4867 8360 1
4509 2942 1
943 4595 1
3929 234 2
1247 9134 2
5816 3854 2
9689 6188 2
7171 7105 2
7145 5795 2
9045 8906 1
5627 2944 1
5678 7640 2
6722 6689 1
8083 458 2
3124 8553 2
6251 7927 2
4732 3071 2
8963 5624 1
2983 3199 2
6315 4697 1
5783 1095 1
9815 2444 1
5907 4907 1
5488 6053 2
7269 19 2
3264 9951 2
6330 504 1
7225 3093 2
3350 7354 1
527 2810 1
8942 6316 2
3945 6626 2
9035 8838 2
2004 6646 1
9598 9235 2
6752 1444 2
3366 497 2
6097 3629 1
9531 8819 2
9471 902 2
6087 3730 2
7590 823 2
328 3912 1
1111 3839 2
3040 3155 1
1062 4093 2
9573 7128 2
2665 7177 2
1809 958 1
5583 8889 1
7730 943 2
1223 9916 2
1707 9690 2
7493 2243 1
5602 5300 2
8512 9442 1
9632 962 1
199 5092 1
4868 4560 2
6999 3013 1
3456 8589 1
6166 9621 1
282 5261 2
9052 1115 2
9549 3334 1
4309 7520 1
6710 595 2
5248 2272 1
9047 3236 2
2419 3789 2
8071 124 2
7764 7116 2
7887 3730 1
9841 2501 2
3806 3408 2
5545 2295 2
2807 6855 2
8337 8354 2
8238 1193 1
9585 9979 1
4159 3486 1
1028 1339 1
1959 6848 1
3003 6992 2
8328 702 1
2091 6667 1
362 4877 1
746 6481 2
5300 3234 2
4278 5834 1
3063 3881 2
4654 1701 1
6004 8866 2
5591 4418 2
9152 606 1
4520 8262 2
9847 4854 1
2526 7883 2
9767 1525 2
5305 8925 2
1232 5769 2
2557 6654 1
5419 3526 2
434 578 2
9248 8114 2
9317 8836 2
9022 3738 2
133 5584 1
3287 7324 2
9798 6439 2
5153 2059 2
49 7982 2
4102 5407 1
6674 2526 2
7140 6770 1
9705 8918 1
3215 3683 2
2234 1733 1
10 1799 2
5709 5584 2
6178 3155 2
3790 5586 1
8627 8579 2
3502 3991 1
7264 8087 2
6544 9536 2
9727 6832 1
7565 1170 2
5067 2024 1
7361 9190 2
5825 7 2
6539 9211 2
9219 3806 2
7521 3696 1
2920 2336 2
8458 9226 2
3098 2580 2
6226 8740 1
7462 709 2
569 730 1
656 9186 1
9620 7005 1
8220 5870 2
4795 3826 1
3654 945 1
9289 5347 2
747 8325 1
1248 1756 2
2318 121 1
4610 8575 1
1092 4530 2
105 545 2
4872 8181 1
7471 2618 1
6264 383 1
4295 3449 1
4613 8605 2
9026 5230 2
7191 1060 1
3131 5374 1
6663 586 1
2044 2227 2
6532 251 2
2374 5993 1
5295 3845 2
6637 1682 2
6542 8940 1
7130 7411 2
8492 6311 2
6071 5861 2
9175 6769 1
3558 7877 2
2209 7289 2
3403 8948 1
7249 8306 2
845 6471 2
3855 8676 1
1817 1928 2
3307 3593 2
463 5763 1
2854 2640 1
1651 826 2
5671 8702 2
2701 6114 1
7303 6488 1
4474 9028 1
8485 9131 2
5848 525 1
8580 4004 1
7006 5950 2
8712 4696 1
6434 412 2
2717 8525 1
2721 2433 2
7888 8623 1
2986 233 1
8419 6012 1
4147 9510 1
9485 4392 1
755 2173 1
3880 6714 1
7862 8807 1
4546 1517 2
7437 9185 2
2588 2224 1
8411 7964 2
6542 8519 2
7577 5869 2
8065 9335 2
4802 7470 1
8835 4782 1
8872 75 1
6823 1609 2
813 2247 2
4338 3755 1
8491 388 1
9599 4413 1
2973 6494 2
3388 9800 1
707 9921 2
299 6253 2
8658 2030 2
7538 1246 2
4002 5275 1
1195 5922 1
9742 5520 1
1765 1221 1
4311 8602 1
1425 677 1
5378 7835 2
7749 5158 1
3269 744 2
6605 6031 1
5006 5786 2
8917 3739 2
4700 2766 2
320 1017 2
1764 5525 1
4804 1133 1
6525 9236 2
2924 1916 1
7860 565 1
2981 8564 2
569 4773 2
4577 7970 1
6704 964 1
8679 2649 1
402 2152 2
7200 4130 2
9049 7274 2
8956 4646 1
7911 6471 1
1019 9622 1
6320 1104 1
3541 5652 1
4843 6874 1
3091 5911 1
6837 2111 2
2419 475 1
9357 8700 2
1303 1966 2
9129 2145 1
4759 1365 1
1472 6820 1
1562 5269 1
5295 8190 1
4257 6810 2
4420 9676 2
2285 2115 2
7430 31 1
1508 2611 1
8523 1661 2
7712 8386 1
2191 6125 1
607 9419 2
1636 4879 1
8068 6492 2
2653 4274 2
5748 9832 2
3169 268 2
1371 2856 2
830 7782 2
3269 6598 1
9204 6813 1
4821 2576 1
9574 8834 1
7457 9275 2
2173 7643 1
979 478 1
2276 8240 2
5034 3411 2
77 9374 2
8023 9785 2
3738 5352 2
8545 3140 2
6997 4145 1
305 9707 2
3816 8755 1
662 2330 1
3126 1787 1
3347 9838 1
2001 9434 2
44 6107 1
2849 614 2
5869 5705 1
5155 967 1
1379 2643 2
3351 4874 1
768 5623 1
7730 6962 1
8523 7464 2
7098 3746 2
3822 2703 1
8605 820 2
9494 9782 2
8298 6357 2
5271 7356 2
4917 6150 2
102 4356 1
2168 77 1
7549 4229 1
3293 9698 2
1162 4859 2
277 7410 1
2000 8581 2
4996 9648 2
8548 3317 1
9650 4543 2
3089 547 2
1723 5161 1
3285 7146 1
7616 4171 1
7202 330 1
3844 1030 2
6526 1460 2
8128 8592 2
9875 8673 1
8992 8881 1
3167 6748 1
7556 7143 1
4837 3299 1
3424 9170 1
7675 266 1
860 4232 1
9706 3239 2
6532 98 1
4465 3975 2
7609 4477 2
9778 3624 2
9262 3355 2
6580 7517 2
8908 6655 2
895 8734 1
8350 3620 1
1443 3157 2
1542 9623 1
9521 7777 1
1782 1672 2
1312 3367 2
1848 1358 1
3898 2588 1
5767 8048 2
7084 8364 1
7763 3932 1
5049 2214 1
2929 6931 2
9416 1950 2
953 5211 1
8866 3018 1
7430 5148 1
3957 4134 1
3370 2980 2
9683 4496 1
3367 9331 2
8499 2812 2
4278 4319 1
367 1760 1
9220 2866 1
7605 7993 2
4144 4439 1
5031 8069 1
3935 3440 2
7675 1127 1
5432 4915 1
9979 9527 1
73 8264 1
9029 8095 1
5360 6701 1
9404 1199 2
1858 3010 1
8085 8809 1
1399 1549 2
1163 9909 1
6780 7976 2
652 9679 2
8496 3118 2
9274 5940 1
8487 6833 2
7403 8889 2
9082 1847 2
2298 4052 1
7525 2424 2
8115 9345 2
7976 6306 1
7658 1790 2
5175 9077 2
5669 79 1
3178 7208 2
4302 4091 2
1021 3218 2
6098 9533 2
3681 6305 2
7828 5731 1
3161 4039 1
2842 6115 2
5998 744 2
2063 4769 1
8188 1165 2
8928 922 2
5907 1924 1
1663 9917 2
2486 5229 2
2819 2717 1
3503 3726 2
7238 4640 1
2761 3601 1
422 2995 1
8677 5665 1
9684 99 2
5462 9968 1
7784 4581 1
6805 8068 1
8091 7743 2
6925 9989 2
1531 1757 2
7648 6017 1
4091 6141 1
8928 3721 1
4080 7155 1
8919 2705 2
9349 8230 2
6944 7427 1
9928 6673 1
699 6317 1
3770 4739 2
2669 7486 2
3907 6031 2
365 8173 2
1404 6717 2
2713 9506 1
1812 3799 1
5567 2027 1
1612 1709 1
1748 1177 2
42 4097 1
3824 1856 2
1546 7916 1
3680 5515 1
1512 7351 1
5667 7605 2
5575 8339 2
2046 4224 1
5181 9090 1
6264 4530 2
3877 2603 1
3422 5972 1
9371 3546 1
1504 7154 2
2724 3789 1
1986 9869 1
9283 4248 1
9724 7036 2
981 8818 2
2731 8870 2
7702 9606 1
126 2233 2
3354 2931 2
9513 6423 1
1557 3260 2
7541 4868 1
2931 505 1
9342 5017 2
8385 5060 2
2180 1332 1
146 8749 1
7163 5846 2
5291 2055 1
4523 4931 1
8710 8648 2
6192 7269 2
5187 3229 1
827 5498 2
3731 6500 1
9231 5666 1
6940 1712 2
2549 6818 2
3640 4952 2
3976 9971 1
5285 360 2
122 6195 2
6278 574 2
4237 2674 1
8464 4926 1
5771 4503 2
2174 1839 1
1999 6345 1
750 7004 1
2682 2311 2
9858 6628 2
8815 6432 1
6464 4411 1
742 6891 1
8754 503 1
2237 3905 2
7783 1795 2
7522 8958 1
9584 7199 2
6986 1844 1
4596 8526 2
2334 3911 1
9404 8246 1
7897 4609 1
2407 5796 2
2715 9616 2
344 2629 2
9145 8052 1
2099 158 2
6490 2946 2
868 6086 1
5483 7059 2
1431 7399 1
5756 5221 1
6081 6944 1
1970 9929 1
1270 2037 2
2003 4867 2
1296 7341 1
8364 8174 2
6111 5331 1
9854 5909 2
979 631 2
9101 4747 1
9044 2890 1
9792 7028 2
4683 3397 2
1556 5178 2
982 6434 2
2809 5785 1
8184 4513 2
6131 6354 1
2758 133 2
282 1932 2
9691 5221 2
3674 4062 1
7765 9499 1
8276 6023 1
7798 888 1
1644 2647 2
3843 5422 2
3545 2211 1
9113 9957 1
7 932 1
547 5351 2
8808 1944 2
6421 3731 1
1887 7808 2
8644 3821 2
9284 2465 1
2668 93 1
2019 1875 2
5913 5596 2
892 309 2
3870 3082 2
8500 311 2
4081 5659 1
2835 3358 1
1756 8356 2
1525 2851 1
6910 4611 2
8249 4116 1
9448 8197 2
7477 5650 1
8657 3870 1
7647 4370 2
5123 5300 2
645 3804 2
9931 6836 2
359 159 2
3228 9916 1
7783 7579 1
6429 2447 2
1328 2405 2
4998 7109 1
7036 5607 2
7047 1208 2
1821 7485 2
2818 695 2
3093 7976 2
1084 3334 2
3165 4495 2
1584 9453 2
9554 6506 2
9532 7669 2
3427 1045 2
3681 4238 2
7941 8307 2
9399 7132 1
9007 7832 1
2727 7125 2
9326 6702 1
4095 6500 2
8818 8673 2
6114 1498 2
7503 9091 1
4581 8727 1
9789 377 2
7107 7381 2
1625 4139 2
1002 798 1
5394 680 1
3388 1089 2
4236 912 1
6031 8097 2
9440 3000 1
9325 1141 2
4938 9130 2
5717 1226 2
7018 898 1
5704 1628 1
5588 1410 1
6509 8593 2
192 5167 1
6925 718 2
9610 9777 2
2295 7983 1
611 7111 1
8046 1220 2
8286 897 1
2390 126 2
4068 260 1
4698 6342 1
9233 1242 2
8809 3559 2
2196 5727 1
2740 8255 2
451 2277 2
8178 6754 2
4325 4721 2
2813 2311 1
118 5531 1
4771 2681 1
8886 6146 1
6997 5527 1
2586 6214 1
6427 7636 2
1578 332 1
6845 6151 2
8081 7966 1
4828 4572 1
2225 3288 2
4775 9778 1
1148 9836 1
5974 7164 1
700 863 1
8211 6464 2
939 3498 1
4284 9674 1
8908 8985 2
4275 8234 1
3248 5247 2
7598 3842 2
8066 7553 1
8039 5497 1
5564 3206 1
2252 1242 2
7503 318 2
2208 4390 2
831 8872 2
6249 6302 2
4741 9865 2
9792 7466 2
6059 5276 2
6228 2244 1
5651 3197 2
5847 5309 1
6721 349 1
9183 6488 2
8492 6465 2
8694 6314 1
4097 5843 1
235 2512 2
2960 5167 2
2127 6601 1
4797 2535 1
41 7112 1
1616 3344 1
7651 4915 2
6150 6355 2
6714 2695 1
5902 4781 2
3441 1889 2
2476 1039 1
6895 3030 1
1657 542 2
6972 2204 1
9793 4484 2
3832 6287 1
6227 2669 1
8741 3837 1
1125 7980 1
4104 7434 1
9678 755 2
6540 5405 2
4858 8942 2
2254 9441 1
9642 2425 2
5506 101 2
7649 8805 2
6380 2925 2
3608 455 2
9752 5214 2
3834 3817 2
8932 8133 1
137 5032 1
6480 33 2
9079 8980 2
2597 8469 2
9134 8579 1
987 6039 1
8025 62 1
9265 3956 1
7544 3825 1
4601 9801 1
3408 9168 1
3417 971 2
2681 9469 1
6491 9761 1
1182 5251 2
381 3604 1
3520 142 2
3874 6518 1
1972 6624 2
7088 7992 2
5056 574 1
3216 4546 1
8418 6625 1
7329 7391 1
2425 1126 2
1014 1998 1
234 1422 2
371 226 1
9340 7343 2
9459 9203 2
5788 881 2
1205 6203 2
5130 2001 2
5770 4858 1
1994 5521 1
6153 8771 2
149 9366 2
1852 1389 2
1909 6697 2
9840 1506 1
6108 8887 1
5081 6963 2
2446 4929 1
7419 5138 1
5186 9565 1
5634 4166 2
9205 8387 2
4155 7211 1
726 4608 1
2153 4559 2
7579 7926 1
1137 2646 2
9307 9306 2
9230 9144 2
1059 8021 1
3022 4414 2
1921 6228 1
4770 9192 2
9900 9624 1
9890 8169 2
1930 103 1
8615 4985 1
375 2793 2
4496 6546 2
6245 3435 1
5966 8004 1
2375 575 1
9719 4018 2
7620 154 2
6790 195 1
4330 2581 1
3385 1297 2
2153 9469 1
3362 2893 1
9092 1572 1
3319 985 2
4788 8013 2
3315 6700 2
228 467 2
8002 5778 1
902 7219 1
6040 2010 1
7004 1165 2
1611 7366 2
7664 8535 2
1653 3086 1
7852 6554 2
1267 8749 1
5619 5955 2
3848 1075 2
711 3 2
3595 5457 2
9232 9440 2
3460 9312 2
3835 4194 2
691 666 1
5832 5015 1
3930 9055 1
652 4975 1
8414 9058 1
2989 864 2
9625 3130 2
6057 4131 1
3787 7570 1
47 7701 1
8293 3656 1
675 6743 1
9740 5185 2
6607 239 1
4860 5524 2
2637 757 1
9986 7083 1
382 8487 2
1617 517 1
3862 3461 2
7486 5335 2
8061 1909 2
9300 6102 2
9583 96 1
4113 9486 1
1069 1923 2
2583 6366 1
58 191 1
3884 5242 1
415 2634 2
7994 7800 2
9928 4732 1
9264 4435 2
117 3219 2
3951 7020 2
7738 8639 2
6877 5283 1
8959 2502 1
7014 2178 2
720 2785 1
7046 5827 1
5214 4878 1
7888 6469 1
524 1852 2
6954 2651 1
5235 8738 1
5663 6620 2
6782 3432 2
4491 6916 1
6447 4027 2
2659 1074 1
2904 5934 1
4523 3864 2
8803 3588 2
2221 2399 2
4203 1991 1
9577 7664 2
5312 8532 1
6543 2827 2
9975 5933 1
5446 7972 1
3624 7125 2
1449 2865 2
3150 8055 1
6517 1741 2
9835 8240 1
7213 5993 1
6609 2272 1
6342 2533 2
409 7502 1
9563 9419 2
3008 3601 1
6410 9989 2
9509 3543 2
5604 9538 2
5101 2817 1
3553 3957 2
9151 4789 1
1770 5574 1
8729 203 2
2669 2335 1
7033 5009 2
669 6991 1
1876 5367 2
4992 5723 1
3938 9524 1
8623 9992 1
1648 159 2
1529 5027 1
4301 7478 2
784 1993 1
8445 7659 1
1354 2463 1
4857 7585 1
209 9147 2
9373 7812 2
6804 296 2
4249 6206 2
4804 2727 1
9425 4707 1
5448 7865 2
1789 8422 1
3625 3093 2
8777 2593 1
7830 4568 1
230 4066 1
6962 7072 2
4247 136 2
5249 3857 1
5413 9834 1
4639 2256 1
220 6064 2
7320 7722 1
8908 8104 2
5729 4574 1
3496 9826 2
3278 4143 1
2938 5893 2
842 291 1
3133 2584 1
5938 4310 1
6498 5673 2
9482 1992 1
6268 3242 1
7158 9675 2
7668 1006 1
2290 9702 2
9317 1777 1
9051 9476 1
4225 1806 2
7620 5814 2
8314 9878 2
3810 8925 1
2490 4495 1
3072 3553 2
8108 867 1
4300 6669 2
8192 7645 2
2024 3600 1
2747 16 2
6394 605 1
36 8399 1
4396 2476 1
9993 1254 2
6588 8311 1
88 3776 2
4621 2030 1
6790 478 1
1829 6051 2
1212 4439 2
4157 2287 2
3140 2226 1
4148 2603 2
9072 5693 1
3389 264 1
9572 3194 1
8764 9879 2
8519 3629 2
4140 4674 2
5798 3935 1
4092 7601 2
2177 7006 1
8141 7158 2
5052 5114 2
5270 706 2
7471 4010 1
6225 2573 2
2839 3589 2
6027 994 1
2947 9770 2
3799 5712 2
3543 2152 2
2444 9994 1
9420 8710 1
9074 1880 2
2654 748 2
9642 2468 1
1821 2568 1
4243 9870 1
2973 971 1
2821 5721 2
7222 3609 2
474 507 1
1812 1949 1
9536 7025 1
5688 7474 1
680 9080 1
6821 1947 2
5946 2645 1
9188 3868 2
3759 5855 1
1552 8878 2
4421 1935 1
3275 9359 1
7759 7127 1
5495 400 2
1731 2840 1
6558 4485 2
3034 4986 2
6539 6281 2
9523 4712 1
4255 551 2
5840 4369 2
2701 6002 1
663 8345 2
3437 4350 1
7346 6485 2
4317 6932 2
1728 3459 1
7323 3954 1
1778 3744 2
9340 9257 2
78 31 1
8121 5661 1
1728 9769 1
2877 9865 1
2388 2279 1
8904 7160 1
493 282 2
2687 349 1
7954 84 2
8617 4524 2
7643 7372 2
6883 6446 1
4488 6526 1
9965 9761 2
330 6553 1
1148 8838 2
9112 9455 1
3318 3154 2
668 4600 2
7560 5805 2
9507 7439 2
7827 54 1
8753 6915 2
4091 6252 1
9339 856 2
2695 1638 1
1226 9988 2
6628 4637 1
9999 7938 2
1890 4909 1
1065 9570 2
9781 9688 1
8960 9959 2
133 4674 1
5182 8392 1
2814 6422 2
9409 8367 2
1473 271 1
9179 7965 2
4082 9648 2
6082 9140 1
3544 4733 1
928 9067 1
8543 3024 1
7635 8958 2
745 9829 2
3134 4988 1
8873 9149 1
2391 2151 2
6375 8095 2
2439 1911 2
4415 5459 2
445 7863 1
6945 2949 2
3755 5319 2
1250 4376 1
9576 7432 1
5498 3472 2
4524 2115 2
1845 663 2
3543 7715 2
3794 8889 2
1690 3542 2
5543 3751 2
9372 9616 2
9850 2712 1
5622 1447 2
9465 2564 1
7384 4904 1
6468 7303 2
6130 2545 2
6493 7364 1
2491 3477 2
2799 9247 1
1486 123 2
1732 3490 1
3672 1279 2
654 8969 2
6108 7856 2
575 198 1
5631 4176 1
2880 3853 1
5963 9511 2
6014 553 2
3856 2801 1
9960 5750 1
6335 8875 1
7619 2468 1
2749 3066 1
6086 3579 2
2694 9316 2
9982 7505 1
3688 1508 2
8987 9413 2
3875 3178 1
1265 6888 1
9712 1385 2
7848 4479 2
3767 2920 1
5629 1299 1
647 1234 1
591 2992 2
4498 5062 2
2178 6137 1
1198 5911 2
3887 4002 2
8597 4892 2
9778 1413 1
7718 2449 1
2587 6350 1
9570 2389 1
46 5103 2
2687 4890 2
8355 7165 2
73 3961 1
7286 6592 1
108 9067 1
8776 7943 1
1163 3648 1
940 2514 2
1484 4604 2
8363 9958 2
4794 6101 2
2817 9485 1
2002 1143 2
5101 403 2
3926 3296 2
7253 4234 1
141 4708 1
4464 1431 1
7233 1914 2
5258 5987 1
4495 5500 1
1987 8938 2
7435 7995 2
656 4735 1
1049 7722 2
377 390 2
5957 3822 2
8697 2089 1
8844 484 1
898 9876 1
3441 2907 1
6182 3193 1
1689 2053 2
6223 6077 1
3343 1867 2
1863 7721 2
3041 5654 1
4769 7610 1
6976 2487 2
8799 4273 2
9556 335 2
9369 6979 2
5110 1928 1
9788 5930 1
9237 3594 1
4936 4610 2
8562 4774 2
3490 685 1
8019 527 1
6784 5088 1
3555 5084 1
5839 9204 1
3856 9496 2
1841 2981 1
1228 6482 1
4775 5686 2
5374 2989 2
2539 9516 1
4670 7777 1
9865 8558 2
9596 6776 2
6657 8556 1
8489 1874 2
9031 2101 2
7916 8578 2
1299 7183 2
7534 8814 2
2706 3810 2
9998 5602 2
8467 525 1
4719 7710 1
7594 1840 1
2581 9444 1
9120 8673 2
636 4715 2
817 5831 1
5105 5695 1
5340 1394 1
918 5358 2
807 8113 2
2258 9532 1
1977 9386 1
7087 3248 1
654 8197 2
6299 7717 1
2551 7537 1
1687 2762 1
4567 8990 2
4827 3298 2
9207 3730 2
8160 3045 1
3762 8133 1
6276 3533 1
10 3492 2
1770 6538 1
4193 9585 1
7335 7519 1
4081 4321 1
4214 290 2
7333 5245 1
4421 6144 1
2221 2130 2
2566 1910 1
6190 8433 2
6847 3897 1
5552 5967 2
6362 5023 1
4350 9382 1
4502 3060 1
1753 8531 2
5556 3302 1
8022 9094 1
7546 2426 1
2539 2645 1
9188 7205 1
1462 6712 2
3950 4515 2
5558 3006 2
3227 6979 2
4800 5559 1
689 5992 2
8267 5497 2
8267 6586 1
5860 9116 2
6406 9443 2
6795 5405 2
8404 5667 1
8612 8862 1
3388 9117 1
6920 1892 2
1688 8711 2
2529 7864 2
7637 2334 2
4081 1767 2
2998 9584 2
1532 5650 2
3522 5599 2
7753 6479 1
9090 2133 2
4517 358 2
1876 619 1
9952 9044 1
3770 5632 1
397 3979 1
7612 1400 1
5158 9648 1
801 1770 1
327 7356 2
4874 8561 1
894 2732 1
1720 3005 1
6002 402 1
5409 4031 1
9881 7569 1
6495 2128 1
1887 4212 1
6192 9386 2
5638 760 2
8775 1181 2
2833 7037 1
8650 5500 2
7495 3833 1
1922 6126 1
9830 9637 1
7262 4765 1
8302 8030 2
1728 2522 2
9010 4341 1
3678 7479 1
9947 7152 1
34 4315 2
1876 4134 2
6651 3426 2
1791 1271 2
6730 2971 2
158 3010 2
5798 3800 2
9339 3341 1
1816 6593 1
7296 1921 2
4864 4321 2
1856 4251 1
2798 6263 1
2413 3197 1
1161 8007 1
5887 5098 1
3100 5287 1
4659 5469 1
9476 1762 1
2537 1827 2
2339 6504 1
1766 188 1
4576 4748 2
5808 3278 1
6117 4885 2
6165 8290 1
5888 6573 1
4900 6245 2
6658 485 1
817 9401 1
2659 3471 2
6614 7809 1
3500 707 1
1757 5192 2
299 2187 1
455 395 1
2259 1046 1
3480 5946 2
6041 7624 2
5064 3243 1
7176 3177 2
8611 5511 1
6254 2050 2
6618 6411 1
1853 2371 2
3552 2169 2
6635 880 2
6670 3124 1
2386 1535 2
2160 4887 1
192 4395 1
6470 9599 2
904 1588 2
324 8140 2
9376 3853 2
3058 9109 2
2161 9389 2
988 9089 1
298 9391 1
9619 9902 2
1021 9169 2
3594 6589 1
9297 7449 2
7722 7332 2
9886 7675 1
5998 9211 1
5140 8676 1
6904 3120 1
4052 4595 2
3002 9859 1
2085 74 2
3422 4474 2
6241 2705 1
7471 2414 2
8085 500 1
9389 6300 1
8949 2816 1
8653 2934 2
1781 5130 2
6663 7039 2
4097 8360 2
1142 3123 2
8886 6981 2
9116 2348 2
5942 2881 2
8267 4542 2
5209 4399 2
9308 4268 1
7910 8790 2
3532 4080 2
2158 6721 2
762 3399 1
4354 7375 2
2331 4483 1
2008 9827 2
23 583 2
5978 3668 2
6537 6095 2
7350 5855 2
7538 3669 1
4559 336 1
7398 2285 2
8186 4413 1
3885 74 2
4962 1051 2
5076 1702 1
853 9878 2
1466 5550 1
869 1438 1
403 6916 2
3128 5316 2
4968 7388 1
7337 7426 2
6021 3871 1
5988 2976 1
5066 8955 1
2157 9295 1
5547 3808 2
6986 7954 2
8592 7700 2
4053 4832 1
1957 3633 1
1995 5140 2
1627 9154 1
3471 4685 1
9094 1577 2
5464 1742 2
3244 4172 2
9166 9071 2
5788 3555 2
8881 9626 2
4293 7916 1
3362 8447 1
7291 8728 2
1176 9568 1
9925 6363 2
4173 2006 1
2209 6079 1
3855 9146 2
4975 9169 2
7103 93 1
8690 2387 2
2581 928 1
1827 3305 1
9418 381 2
9773 4620 2
2652 668 2
5042 1242 2
734 5150 2
3364 2147 1
7957 2294 1
205 238 1
8732 7243 1
2104 7330 2
5009 520 2
7589 7789 2
8309 7836 1
6105 5793 2
9520 1291 1
7483 3122 1
332 2154 1
6745 3529 2
8981 8295 1
6353 2884 1
9407 6894 2
328 8403 1
6704 6885 2
7783 4205 1
8801 113 2
4488 9657 2
1825 5343 1
5533 4261 1
2834 7308 2
2458 1939 1
3130 5677 1
3030 7303 2
1412 9384 2
9438 4810 1
7804 8841 1
978 9738 1
7079 1134 2
7910 1384 2
8632 4220 1
2883 2360 1
1900 8728 2
8931 1188 2
6383 6126 2
7304 9018 1
9509 5693 2
3813 2121 1
7106 7144 1
4115 5528 1
3314 7047 1
9006 208 1
4082 3364 1
6342 4813 1
997 4255 2
3327 1040 1
1008 3899 2
4513 7056 1
6942 1886 1
536 3140 2
508 6005 1
6677 1562 2
6414 9085 1
2363 9460 1
5785 7659 1
8803 1430 1
2103 1029 2
5416 7929 1
4278 7335 2
7628 4139 1
5449 9024 1
1409 4045 2
6853 2002 2
3121 9396 2
3061 5381 1
9463 6632 2
5239 3700 2
7796 5335 1
5773 3310 2
8555 8755 1
3293 3558 2
9668 7776 2
4545 9940 1
7533 9159 2
3640 6978 2
8116 2710 2
5843 2688 1
2222 2382 2
5305 4609 2
4996 6292 1
5987 7292 2
9137 4704 1
1153 8619 2
3205 2145 1
2627 9567 2
6693 1126 2
2688 3514 1
3752 1782 2
7731 8371 1
4251 7386 2
568 4854 2
8846 7006 1
2756 4642 1
9782 3139 1
4395 5769 1
1497 6448 1
9927 1811 1
5444 8940 2
600 203 2
6856 4406 2
1023 5712 2
3465 4062 1
8833 5510 1
7950 249 2
4154 435 1
1668 7936 2
2743 18 2
1179 9777 2
7435 9971 2
5687 7181 2
5915 4873 1
1344 2216 2
2098 138 2
4722 7901 2
9726 3475 2
4638 4632 2
7729 6578 2
2136 8441 1
2576 7754 2
9559 4519 1
6520 8610 2
8743 8059 2
8996 2214 1
5290 2497 1
3336 8549 1
7347 5611 2
9065 8465 1
7898 221 1
5763 9106 2
9659 3938 2
4002 3219 1
2054 5861 2
665 4372 2
464 4057 2
7230 6246 2
3521 6754 2
3307 4514 2
2117 4234 2
6319 3170 1
3227 4413 2
8459 1367 1
217 6333 1
3510 8625 1
5301 6014 2
9706 1738 2
5581 6043 1
9108 9180 1
5473 4448 2
4055 7030 1
2931 2637 2
8490 6827 1
2078 377 2
7174 6882 1
4524 4877 1
8425 8695 2
431 3173 1
5461 1161 2
2441 9139 1
1329 3930 1
1491 1916 2
9015 9570 1
3050 4136 2
4773 1100 1
29 3942 2
4460 2744 2
6977 326 2
7060 6343 2
1805 8461 2
2870 5218 2
8478 6373 2
1328 7076 1
3332 3130 1
7573 1659 2
4435 3662 1
2986 5707 2
8611 1317 2
3018 5883 1
4897 7674 1
8979 6581 1
8908 5513 2
2231 3386 2
6776 1202 1
9580 6925 2
2798 2317 1
1645 3411 2
9210 1120 1
8614 553 2
9724 3050 2
8251 5310 1
7800 5196 1
834 7188 1
9462 1611 2
7908 6435 2
1042 272 2
9280 6455 1
2253 4183 2
7081 8701 1
1706 7779 1
3619 4378 2
3762 4681 2
5065 2628 2
2593 4032 1
8154 7446 2
9638 2215 1
1336 6769 2
4983 7615 2
7975 6998 1
955 4781 1
7412 5212 2
5454 4602 1
9516 5392 2
4112 4483 1
656 3824 2
8838 537 1
5304 6031 1
3128 2321 1
7980 9189 2
7089 4836 1
2701 7484 2
1235 1697 2
3210 4628 1
2144 2615 2
7387 3487 2
4546 507 1
506 9814 1
