100000 100 50186
89202 67451 2
19124 81683 2
88093 31206 2
35019 81428 1
1 50186 1
8285 83612 2
64666 14945 2
76964 3285 1
33332 46937 1
26149 52352 1
31593 38279 1
34975 26799 2
40465 12320 1
36147 81251 2
45305 51109 1
5177 63175 2
77663 48225 2
70612 49655 1
28950 91811 2
21678 25628 2
87147 88548 2
11524 7788 2
85634 29892 1
85618 58823 2
75933 76496 1
68291 59763 2
48492 86006 2
38811 420 2
21921 16239 1
60929 33564 2
91719 80454 1
85483 88048 2
55601 31573 2
45514 8170 2
73615 85292 2
98630 14997 2
59198 22702 2
2506 34114 2
25156 70352 1
33900 47593 1
1458 15448 1
53180 98479 2
10033 64282 1
59111 51367 1
16025 26256 2
86240 14479 2
38702 65050 1
54155 46957 2
61666 77014 2
96990 53998 2
72746 88348 1
83985 98048 2
39311 49154 2
94723 65894 1
15254 99788 1
98039 88432 1
2616 64692 2
51277 40015 1
94923 26623 1
63780 4283 2
55424 11953 1
224 47014 1
67296 83018 1
7158 76121 2
55250 7929 2
57101 15651 1
64603 15381 2
66289 71982 1
69504 78083 1
92981 587 2
9300 78016 1
39073 30574 2
8350 2770 1
41389 32836 1
98531 71054 2
94858 4409 1
11313 99796 2
88210 56719 1
79563 70310 2
30760 23700 1
85193 10297 1
36430 55411 2
3482 64705 1
23305 29546 2
39775 73519 1
35745 58257 2
47399 51973 1
90461 52508 2
42254 72283 2
74368 5224 2
41377 81788 2
9945 88438 2
54565 8529 1
54383 27283 2
55626 24499 2
66552 85767 1
94946 27051 2
31014 57448 2
10026 5125 1
92384 9782 1
