100000 5000 37223
56729 55913 2
24295 58827 2
20646 19925 1
51426 8757 1
79432 19867 1
28761 815 1
71713 80869 1
71624 70318 1
89415 68401 2
1694 80379 2
15940 76787 1
66591 45969 1
13141 51856 1
47363 49473 1
60748 899 2
59380 37201 1
89582 9243 1
92820 48185 2
99126 53595 1
96309 92037 1
72400 67482 2
85566 48982 2
58015 2721 2
8269 2593 1
92951 57327 2
50352 87662 2
78179 4696 2
35082 71962 2
95872 88642 1
1941 39637 1
92992 89126 1
34298 90309 1
50089 56405 2
10906 72642 2
97172 67153 1
7113 47640 1
58222 27343 1
25325 56264 1
5274 90364 2
99875 65670 2
59852 24693 1
99995 96156 2
71855 35693 2
81527 78566 1
62273 14475 2
22800 53045 2
90738 77897 1
52529 76108 2
77513 14742 1
31290 52646 2
68222 37461 1
88062 89998 1
62753 28412 1
66949 33316 1
90546 81110 1
93931 35967 1
486 43521 2
70687 71974 1
29161 62673 1
34981 88598 1
51094 2411 2
24885 671 1
37761 76715 1
94521 10247 2
27822 34782 2
74835 51077 2
3255 62761 2
19796 39463 1
31945 22016 2
19142 73101 2
65703 55407 2
87204 74923 1
39430 43381 2
81053 19691 1
79216 64708 2
42484 92521 2
48449 24323 2
19938 13877 1
15693 75020 1
6803 83156 2
38296 67854 1
11045 66592 1
28060 75180 2
88236 41539 2
14759 68891 1
88753 68192 2
94074 37960 2
64238 65354 2
84843 23984 1
35059 56107 1
44676 57575 1
35173 16671 2
18433 39858 1
30170 33942 2
44470 28364 2
55805 3221 1
79143 24741 1
2960 46901 1
52782 25118 1
34661 92195 1
55449 9262 2
15845 27711 1
32682 58560 1
98121 45373 1
64213 27283 2
13443 25223 2
41349 74009 1
65142 78072 1
26583 37816 2
76474 71586 1
14109 71852 2
4633 69513 2
55228 3907 1
44885 48391 1
43438 34111 1
8288 838 2
38977 57528 1
40353 29705 2
7735 83543 1
19318 95491 1
74884 29788 1
22989 78301 2
6643 16602 1
48777 42165 1
17473 52214 2
1795 74842 2
87648 82603 2
36391 47345 2
79894 1832 2
89395 67987 2
90427 52112 1
93179 70380 2
27583 85113 2
76168 68254 1
97345 44398 1
36372 95708 1
75673 33101 1
32623 83087 1
53551 25290 1
40029 38389 1
3105 37226 2
27510 51997 1
14497 46377 1
73189 47148 1
77173 50229 2
36202 82299 2
80694 44464 2
14808 29494 2
48113 40209 2
57303 80958 2
32617 92932 2
93315 51464 2
82483 22118 2
19787 35165 1
87832 55305 1
2195 1208 2
63670 80502 1
60082 81163 2
79776 94822 2
16181 20762 2
4474 3208 1
16538 68605 1
20061 55487 2
93910 29379 2
2201 65857 1
6224 93514 1
87470 92377 2
27875 17160 2
46034 77381 1
17408 23589 2
52462 54200 1
18698 13182 1
35073 17337 1
89848 56548 1
75035 15683 2
49750 35259 1
94019 2787 2
82884 20827 2
68978 41725 2
29493 30387 2
52726 43240 1
86322 4577 2
22352 83981 2
11797 88379 1
32438 4844 2
70190 58793 2
7858 69750 1
18850 72168 1
26240 51092 1
69606 49544 2
74164 127 2
90536 50639 1
81298 39654 2
10055 89909 1
94804 13291 1
73014 75078 2
39432 72806 1
58813 24739 2
73199 98048 1
62072 34945 2
46400 52473 2
92630 45320 1
64898 64164 2
59 69845 1
77653 32454 2
32798 49816 1
60362 20570 2
57100 27383 1
9542 69423 1
6211 59977 1
70436 59240 1
92792 5724 2
39536 3867 2
77298 5360 2
23436 595 1
14988 66586 1
23598 26703 2
84951 71426 1
81856 40192 2
85269 13445 1
23327 3407 2
64063 10387 2
58237 54836 1
21312 77042 1
12704 94528 1
82104 63129 2
83968 61652 2
68283 58262 1
845 55112 2
81775 33033 2
88838 54981 2
74321 40775 2
66275 55595 1
98609 8759 1
1676 23116 1
57937 15160 2
67391 55631 1
69098 75802 1
85678 82574 1
62822 67968 2
66751 87320 2
31911 61732 1
92394 93104 1
50079 3347 1
80927 16140 1
3126 61709 2
29725 80150 1
41256 1606 1
29852 33199 2
75556 43656 2
61508 26087 2
43342 23407 2
53012 57510 1
86909 71339 1
84540 50951 1
21854 17601 1
44738 53367 2
5231 96939 1
42145 72602 2
20613 22419 2
86534 40487 2
95430 76444 1
28178 80423 1
58320 64697 2
762 22906 2
87184 39860 2
50090 7057 1
45772 47689 1
12957 75029 2
55418 81928 1
41383 53183 1
80230 97174 1
53452 17054 1
9200 63340 2
62982 67700 2
25708 98967 1
20258 89401 1
60384 54358 2
70595 64343 1
50729 8160 2
85438 3372 2
2038 98811 1
13021 17035 1
90987 15078 2
53341 52763 1
71072 5744 1
36047 45366 2
23712 25566 2
16378 74699 2
60715 35657 2
79543 25213 1
36148 27198 1
48404 93571 1
66851 8444 1
80082 7238 1
5395 70969 2
96167 77477 2
47925 15678 1
3837 89780 2
29836 26758 2
61393 1752 1
33167 30755 2
64757 13581 2
48075 96633 1
25550 37216 1
39678 77121 2
33302 18966 2
92157 38536 1
65691 31971 1
91439 60909 2
88286 97972 1
6511 94534 1
95958 60486 1
30382 37116 2
16395 15116 1
73070 6474 2
635 22029 1
48936 40962 1
48503 70947 2
8135 19080 2
20263 47773 2
59115 36213 2
2146 12733 1
96647 46709 1
54135 30555 2
82020 56233 2
63528 48481 1
96124 90726 1
97321 15950 1
38911 25652 2
60613 85459 2
88817 11601 2
76409 12856 1
59818 69771 2
70263 58296 2
52821 46153 1
66821 5216 2
53649 50403 2
7516 5076 1
26515 12133 2
51465 23051 1
9730 6865 2
43630 20174 1
83162 15674 1
42594 37725 2
44010 67497 2
36941 73930 2
24630 18939 1
70062 12763 1
2581 22241 1
14261 90476 2
17779 21662 2
7464 42571 1
90353 92141 1
48802 12219 1
7456 63289 2
64528 91889 1
68106 86499 1
76978 30010 2
58537 29760 2
74272 93523 2
38478 21304 2
91362 44463 2
45147 36424 2
82487 64309 2
88073 82977 1
87983 60896 1
75107 64199 1
22065 85693 1
66601 6162 1
45558 27536 1
50319 3344 1
93740 26639 2
38651 66785 2
13108 31045 2
13162 79450 1
83107 68465 1
28459 40259 2
89797 76196 2
12066 49913 2
85014 80679 2
30663 29004 1
295 6803 1
39269 37826 1
1727 86294 1
33851 29074 1
33431 60469 2
54366 44842 2
87069 68644 2
43701 4298 1
64242 51280 1
97564 30343 2
7436 22902 1
8706 45353 1
26133 61353 1
78218 70509 1
91402 90896 2
88142 24739 2
14332 88069 1
60407 2577 2
1490 57271 2
17158 89166 1
98342 64169 2
27631 73544 2
3491 81425 2
55577 88287 1
50670 67353 1
671 25671 1
59450 69538 2
97201 58090 1
11442 39164 1
564 20196 2
67827 74352 1
22846 6021 2
42574 81078 2
34523 45331 1
81547 18655 2
68907 44421 2
73441 13260 1
17921 8329 1
92991 52532 2
17061 11486 1
89927 73890 2
70963 30779 1
94029 92949 1
4442 37607 2
42620 95967 1
30175 35038 2
42545 58503 2
42583 26226 1
39134 46631 2
53200 87304 2
83432 20014 2
53256 55383 1
93066 88862 1
85972 91981 2
39120 64975 1
76315 37801 1
65341 97931 1
35449 14946 1
81189 94480 2
43229 55614 2
94899 93137 2
60682 23868 2
4293 71989 2
11002 51723 1
16651 34551 2
85334 60784 2
36011 85540 1
45343 60132 1
54240 55872 1
91369 56852 2
3542 58881 2
28635 54527 1
17584 28882 2
14832 70492 1
89571 36818 1
29784 43441 2
82456 99250 1
55224 86685 2
11086 19963 1
82374 10351 2
27157 83974 2
75182 97228 2
85652 75297 2
78767 15853 1
27043 33329 1
48607 64894 1
14066 6474 1
31427 74305 1
22753 37753 2
64696 19977 2
31782 17339 2
20109 62176 1
70314 65539 2
71718 67041 1
41260 49016 1
50811 10046 2
44860 23156 2
58742 78395 2
67297 27398 2
76473 24017 2
19828 19057 1
45238 93260 1
3427 99499 2
37941 68750 1
36399 13247 2
47505 61706 1
69710 39243 2
29531 71689 1
82857 17315 2
4470 16072 1
25439 6124 2
4441 5368 2
19105 36578 2
72688 34365 2
79956 62034 2
54812 48784 1
80594 5504 2
38286 28317 2
89289 48867 2
72432 57637 2
66010 41604 1
17916 90237 2
32923 63619 2
83330 63662 2
18646 80402 2
44519 57651 2
4264 31864 2
86593 93342 2
54626 37807 1
9052 83411 2
5292 96549 1
22039 84810 1
28637 24319 2
32040 91985 1
69060 14162 2
7476 60585 2
37826 38985 2
92792 58052 1
58094 22658 1
82147 94606 2
65872 60912 2
61977 98273 1
44614 18330 2
88273 38862 2
9762 56379 2
68824 89115 2
53321 79808 1
93261 2208 1
38837 66989 2
11426 40169 1
80341 92408 2
82721 70071 1
20456 9484 1
4453 22463 1
30021 7336 1
83101 29353 1
76983 68350 1
67404 5682 1
64313 8660 2
24012 28682 1
17822 49670 2
60230 37751 2
17259 76930 1
34139 23345 1
94011 99882 2
32735 46692 2
39866 87926 1
13080 19281 2
57963 22991 2
10339 76140 2
18851 56917 2
25808 39967 1
9355 95323 2
56641 15302 1
44481 93797 1
94543 87442 1
16439 21457 2
28997 46150 2
69171 80491 2
44419 57309 1
49038 92119 2
34044 38850 2
36597 50347 1
37272 97206 1
85611 690 2
80915 21933 2
13445 71690 1
4348 70513 2
71308 76103 1
6295 8382 1
29983 98702 1
93947 24964 1
44590 26138 1
55765 96841 1
15296 53019 1
82084 28964 1
97326 46226 2
60634 32099 2
43302 60471 2
44065 59270 2
64201 28947 1
92788 31841 2
45292 262 2
57985 37374 2
72315 73186 2
67438 17561 1
76050 45934 1
58065 45186 1
27650 89828 2
1559 72479 1
52690 15027 1
79422 9159 2
31611 23645 2
11034 8071 1
27531 95546 1
39252 94529 1
80771 10292 1
44518 62569 1
601 23689 1
68032 46278 1
26391 11596 1
65351 28183 1
71898 9636 1
88176 44203 1
51251 36236 1
393 31719 1
34634 19185 2
38033 90981 2
76310 16119 1
12059 3407 1
68422 62325 2
60079 39048 2
28795 36404 1
81961 75651 1
39947 50419 2
85688 24682 2
62496 56294 2
85568 2296 2
50391 42163 2
65465 7775 1
74786 67028 2
24141 44132 2
68966 23703 1
32126 40062 2
40286 88705 2
17118 3930 1
73014 32007 2
35124 85338 2
75312 38227 2
68606 89969 2
45443 59685 1
19370 54952 2
61111 31983 2
38171 89117 1
8746 20568 2
13386 94719 2
33710 4410 2
64803 21139 2
12328 50501 2
85636 20082 1
48723 63130 1
60769 81768 2
86747 53520 1
44195 19063 1
33091 82674 2
8164 28434 1
8543 73662 1
42612 45762 1
63610 47880 2
43351 25701 2
8818 49365 1
25445 7850 1
8919 23969 1
91337 40854 2
96560 7129 2
71107 5570 1
94869 26529 1
19110 20282 2
56758 68912 2
68282 32575 1
18610 14159 2
70619 54886 1
28513 92830 1
84312 95448 2
13643 28783 2
85621 81520 2
67855 53033 1
35209 7712 1
73181 90566 1
58337 88012 2
60284 72213 2
59867 58701 2
54021 41913 2
42668 69775 1
83109 56584 1
21947 73043 2
73247 78796 2
64227 8814 1
74632 57254 1
44117 93192 1
65098 92102 1
21364 31646 1
99137 92244 1
48343 84001 1
82337 93291 2
41578 12117 1
74446 5944 2
42733 20115 1
48034 44127 2
67379 60039 1
3914 54166 2
84293 29586 1
59945 23305 1
45565 53289 1
40916 75252 2
14507 85460 2
76501 92076 1
52819 97616 2
96585 11542 2
13485 65038 2
77058 88302 2
59620 75825 2
31653 75714 1
8632 7700 1
23692 3765 1
32828 45602 1
95429 65340 2
89272 26172 2
42321 71844 2
88456 57975 1
95718 60010 2
63003 74651 2
85422 11617 1
84501 677 1
4230 3088 1
78957 81541 1
59936 87761 1
49936 84641 1
49889 40596 1
50492 63281 1
10115 63066 2
94086 81856 1
11540 34810 1
38996 24113 2
37206 38079 2
37764 40376 1
21245 74951 1
63235 51421 2
96180 86598 2
77783 93117 2
34008 34945 2
51414 1320 2
25691 70196 1
66956 34820 1
866 67053 2
80985 31464 2
21416 46638 1
37745 91586 2
98681 26670 2
51418 21106 2
91383 38585 1
95409 65549 1
72921 140 1
34918 11387 2
84967 91386 1
33723 53752 1
67071 5289 2
77064 81623 1
18323 58805 2
28250 26522 2
90793 81197 2
98064 10588 1
39546 35825 2
7869 87111 2
54707 69594 2
2249 22846 2
15703 87410 1
7184 60245 2
76986 2711 1
38497 39123 1
48871 29725 1
17472 50935 1
85276 21449 1
32164 82000 1
66921 33238 2
92634 50564 2
26805 94804 1
30496 44874 1
7577 17316 1
30059 80400 1
45218 73501 1
69953 67669 1
45651 4682 2
11968 12144 1
62209 16202 1
28853 37095 1
8085 86927 1
90342 63257 2
15534 59712 1
38345 62677 1
3164 45014 2
16042 71232 1
2374 73346 1
35785 18963 1
76549 26630 1
43705 71483 1
54407 20760 2
66563 66488 2
40397 8802 1
12385 24350 2
43757 72516 1
42851 76086 1
14576 40145 1
69677 26398 2
93685 75245 2
5207 13957 1
35437 60982 2
40748 2160 1
40957 23160 1
47915 90808 2
9055 18711 1
77993 80938 1
33056 87113 2
14350 51557 2
64260 12281 2
12051 22111 2
542 74566 1
19306 2849 2
27352 20257 2
15062 56198 2
20113 2259 1
58414 84544 2
96122 86772 1
79295 53523 2
84888 33301 2
88199 69656 2
21446 50103 1
92347 8924 2
24879 7826 1
89793 26334 2
73368 47119 2
5367 86580 1
52244 79534 1
38794 5031 1
20654 69345 2
68256 6386 2
62083 7343 2
94255 37351 2
5381 76146 1
77699 99882 2
97177 95897 1
84956 20500 1
96410 22599 2
58573 51505 1
73620 52978 1
61567 86338 2
45993 46373 2
11308 85660 1
83216 65758 2
96644 18120 1
2801 2097 2
9451 72257 1
55210 67011 1
11449 82617 1
28941 62479 1
73785 30836 1
89247 4037 2
33226 17386 2
95771 81958 1
98401 61098 2
40013 75177 1
31589 12050 2
51160 63386 1
55730 22808 2
99184 95669 2
79703 39076 1
73633 88111 1
34328 44147 2
44806 56110 1
14956 32854 2
43122 62508 1
78815 44721 1
92555 72984 1
65202 81052 1
83946 52180 1
90838 61381 2
90844 21016 2
56853 56748 1
33508 93710 2
47785 41094 2
97015 24756 1
17507 15611 2
92766 34429 1
9285 42792 2
36055 83120 1
38408 19262 1
50005 78823 2
72791 26369 2
16508 4882 2
64306 86761 2
70693 91986 2
89773 15396 1
22048 28830 2
18926 69586 1
61581 55873 1
65938 45288 2
74050 58905 2
54792 22638 2
1416 90202 2
71668 88961 1
57182 53513 2
38382 25394 1
97141 19778 2
36833 31428 2
1650 22355 1
41932 59698 2
8399 45086 1
23684 19559 1
46361 60091 1
27344 85411 1
74611 29459 1
34060 36253 2
38226 54374 2
78151 73212 1
32 70918 1
53316 60637 1
59034 16314 2
22973 90256 1
69778 39868 2
80699 19835 2
33997 73948 1
7391 95733 2
38693 8250 1
13725 85868 1
68104 72655 2
80124 77216 1
1591 59045 1
97367 99077 1
89352 22906 1
93982 67877 1
24805 5314 1
31542 53660 1
49099 14850 2
13845 60570 2
20524 85654 1
75655 94821 1
26669 92779 2
14316 42004 1
45609 27429 1
31895 62645 1
90220 78555 2
66128 56296 1
36888 46806 1
81011 4129 2
63907 88662 1
18351 44618 2
79287 38157 2
98536 73438 1
80369 7553 2
62038 37840 2
58403 75150 1
90020 31586 1
31315 50850 1
69457 60302 1
46713 59136 1
24562 21377 2
54949 76510 1
52142 24378 1
54 98694 1
23393 64848 2
69348 96089 2
31770 27721 2
65271 48711 1
38908 99844 2
27597 70392 2
29953 27312 2
77496 82982 1
48594 79730 1
89950 57089 1
11312 68420 2
71095 66250 2
66543 88336 1
85523 21144 1
37877 7353 1
39506 2230 1
40896 62130 1
69641 56546 2
24765 14148 2
20708 54704 2
44722 9805 1
16734 26822 2
60180 59036 2
94698 52413 2
93266 68374 1
40238 13478 2
33192 75092 1
82019 66466 1
82253 82723 1
63254 3401 2
49190 69890 2
70890 52901 2
24240 85959 1
88852 47572 2
38170 87323 1
69981 55145 2
33608 58361 2
99780 69450 2
77842 51475 2
89946 73556 1
33058 85261 1
48739 81811 2
66106 24640 1
47419 93995 1
25644 14008 2
83887 40498 1
54240 50743 2
7328 91603 1
64369 68784 1
23620 59980 1
2928 71820 2
21477 94096 2
45920 83048 1
64991 16135 1
59480 60469 2
13478 39369 1
60612 21271 2
5854 88679 2
59972 23335 2
22369 9698 1
87948 49073 1
6397 69650 2
19747 75799 1
28659 68000 1
99396 83564 1
90873 83820 2
23967 90745 2
67257 83720 2
65209 7899 1
17712 9434 1
63848 18339 1
17072 65566 1
49592 20149 2
24958 29186 2
20808 3977 1
76788 44745 1
58862 36110 1
68992 97289 2
43151 89666 2
78916 45740 2
70984 83291 2
41172 8659 1
48456 81953 1
45019 46606 1
563 66257 2
58358 61285 2
30592 57628 1
58167 51410 1
55164 55077 1
67139 28357 1
21574 48551 2
49461 5951 1
72752 43309 2
95129 92311 1
39364 24 2
33201 81016 1
18653 73437 2
69076 89601 1
14602 28484 2
25002 60099 1
80686 95626 1
55761 50471 1
6786 89056 1
13275 27526 2
11730 16617 1
50798 17742 1
52668 83936 1
53122 65444 2
66132 7824 2
79879 10237 2
82851 98714 2
34556 64739 1
37027 35859 1
43033 65462 1
36069 62019 1
1734 40872 2
7787 52230 1
56834 7264 2
46638 48591 1
67613 6360 1
70905 61089 2
62685 56639 1
49484 74772 2
56381 18648 2
17562 54134 2
67338 2457 1
54443 51175 2
84965 44685 2
77787 77531 2
95811 61907 1
1913 69980 1
59664 81756 2
2249 98054 2
66055 63920 2
6178 52073 2
85884 52618 1
55281 37899 2
11474 98776 2
30932 78979 2
10085 86716 2
42240 96575 2
77346 21005 1
36604 15167 1
45642 18807 1
54276 3319 1
41619 24279 2
69990 28945 1
2406 99200 2
14440 18313 1
4546 22616 1
26432 68847 2
25464 82587 2
82939 8137 2
86701 73559 1
93815 65134 2
37819 21871 2
17096 81836 2
80527 69497 2
10039 74178 1
46253 48000 2
32574 43815 2
2152 69986 1
90605 62881 2
4522 46386 1
44328 50735 1
5554 67255 2
91143 55104 2
33745 15724 2
36565 84122 1
59308 70430 2
30066 3060 2
62749 31665 2
4369 99515 1
5074 71483 2
7674 34481 1
54701 96775 1
93481 70185 2
52962 60180 1
9453 61901 2
4348 6868 2
61162 31320 1
86296 25645 2
74328 25149 1
43431 32539 1
47073 66590 1
46737 58956 2
71495 1685 1
82925 81570 2
827 74030 2
29834 42677 2
67143 37643 1
82090 8527 2
42022 18879 1
82273 16686 1
5382 63668 1
5018 48261 1
54925 39941 1
45010 31515 1
25105 68996 2
93051 58570 2
89279 55637 1
30011 24321 1
63125 16177 2
17098 73603 2
97351 34277 1
88728 80582 2
44574 29552 2
83012 52885 1
47604 18280 2
69190 99279 1
55033 79798 1
74406 22981 2
1649 67765 2
71106 79584 1
17620 56951 1
62444 48824 1
75597 95712 1
4170 84670 2
84924 18441 1
80501 27091 2
78900 30750 2
26330 68943 2
18205 21376 2
57436 1467 2
78739 55493 1
61743 8887 1
74853 979 1
26751 82293 1
63959 53320 1
41191 79547 2
47136 59029 2
27547 36518 1
36365 71742 2
90558 94754 1
43196 35132 1
81420 96306 1
43362 17979 1
41682 47598 1
85638 18236 1
91889 29760 2
99075 86452 1
87487 34150 2
17418 32203 2
20229 10068 1
33213 88926 2
45922 86095 2
3286 95006 2
20390 71666 1
94302 98095 1
83544 17261 1
72214 81194 1
23921 93857 2
54545 15611 2
78943 24421 1
95352 16195 1
84515 19268 2
57989 71031 2
59987 13725 2
30152 44063 1
57976 32578 2
55269 21144 2
57585 66041 2
84212 95123 2
93423 22462 2
67840 66164 1
56663 63 2
90697 68883 2
58403 55134 2
25026 59326 2
80193 2931 1
55763 58421 2
92018 44904 2
41688 57933 2
72716 72507 1
352 22638 1
48697 22463 2
69711 64853 2
31734 71931 2
6620 12243 1
15125 49321 2
87444 93771 2
58043 39896 1
7157 70296 1
92515 62731 1
37844 17637 2
72761 10936 2
1975 41715 2
1119 57578 2
6844 98518 1
75755 92928 2
49520 79896 2
3431 58731 1
43097 77525 2
5264 88052 2
73101 4766 2
93432 89716 2
17912 35798 2
12837 72377 2
15770 69976 1
38799 15143 1
76327 57070 2
25349 27125 2
29893 31771 2
42729 6668 1
69201 25555 1
85839 29356 2
43322 92862 1
59202 72007 1
42469 6488 2
256 94340 2
77543 16564 1
74265 74845 1
86926 7188 1
94931 94945 1
14489 95603 1
23241 36915 1
64219 72827 1
54343 74249 1
65180 27631 2
25104 52558 1
8760 96835 2
7033 96480 2
98142 73118 2
26539 29042 2
64338 60447 2
90372 97739 1
11147 8757 2
32727 24966 1
18774 70246 1
27015 13296 2
28817 23401 1
37168 99598 2
91249 76588 2
5951 30900 1
95164 19182 1
43764 47246 2
71152 70214 2
50311 1211 1
14906 15514 1
74113 99405 1
37440 33961 2
8958 31338 1
27096 10242 2
43730 20974 1
55246 37706 1
46145 42503 2
43778 33723 2
11684 56 2
19143 41823 2
41227 55574 2
14630 5977 1
60118 70222 1
88025 13500 1
29179 18301 1
38128 46386 2
75940 65590 1
1519 91734 1
43885 4000 1
58542 39546 1
87306 79797 1
65816 81474 1
28863 2693 1
79788 27495 2
74758 26897 1
17119 65206 1
17741 3664 2
47640 60494 2
36437 50765 2
43763 64454 2
82004 85286 1
67903 22852 2
61908 58831 2
35296 33447 2
8690 16205 1
13069 71357 2
66591 37020 1
64659 28046 1
66307 91882 1
89008 55248 2
88309 473 2
8249 98608 2
98724 35361 2
70548 91471 2
72401 64011 2
95935 15842 2
47698 73847 1
68359 37074 1
5553 56983 2
46130 8218 1
84779 23410 2
18582 68460 1
37010 62850 2
2239 49196 1
24396 94262 1
36013 93203 2
84817 24497 1
30003 41229 1
32912 53129 2
3642 97244 1
52843 96841 1
25468 47155 2
31798 69935 1
64841 64795 2
63868 27278 1
64261 40753 2
27642 13966 1
9320 61030 1
29858 38759 2
2428 25726 2
77242 76362 2
20707 46866 2
5818 41816 2
24751 38990 2
76466 63048 2
26504 47123 1
48673 8325 2
24714 15798 1
19487 56174 2
20676 51551 1
32308 15381 2
76601 38155 2
55070 31744 1
18179 58635 1
73840 95115 2
98059 64163 1
46861 25668 1
47570 47275 2
65617 91214 2
49004 72785 1
4488 77215 1
47296 63574 2
28213 36513 1
66217 35628 1
15117 96788 2
17816 17246 1
31001 11307 2
44143 6537 1
69912 61547 1
74535 68379 2
34810 12495 1
39595 10299 1
87878 54822 2
70395 22528 2
48501 94867 1
35626 15800 2
80468 57197 2
88865 45283 2
72390 75421 1
76122 83510 2
34912 41122 2
20677 1465 1
48492 16656 2
28262 99689 1
46886 33836 2
57717 759 2
59138 86418 1
60636 2854 1
31492 80048 1
91869 77873 1
61574 13736 1
56106 75747 2
87574 15410 2
75915 37117 2
57461 37687 2
51644 52467 2
56409 18103 1
21323 19343 1
25035 51268 1
88190 49229 1
11754 90213 2
62604 47613 2
43783 44660 1
77439 89381 1
26055 76480 1
6904 52572 1
81220 64012 2
45259 42640 1
71692 83630 2
62974 82977 1
62720 21649 2
61583 64164 1
78935 94451 2
939 21536 2
12888 71208 1
94008 87828 1
49411 49685 1
90604 22895 2
88649 4501 1
48435 77559 1
68272 78584 1
10253 86691 2
65200 95679 2
69261 32065 1
21432 11618 2
19579 39345 1
52361 16618 1
78451 61287 1
17178 14455 2
67364 38669 2
67251 12922 2
17010 95903 2
53266 67612 1
53557 429 2
50505 25494 1
46104 86172 2
56541 99703 1
89082 13413 2
64041 30242 2
55536 92597 2
31097 57452 2
13569 43340 2
2960 38274 2
91753 72126 2
74818 5537 1
18551 64629 1
87162 59388 1
30894 1676 2
34197 20410 2
66120 26229 1
15270 99894 2
54926 14837 1
23184 66205 2
97025 89027 2
90511 49363 1
5877 20236 1
78319 60942 2
25424 54706 2
79187 65626 2
73840 86952 1
40080 81235 1
50690 20792 1
55151 36110 1
85963 2653 2
53006 54960 2
96643 32553 1
18368 54837 1
83221 26816 1
69736 56587 2
24929 25979 2
32418 57108 2
9627 75751 1
80891 62408 1
88777 2051 2
84628 25264 1
57576 7781 2
66050 80332 2
51463 29942 1
94289 50158 2
64842 94129 1
96029 46365 1
79496 8 2
76119 21331 1
7758 3551 1
82470 30240 1
22267 67791 2
25795 17444 2
30786 34180 2
9468 68600 2
55883 30976 1
65778 36358 2
50097 99702 2
46139 49901 2
46629 43535 1
71424 23134 1
53930 34793 2
67392 41761 2
35991 4786 1
76299 81905 1
92824 81041 1
63593 70428 1
7277 88926 1
92913 92356 1
4650 23461 2
54322 35872 2
61461 35656 2
7533 70235 2
45548 52058 2
33016 29908 1
82780 24996 2
80637 20829 1
13611 27875 2
39577 16893 1
974 71240 2
62173 78606 2
61011 40791 1
77105 56639 2
57497 60329 2
80396 7250 2
3091 46026 2
40413 73055 2
31754 43931 1
71717 62768 2
80920 43889 1
46138 37827 1
1997 68948 2
11014 61355 1
50733 61537 2
52614 68944 2
67471 61737 2
49068 5962 2
47200 76144 1
51390 93833 2
98622 84366 2
51220 13744 2
4638 54385 2
67197 56854 1
54887 32729 1
47099 88996 2
68885 22203 2
94946 75865 1
47766 82303 2
84637 69641 1
3632 53058 2
810 58841 1
91449 97173 2
61977 2981 2
36702 86524 1
20432 10811 1
41053 8111 1
30858 17150 1
98602 26716 1
13203 33859 1
42190 12291 1
20142 727 1
6115 80345 1
25391 32119 2
7801 93798 2
45634 23862 2
6421 76071 2
74562 78875 2
83821 5932 2
61122 79840 1
10669 14779 1
22696 23188 2
91380 10539 2
37741 87578 2
88344 10762 2
75774 8840 1
20382 5976 1
18334 34345 1
44963 94826 2
42114 97499 2
91670 27591 2
49299 86194 2
63131 45870 2
32848 97523 2
16233 45807 1
61129 80730 1
52557 71917 2
58341 74388 1
48741 83970 2
957 742 2
93574 72859 2
2910 30596 2
96983 21720 2
41291 13178 1
9428 15662 1
64345 31111 1
19467 4772 1
74482 67869 1
88834 53753 2
60626 5635 1
3535 31292 1
46093 17395 2
25758 33555 1
83847 2332 1
96912 8501 1
86842 12097 2
7606 38928 2
47892 43447 2
72058 75971 2
56022 91083 1
5686 23141 2
26422 14682 2
58330 31613 2
16414 85368 2
13578 42951 2
64651 22410 1
81118 81909 1
46126 84075 1
75265 96876 2
61742 90507 1
80179 91363 2
81221 96619 2
15655 71944 1
90815 37474 2
29221 51674 1
94462 87835 2
20009 34159 2
35096 58293 2
39938 72624 2
74967 61090 1
21140 84089 1
72568 92328 1
51927 28218 2
60077 28387 2
59829 43512 2
79739 74849 1
82672 93292 2
42013 39108 2
39481 31523 2
93279 26404 2
6650 8252 1
20835 87242 1
23150 90829 2
75647 12566 2
80867 74431 1
21885 19355 2
19391 13229 2
57563 6333 2
44248 29801 2
45225 72026 2
51258 98871 1
3373 574 2
99973 43376 2
59234 87277 1
25741 46593 1
9844 54429 1
7864 5865 1
39526 6265 1
22788 47422 2
57932 82047 1
60862 80905 1
27889 95651 2
59115 25925 1
88211 83402 1
55971 53380 2
99266 34288 2
91249 93994 2
70084 70178 2
95285 76848 1
82004 8325 2
77314 34 1
11038 21453 1
69984 22338 1
77637 31815 2
78795 61187 2
94430 59055 1
83922 49006 1
53618 62426 2
58745 29760 1
16160 23726 2
66359 33834 1
34008 5797 1
48441 5488 2
96225 11310 1
39197 26059 2
34420 15084 1
97688 21287 1
42174 78485 2
51345 72357 1
81986 18484 1
86019 59514 2
93269 98375 2
79743 6702 2
35456 37313 1
25703 8223 2
76738 29513 1
64692 91707 2
73356 98042 2
43570 11241 2
92578 21857 1
28511 74977 1
63040 30626 2
85711 28911 1
35091 79444 2
80203 38676 2
93084 3520 1
44077 42181 2
25393 25894 2
43525 98442 2
64252 16727 2
57975 38176 1
3034 89852 2
44955 33080 1
55452 49486 2
88476 17046 1
29129 54364 1
56186 94290 2
32283 47976 1
54376 82298 2
9437 2154 2
23918 62702 1
88148 83115 2
2632 28419 2
51155 16043 1
24101 30465 1
2821 87229 1
47240 2437 1
43751 79846 1
71979 4032 2
35466 37985 1
97943 17109 1
32534 53629 2
12270 55007 1
71426 29949 1
18081 70249 1
60861 84951 2
57594 11316 2
13384 42198 2
20308 20468 1
7034 30553 1
75165 6739 1
91227 21233 1
31195 84077 1
75721 65254 2
2532 58291 1
81046 75635 1
64324 33448 1
55303 57126 2
30683 88775 2
96727 80129 1
46877 46139 1
80722 57212 1
46032 73220 1
20314 72800 2
17617 99897 1
79974 12269 1
63343 7841 1
13534 93173 2
51375 66233 1
53600 61439 2
12774 60945 1
9214 28677 2
75522 21871 1
91166 88630 2
83842 91946 2
38328 81557 1
56089 88048 2
29084 75480 2
3375 80672 2
67721 27177 2
36736 24721 1
12151 2089 2
78523 39818 2
53838 43368 2
61187 5127 2
8109 73070 1
99794 83739 2
4612 27542 1
98609 19400 2
57018 3149 2
54114 54216 1
27304 30359 2
45910 40072 2
88699 40683 2
94455 86856 1
23446 24754 1
38560 98780 1
72558 67051 1
3615 38126 1
65932 54954 1
39770 79929 1
56879 78133 1
57927 4783 1
63079 57926 1
20018 63189 1
87547 98060 2
18107 83970 2
50628 39753 1
2453 14531 1
59120 40405 2
86409 11322 1
51136 77178 1
38769 90682 2
35049 45174 2
63357 6957 2
14519 5372 1
83857 81134 1
1830 4595 2
82661 43247 2
25895 56021 2
97092 21237 2
3329 10673 2
61709 60087 1
65709 94570 2
89813 10274 2
99417 99831 1
50083 39192 1
67910 44289 2
80211 26348 1
70027 31303 2
60340 62183 1
69551 84989 2
39690 5895 1
93842 65704 1
58764 26043 1
58437 95876 1
43207 95144 2
75661 87678 2
30105 92903 2
67588 35323 2
82967 41284 2
80600 12591 2
8199 42880 2
92811 71783 2
88903 50193 2
56049 59456 1
95748 86685 1
17653 49997 1
28068 50498 1
35092 61172 1
35357 70673 2
80704 93618 1
24219 62414 2
92286 65619 2
29246 85554 1
712 64410 2
12473 71529 1
37325 22047 2
86165 68533 2
48044 22668 1
86763 77321 1
87516 54560 2
6030 6862 2
65831 36396 1
17375 51873 2
61611 3096 2
97335 99827 2
25656 11359 1
65184 41544 1
15540 24174 2
58780 55929 1
98618 75273 2
60253 46098 1
24566 39367 2
70155 15508 1
68971 87825 1
20898 41396 2
39085 43623 1
79377 1306 1
14215 89563 1
66843 75267 1
39479 44083 2
26874 47552 1
95181 27851 1
86455 35349 2
46256 17937 2
81683 64443 1
64824 88776 1
53314 23518 2
77365 63109 1
16651 27071 1
52327 15093 1
97769 42739 1
76099 21749 2
77581 5058 1
31157 8568 2
15033 93097 2
81112 38245 2
38150 2136 2
17024 91095 1
8415 38293 2
46288 40571 2
46308 55928 2
73828 88661 1
84968 32109 1
87433 81307 1
61812 76181 2
1824 49784 1
27298 33540 2
82047 52427 2
7042 77540 2
30223 21381 2
72888 18257 1
12847 75631 1
99196 2908 2
84751 962 2
14296 65544 1
83990 48396 1
20558 86384 1
73661 20434 2
65936 54399 1
94194 59208 1
83494 17174 2
24118 92603 1
92331 28457 1
10687 70504 1
69072 55266 2
51607 47458 1
85816 30333 1
54427 19728 1
89786 61291 2
8924 5388 2
78083 93487 1
99362 17605 2
35217 7108 1
48036 17822 1
6713 62196 2
64689 4013 2
99745 4738 1
60714 16444 2
17959 39234 1
78437 40236 1
69368 5916 1
70796 90605 1
16666 87468 1
99356 92807 1
61603 83205 2
38087 61013 1
74687 10057 2
77970 97637 1
5198 32178 2
97079 4025 1
47395 44973 2
73188 50088 2
15782 84986 2
74939 11549 1
34451 92781 2
48720 52119 2
35129 49360 2
16942 14888 2
46652 39423 2
81458 84983 1
72148 83434 2
75406 6910 2
89804 69110 1
71592 98188 1
75939 94141 1
76856 24323 1
39022 11369 2
7277 97307 1
85364 79357 2
89993 81022 2
59729 96140 1
14432 40746 2
71731 30176 1
82942 40242 1
18144 18164 2
90462 64605 1
15374 27962 2
29459 1350 2
77610 20279 1
73923 46042 1
95250 53186 1
52998 18493 2
1851 2920 2
71564 72549 2
15691 15499 1
35188 15773 1
29119 71262 1
78038 87236 2
53063 26859 1
40506 49675 1
75781 81101 1
87807 83067 1
15250 11926 1
59317 17357 1
4185 91786 1
67395 39311 1
39770 40610 1
28802 44262 1
50824 27243 2
4639 36198 2
53836 1636 2
72573 20380 2
60896 58276 2
19761 75941 2
5140 60337 1
39364 39412 1
20684 5545 2
75253 63376 1
30527 74301 2
5940 16435 1
2298 62545 1
42472 89996 2
61756 37502 2
91370 64542 1
66616 77905 1
29768 70751 2
89269 55625 2
11491 90394 1
83505 85724 2
52081 60461 2
93530 14066 2
81980 94796 2
69620 55657 1
64288 21660 2
18774 42832 2
95985 72569 2
14508 22188 2
95987 67344 2
42486 63829 1
62880 81765 2
76968 77146 1
23526 41295 1
83496 83033 1
3910 65303 1
98740 86760 1
15030 97981 1
32185 93295 1
76896 4435 2
34268 72651 2
92097 16735 2
6613 25389 1
36779 69277 2
31247 50265 2
15139 99291 1
93194 6376 1
16931 22748 2
22137 65958 1
15193 12566 2
39781 5332 1
34727 17108 2
82183 99719 1
14529 83604 1
40914 75495 1
65938 57385 2
58567 4241 2
42647 29530 2
59358 50262 2
55042 98786 1
8868 60122 1
60472 72078 1
78519 46677 2
85140 11330 2
22924 86453 1
26562 48276 1
85034 6683 1
18116 51599 1
65997 43961 2
16113 73810 2
56195 27386 1
88977 90063 1
57778 66938 1
66530 58124 1
50384 86346 1
46550 87141 2
83050 63982 1
75475 43112 2
2782 48222 2
92081 51415 1
88736 9448 2
4096 6890 2
65945 53548 1
72223 26474 1
64579 60255 1
17702 95575 2
462 32201 2
75677 94307 1
56703 92999 1
45474 65333 2
85292 70121 2
89640 97640 2
73537 57973 2
39378 87561 2
28637 87138 1
92220 29564 2
30710 62846 1
41491 36151 2
94449 46281 1
82743 42533 1
87851 60600 1
14176 27204 1
3795 17587 1
566 26792 1
51533 35350 1
50232 6134 2
21872 15124 1
50742 48841 2
22761 73487 1
28695 76529 2
81942 57602 1
35988 49967 2
57388 51191 1
35707 56091 2
77042 5009 1
58221 10654 2
46275 57188 2
50752 29816 2
25840 13208 2
10557 35675 1
65148 20841 1
46787 28686 1
55966 51530 2
76770 18475 1
91042 54173 2
75361 60225 2
36680 80540 2
56666 67922 2
78468 36532 2
8504 51190 1
52604 71973 2
8287 91287 1
5038 69603 2
29796 9587 1
24871 60600 2
11697 46685 2
14572 37919 2
77411 8444 2
13941 75979 1
99468 74219 1
25549 9662 2
43889 96727 2
99892 7218 1
92332 70436 1
91741 89812 2
23627 90345 1
34640 10723 2
98095 78543 2
61161 5462 1
9679 6613 2
23831 95987 1
97554 60943 2
11902 12249 1
37080 61955 1
66037 47575 2
37330 30251 2
42185 45586 2
88486 79829 2
35608 65859 1
71180 55014 1
88951 50455 1
45299 4370 1
68877 3661 1
34044 32582 1
37334 67547 2
24350 91807 1
61344 89930 1
43617 61360 1
55313 53653 1
60131 50624 1
48639 9262 1
80182 46185 2
87062 72794 1
76768 35579 2
43478 26768 2
28409 47766 1
92947 89021 2
53040 46164 2
14355 38466 2
5447 56061 2
67219 32629 1
23474 17712 1
1347 51420 2
9117 59329 1
18725 11797 2
47971 14453 2
42162 15121 2
10871 89928 1
86549 50676 1
31679 2599 2
94126 26327 2
73107 4982 1
61008 22278 1
37123 97196 1
81251 94755 2
24783 18098 2
73123 47169 1
74924 56296 2
87007 50569 1
54758 15776 1
41787 89400 1
14840 83841 1
87566 65439 2
50997 33701 1
26789 29954 2
86883 19259 2
1630 54362 1
34779 84262 2
78030 58355 2
9131 97339 1
69724 1518 2
14836 97383 1
1507 4736 2
52267 64424 2
83924 13586 1
81340 33871 2
27185 50719 2
89122 37988 2
80403 74361 1
9713 50465 1
87206 86627 2
17805 99734 2
59752 17368 1
64496 60900 1
10605 38371 2
58568 19138 1
72125 59397 2
75510 5820 1
64245 45011 1
33552 46702 1
76290 5813 2
15807 32173 2
66633 32232 1
73762 89598 2
76450 74077 1
67754 50845 1
96696 46168 2
1436 87448 2
35851 75281 1
45970 79890 1
85934 13270 1
51994 72960 2
47465 11432 2
46293 66159 1
57431 80057 1
73593 97788 2
90153 70676 2
94000 84698 1
72706 5109 2
27095 29712 2
39738 1453 1
92512 17848 2
15035 6592 2
92688 73378 1
98119 34502 2
21601 8847 2
13679 48493 1
77409 23350 1
78141 29173 1
82610 76386 1
39756 9875 1
12680 98417 2
76810 66159 2
83118 16439 2
31933 62885 1
95905 84761 1
38651 32168 1
20403 211 1
92944 15834 2
97513 12531 1
75228 4598 2
45406 99163 1
95218 26023 2
88318 95362 1
61915 83118 1
89292 73236 2
72977 52543 1
956 8846 2
452 71268 1
57369 79843 2
44664 24505 2
15105 15929 2
67557 61038 1
20100 16780 2
37334 79081 1
55016 11 1
41483 11265 2
3848 28854 1
23671 99652 1
97360 34342 2
21666 70898 2
3619 12581 1
24968 85215 1
48021 74417 2
38264 74613 2
86866 66494 1
9461 38159 2
92085 1425 1
74585 37184 2
96721 26693 1
11565 2954 2
78732 36362 1
58963 62407 1
74367 70241 1
6460 39268 2
9655 25569 2
72306 19937 1
78999 74645 1
80399 71506 2
70484 25148 2
12036 74561 1
16983 47016 1
67604 61161 1
49023 96832 2
99798 62396 2
42300 29 1
82806 14271 2
72469 3152 1
40308 74025 2
39683 66683 1
26499 7943 1
34324 39380 1
79404 76411 1
41993 58245 1
65065 58520 1
85528 19598 2
67946 44648 1
32586 95682 1
36883 16262 2
24190 89093 1
98332 63653 2
25317 35349 1
89104 56871 1
94756 54878 1
42158 66470 2
22581 92068 1
78859 79118 1
88838 49789 2
86126 27681 2
86872 7284 2
80275 55218 2
47201 87240 1
1065 19626 1
52203 96586 2
30516 77831 2
7699 17859 2
91723 48856 2
66218 91659 2
40187 48674 1
61911 76499 1
4610 43134 2
15284 74908 2
76629 32280 1
69005 13342 1
11834 87538 2
29732 32898 1
44687 67903 2
92623 9288 1
83841 29992 2
53240 11842 2
62870 25258 1
48572 11575 2
83556 69974 2
79053 27617 2
60023 336 1
25264 62031 1
29999 30129 1
44736 55620 2
19263 73861 1
9193 86710 1
60975 17230 2
97453 46640 1
91739 54079 1
54947 94096 2
22611 92673 2
3283 35658 1
217 45681 2
26907 21603 1
869 67744 1
60461 78966 1
95652 99410 2
11183 14867 2
47029 18560 1
41753 83355 1
80011 48118 1
16698 79141 2
17806 54677 2
61876 60797 2
75066 79058 1
39900 61439 1
957 8757 2
13595 51104 1
29501 91803 1
13967 85254 2
74577 37173 2
18218 53771 1
96163 11751 1
33906 27230 2
1364 18474 1
99072 69729 1
16888 91210 1
69473 98348 1
918 84904 2
24504 63817 2
78153 51929 2
44506 85686 1
43489 61285 2
32112 57798 2
73475 64521 1
14553 87968 2
36901 59637 1
66149 4094 2
77939 91439 1
1851 63408 2
84301 88207 2
33012 8279 2
17862 17409 1
24893 55050 1
40711 85798 1
28857 47572 2
67114 91699 2
12349 85683 1
15615 46928 2
5939 6683 2
50090 95961 1
74071 8689 1
45923 89505 2
12317 64817 1
18452 76043 2
81193 80489 2
21791 46255 2
56725 91227 2
86390 60411 1
18895 50303 2
18465 5647 1
1592 40158 1
83003 62080 1
15174 66104 2
90069 66294 1
21698 69951 1
24978 50157 2
76779 58490 2
83881 64952 2
89394 85123 1
80615 31449 2
91292 46665 2
15082 70283 2
45571 99151 1
62311 67993 1
68597 4555 1
17252 51523 1
32627 15112 2
25727 21792 2
65523 16324 2
72869 50967 2
98911 51315 1
69435 63844 1
66004 75194 1
90713 59130 1
10244 66293 2
36907 17339 1
92788 66225 1
61422 84322 2
54495 66450 2
90297 66233 2
66641 42063 1
7281 69731 2
108 72113 2
40595 59667 1
84231 83448 1
17582 97779 2
40682 40566 1
26214 84095 1
62483 16369 2
79443 85223 2
82676 45829 2
8544 6960 2
94610 79808 1
36940 75284 1
10344 63525 1
556 989 2
19970 45706 2
59047 18990 1
90882 82777 1
73945 23674 2
60415 15858 2
19600 79691 2
54177 30536 2
97842 15260 1
97350 18112 1
42773 15392 1
90080 58421 2
34918 89561 1
18741 29751 1
87011 9153 1
67710 5831 1
83425 83525 1
11784 53628 2
3622 132 1
90390 20449 2
51663 84468 2
46876 98740 1
53196 23806 1
81766 82697 1
64511 28317 1
49711 36326 2
80705 55491 1
72074 88388 1
13949 84405 2
90525 94452 1
36083 46474 1
6049 28951 1
82838 87215 1
91076 23973 1
63151 13286 2
230 5672 1
42680 49602 1
12991 43102 2
54753 33516 1
28760 56730 2
28814 85826 2
57165 90306 1
86774 55026 2
42098 76115 1
8710 17604 1
49611 73113 1
37309 33485 1
37458 3256 1
87469 47005 2
59796 80390 1
7424 55186 2
78804 34574 1
50417 57570 2
95591 36494 2
47215 51862 1
7703 11737 1
37885 64585 1
577 49495 1
72373 34509 2
17846 28256 2
3552 80806 1
15037 74085 2
74879 49293 1
85904 4327 2
50374 4974 2
32442 63997 2
85403 93066 1
86368 56403 1
6619 27094 2
18677 99814 2
72022 22522 2
29155 76168 2
61326 26228 2
98057 38754 2
74268 78322 1
73944 8173 2
31211 80923 2
91925 13464 1
30203 69095 2
91291 36198 2
47327 71490 2
89110 28141 2
20096 66221 1
79272 77015 2
84087 72829 1
72743 7684 1
99287 5818 1
34717 88263 2
16641 30177 1
50887 5189 1
58189 73891 2
57175 30937 1
62344 48068 1
66355 36627 1
65104 13725 1
95635 69396 1
19258 954 1
6630 82323 1
70413 89692 1
40206 75099 1
1924 79319 1
33087 12075 2
58480 76662 1
48804 2548 2
39124 91635 1
24730 87807 1
583 98399 2
68531 34213 2
65974 74016 1
20245 6740 1
69311 80653 1
25849 47633 2
53910 51700 2
28716 3504 1
27076 97109 1
18993 82494 1
97379 24901 1
88764 54648 1
58371 98316 2
12696 88049 1
54281 91623 1
55203 99152 2
12683 98310 2
47725 29295 1
74357 84527 1
10077 59069 1
8038 68857 2
96619 34045 2
39379 50706 2
52583 41189 2
59652 65274 2
59537 81984 1
9970 77318 2
20318 67053 2
63344 52190 2
9754 77405 2
75039 80831 2
8768 32312 1
53559 70329 2
11108 38425 2
14981 13809 1
88714 40238 2
14791 50017 1
74604 44281 2
95346 73428 1
96183 70961 2
78893 35562 1
79310 77122 1
45683 97306 1
88390 22281 2
77717 60843 1
72521 76120 2
17910 87065 1
22419 67224 1
70733 74103 2
51224 17218 2
77798 13415 1
13276 33541 2
7425 22531 1
30553 12676 2
66802 50744 1
79613 35029 2
36415 74118 2
78953 60642 1
94117 21441 2
56371 71916 2
4564 91219 2
60421 51875 2
37166 2776 1
4763 45455 1
14636 61088 1
91049 68811 2
39577 43248 1
22835 75044 1
55733 58849 2
65204 2174 1
62771 9952 2
2839 79215 2
61819 76716 1
82369 77186 2
57769 21980 1
39365 82678 1
18220 35030 2
37070 64093 1
86856 153 2
42297 28189 2
98228 56916 2
30904 22322 2
70141 79436 2
7280 95978 2
22561 4954 1
73787 36775 1
35925 42699 1
95815 78849 1
56768 29822 1
90294 47746 2
73437 98858 1
77436 85096 1
70845 18133 2
29540 50502 2
41827 79806 2
97803 73379 1
88678 54644 2
55171 34073 2
84626 87452 2
53330 23639 1
35815 6959 1
53712 81120 2
56377 5785 1
67213 35402 1
3118 42012 1
59400 86208 1
48995 87435 1
33433 54177 2
43272 45839 2
84232 67582 2
59263 80101 1
8755 28255 1
71233 30 1
21453 27199 2
23545 75454 2
59033 53580 1
90566 69310 2
60243 22344 2
32030 2027 2
74471 20427 2
82214 61444 1
35928 21598 1
86362 37023 1
31163 99777 1
52428 85348 1
65145 37318 2
72604 2289 2
45520 41139 2
5445 54452 2
19923 24709 1
34992 47860 1
96166 15976 1
22079 99817 1
66274 50527 2
20676 9183 2
82615 67938 2
56838 75064 1
61733 63867 1
57923 55751 1
33282 57192 1
89417 30837 1
18583 49757 2
95323 15423 1
75875 95647 1
95026 77814 1
62006 2249 2
5465 75006 2
89271 68715 1
64337 11983 1
86175 29126 1
32459 43095 2
39356 82737 2
54128 54519 1
87599 57815 2
32412 47393 1
49678 59479 2
5119 86913 1
50691 92099 2
95451 1969 1
11946 66625 1
74569 69634 2
57239 32205 1
84692 57434 2
35982 40981 1
96923 27409 2
15785 9147 2
275 16403 2
99382 88823 1
2436 49601 2
97718 1139 2
69927 59951 1
3392 54221 2
9422 92967 1
25339 664 1
96444 88741 2
99943 79419 2
66089 99322 1
21877 47728 2
22047 83338 2
93930 66534 2
72800 15469 2
86433 38432 1
29053 1041 1
84262 59924 2
79168 31414 1
74299 39469 1
97859 70385 2
79894 65354 1
85815 90474 2
59553 43580 1
29887 31358 1
54170 38700 2
71890 65853 2
55280 80690 1
23228 71021 2
48044 42111 2
253 92965 1
64357 69684 1
16904 98547 2
73547 93929 1
22054 90071 1
51293 31943 1
305 40293 1
56435 96622 2
34041 67271 2
45269 65488 1
13730 17273 2
6017 51476 2
47652 7563 1
69801 69844 2
26058 47619 1
89971 64959 1
22772 71832 1
66263 37912 1
79733 45592 1
32613 37429 2
90293 89123 2
83804 10081 1
48527 15853 2
4916 56058 1
58292 87360 2
17653 50451 1
86407 59224 2
14814 78003 2
2944 9733 1
83327 65045 2
35177 18668 1
45023 50342 2
21476 43590 1
64342 36779 2
21794 68672 1
12980 87480 2
493 41594 2
89049 23961 2
97471 18952 1
70490 97325 1
20745 10132 2
53539 87942 1
48109 14809 2
98767 32554 1
26949 51338 1
64370 1845 2
22682 97417 2
38288 53621 1
28013 68336 1
9475 43020 1
39825 37004 2
45240 31762 1
53134 25948 2
2450 74705 2
28032 6007 1
41254 46023 1
22103 54819 1
57950 33383 1
71733 42975 2
27767 66168 1
17267 63386 1
87106 96180 1
91643 61785 2
72870 32683 1
99087 43989 1
10236 670 1
34337 2010 1
72562 58532 1
6425 19498 2
99209 83656 2
72019 46712 1
41111 83272 1
41022 90190 2
30694 3928 1
81118 13671 2
51571 53565 2
40874 41941 2
74096 47411 1
86126 15196 1
22402 8872 1
57419 73461 1
73603 24350 2
25170 79212 2
84737 30349 1
31757 87811 2
99101 87518 1
77206 2253 1
22638 15185 1
66206 89619 2
72668 81784 1
21640 79539 2
15781 75962 2
42027 11259 1
26266 68625 2
84819 72147 1
89507 65036 1
79424 16944 1
9015 32206 1
58533 81570 2
38149 36269 2
61002 39943 1
40847 75860 2
50731 46837 1
88937 14625 1
87512 98004 2
8638 63975 1
6227 36161 1
91435 1837 1
93140 21613 1
5827 22702 2
44456 2876 2
31881 7320 1
95438 41447 1
94297 29261 2
23033 2234 1
35519 74948 2
95409 758 1
84382 25480 2
18001 13520 2
618 18328 2
59882 46096 1
36974 23430 2
81855 51668 1
36072 6168 2
27527 56554 1
97128 71210 2
13935 24537 2
85684 79370 2
66517 41785 1
4775 58939 1
78382 56886 2
28526 59475 1
30817 69457 2
11785 8540 2
1705 92575 1
33264 7350 1
89654 54376 2
50443 13268 1
45453 70569 2
58777 25179 2
79780 4179 2
37898 54598 1
72551 90153 1
47653 85284 1
38646 70342 1
96707 85400 1
39908 80341 2
2770 39480 1
73497 52663 2
11667 26992 2
72529 40513 1
74875 38876 1
27324 45019 1
72950 50673 1
61308 85986 2
94560 85108 2
91401 49574 2
31786 39521 2
52528 15085 1
15835 46438 1
75568 84462 2
48364 35141 2
55964 38007 1
36651 78710 1
66396 70696 2
1209 74690 1
46763 37398 1
80588 50921 1
56378 89353 1
11854 70973 1
8652 42622 1
61372 94725 2
62232 98885 2
9383 60731 1
90187 20131 1
82326 59502 1
9123 54930 2
9731 83969 2
20725 2557 1
33849 1002 1
86919 55205 2
58621 46228 1
97622 64734 2
23138 2973 2
38546 52050 2
16531 13721 2
73853 30109 2
38733 62413 1
56944 34255 1
4769 98740 2
74486 59021 2
77719 14430 1
10383 55601 2
21222 20588 1
15343 89637 1
36733 27125 1
67036 52524 1
83486 83429 2
35347 11258 2
75485 22937 1
81347 91222 1
14309 79299 1
70256 96223 1
13331 37388 2
47474 42532 2
91065 65293 1
70675 83179 2
45244 50101 2
60085 62347 2
96311 11207 2
24458 75697 1
24566 67960 2
2490 45023 2
11164 14517 2
53600 88008 2
45277 57307 2
73421 70390 2
23236 93725 2
8388 98789 1
66223 82274 1
1084 33413 2
74318 28389 2
32834 99163 2
71655 17779 2
46164 31264 2
26773 59248 1
17542 2017 1
88612 14130 2
89441 94813 1
8759 548 2
55039 47595 2
32259 613 1
13617 35793 1
25137 96775 1
75065 68686 2
28928 22896 1
81904 44273 1
50496 16348 1
16641 65119 2
89272 23993 1
54668 65937 2
90528 1801 1
11972 47443 1
90152 13028 2
51186 90151 1
8912 70867 2
64527 18112 2
65646 87126 1
80046 87079 2
10219 18367 2
79088 76570 1
52422 53877 2
73261 5832 1
38767 50322 2
96178 54902 2
69357 89733 2
31133 48285 1
24665 23857 1
28771 41417 2
51041 19052 2
5131 67323 2
19078 80961 2
70865 27592 2
18910 64047 2
30180 14969 1
49490 65671 1
48231 35529 2
87105 1905 2
48884 22314 1
49212 35048 1
37844 63520 1
55048 12730 1
48872 63588 1
89535 233 1
10052 49634 1
45999 59756 1
27022 61851 1
88889 34446 1
68451 95460 2
42739 31502 2
17811 63749 2
12423 38334 2
39328 33276 2
60786 2341 2
19747 94871 2
53222 36029 2
16135 23901 2
86408 52245 1
15820 44102 1
24050 48111 1
92965 51838 2
69842 90883 1
63386 30854 2
16681 62907 1
27303 12691 2
91790 97301 1
16475 12525 1
76329 47428 1
38330 92178 1
73688 51439 1
41436 88592 1
65869 32785 1
21292 39278 2
4525 48727 2
5321 87940 1
56434 31205 1
48808 50814 2
70123 97042 2
41232 56733 1
17719 10375 1
46300 3478 1
54349 46723 2
38621 68593 2
16120 186 1
15702 88683 1
77075 27249 2
5918 92724 1
58929 24484 2
66081 8946 1
26359 14753 2
35616 88573 1
64320 2218 2
18124 83744 2
67000 28695 1
52047 93406 2
23234 21202 2
6499 11147 1
23059 25721 2
65176 56335 1
34420 20511 1
56819 95143 2
84259 28523 1
38025 11556 1
9138 23927 2
86760 53705 1
51047 26226 2
88111 86737 2
55323 55871 1
96785 47366 1
64443 97780 1
57783 49515 2
78442 17052 1
22010 54068 2
32765 8885 2
74412 97129 2
71805 44595 2
80560 29351 2
11305 25787 2
64062 90910 1
22641 6761 2
37089 2068 2
30108 74474 1
69528 57856 2
82851 21155 1
58712 71024 1
52 52456 1
19784 91076 2
84208 76581 2
52579 70832 2
38732 7161 2
29114 97918 2
25492 28118 1
54352 92490 2
98532 63459 2
22940 12740 2
84109 48250 1
57450 32401 1
28822 55082 1
24410 92779 1
53784 36982 1
41088 95644 1
91713 82259 1
50786 94343 1
66226 44270 1
71005 90815 2
79553 53476 1
18369 23086 2
88024 86377 1
9040 27504 2
48852 68674 2
71747 90485 1
31943 50506 2
28293 18402 1
534 10065 1
16118 21776 2
51931 75480 1
50377 9996 2
28324 66838 2
98374 44214 2
48914 33814 1
99049 97410 2
82075 13751 2
2497 66714 1
51305 22923 2
89010 56345 2
35001 10776 2
24787 93457 1
86109 71770 1
21585 58854 2
48122 74847 2
13482 46418 2
77387 29705 1
70867 9727 1
78396 62512 1
16371 50128 2
33967 68637 2
73829 81080 1
99099 36912 2
14490 4832 1
87368 7996 1
56181 77574 2
27412 71685 2
23277 89561 1
6641 78313 1
12974 45886 1
44708 60948 1
98200 31342 1
31528 74058 1
73439 39765 2
15433 25953 2
87145 33045 2
36906 99556 2
17299 12929 1
34623 35569 1
84781 99202 1
3699 24252 2
83705 40566 2
6788 54250 2
17424 89611 2
44802 33367 2
65629 50601 2
8436 96656 2
7359 18629 1
55122 79482 1
47435 35311 1
8108 12169 2
32393 64677 1
48129 29674 2
55442 90269 1
52713 85433 2
4056 74783 1
69484 28651 1
31518 74409 2
40681 67814 1
38876 1482 1
31920 8836 2
5276 41127 1
85288 50452 1
54304 90584 1
33642 53401 1
49626 95532 1
64867 72969 2
44433 321 1
26678 56559 2
16035 97805 2
12280 82665 1
49053 74264 1
57619 31210 2
82661 6623 1
44931 31769 2
47889 36915 1
66012 74545 1
82381 13336 2
45538 17311 2
71481 7430 2
84079 35143 1
25193 62604 2
3536 11360 1
59491 93032 1
76104 89267 1
26564 25712 1
30317 94047 1
91004 83276 2
22086 37656 2
33101 53209 1
53139 77284 2
45584 14919 1
90693 83549 2
94928 18812 1
74753 91218 1
13260 90416 2
18177 49029 1
64345 57743 2
6643 83886 1
89054 28826 1
6392 53942 1
69367 70214 2
2022 83997 1
1331 12987 2
96551 82550 2
49878 1910 2
30200 88741 2
5336 35559 1
17419 67528 2
80003 9684 1
96805 59275 2
70488 14996 2
92288 74738 2
73899 12501 2
48394 90483 2
91747 14295 1
97061 33465 2
58107 81455 2
73573 98851 1
23140 88357 1
59765 27426 1
58017 39606 1
59826 79870 2
42409 53810 1
39854 82706 1
31528 19775 1
50062 71692 1
76062 96692 2
62573 2766 2
76670 63647 2
67095 36624 2
48657 42144 1
81870 59099 1
99217 14827 2
16233 61647 1
64302 74698 1
93808 33310 1
44684 85785 2
19617 72143 1
53539 29224 1
39566 6652 2
29982 35997 2
38845 10836 2
54557 48815 2
68807 85402 2
47443 16940 1
4889 88899 1
31112 81172 1
35638 47068 1
63575 90651 1
81618 60675 2
95345 97771 1
64313 19849 2
36569 64608 2
71110 32598 1
43783 74730 2
2764 19813 2
73061 24974 2
34833 73987 2
45844 67846 1
4014 49396 1
57832 55484 2
57968 32111 2
28488 1075 1
54522 65149 1
14767 49374 2
10881 96893 2
89902 99335 2
41742 12387 2
33991 11274 2
30432 92437 2
44819 34199 1
94695 72941 1
61822 79219 1
22378 55706 1
5862 58935 1
56034 87838 1
90975 95856 2
76893 593 2
11729 65725 1
69564 65533 2
95416 75637 2
93685 13216 1
58212 67422 2
90993 71693 1
25623 82935 2
69231 23691 1
82538 30767 2
85376 60020 2
52615 47211 2
62793 17271 1
89488 22148 2
9220 30583 1
23351 58951 1
30527 8746 2
85828 32371 2
17435 55131 2
50803 24062 2
53262 87401 2
22643 96849 1
82753 30950 1
62952 9191 2
57587 5336 1
18121 15954 1
31637 67259 2
6274 88566 2
95692 64796 1
38548 13580 1
24627 90112 1
26704 36193 1
21174 53115 2
77056 87156 1
30647 24186 2
16062 23003 1
26828 68986 1
48827 86302 1
22495 74894 2
11961 94971 2
39565 69468 2
84337 30913 1
8040 49729 1
66607 24853 2
66325 18185 1
99761 2768 1
18383 72855 1
48843 58814 1
70722 64995 2
5381 14368 2
18000 33111 1
79195 68107 1
40560 57906 1
3132 69319 2
85002 88229 1
89133 8370 1
6076 86008 1
95747 70042 2
38584 1382 2
64108 5766 1
84675 36220 1
27783 43566 2
74104 55230 1
76711 17246 2
51395 31107 2
21748 51896 1
45095 47412 2
13193 77742 1
43033 41905 1
84279 56044 2
83714 67788 2
32673 82668 2
78624 68139 2
41566 159 2
94597 64714 1
81531 51371 2
68951 77879 1
19478 18408 2
75247 98837 2
7812 65474 2
95610 40601 1
66539 33530 1
13915 49040 2
47241 2565 1
58535 72791 2
45739 3051 2
25031 98049 1
30871 88969 2
39769 59221 1
58755 74864 2
20688 66670 1
99451 75652 1
12720 857 1
58495 46685 1
16658 24122 1
89954 30889 1
46118 64295 2
54604 10696 2
3148 82731 2
67001 52111 1
1114 21893 2
14585 55590 1
25177 10662 2
51086 31114 2
46824 34679 2
3056 23755 2
8920 16081 1
95948 90831 2
34158 9730 2
41089 53517 2
36452 33615 1
14498 5875 2
8647 39724 2
17975 83873 1
49978 47430 2
60219 28076 2
79826 70970 2
60863 11644 2
72537 47195 1
81030 81358 1
20236 92463 2
17991 37970 2
93085 35155 2
28975 58830 1
99441 19251 2
12668 39289 1
65858 36339 2
32386 5025 1
30334 55593 1
57866 83590 2
65350 60671 1
49774 32860 2
34224 90838 1
74591 80333 1
91334 59006 2
15519 56309 2
32453 76927 1
68775 67428 1
30367 38644 2
43842 27424 1
54105 31115 1
33264 82688 2
34702 35430 1
24228 23154 2
56234 20668 2
11111 92309 2
36239 10200 1
77587 75904 2
48179 69401 1
85880 40378 2
93248 17201 2
82938 21311 1
17747 53127 1
86257 22913 1
93246 12533 1
15239 58917 2
15559 66762 1
71198 45154 2
1158 72488 1
48552 81094 2
33355 89511 1
57485 19824 1
47861 75185 1
93704 26199 2
49756 38020 1
85674 66113 1
69384 20691 2
65878 91597 1
11831 4933 2
55363 61514 2
41787 16916 1
41246 85693 2
33434 43280 2
72645 76287 1
87725 538 2
17484 67549 1
40065 5225 1
83772 61558 2
21561 73576 2
35791 30049 2
64841 10422 2
60918 60900 2
92637 44612 1
55891 9566 1
81456 28091 1
50847 5790 1
30197 99924 2
11269 22345 1
64050 86813 1
62405 33112 2
49824 36411 2
47922 73623 1
39532 2562 2
62804 63080 1
55609 48799 1
83303 77854 1
91004 71727 1
69274 89826 1
22975 99365 2
80274 60594 1
89246 39592 1
56228 38205 2
41613 70098 1
67134 48712 2
3663 81362 1
78942 48908 1
89408 68779 1
39577 62965 2
16621 20179 1
70006 89828 1
56247 20821 1
68657 50703 1
33076 61871 2
99513 22108 1
46222 7637 2
29873 97833 2
46466 39852 1
97170 23047 2
51073 68624 1
79592 51418 2
3826 91726 2
25361 51067 2
77134 49386 1
47970 4086 1
99651 44635 2
56289 54124 2
88562 2634 1
61195 24114 1
44786 53207 1
74672 95473 2
42922 50132 1
93906 45092 2
78874 13095 1
3850 24189 2
56051 48972 1
72067 1151 1
34426 42641 2
733 75397 2
87401 77913 2
49163 47994 1
85870 13114 1
74133 96 2
82475 18847 1
96951 92969 2
49684 76166 1
85344 32545 2
91508 12642 2
33236 1858 2
19688 65018 2
93739 45053 2
43298 39977 1
7888 24536 2
79655 6108 1
53282 92555 2
30866 85015 2
29302 83682 1
58959 47504 1
63635 65214 1
20416 70322 2
58356 58932 1
40540 66524 1
89130 88140 2
34411 29568 2
10936 64067 1
43755 9316 2
59189 76553 2
51982 3652 2
55469 52580 2
41242 40334 1
17472 29452 2
5063 92676 2
41858 1261 2
38213 89342 2
5305 44488 2
64755 81221 2
52707 1009 1
5065 23289 2
82221 78962 1
75471 10508 1
92668 64743 1
52868 59877 2
14440 58497 2
25336 35391 2
92892 26659 2
66257 31047 1
81048 61960 2
10538 41377 1
6159 98427 1
78960 31363 2
6441 40573 1
79588 29112 1
3298 84802 2
68347 3326 2
56777 7732 1
83009 89929 1
65282 21327 2
56913 86014 1
53029 68259 1
27935 81816 1
83165 76758 1
74062 36583 2
46089 39775 2
20154 53996 1
84958 99628 2
2352 49855 1
77635 98973 2
64305 7625 1
47827 57574 1
56627 20938 2
23647 87921 2
31359 67060 2
71306 87578 2
26004 44461 1
92971 19153 2
76451 16882 2
18606 90491 1
32817 42511 2
38835 24050 2
75032 24839 1
73038 47328 2
77734 24786 1
75173 61608 2
2908 97306 1
99189 81374 1
10736 97565 1
21838 90409 2
7659 82126 1
93970 81128 1
5196 53204 1
61914 67146 1
19428 62634 1
35345 90484 1
75160 89629 1
6359 81920 1
13122 58321 1
74303 14072 2
99408 88541 1
56113 95327 1
5988 82794 1
41513 63016 2
16146 1559 1
1046 32061 2
22245 36312 2
42460 99769 1
34554 79187 1
61874 55086 1
1762 71297 1
17509 38849 2
86533 86899 1
17651 30825 2
78714 75 2
58161 35987 1
51344 57630 1
93734 39713 1
31753 43065 1
96557 5254 1
14201 249 1
16311 78795 2
33323 15345 2
65223 48526 2
61340 40744 1
19860 28574 2
10750 64632 1
94634 6528 1
29847 52209 2
67529 32013 1
90943 11411 2
32357 47473 2
62278 21624 1
40100 75950 2
73483 14632 1
81443 63863 2
96550 83714 2
35762 98709 1
44063 12378 2
17331 28998 1
35028 23765 1
3199 76313 1
63895 9486 1
93761 66899 2
74158 8757 2
64024 61037 1
55666 54251 2
55769 92083 2
66160 60200 2
94700 72262 2
63851 12117 1
80810 6299 1
91704 20946 1
86021 14235 1
78560 70961 2
31552 1 2
30913 45113 2
92947 89567 2
80014 88676 1
33928 69369 1
36266 68449 1
3681 58055 1
10257 59987 2
73743 56184 1
42448 95119 1
83164 5418 1
72456 27874 1
93507 97235 2
82255 63849 2
37970 56443 1
60494 97048 1
79567 88735 1
30308 87380 2
81712 95024 1
5889 38776 1
75905 754 1
45964 20244 2
57282 85022 2
67710 82185 2
50823 14912 1
92709 30446 1
97302 9881 2
29538 88718 2
82924 49726 2
75275 93864 2
2105 84823 1
33450 65006 1
4191 32993 1
31003 14406 2
68343 44429 1
29618 2028 2
9196 32318 1
90547 28206 1
50205 95535 2
67576 88623 1
24127 68747 2
20303 85124 1
26457 35315 1
89785 80058 2
95399 12956 2
24332 45902 2
97592 54894 1
34930 76435 1
5648 19270 1
28872 50160 1
56774 87412 1
33664 58367 2
46695 80670 1
91327 70608 2
58065 41659 2
22432 77572 2
11417 64249 2
17871 71122 2
83046 57048 2
24910 80805 1
18579 14029 2
79027 59227 1
60017 43744 2
31496 17480 2
23202 29230 1
1226 86609 2
58208 9415 2
95595 7826 1
70004 25969 2
79441 46008 2
93375 99811 2
60788 6248 2
42644 80043 1
37475 94710 1
28 26729 1
80768 45967 1
145 34834 1
22591 57264 1
62115 41197 1
26187 77452 1
2838 7769 2
28770 97673 1
85698 91206 2
66196 21795 2
83890 23415 1
13639 51208 1
15301 53862 1
82134 97723 1
48080 73952 1
44525 66834 2
48955 79077 2
1615 57560 1
3967 73225 2
27185 82475 1
89134 7190 1
56860 20095 2
50987 53992 2
2670 60409 2
23310 97007 1
44986 9428 2
88961 19633 2
75491 36192 2
60453 77285 2
79365 60222 2
37390 2712 1
12973 14885 2
93475 56140 2
12827 70240 1
43487 1845 2
35079 2574 2
69267 85722 1
33946 56897 1
19713 70682 2
48880 5919 1
11970 55044 1
48957 50852 1
81186 85053 2
81029 5246 2
69183 1758 1
20385 22096 2
80109 13236 2
83489 82032 1
95796 65439 2
56197 48904 1
26448 42611 1
36163 77240 2
77297 77817 1
51013 14098 1
3065 14703 2
70663 41021 2
88832 76804 1
43965 55540 2
19923 78045 1
58443 62916 2
1713 39507 2
60203 54033 2
20173 95891 2
81995 31505 1
97295 82140 1
71628 41423 1
59827 74404 2
94212 36426 1
64168 3796 2
18813 15379 1
80177 20295 2
68276 38387 1
28200 95343 2
90299 82754 1
82774 84944 2
73847 29393 1
68701 67107 2
43266 18529 2
84462 10837 1
87210 72490 1
48307 19973 2
21392 48469 2
45862 58153 2
80811 10914 1
30680 28874 1
23202 54627 1
39531 85891 1
94805 83039 1
30552 30726 2
75477 24976 2
94347 91831 2
89192 52741 1
1345 27343 1
6182 78945 1
94961 47450 2
12222 48250 2
37440 35225 1
27474 84283 2
6379 44193 2
16278 6914 1
21601 49691 2
4661 14627 2
31975 10882 1
81836 25379 1
54482 67976 2
11373 54909 2
96720 18801 2
88894 53281 1
10944 29717 2
33079 10672 1
26549 17634 1
57384 95201 2
41687 18137 1
50736 85504 1
50209 56461 2
38663 75465 1
46724 64295 2
25749 38417 2
13027 57220 2
99160 73694 1
64021 91765 1
99395 82346 1
42599 88829 2
69977 32900 2
61367 91159 2
71094 31310 2
76538 49614 2
61542 94080 1
54486 57891 2
97932 11172 1
24777 30187 2
92029 83736 1
77344 6574 1
5154 29935 2
89761 93673 2
6202 18352 1
31202 45389 2
70229 76117 2
50319 27134 1
12442 54510 2
13800 26996 1
6626 40444 1
32384 37821 2
30266 82038 1
48991 97209 1
28773 24615 2
82497 65917 1
15928 56909 1
66837 15921 2
3037 73276 1
86272 51826 2
92976 87193 1
31287 50800 1
47461 66432 2
69352 51313 1
45920 16287 2
57138 7821 1
58587 9464 2
10888 10127 2
77156 21475 2
86193 2938 2
35036 69737 1
82955 40482 2
13209 23882 2
53284 59695 1
21509 14360 2
69280 91774 2
35932 5338 1
13494 72767 2
45778 28362 2
34835 62520 2
23115 89047 1
62261 25792 2
17153 99524 2
43952 45349 2
51586 90695 1
60301 52871 2
24464 7819 1
17222 34074 2
639 82478 1
16620 72936 1
75321 47556 2
83265 48429 1
97213 6610 1
22782 50745 2
86684 64404 1
73966 39058 2
28156 99863 2
16529 47247 1
11413 9279 1
89338 62462 2
92790 62275 2
71250 57087 2
24384 23756 2
29971 52646 1
88682 87610 2
16717 19837 2
77532 2399 1
35716 55135 1
90836 71905 1
93904 2431 1
6084 91676 2
91675 60735 1
1009 37214 2
82471 61913 1
6966 86538 2
69062 92090 1
67135 8374 2
41632 62657 1
82319 61836 2
40880 90437 2
57978 17132 1
74247 8396 2
18379 23273 1
32904 99509 2
69728 87432 2
3370 58383 1
69673 70884 1
49114 77247 1
42284 15213 1
73014 83966 1
18500 96483 1
91410 59961 2
21181 91872 1
62647 21168 2
3162 43404 1
81951 33943 1
62992 35334 1
33435 33687 1
80744 44706 2
5709 23726 2
88992 51557 1
52238 267 2
39627 96043 1
24265 42611 2
97708 34626 2
60766 72255 1
34495 40428 1
52000 98748 1
73489 77985 1
42871 76713 2
90147 63787 2
38303 89372 2
3691 50600 1
77991 8670 1
71666 90443 1
6547 22602 2
37079 72282 1
15707 15794 2
13322 30386 2
65226 33594 2
12722 68543 2
98879 78171 2
16488 5989 1
89903 59969 1
8026 62202 2
38049 34286 2
33161 19337 1
95025 99381 2
71819 83312 1
69197 72543 2
5961 45026 1
63803 60041 2
98018 67399 2
9201 8516 2
6567 2775 1
98172 99508 2
69597 90051 2
14170 11090 1
69630 83468 2
63103 71690 2
1432 93321 1
17364 84894 2
10860 53766 1
41011 25057 1
47792 79936 1
42445 60252 2
71470 63593 2
86628 6348 2
47139 81898 2
94001 63810 2
80896 48412 2
37215 36514 2
39117 99758 2
64942 89956 1
10433 94755 1
49137 16471 1
36363 33233 2
67216 54009 1
70956 96066 2
9511 21920 1
60538 96918 1
55653 26996 2
6527 79232 2
71630 89746 2
42136 9957 1
67034 66539 1
56759 70592 2
16883 29218 1
80738 47713 1
45531 28114 1
8337 91113 1
26308 26406 1
94643 22031 1
61206 98623 2
26570 75006 2
97324 77778 1
98794 86325 2
26711 42951 2
79870 85669 1
77722 44731 2
34948 21879 2
89676 17791 2
40716 39716 1
57849 5750 2
3804 56666 1
35937 48475 2
39023 17310 1
40600 10329 1
87697 43940 2
28996 24977 2
49445 59961 2
96771 22839 2
46687 61850 2
84642 35669 1
89387 38874 2
57478 56327 2
39652 43296 1
70855 58302 2
97501 69702 2
9488 86845 2
22236 37851 1
45377 51647 2
61370 64322 1
76013 44207 2
53412 74545 1
6204 9326 1
68509 98195 1
48842 30224 1
47674 64519 1
19814 58239 2
14116 63070 2
45300 12311 2
81146 28128 1
73228 81864 2
78092 90056 1
59192 88280 1
81473 35524 1
61434 59710 2
44050 40950 2
49540 33800 1
8396 21493 1
85374 71542 2
42354 27629 1
84867 59644 1
60441 27675 2
82628 89604 2
20651 90641 2
19107 86314 2
24357 83800 1
45530 29374 2
56696 54505 1
22290 22598 1
40811 71731 1
33260 31545 1
87959 40793 1
74236 71493 2
25066 39505 2
68232 87849 1
14629 11365 1
33645 55548 1
23326 64502 2
51611 18884 2
82751 46868 1
59508 13760 1
51749 44679 1
65169 40927 2
64577 29066 2
21405 21479 2
10682 20650 2
68791 69807 1
50602 99755 1
56181 24004 2
65693 12355 2
95228 59208 2
20629 23901 2
34505 97902 1
49224 7960 2
60555 66816 2
47552 48134 1
74534 82073 2
87738 87757 1
66865 70507 1
66280 31177 1
78905 82939 2
25999 712 2
55292 45632 2
70730 15500 2
10575 98759 2
24037 52685 1
36793 35890 1
19522 17333 1
8181 59188 2
11128 11074 1
34932 46103 2
42414 93767 1
70393 62870 1
46021 10347 1
96123 71107 1
5836 70248 2
41734 34434 2
1481 91725 1
29082 7980 1
4151 29629 1
23242 2606 2
27714 69326 1
50783 54567 2
71949 10091 1
66419 24301 1
66028 11923 2
85846 5481 1
98890 28631 1
14733 51734 2
38213 90431 1
35502 98534 2
78733 85926 1
78500 6621 1
69384 47738 2
42097 852 1
1009 8829 1
81383 25271 2
51220 37159 1
83662 57287 1
78932 6017 2
47778 60313 2
72294 67659 1
71922 90550 2
25459 439 2
34114 43833 2
83290 4011 2
51946 69588 1
3723 44515 2
55060 24907 1
86125 20846 2
67074 73495 2
60985 44396 1
60133 86820 2
93404 96278 1
13287 71603 1
37657 75222 2
2723 22265 1
79301 49834 2
74407 50078 1
63721 86886 2
90201 24831 2
21028 21071 2
44335 11181 1
98503 17984 2
83861 48140 2
53302 11017 2
50955 15669 2
51854 33611 2
293 11028 2
8761 64093 2
28265 39466 1
37755 20522 1
39604 4332 2
56777 57937 2
77110 22690 1
39853 89220 1
47121 57545 1
37988 1641 1
73310 59954 2
35519 53436 2
78471 27936 2
68453 52395 2
5806 75342 2
66512 18904 1
46565 15463 1
45676 14395 2
82164 79468 1
11867 21182 2
66871 66098 2
97203 92095 1
31421 25281 2
21278 17841 1
14090 65206 2
14137 88859 1
85109 41185 1
31765 94743 1
91659 74312 2
70746 49012 1
2410 59043 1
22143 70261 2
61703 21982 2
64947 97648 1
73737 97146 2
14839 90128 2
51275 47563 2
19938 55188 2
25918 39227 1
55196 54189 2
10020 58854 2
96195 99428 1
35254 20508 2
9385 54385 1
73792 18883 2
38131 58181 1
20608 34739 2
67996 70401 1
22666 58071 1
80784 27709 1
65670 33106 1
47729 18402 2
92305 60504 1
62358 93712 2
58488 4401 2
50471 81113 2
89984 67577 1
2562 89028 2
27585 6531 1
72697 4747 1
6886 32177 2
57170 70333 1
64558 96734 2
1093 66685 2
78734 69716 1
45762 40801 2
81357 80822 2
26120 93140 2
93159 87320 2
29999 35124 1
39499 59521 2
80703 18900 2
50013 66768 1
69719 39611 2
76244 74100 1
24135 54212 1
21085 7571 2
54454 7068 1
310 26308 1
95293 38408 1
15988 80661 2
45801 96508 2
43038 86853 1
64893 31684 2
55119 27723 2
24494 79295 1
49816 15277 1
4805 33823 2
92571 94250 1
62753 85418 1
88849 43761 1
51346 96764 2
18629 62599 1
41215 43075 1
70199 31942 2
14241 30273 1
98875 17880 2
6950 24526 2
87159 30880 2
56303 94612 2
56168 57937 2
17042 44433 1
87549 48661 1
5688 14360 2
17083 51431 2
16160 26832 1
8535 2105 1
88602 45459 2
6879 98223 2
76429 20497 1
41138 34 1
95347 50411 1
2307 17023 2
70423 7608 2
56890 88421 1
65789 72643 1
42835 39883 2
98171 55242 1
26940 49143 1
40792 19137 1
47355 70183 1
31444 33613 1
32743 58060 1
10048 54922 1
21962 32779 1
43809 99686 1
65189 68858 1
77009 40259 2
58572 33065 1
17438 55673 1
61222 88502 2
61194 40401 2
4718 23959 1
13705 57003 1
9237 21045 2
54054 51737 2
10045 1227 2
41246 59234 2
78431 79787 1
57379 17056 2
27526 76985 1
39418 69154 2
90738 40814 2
64541 20651 2
6935 27318 2
93499 42481 1
91995 37106 1
84851 50271 2
61531 28823 2
17436 22323 2
66118 52878 2
22336 49376 1
768 49170 1
88509 45133 2
54849 1717 1
87235 23189 2
68724 80123 2
8472 358 1
53017 18876 2
80567 51618 1
49539 12199 2
32364 52640 2
89690 63034 1
1402 37995 1
76857 37643 1
57685 93122 1
16561 61954 1
91912 12247 2
90469 94620 2
15505 30640 2
38828 84618 1
22592 67433 2
75379 35376 1
11132 29040 2
60600 35558 2
28733 21096 1
87280 59514 2
43219 63751 2
39169 97229 1
82494 18903 2
21641 46033 1
87891 77848 1
63861 59473 1
64286 68477 1
80811 55241 2
85946 96235 2
21793 9866 1
83451 39709 1
87363 58392 1
20836 51298 2
26129 86443 1
77137 28061 1
88478 85585 2
80271 12004 1
59602 76938 2
65631 59235 1
52873 55947 1
74999 29622 1
10002 1276 2
38432 65010 2
11409 23610 2
72825 70556 1
10814 97430 1
47762 57392 2
76356 61587 1
23442 19196 1
93314 39756 2
11154 42242 1
67949 2156 2
36064 27770 1
36204 9844 1
83389 51629 1
39963 7064 1
37951 79867 2
24617 5026 2
16400 86710 2
60698 37102 1
6701 97381 2
7301 76268 2
69351 17218 1
29942 89282 2
31942 50940 1
30926 70375 2
11265 76918 1
22878 19561 1
84519 35846 2
10640 44648 1
14233 95447 2
2302 2361 1
5325 11655 1
38233 85347 1
55085 67178 1
48899 709 1
80630 8517 1
11765 17518 2
58234 62931 2
74778 27460 2
36894 7652 1
32850 70270 2
40412 3961 1
3856 3242 1
26338 91529 1
22301 22824 2
306 43808 2
59891 9708 1
39712 570 1
2498 83392 1
22583 72620 2
91534 29407 1
50932 17724 2
73262 50524 2
81033 58468 2
49423 47897 1
52444 27667 1
68112 85424 1
54053 1579 1
23812 38606 1
40083 41476 1
29427 80499 2
20072 28424 2
5816 48595 2
90553 67573 1
3908 952 1
44207 92350 2
17050 47261 2
82088 53418 2
22065 93108 2
27990 73652 2
83221 50306 2
91807 90921 2
47207 85534 1
76635 19149 2
984 86517 2
47674 16726 2
77906 82153 2
26043 17135 2
98575 4493 1
31286 68727 1
76672 9131 2
44179 84352 1
72967 45950 2
55921 70096 2
56061 17240 2
98720 87715 1
89229 29469 1
57959 26311 2
14743 82886 1
79423 11646 1
54702 47296 2
62389 40384 1
34362 18794 2
88428 24470 1
51799 75226 1
73881 16768 2
84052 91609 1
55653 64752 1
99381 2306 1
24143 80557 2
93746 51975 2
99559 11953 1
26934 8012 1
88084 87499 1
83552 85514 2
75023 6846 2
40709 53165 1
48774 56256 2
88364 57271 1
16858 4252 1
85680 54619 1
78881 71313 2
53218 36610 2
43397 30224 1
44645 63402 1
80034 36993 2
83568 98913 2
76684 90879 1
71472 5902 2
71527 78167 1
76195 39625 2
59981 96174 1
54429 43518 1
67884 21880 1
16967 75791 2
8677 46049 2
7163 32431 2
83246 69960 1
36650 3879 1
38481 13727 1
67318 35636 1
13899 79757 2
49112 45863 2
74606 85484 1
23707 86532 1
87935 61003 2
2239 16100 1
70616 85356 2
29495 74067 2
58311 63559 2
90219 76434 2
26158 56198 2
74295 38614 2
91969 40167 1
9866 39975 2
54827 7389 2
89192 89762 1
90889 31375 2
97577 60632 1
97741 62168 2
80855 68301 1
45148 45189 2
63604 50553 2
60689 27354 2
98770 42314 1
19096 18798 1
48473 81664 1
32019 20298 2
98244 11024 2
72185 86381 2
35364 74882 2
4498 56299 1
35708 62739 2
81244 87401 2
24771 58260 2
40457 56067 2
88421 9160 2
51071 95719 1
96386 60010 1
61878 86327 2
7534 98117 1
77822 21675 2
4591 87194 1
38198 9837 1
18370 99870 2
22006 23195 1
68375 9561 2
21190 77928 2
82832 60392 1
32132 891 2
94982 4603 2
44387 39502 2
51396 85016 1
7270 12848 2
27882 26710 2
65705 19428 1
66475 25027 2
41305 42368 1
31567 64639 1
74934 62575 2
88242 16990 1
82296 99983 2
17891 5866 1
9799 27476 1
7398 27039 1
74562 53475 2
22419 49198 1
34617 67960 1
40340 88922 1
82035 28640 2
37803 74429 2
30985 63936 1
5610 72292 2
5929 68268 1
27544 27695 1
1236 33296 1
27539 46451 1
89344 20747 1
94665 35639 2
89846 80879 2
4989 63354 1
79061 92867 1
2217 235 2
68973 28449 1
45206 25648 2
18629 77432 1
56997 56544 1
27447 66954 2
38697 68425 2
50958 79119 2
59147 28106 2
49870 95089 2
89477 9818 1
28717 30286 1
80264 73536 2
69554 14426 2
55638 91192 1
16733 94010 1
15048 71700 1
88863 15433 1
54313 66745 1
96765 90967 1
6424 14462 1
92273 91941 1
26155 31216 1
57865 57930 1
46439 31761 1
84070 50289 2
93320 31444 1
94239 10489 1
36224 29027 1
9211 83347 2
33520 87610 1
81210 95560 2
83344 65033 2
92269 35601 1
73261 82613 1
42042 21341 1
78789 33303 2
74361 52654 2
92493 99515 1
63289 6844 2
39980 70691 1
31260 32624 2
40669 58114 1
82038 8586 1
75473 62946 2
55058 43677 2
59338 79070 1
80045 91373 1
54082 14696 1
55769 37784 1
33698 86148 2
57468 60010 1
62859 80939 2
15918 96519 1
70800 94378 2
3742 81381 2
82458 73152 2
67822 47567 2
40323 24803 2
69458 50531 2
77627 23740 2
91222 33749 1
13479 9990 1
66197 50986 2
9372 57235 2
61890 31038 2
43912 36359 2
72707 33630 2
2314 73211 2
13264 94991 1
48629 6715 1
13721 48389 2
7185 11753 2
14750 55629 1
24090 92920 2
63636 92035 1
14943 76785 1
15687 79356 2
9124 8657 2
4210 66974 2
2049 33097 1
13096 20163 2
63072 32765 2
8367 27322 2
15266 40870 1
33664 42918 1
24283 17712 1
14697 83325 2
18162 18492 1
2091 69930 1
47554 56255 1
44795 63627 2
19708 43553 2
77733 22771 2
34403 79328 2
61508 63465 2
71854 4554 2
95308 90216 1
96905 97734 2
40705 86653 1
50900 15276 1
44125 21964 1
92515 34376 2
98574 68556 1
7964 59835 1
56565 57542 1
91612 16186 1
24360 43513 2
25394 43693 2
10160 73753 1
50563 6609 2
7756 40332 2
58244 8279 2
92205 8844 2
34819 47555 2
70872 72743 2
23103 28365 2
13735 53154 1
1835 62051 2
80904 65970 2
83823 66405 2
69308 56993 2
99239 9448 2
10073 95151 1
26018 74388 1
69097 52847 2
98116 79782 1
62409 56101 1
70724 86415 2
80043 68175 2
38095 85650 1
92372 48089 1
35811 70442 1
15902 327 2
77557 4898 2
78903 28047 1
22476 62203 1
83969 28860 1
2659 9897 1
92016 73132 2
59371 43606 1
13199 21107 1
67110 61566 1
48763 88150 2
36557 33170 1
35398 63825 1
79372 2261 2
43222 77138 1
97 20098 1
87907 89275 2
69184 13347 2
32828 14052 1
24689 7451 1
36003 41590 2
51120 74718 2
50348 89745 1
26189 87764 1
5538 1959 2
57642 58074 2
5347 98655 1
69280 5792 1
47487 15507 2
78746 93099 2
62524 38674 2
70391 85301 1
55125 44767 2
54060 12872 1
82038 40495 2
82880 871 2
58818 87823 1
32303 29254 2
99246 4317 2
18856 48941 2
93283 49386 1
59279 59512 1
46655 8510 1
9883 46649 1
38676 45172 1
55481 55733 2
64456 69017 2
93799 41891 2
39668 27569 1
42522 49233 1
57509 99699 2
57465 52862 1
23934 85032 2
36671 57569 1
46740 62671 1
29693 66145 2
72080 34716 1
47029 88314 1
82193 51861 1
68608 34014 1
74439 79028 2
29033 13042 1
40313 63144 2
31664 5421 1
76736 627 1
85417 14332 1
58378 24909 2
59130 45537 2
6936 65823 1
21504 77903 2
5472 68970 2
40266 9904 2
82827 60286 2
46109 4383 1
70904 36291 2
58638 62286 2
60696 8179 1
20171 56962 1
10672 76989 2
70035 16210 2
93306 73028 1
921 95723 2
18852 19742 1
98245 8271 2
38511 11606 1
12210 11025 1
16913 58347 2
53393 45466 1
45332 23055 2
17029 71656 2
24213 82312 2
52166 4362 1
75045 41394 2
73278 15525 1
64940 33370 2
91822 3538 2
68065 60421 2
57546 91581 2
26035 74599 2
67993 61735 1
38563 48653 2
87638 41798 1
9639 23284 1
93874 12864 1
51209 22511 1
20687 88019 1
12550 71972 2
82630 4080 1
37552 85136 2
51714 98011 2
26284 35167 2
57475 5229 1
26805 62868 2
53053 72978 1
87159 7367 1
86294 90540 1
37076 40066 2
41195 25998 1
24419 11300 2
56107 87361 2
51532 574 1
11258 25314 2
59405 5048 1
66832 91618 1
99896 30445 2
13720 76261 2
62739 94570 2
55473 74628 2
84150 94771 1
60496 82315 2
69393 23423 2
29532 31227 1
62595 72311 1
5009 59529 1
82020 65595 2
51230 15933 2
48860 29724 1
23495 75796 1
62505 8803 1
54531 92095 2
51069 68041 2
40543 1378 2
56382 43741 1
85593 68341 1
32965 46561 1
23685 14023 2
22943 28045 1
32396 40822 2
24239 58219 1
27048 22583 2
88362 65369 1
95082 95605 1
60217 31466 1
79732 97898 1
17275 88421 2
22495 9287 1
31744 19333 2
47255 51858 1
42895 83991 1
68825 3971 1
40065 4863 2
46812 18758 2
14563 99571 1
25861 99484 2
15000 75998 1
36177 27033 1
68597 86399 1
25007 98663 2
66500 37895 2
36451 66946 2
5377 30239 2
92037 59291 1
89376 31583 1
4896 61173 1
76485 98968 2
19219 93323 2
82026 99756 2
75795 84968 2
19133 72816 2
46407 95053 2
63263 80273 1
73259 9998 1
