4000 4000 1178
579 3103 2
105 2509 2
3703 3281 1
2311 3625 2
451 1676 2
461 339 1
1744 922 1
2864 2737 2
994 3631 2
1553 1722 1
2975 3279 1
1080 2515 2
1573 2864 1
3314 1039 1
350 3356 1
3298 2721 1
3362 3222 2
307 3750 2
3358 539 1
1546 1307 1
352 1687 1
3369 1110 1
1809 1344 1
296 1474 1
392 3866 1
3379 3534 2
3726 210 2
1928 2859 1
536 3808 2
1285 3610 1
1144 334 1
3361 2222 2
685 597 2
3911 2413 1
2010 563 1
2203 21 2
1694 555 2
2011 3739 1
290 2264 1
3236 865 1
1547 78 1
3985 1262 2
52 2876 2
387 916 1
2932 3063 2
2266 1290 1
1262 2804 2
323 3073 2
1113 1889 2
1316 1005 1
2671 867 2
401 2321 2
3657 3064 2
1404 855 1
2726 3500 2
1161 584 2
2035 247 1
37 931 2
1994 1902 2
3210 1103 1
2862 128 1
2954 2870 1
1190 2213 2
643 590 1
878 434 1
2356 3273 2
739 2880 1
1873 653 1
1756 1784 2
612 2207 1
3517 1627 2
1560 2291 1
36 2364 2
2111 1286 1
774 1958 2
1843 446 1
804 2138 1
3096 3904 1
3950 3756 2
1512 1491 1
2185 1693 2
3530 2874 1
1407 1300 1
2772 2690 2
3925 2452 2
2074 3055 2
781 1977 1
2911 946 2
3249 444 1
1176 38 1
905 1160 1
2753 1796 2
1056 64 1
2558 2484 1
3049 211 2
3122 2589 2
3165 957 1
3239 3626 1
3659 810 2
1010 3674 2
467 2311 1
2503 2280 2
1522 424 1
1256 1350 1
665 3360 2
2020 3340 2
3877 1430 2
522 1302 2
3490 1773 1
1144 3459 2
3121 1147 2
1647 3107 1
3939 2299 2
1139 1978 1
1813 809 1
3683 1002 1
371 3432 2
379 3265 2
3251 2796 1
917 1852 2
2406 2599 1
2293 1217 2
3866 1933 1
2405 2835 2
3164 2959 1
3415 2429 2
3064 3567 1
255 2273 1
2299 2411 1
3472 1422 1
1516 813 2
3851 2306 2
769 47 2
1820 308 2
2000 3770 1
2098 3580 2
827 2318 1
3359 2673 1
1688 1279 1
401 1656 2
402 2511 2
3667 946 1
3546 2398 2
1364 1434 1
3137 1916 2
2310 3125 2
2032 3919 1
249 1756 2
2875 646 1
3519 3687 2
3543 3989 2
1279 928 1
1943 2891 2
311 461 2
1881 523 2
2856 3467 1
2098 2963 1
410 3156 2
2144 2581 2
413 3337 1
665 1809 1
2529 2531 2
1018 215 2
2132 691 2
3298 1711 1
3677 2588 2
3090 2434 2
183 1342 2
401 1526 2
3165 1047 1
719 2762 1
2809 1006 2
2024 1636 1
125 3637 2
2008 97 2
1682 101 1
47 3812 2
403 2861 2
903 2963 1
2727 905 1
1579 272 2
25 2204 1
1056 2288 2
3732 2058 2
2873 3747 2
3642 273 2
44 805 1
1170 2383 1
839 2149 2
2063 66 1
3755 3284 2
2811 1069 2
2872 1781 1
3603 2006 2
1060 1211 1
2769 913 1
3575 942 1
3258 1403 2
854 1219 2
3097 1296 2
3361 167 1
2809 1499 1
1684 616 1
533 3508 1
2310 3093 1
417 1006 1
3464 670 1
2295 3670 2
1680 1104 1
918 876 2
959 3513 2
3697 3140 1
3730 1071 1
2861 3382 1
2243 561 1
3144 801 1
3764 2876 2
2681 2927 1
3402 683 2
309 1784 2
2362 612 2
946 3968 1
1518 585 2
2075 1970 1
2240 3821 1
1836 1223 2
99 3738 1
3313 3285 1
1699 1832 1
1602 3163 1
3000 862 2
2685 1734 2
3004 1807 1
2553 3261 1
623 3741 1
2621 3011 2
74 3655 2
3191 281 1
3237 3671 2
1612 3337 2
2728 1354 2
71 1988 1
1378 3402 1
2129 2050 1
1410 3460 2
1139 487 2
1616 1802 2
2736 2634 1
1933 432 2
2049 1794 2
496 2230 2
572 1598 2
3405 1085 1
2956 177 2
3547 1197 2
429 1771 1
790 2154 2
63 1283 1
930 2082 1
1303 298 2
2658 3387 2
162 2607 1
926 712 1
3987 1911 1
2294 1223 1
502 3557 1
1074 1340 2
3636 1779 1
592 1432 2
775 655 2
3878 3792 2
855 699 1
1611 1322 1
1731 3175 2
604 802 2
2980 2473 2
2781 1408 1
468 3118 2
1070 1109 2
553 1762 2
816 2035 2
251 2920 1
1281 1916 1
1839 3217 2
3917 2343 1
1003 3041 1
3380 981 1
1788 184 1
2667 2503 2
2960 2983 1
1126 2689 2
3121 1740 2
2139 3929 1
3883 786 2
2121 602 1
1049 2049 1
3360 76 2
3719 2350 2
3445 2045 2
1339 2797 2
380 1447 1
3161 1586 1
1426 2844 1
578 3673 1
2425 1290 1
2959 3567 2
1249 2436 2
701 3736 1
2157 198 1
1467 3827 1
2312 2283 1
2890 1880 1
2658 285 1
998 2516 1
3354 2935 1
140 2492 2
3569 1468 1
2546 1928 1
2198 2851 1
1246 3889 1
1535 786 1
3395 199 2
3495 676 2
3128 2540 2
3231 3867 1
1526 2010 1
1099 2536 1
3777 3429 2
2670 2345 2
2750 2217 2
1040 264 1
326 197 2
3660 1908 1
526 3494 1
2063 2102 1
3059 1776 2
1659 3467 2
1170 3201 1
2229 70 2
1447 3141 1
2719 433 1
3294 1807 1
2556 1045 2
2221 3700 2
2285 1167 1
3483 2767 1
3111 153 1
1935 1546 2
3809 3865 2
2321 1233 1
974 1788 2
757 2534 2
1754 2044 1
2993 2362 1
759 312 2
1785 3082 1
2013 2160 2
3967 306 1
3705 2717 2
1849 2689 2
3505 3135 1
1847 2050 1
2960 848 1
511 1268 2
869 208 2
1363 3430 1
3301 2668 2
1772 3181 2
2845 3388 2
1878 531 2
2001 1205 2
955 2273 1
1254 1123 1
1944 2026 1
3536 1868 2
638 333 1
1858 396 2
1729 3160 2
2582 2656 1
1817 2882 1
225 2395 2
544 2200 1
3286 2654 2
1359 3970 2
2086 1148 1
2120 356 1
3581 200 1
334 1268 1
3094 3811 2
3999 3274 1
1139 2966 2
984 956 1
243 627 1
2194 3858 2
1323 2400 1
904 1029 1
1927 425 2
1572 2173 2
2203 2284 1
2501 1085 1
1389 1577 2
3632 2202 2
2351 282 1
2850 3341 2
205 1967 2
3933 1940 1
1221 2977 2
2770 214 2
1544 3361 1
2444 928 1
536 2962 2
349 772 2
1172 3434 1
1962 1748 1
138 3686 2
2942 583 1
3089 1940 1
2534 301 1
1095 3101 2
1273 1103 2
1467 1672 2
1774 916 1
571 305 2
3294 715 1
1508 1385 1
2309 3590 1
2251 3269 2
285 229 2
2609 128 2
3268 791 1
615 785 2
3751 1042 1
3477 910 2
2670 2871 1
1053 1294 1
365 713 1
2984 3877 2
1736 1399 2
779 597 2
3232 659 2
502 2773 1
2519 3784 2
3543 2759 1
3448 154 2
288 2438 1
3669 216 2
2544 3117 1
2938 1320 1
1096 3893 2
922 3988 2
2166 3967 2
2766 2424 1
2991 1102 1
50 1130 2
1185 1192 2
3636 3186 1
898 2008 1
2105 3157 2
3922 3064 2
1831 957 1
2061 1720 2
1681 1939 2
1931 3369 1
3655 168 2
127 3396 1
3458 3481 2
1654 1114 1
443 3357 2
3039 938 1
3962 2312 2
1697 1307 1
2799 2798 1
1843 3776 1
3709 2689 2
418 3843 1
1912 1033 2
2793 1285 2
2365 1025 2
2637 846 1
1499 769 1
3335 3301 2
3756 480 2
300 1534 1
154 3101 1
1103 205 1
3260 2702 2
3349 564 2
2578 2089 1
743 2179 2
2983 819 1
23 1956 2
3912 2161 2
632 2641 2
3526 3831 2
2659 2297 2
177 1411 1
2952 2550 1
1180 514 2
1419 3283 2
1160 2637 1
3719 184 2
3153 1742 2
967 582 2
447 2409 2
1130 2920 2
155 760 2
835 1179 2
3545 3439 1
3965 2784 2
3767 1074 1
881 3792 1
3460 317 1
2979 42 2
691 1263 2
1109 2330 2
1221 3498 2
2598 3385 1
3580 1582 1
325 624 1
2788 854 1
23 2168 2
360 1289 1
3658 1171 2
929 379 2
1387 2057 1
2100 3524 1
2751 591 2
2402 3682 1
3063 223 1
3677 2916 1
2217 951 1
131 1938 1
3839 303 1
3041 3223 1
1428 1317 1
3096 1898 2
1815 3543 1
722 3206 2
3319 2644 2
762 584 2
1523 2280 1
2221 1287 2
564 2815 2
1479 1315 2
1726 2370 1
347 876 2
3981 972 2
70 1239 2
2591 1947 2
1654 115 2
2476 2444 1
2063 3035 1
2615 368 2
2051 3057 1
3443 515 2
3778 272 2
239 2990 2
1624 733 1
1268 3706 1
3105 473 1
2876 420 2
3334 3901 1
1851 65 2
1379 2826 1
3034 1963 2
40 766 1
1948 527 1
117 3615 2
3036 622 2
43 3534 1
3082 3648 1
1146 2660 1
1003 909 1
1811 3021 2
3381 3732 1
1232 534 2
735 3270 1
1314 3879 1
2491 3302 2
3186 644 1
3459 3319 1
3636 491 2
2107 975 2
82 3648 2
522 2833 1
1050 34 2
359 3520 2
2424 473 2
1721 2366 2
1532 1561 2
1722 298 1
1356 3743 1
3081 1995 2
3551 1775 1
3693 3448 2
2483 59 2
3765 1380 2
850 3338 2
1932 3443 1
3237 3385 1
426 3430 1
71 3300 1
2508 1368 1
724 379 1
3208 2515 2
555 2947 2
3667 417 2
3155 672 2
194 1783 2
898 824 1
2741 3248 2
433 1475 1
18 1522 2
3864 391 1
2591 1383 1
3875 3127 2
3731 786 2
2367 541 1
21 579 2
1929 656 2
295 2299 2
217 2231 2
1474 164 1
2018 3335 1
2475 1892 1
144 2840 1
2984 2999 2
322 1352 1
2033 420 2
3228 2450 1
1227 3197 1
534 213 2
1385 2258 2
2556 508 1
2447 1915 2
713 2980 2
3070 1561 2
222 438 2
1812 576 2
1679 1542 1
1025 3166 2
2333 2423 2
923 2345 2
3144 3278 2
156 69 1
1444 1052 1
3099 1726 2
3811 295 2
1920 643 1
1846 1326 2
627 2967 2
1930 3293 1
612 1391 2
131 2225 2
1254 2336 2
440 621 2
1841 3323 2
1578 3574 1
158 3687 2
2536 1303 1
440 1188 1
3847 622 1
2738 3761 1
194 960 1
504 1858 1
631 454 2
3108 3953 2
3256 974 2
3927 3131 1
2725 3160 2
2834 2538 2
718 3377 2
2368 2534 2
3598 1981 2
3219 2128 1
1622 3339 2
3390 1768 2
121 876 2
2062 1297 1
1127 2835 1
2955 3843 1
402 3898 1
2771 2067 1
2739 3143 1
713 3149 2
1086 2251 2
2299 1924 1
1393 3697 1
494 2025 2
883 323 2
3346 2568 1
2065 247 2
3075 1503 2
550 1329 1
503 215 1
2452 2576 1
3090 2521 2
2964 87 1
1799 2001 2
3818 148 2
3765 948 1
1154 902 2
480 3762 2
3027 1673 2
1722 3882 1
1112 3486 1
1664 2156 1
1889 2050 2
2748 1110 1
912 3718 2
2499 214 1
2458 3270 2
14 118 1
3882 3487 1
3337 494 1
475 3610 2
2916 2330 1
1983 2859 2
153 3000 1
1770 841 2
530 1678 1
3805 448 1
868 2760 1
2818 2219 2
1479 2925 1
57 867 2
2678 1300 2
2850 3347 2
1696 1381 2
539 3557 2
3847 322 2
330 3073 2
3364 1634 2
2249 2356 2
1730 3549 1
818 3368 2
3723 2279 1
2663 2356 1
2151 793 2
3304 2620 2
598 1460 1
1800 943 2
1613 2251 2
2251 3573 2
420 3739 2
1432 2004 1
1655 1560 1
2071 778 2
1994 2623 2
2602 3301 2
1865 2904 1
2224 3687 1
1131 2842 2
3632 1917 1
3252 1785 2
327 2797 1
3611 996 1
698 165 2
1039 3137 2
3639 555 2
2634 3595 1
961 1235 1
2395 3709 2
1937 3833 2
3738 3575 2
2989 1801 1
1177 2396 2
2533 752 1
3697 35 2
3607 374 1
802 465 1
2747 2122 2
198 1156 2
1574 1803 2
1572 1329 2
810 3859 2
2533 760 1
3782 1984 1
3060 826 2
1170 674 2
3324 1875 2
3377 1195 1
2529 855 2
3976 157 1
489 2565 1
3798 1002 2
425 2870 1
1563 1788 1
3934 499 1
889 743 2
193 3664 2
2776 2147 2
1887 396 2
727 3741 2
3892 668 2
2546 1387 1
892 1896 2
1655 2661 1
1097 848 2
3239 3289 2
3215 826 1
3670 3982 1
208 1495 2
2130 3922 1
968 3096 1
2468 251 1
882 1975 1
3806 395 2
1862 1158 1
3460 912 1
3974 279 2
1442 622 1
304 1042 1
2157 222 2
2801 370 1
871 824 2
3078 2797 1
68 753 2
2191 1797 2
2869 97 2
1854 1546 1
1348 3468 2
1216 3430 2
1787 3091 2
3540 1156 2
2025 2157 1
1663 1133 1
501 2868 2
1960 2174 2
2343 2050 1
2363 3925 2
2718 3993 2
291 3548 1
2619 759 2
2040 1855 1
2295 989 1
2349 1338 2
1017 761 2
2162 165 2
3550 2667 2
3525 429 2
3702 740 2
588 3165 2
1919 1537 1
2136 1990 2
1811 1082 2
1170 1938 2
3325 2668 1
442 1940 2
994 965 1
3508 3391 1
45 3036 1
2436 1670 2
128 3125 1
3827 1383 1
1807 150 1
719 3493 1
2114 3474 1
2512 3504 2
1385 1545 2
877 1407 2
1582 2648 2
1757 196 1
602 2498 1
838 3806 1
3825 1062 1
267 38 1
3984 3280 2
1441 1295 2
402 1230 1
683 1618 2
3980 2637 2
2712 3350 1
3923 2995 2
173 1458 2
964 2511 1
2397 3200 2
85 3467 1
2507 745 2
3170 416 1
282 484 1
2122 2775 2
1671 2303 1
183 2308 2
1982 556 1
1057 1670 2
342 847 1
3506 1983 2
2065 3359 1
3542 235 2
2034 2070 1
3917 2144 2
2785 455 1
3001 504 2
2714 1100 2
1158 316 1
1183 168 1
865 945 1
2512 1790 1
3374 2625 1
1560 1148 1
1934 514 2
2791 668 2
2415 3781 2
2154 1565 2
703 317 2
541 1604 2
3579 2380 2
2310 495 2
1603 2975 2
3284 1859 2
1506 604 2
1954 775 2
2157 2965 2
2878 1251 2
1934 3224 1
181 3791 1
2649 3740 1
416 1857 2
2017 2566 1
1573 773 2
32 403 1
1402 790 1
3416 3373 1
868 3584 1
1172 1981 1
1064 931 1
313 2078 2
1925 1695 1
1047 1751 2
1719 824 2
1397 2043 1
2095 1882 2
2231 3542 2
665 3174 1
2767 1758 2
2855 489 2
2580 2799 1
3301 3269 2
2921 1815 2
643 1772 1
3138 402 1
3897 1882 2
1813 1886 1
2767 1419 1
260 2450 1
1700 3967 1
2557 1426 2
2104 3983 1
2147 1021 2
718 2807 2
2105 2423 2
2133 266 2
3733 208 1
1154 1237 2
2178 350 2
1358 1521 1
3338 3643 1
3999 1854 1
3896 3142 2
2863 2282 2
1412 808 2
3821 2115 2
1074 1472 1
235 3489 1
2741 1279 1
198 35 2
3056 3767 1
805 949 2
2034 3142 2
189 1407 1
3847 3821 1
307 2251 2
3943 1451 2
1658 1219 2
3166 3848 2
682 3242 2
2026 1090 2
968 2847 2
2900 698 2
3126 3614 1
2957 189 1
1632 739 1
3913 1650 2
3998 3280 2
1983 1266 1
2829 2108 1
3046 1715 2
3975 2378 1
523 1939 2
757 1150 2
909 2443 1
3102 1377 1
2361 3386 2
262 3828 2
1643 2950 1
483 2109 2
1296 3229 2
2329 943 2
3687 2622 2
1010 2468 2
2187 2854 1
1636 1982 1
358 2841 1
3202 1916 1
3888 227 2
3017 823 1
433 3450 1
660 1549 1
3375 946 2
3005 3218 2
947 3217 1
999 694 1
2285 1179 1
2269 3177 2
186 3903 1
496 1464 1
380 2800 1
1316 797 2
303 1917 2
3938 3608 1
489 2425 2
3901 2925 1
3128 3016 2
118 280 1
3112 3058 1
3393 37 1
1483 913 1
322 1439 1
3718 3940 1
1621 2863 2
1343 2420 1
656 495 1
959 3566 1
2431 1657 1
2976 2666 2
296 2109 2
3910 3869 2
2516 2172 1
3986 985 1
579 3701 2
1465 1944 2
1433 2716 1
173 1080 1
3831 119 2
3108 2752 2
1227 560 2
122 3774 2
728 97 2
3616 1098 2
1917 169 2
2348 2682 2
1335 1923 2
2273 2063 1
2454 2616 2
3434 3423 1
2508 2143 2
3073 2824 2
1599 1346 2
137 1639 2
2049 426 2
3341 1620 2
1812 2471 2
890 1817 1
3619 856 2
3512 3226 2
897 2487 2
1656 457 2
3884 394 2
1272 986 2
1138 1920 2
1167 26 1
2707 1156 2
1589 2563 1
2461 1232 1
238 3419 2
2028 1688 1
2623 350 1
2505 516 1
24 2763 1
1562 724 2
3289 225 1
3535 3065 2
2239 3667 2
1349 2528 1
891 997 1
1802 3174 2
3332 3789 1
1232 1676 2
649 1042 1
3909 606 2
1446 418 1
3036 644 2
161 3012 1
1452 3267 1
470 659 1
1067 1390 2
1060 2269 2
2943 2467 1
3630 2428 2
2990 2653 2
2892 1644 2
1598 727 1
3728 1921 1
3927 3172 1
2558 2613 2
968 884 1
805 2712 2
1905 1883 2
655 99 1
1617 747 1
920 1226 1
1138 2536 1
263 1630 1
1510 2942 2
92 3302 2
1594 2190 2
867 2668 1
285 639 1
2986 2509 1
2477 2850 1
1344 805 1
3403 792 1
2634 3212 2
2371 3465 2
1200 2817 2
1592 2753 2
1941 1713 1
3976 3173 1
480 546 2
2789 3410 1
2220 542 2
1913 1989 2
3137 2907 1
1755 1495 2
2723 2479 2
1588 1910 2
2114 1722 1
1991 2956 1
1767 3406 1
1930 1436 1
2442 3898 2
3394 2701 2
3385 3647 1
1548 1850 1
3903 2717 1
1938 3937 2
2840 2016 1
862 1350 1
893 1513 1
3864 2991 2
1825 2387 2
3501 2687 2
2791 3535 2
3516 3357 2
156 3324 1
2396 863 2
3495 3295 1
1468 2471 1
2436 3242 2
3241 3063 1
3706 580 1
3512 1157 2
819 1671 2
3768 2487 1
1175 2434 2
3715 2362 2
1632 3647 1
742 3881 1
3769 322 2
3370 3974 1
3842 929 2
734 3802 2
3373 462 1
2937 3339 1
422 1294 1
1601 3500 2
2195 1522 1
3756 258 1
1685 3389 1
987 2221 1
260 1525 1
1370 818 2
3278 132 1
1319 3718 2
2351 2564 2
1627 463 1
3964 634 2
3348 1240 2
1198 3362 2
214 208 2
829 3482 2
802 3450 2
1576 887 2
2576 2295 1
616 2634 1
2595 3595 2
2004 1543 2
1293 2948 2
1786 2673 2
2463 3518 2
2717 2244 1
3688 3698 1
460 835 2
1187 459 1
3130 3562 1
3971 1003 1
665 3622 2
1912 559 2
22 1249 2
1832 373 1
833 2737 2
1915 409 2
30 3927 1
416 1062 2
3487 533 2
840 871 2
3415 1910 1
1636 225 1
136 1812 1
2693 1206 1
1778 2789 2
1235 878 2
2193 2203 1
3460 904 2
2519 3332 2
3665 2760 1
3380 1228 1
111 2817 1
2104 3405 2
3003 2480 1
3410 1799 2
857 2484 2
3844 109 1
501 467 2
870 2878 1
2095 1174 1
2954 2632 1
897 3479 2
3449 2677 1
2684 318 1
2105 215 2
669 950 2
2508 2297 1
3666 1234 2
372 1349 2
757 3612 2
3087 3585 2
816 3843 2
997 3693 2
1960 3120 2
2028 834 2
253 9 1
3334 909 2
2811 670 2
2664 2846 1
1653 2591 1
1244 626 1
209 3800 1
1108 258 2
406 3291 2
1065 85 2
1743 2956 2
3333 731 2
2510 1421 2
3930 3815 2
3947 1629 2
3287 988 2
2091 3956 1
3470 3479 2
2364 2871 1
3085 2758 2
3160 697 2
1340 1806 2
2863 390 1
976 2205 1
2917 1248 1
495 3383 2
1277 1879 1
2444 2240 1
2077 3015 1
993 3056 2
808 3158 2
2576 3904 2
3214 3393 1
2141 328 1
2530 1565 1
1220 946 2
3053 641 2
1631 2611 1
3171 856 2
2218 1641 2
2069 159 2
2110 3023 1
326 2783 2
883 1059 1
1040 3405 1
2275 1742 2
2914 1836 1
3767 3390 1
209 2220 1
3421 1627 2
2097 2002 1
3181 1051 2
3480 2087 1
2461 2978 2
3423 1819 2
510 3820 2
1951 533 1
3358 1938 2
1863 3172 1
441 1650 1
3249 1734 2
3184 2484 2
1266 2666 2
1166 1036 1
2713 171 2
1902 1023 2
1945 773 2
1216 3798 2
2190 1842 2
2523 3020 1
2354 646 2
1880 2983 2
3470 2543 2
1158 2032 2
2019 3880 2
638 1150 1
2247 830 2
810 1137 2
1525 776 2
1850 1552 1
3241 29 1
3151 3497 1
1484 1662 1
2464 360 1
1025 1078 1
3975 2799 2
1557 1322 1
1743 3241 1
3552 38 2
1576 2622 2
828 56 2
3646 1455 2
3525 3757 2
2436 24 1
620 3429 1
2727 977 1
1382 777 1
3810 1779 2
3720 3050 1
1951 1887 1
3394 300 2
2456 437 1
1734 2497 2
1243 2365 1
1138 1175 2
1326 1969 2
2168 2515 2
3351 2705 2
3284 2461 1
3515 2686 1
3185 3437 2
1302 547 1
852 3818 2
3700 473 1
3277 1939 2
2358 418 1
3423 948 1
2571 3230 2
416 827 2
3784 3603 1
2269 241 1
2546 2615 1
653 3827 2
958 3878 1
2756 1293 2
1275 2632 1
3401 236 1
1104 1824 1
1943 3917 1
2573 2237 1
3070 3224 1
3724 30 1
776 2712 2
2581 1007 2
1215 891 2
480 3326 2
2398 2845 1
2174 199 1
2783 229 1
301 2073 2
616 1746 2
671 2526 2
942 2330 2
1192 1243 2
783 2128 1
1092 1619 2
996 1361 2
1680 1632 2
544 2818 2
441 2668 1
2641 3306 1
3548 1038 1
2058 2043 1
2463 1181 2
2398 2222 2
2376 2594 1
3791 3446 2
2507 2239 2
1110 571 2
397 3048 1
3805 3259 1
2984 3845 2
2438 625 1
2743 1170 2
1803 633 1
190 3254 1
1859 535 2
2804 1319 2
929 1465 1
63 852 1
529 234 1
2229 2137 1
1098 125 1
1997 1886 1
427 572 2
929 754 2
3983 276 2
1091 2911 1
60 194 2
1760 3155 1
1415 1072 2
2633 3807 1
305 510 2
3018 1105 2
2021 3786 1
980 1320 2
1534 1273 2
731 2307 2
1518 2659 2
3106 2958 1
3117 1385 1
2141 1025 2
140 3018 2
3035 1415 1
2433 385 2
3492 651 1
3898 3046 1
2667 1434 1
2386 2727 1
670 340 1
591 3239 1
360 2555 2
715 1246 1
1868 2729 2
902 455 1
1904 3961 1
261 1606 2
1353 2795 1
292 1981 2
3258 311 2
3419 3277 2
646 3446 1
3616 1358 1
420 3979 1
989 2971 1
1702 2611 2
417 3547 1
131 3859 1
209 786 1
2754 2784 1
3211 3387 1
3076 9 1
31 3480 1
1642 613 2
3636 1084 1
963 3540 2
3364 3571 1
3701 1803 1
2147 1805 1
1590 3187 2
1464 203 1
1399 645 1
2794 1413 1
487 277 1
1740 1752 2
3245 1366 2
2001 3592 1
2740 795 1
3699 394 1
3248 3998 1
674 392 1
1549 3977 2
2809 140 1
1248 3264 2
2864 3812 1
1432 1481 2
395 850 1
2452 3584 2
783 876 1
1875 1257 2
3973 3168 2
682 533 1
2258 1617 2
2345 347 1
1844 2664 2
3742 1309 1
1426 2913 2
2913 2951 1
3971 3259 1
3693 1555 1
1025 124 1
1124 3912 2
3743 294 1
2230 2765 1
2036 490 1
3910 3033 1
3282 74 2
2068 3891 2
3520 3968 1
1374 739 2
1072 670 1
1595 1011 2
427 3364 2
2961 1688 2
306 2211 2
2144 2827 2
673 233 2
251 839 2
3790 3902 2
3187 1870 1
724 1168 1
2967 1551 1
403 234 2
3376 255 1
392 897 1
2204 2951 2
3597 1648 2
1997 1863 2
523 1020 1
2962 2587 2
989 3794 2
2984 928 1
2304 3793 2
3880 3953 2
1377 70 1
137 3736 2
2823 3893 1
2935 3223 1
283 2454 1
2629 1035 1
3923 1356 1
1859 762 2
3200 587 2
3536 2438 1
2590 1609 2
1883 1579 1
1905 1176 1
1604 3583 2
558 2153 2
1624 2004 1
2749 292 2
3341 3626 2
1376 3076 2
109 3227 1
3548 3905 2
1190 2549 1
2995 588 1
2388 31 2
362 1225 2
2091 2381 1
1538 2840 2
650 2778 2
20 1446 1
893 2739 2
3344 3378 2
3212 2876 1
1452 1832 1
1284 359 1
3809 2194 2
1824 893 2
93 466 2
2787 1972 1
2646 3350 1
893 177 1
1836 3348 2
3168 3770 1
173 1474 1
1990 1946 2
3152 419 1
3333 181 1
1768 495 2
2430 2609 1
3880 1583 1
636 223 1
1292 2577 2
110 1683 1
1002 1587 2
1744 1941 1
1437 1758 1
811 3585 1
2280 3277 2
2362 945 2
889 8 2
81 2692 2
560 2112 2
813 3227 2
3983 2433 2
1122 3210 2
195 141 2
1968 2692 1
415 1451 2
2023 2307 1
2118 504 1
2783 1930 1
1735 3043 2
98 2664 2
3488 2114 1
2660 1577 1
2167 2054 2
2665 2971 1
3559 2785 2
3357 2489 2
2982 2193 1
1685 2985 2
71 1951 1
1714 3080 2
1057 94 1
488 1857 2
465 2133 2
3128 1942 2
233 3813 1
410 470 2
3163 2280 2
3584 2870 1
992 563 2
3526 148 2
1189 398 1
819 3184 1
1720 1617 2
1766 3401 2
3831 2913 1
577 396 2
13 3042 1
2886 3632 2
572 2615 1
2009 1814 2
757 3266 2
152 3985 2
26 1329 1
2691 2438 1
2475 3658 2
2012 162 1
98 3396 1
807 3489 2
803 136 1
1697 2397 1
3268 47 2
59 3845 2
2850 3425 2
1152 589 1
553 73 1
2501 3304 1
2897 2907 2
494 2189 2
238 446 2
2585 3374 2
150 1762 1
2723 24 2
2037 1454 2
456 1036 1
605 1773 2
2418 1685 2
3867 3081 2
1434 2604 2
2711 322 1
1372 21 1
800 1649 1
1130 1064 1
764 1813 1
2721 1608 2
881 241 1
2502 2462 1
3006 49 2
1309 1124 1
790 3586 2
1369 2776 2
1087 3891 2
1179 2254 1
1640 3852 2
1744 2579 1
815 425 1
479 2431 2
1731 523 1
1149 974 2
2367 1359 2
3042 1253 2
3731 2747 2
3410 141 1
3833 565 1
1351 3904 2
1126 3844 2
781 1721 2
3742 514 1
2428 343 2
3865 1639 1
3376 1215 1
2510 65 1
3875 961 2
1937 2228 2
2975 2392 1
2259 1913 1
3192 996 1
3482 2490 2
2818 993 1
3495 2499 1
1297 3145 2
3953 2472 2
1463 2309 2
2758 1815 1
3737 664 2
2761 3746 2
1194 3056 1
3578 2842 1
3446 12 2
1412 2067 1
663 631 2
524 2323 2
1026 896 2
2206 590 2
2258 169 1
885 3184 1
2022 1198 1
1812 2479 1
3915 2051 1
271 3385 1
186 3966 2
1611 1444 1
1356 3570 1
1280 712 2
3033 3968 1
2556 2823 2
3568 210 1
770 762 2
3734 2028 1
431 2366 1
1756 3889 1
3872 1270 1
2661 3422 2
779 911 2
654 363 2
1604 1641 2
286 774 1
1058 714 2
2243 2153 1
2382 684 1
925 2990 2
1512 1236 1
108 504 1
2924 2543 1
1838 1230 2
1504 1172 1
549 873 1
2459 3637 2
1831 3630 1
3719 2655 2
2958 40 2
3099 3624 1
1231 3232 1
3560 978 2
2182 189 1
2347 3365 1
56 101 1
687 3632 2
2776 2353 2
3186 3122 2
3818 3815 2
421 2601 1
3292 1898 1
1241 618 1
2435 2220 2
3932 685 1
1186 3774 2
1141 2229 1
2098 2068 2
819 3492 2
3871 678 2
1516 3308 1
2921 660 2
1461 1245 2
631 77 2
1880 2959 2
545 1050 1
3382 2455 1
749 2875 1
1491 3640 2
3489 3189 2
1134 3507 2
3292 974 2
3561 3086 2
630 1020 2
3875 3749 2
1 1178 1
3367 2282 2
3468 3769 2
3210 249 2
996 1829 2
3992 2873 1
1006 3774 2
1669 1103 2
3991 132 2
2085 2028 2
3967 2577 1
75 3493 2
3917 1494 2
2399 1878 2
3365 3426 1
2541 1182 2
865 3518 1
1797 2986 2
1034 478 1
1337 2024 1
3808 1054 1
1637 3868 1
1440 73 2
2249 2385 1
3611 1586 2
136 767 2
2401 3382 2
1715 322 1
1417 560 2
972 2471 2
3462 3729 2
3363 2797 2
547 562 2
3556 3378 2
2922 890 1
3993 941 1
3586 2599 1
3855 2525 1
1503 2943 2
2069 3736 1
1088 8 1
1904 1960 2
2566 1598 1
2430 2732 2
405 3774 2
126 3877 1
693 135 1
3854 83 2
3623 2996 2
544 910 1
88 2894 1
1643 3917 2
3619 3326 1
3122 3386 1
1348 3354 2
1129 1749 2
2893 3895 1
1974 76 1
3850 377 2
3961 1925 1
2863 3217 1
3436 3881 1
3732 2573 2
1398 1265 1
3739 3642 1
3518 3138 2
2951 2963 1
3503 330 2
1340 60 1
116 2016 1
3327 3183 1
2912 2208 1
1137 586 1
440 2783 2
2274 220 2
2812 1868 1
2032 399 1
1292 3246 1
1355 1433 1
1398 3425 1
2408 511 2
3244 344 1
3730 1599 2
1884 3305 1
1602 3684 1
1907 2113 1
1143 1841 2
2730 856 2
296 1884 1
199 1042 1
570 946 2
3648 1196 1
3000 3517 1
2570 821 1
2772 3706 2
1339 3294 2
928 2033 1
351 691 2
1178 3658 2
3538 210 1
1745 3545 2
1254 2560 2
1090 2746 1
3239 1848 1
3622 3812 1
2285 363 1
1509 980 2
1221 1740 1
1643 2907 1
3322 3480 1
626 1708 1
2585 1101 2
3362 922 2
3612 3365 2
958 1967 1
119 1160 2
1876 1178 1
3137 3527 1
68 2145 1
2146 2914 2
3258 2067 2
3043 658 2
3368 845 2
3560 3476 2
2614 246 2
242 149 1
2003 944 1
2181 559 1
831 3089 2
1305 3783 1
1911 2525 1
1387 1776 1
1412 415 2
40 798 1
3965 1894 2
297 1425 1
1090 3905 1
1945 2887 2
2824 1693 2
3119 2126 2
1622 3277 2
2947 2865 1
1167 3469 1
3528 3894 2
3618 929 1
1420 3656 2
3377 2617 1
899 3228 2
3813 3888 2
1687 788 2
3603 2890 2
2884 70 2
2443 1836 1
392 1390 2
2357 480 1
2037 1652 2
3203 3214 1
2678 349 1
3184 1292 1
3197 2148 2
2594 904 1
3678 2017 1
1848 1821 1
767 2186 1
1964 3786 1
1958 2578 1
2369 2926 2
1435 503 2
1818 2000 1
2809 2853 1
444 3976 1
1155 3947 1
1331 344 2
1679 1695 1
3219 514 2
3513 3628 1
1296 558 2
3657 3851 2
891 2851 2
1524 2850 2
1458 2917 2
1966 405 2
2769 1611 1
31 2138 2
436 1378 1
1490 867 2
191 2925 2
1377 3171 1
727 2480 2
1565 2378 1
3889 2637 1
778 339 2
1481 2720 2
3746 2482 1
2701 759 2
3993 2828 1
3288 953 1
1686 159 1
2503 2045 1
952 3019 2
3512 3443 2
2740 2315 2
3990 3384 1
967 2171 1
3305 1415 2
111 3867 2
3993 3392 2
3910 2724 1
3370 348 1
3881 2578 2
1093 3014 2
352 2319 1
961 2511 1
1961 189 2
1837 571 1
2785 370 2
42 2049 2
94 2089 1
3401 141 2
3005 1276 2
3837 3482 1
695 2655 2
3455 641 2
2379 1784 2
1626 2010 2
2115 3846 2
57 3227 1
36 1983 2
1602 679 2
26 1688 1
3192 1580 2
566 2899 2
2838 1176 1
2136 1065 2
1715 3103 1
1378 3617 1
1062 311 1
1111 3908 1
1064 1458 2
625 773 1
200 2496 1
689 2920 1
1998 1033 1
649 2109 2
1943 120 2
2693 2822 2
1149 1988 2
1686 3743 1
2158 78 1
3803 1556 2
3681 80 2
50 412 1
1971 2122 1
141 2478 2
797 2301 1
3430 2857 1
959 588 1
1664 3482 1
2752 629 2
827 2194 2
1252 136 2
2838 273 1
3358 2215 1
3652 1204 1
1713 2883 2
2317 3017 2
1097 1270 2
985 1573 2
1831 1577 2
2202 3894 2
1700 1115 1
739 3680 2
2763 193 2
36 2953 2
860 3543 2
577 2143 2
719 3043 2
1714 2151 1
1509 3648 2
3141 2000 2
334 2937 1
3565 330 1
3923 1986 1
3254 2556 2
3104 2861 1
2969 2397 2
1014 941 1
3891 1761 1
3519 1192 2
2499 2867 1
1200 537 2
1367 2254 1
1043 3077 2
1281 1597 2
3215 1827 1
2401 811 2
2653 559 2
1344 277 1
3869 2557 2
268 1007 2
3893 3816 1
3309 3809 2
3252 2020 2
1785 49 1
2413 576 2
1976 594 2
3468 94 2
3969 2443 1
1334 1617 1
1229 3375 2
3327 1898 2
165 1788 2
2667 2193 1
3105 2724 2
180 2855 2
1412 839 1
3328 3139 1
2736 3517 2
3234 1892 2
1139 2036 2
3936 1274 1
3169 2895 2
2427 3256 1
3675 3158 1
2380 3654 1
2203 2279 2
496 3196 1
3594 339 2
1135 2787 1
2896 1472 1
2409 453 1
1180 1670 1
2465 3936 2
1324 1072 1
2872 146 1
3102 478 1
3207 302 1
2137 2913 2
2025 3109 1
3126 2017 2
903 3748 2
241 2662 1
3258 1685 1
2584 476 1
2789 2619 2
3522 2829 1
610 1465 1
1063 3749 2
126 2385 2
3048 1477 1
1108 1057 2
3667 3603 1
470 674 1
3843 3095 1
1663 3312 2
1649 239 1
981 2983 1
1745 634 2
3423 1066 1
102 1601 2
2617 966 2
1678 2150 1
150 1412 2
3221 2362 2
3781 525 1
2452 389 1
2853 3838 1
3863 3234 1
1377 1718 2
1971 2201 2
2473 2235 1
3578 2546 2
1529 3154 1
353 3993 2
138 287 2
1854 807 1
1464 2622 2
3071 601 1
1174 349 2
3778 1802 1
1262 2758 1
2924 2282 1
662 2605 2
2616 2111 2
3265 1874 1
3092 3048 1
2594 2199 2
248 98 1
806 619 1
1307 1073 1
1323 2241 1
1403 819 2
3390 1183 2
1274 3330 1
1263 1053 2
3584 925 2
2648 1543 2
758 252 2
817 3881 2
1107 2261 1
2885 3928 1
3351 3357 2
3269 3230 2
2729 719 1
2177 55 2
559 361 1
1494 2632 1
34 3977 1
3444 1880 2
3199 2358 1
3712 3351 1
614 2065 1
2008 358 2
1243 1507 1
482 2987 2
2574 2591 2
1128 71 1
1527 1634 1
673 1943 2
3457 688 1
526 3739 2
3374 707 1
1149 867 1
3882 3952 2
1284 768 1
3951 2489 2
3550 2168 1
1730 171 2
2319 3503 2
659 296 2
1929 3201 2
2474 153 1
2806 1387 1
2966 2091 2
653 2746 2
3266 1503 1
3755 1293 2
3516 912 1
359 3895 2
2325 3469 1
2572 3431 1
595 653 2
891 1919 1
1840 164 2
1827 329 2
3436 2425 2
3641 1557 2
848 2852 2
2403 3629 2
3394 2192 1
2883 318 2
1553 3200 1
3584 183 2
3606 1207 1
2514 2143 1
491 217 2
2962 689 1
3929 433 2
334 3107 1
2016 3108 1
2554 245 1
3383 797 1
2203 3317 1
42 3990 2
1479 1083 1
3569 1518 2
3505 1881 2
3317 3411 1
2047 636 2
1649 1091 1
891 2716 2
860 2710 1
3678 699 1
3524 445 2
3775 2523 1
3665 3783 1
1153 2021 1
1987 265 1
2293 1290 1
1333 763 2
1812 1755 2
1511 1283 1
355 2704 2
2064 2439 1
2593 1890 2
2872 3095 2
3139 1475 2
3748 3409 1
106 3332 2
2863 3934 1
796 3306 2
1313 909 2
3038 3789 2
1810 2940 1
874 2864 1
123 2040 2
3031 3059 2
1231 3455 2
3746 2412 2
1983 3105 1
1766 759 1
2066 3192 2
1799 3587 2
3473 3107 2
2805 3323 2
1801 32 2
1807 191 2
153 2706 1
3112 982 1
1541 1794 1
380 1367 1
842 3576 2
3278 3296 1
2762 2307 2
1452 552 2
691 2412 2
3345 238 2
554 2224 2
1955 1692 1
309 3036 2
1537 1371 2
492 3742 2
1819 2862 2
2716 3262 1
3525 107 1
973 3681 1
2312 2379 2
3887 3065 1
2177 3667 2
3173 2541 1
2708 2597 1
3604 254 1
2022 1811 1
560 3290 1
594 3931 2
1130 306 1
3974 2169 2
3402 3024 2
341 3758 2
3616 3556 1
1647 948 1
1910 3035 1
817 1057 1
2304 1767 2
3429 529 1
2427 458 2
3885 2876 2
3269 229 1
1261 3770 1
277 1739 2
2815 2173 2
2931 1627 1
1159 2721 2
3347 2037 1
959 3057 1
330 605 1
255 3639 2
734 2802 2
96 3406 1
2537 1962 1
1684 780 2
459 1042 2
2655 732 1
3931 3190 1
1062 1600 2
1629 1063 2
3966 960 2
3900 2191 2
1695 450 2
171 74 2
3722 564 2
563 591 1
1918 3659 1
2117 2750 2
3295 1648 1
2825 2094 2
3644 3513 2
2151 1262 2
993 1669 2
887 21 1
1638 1195 2
2441 2406 1
3595 1941 2
407 652 1
2433 3439 1
3071 1891 2
3508 2848 2
1659 3692 1
2239 2912 2
1115 71 2
2643 1798 2
3616 3403 1
2582 819 1
1232 2089 1
726 909 1
2400 1572 2
694 1304 1
3376 2762 2
3162 2356 1
2617 3216 1
2794 418 1
1592 2310 1
1874 2856 2
1106 3670 1
1258 2980 1
2481 2567 2
1142 2889 2
1662 1301 2
1506 1890 2
1656 3532 1
2529 2392 2
1133 1973 2
2756 383 1
1508 3672 2
639 3684 2
2871 1408 1
2038 1434 2
654 3990 1
34 3750 2
1966 648 2
510 3344 1
2489 650 2
88 2928 2
386 2283 2
2790 2457 2
235 2460 2
1140 948 2
461 1962 1
1473 760 2
2340 3082 1
2143 3319 2
2011 1274 2
2580 548 1
293 637 2
2400 3651 1
861 3087 1
1402 527 1
1025 1646 2
967 2940 1
2003 3441 2
3989 2394 1
3753 2918 2
1025 2776 2
3246 235 2
2675 1728 2
2874 514 1
3707 3763 2
360 174 2
3344 1151 2
1127 100 2
1905 2500 1
2930 2297 1
777 2581 2
658 1346 1
1937 3200 2
2816 1448 1
3896 1533 2
3076 1102 2
3585 2853 1
3501 2005 2
2900 2104 2
3996 2312 1
2820 3037 2
3602 3613 2
3407 2786 2
4000 1749 2
3704 3951 2
3985 1181 1
125 3540 2
3958 1522 1
1967 1694 1
3210 1773 2
1367 2498 1
1600 738 2
3621 1207 2
534 3075 2
948 2974 1
2187 1782 1
703 544 1
882 3685 1
2507 2234 2
1117 1098 2
2008 2906 1
3060 2104 1
984 131 1
2323 437 2
1889 3490 2
676 2397 2
2422 974 2
889 3221 2
1040 2696 2
2639 1266 2
61 2712 2
3532 169 1
1221 2229 2
598 2039 1
924 83 1
22 435 2
1116 1586 2
3940 3430 2
1018 3388 2
2677 2323 1
2519 2031 1
2082 3317 2
3154 3885 1
3688 3543 1
979 1547 1
3037 1219 1
3941 1747 2
1872 2275 2
2978 1114 1
2725 1924 1
3336 2696 1
1671 1154 2
3741 453 2
3366 2718 1
3980 3866 2
2661 1977 2
163 2692 2
2167 1249 1
369 3060 1
564 3400 1
2502 1513 2
3675 3617 2
3193 2651 2
2489 1531 2
2555 3204 1
2883 3246 2
1200 3836 2
1588 1792 1
1059 2394 1
3047 697 2
2074 2486 2
3 2351 1
3037 3799 1
3747 968 2
650 3619 2
2145 1809 2
1112 97 1
3258 79 2
1503 3398 1
361 1001 2
51 1506 1
2269 1808 1
3207 3137 1
2065 3550 2
1629 938 2
2476 1514 1
3486 1177 1
249 2357 1
1904 3854 2
3429 1746 1
3501 1994 2
1314 2261 1
2409 1734 1
2346 297 1
2834 1533 2
1837 2252 1
2154 619 1
266 3333 2
479 310 2
3899 2953 1
3269 1727 2
1047 3494 1
2246 1848 2
1772 2396 2
3272 3284 2
972 3267 2
2855 267 2
403 1173 2
249 1400 2
3635 1115 2
3969 562 1
1120 2867 1
2080 1203 2
796 2125 2
3114 1029 2
1488 1260 1
3901 21 2
400 312 1
1642 2116 2
3238 3901 2
3601 72 1
743 2957 2
782 1511 2
2726 1812 1
766 957 1
335 1209 1
1648 3682 2
1626 796 1
3134 630 1
3683 3148 1
2360 1838 1
3071 3508 1
3072 3456 2
1655 1489 2
490 1289 2
134 510 1
1854 2327 2
2859 2967 1
888 1351 1
3181 1945 1
62 2088 1
2458 1749 1
3450 1276 2
3754 2546 1
2267 893 2
3910 1069 2
1681 1944 1
2716 3459 1
1274 318 2
1054 3810 2
2401 117 2
831 3649 2
3194 56 1
1679 337 1
1189 2274 2
1283 471 2
3189 3467 2
2104 1794 2
1571 2409 2
2578 2901 1
2468 1620 1
3861 965 1
2044 3789 2
3026 3456 2
355 2701 1
1804 865 2
1225 753 1
596 1348 1
641 3654 2
1226 100 1
1748 2498 1
825 3846 2
582 988 2
70 935 1
2918 810 1
1467 2997 2
773 3469 2
486 434 2
367 1211 1
3907 1013 2
3569 1008 2
1116 2058 1
982 2643 2
503 3594 2
2629 1850 1
1591 1097 1
3470 416 1
150 2579 1
2640 3475 2
2324 1248 1
433 3397 1
3034 3740 2
3834 3648 1
2927 1013 1
321 3613 2
446 691 2
3976 715 1
1307 3497 1
2599 2435 1
3847 3403 1
683 1043 1
3957 1610 1
787 2805 2
117 209 2
1394 360 1
1953 1203 2
3049 3526 2
3318 2634 1
3043 2861 1
2683 1248 2
1751 778 2
2379 1911 1
1420 484 2
509 2866 1
3645 965 2
3766 1567 2
650 2530 1
3437 1004 1
1827 255 1
2313 1205 1
3261 3100 1
1839 3587 1
2708 86 2
15 3023 2
322 249 1
2247 2484 1
2763 2113 2
701 320 2
988 2306 1
1689 550 2
2429 2304 1
3862 190 1
1915 826 2
1465 3026 2
3428 3515 1
829 3481 2
1331 1920 1
690 3910 1
3444 2680 1
2157 494 2
465 796 1
354 1827 2
491 759 1
14 2945 1
226 2242 1
2609 3810 2
1382 1708 1
3773 3636 2
403 329 1
3326 2487 2
2406 1122 2
3154 2454 2
1887 3000 1
3848 2895 1
2270 2459 2
903 2259 1
2466 3795 1
3630 404 1
2439 2430 2
66 3589 2
1943 1866 2
1346 3375 1
937 3770 2
146 2463 1
2563 2445 2
2488 985 1
1065 3968 1
840 356 2
1730 2343 2
3237 1250 2
250 2125 1
1278 821 1
2886 2400 1
3020 1371 1
3565 1587 1
1217 847 2
58 1919 2
2347 493 2
657 742 2
3182 12 2
2185 2818 1
1476 58 1
2463 1866 1
900 1667 2
960 2420 2
1846 13 1
2675 3120 1
3591 3611 1
1642 3800 1
3373 744 2
3866 747 2
1718 3936 1
752 2379 2
128 897 2
2662 3328 2
2885 3192 2
3352 1069 2
89 1290 1
1907 3298 1
3881 45 1
1463 2905 1
580 2479 2
1874 1380 1
2375 1973 1
1995 289 1
1717 68 1
3072 1382 2
3328 1162 2
2004 2543 2
3230 708 2
3806 698 2
1637 2103 1
1845 3116 2
262 506 2
2037 621 1
1225 298 1
158 2066 2
892 1154 2
1151 218 1
2240 3575 2
1244 2454 1
2647 1735 2
3283 2042 2
2981 3258 1
3528 1648 1
156 664 2
1345 653 1
95 1836 1
3794 3681 1
2868 2837 1
3135 377 2
2999 2070 2
1149 1856 2
1847 1564 2
2081 1839 2
2941 2536 2
3808 3699 2
809 1020 1
2821 3753 1
214 2679 1
2979 10 2
2964 206 2
3548 754 1
1598 657 2
2154 2054 1
2478 2875 2
1249 639 2
3039 2831 2
3045 3692 1
2994 3185 2
2905 2188 2
3062 570 1
249 349 1
1857 3034 2
1327 370 2
3375 1046 2
3369 1985 1
2083 926 2
104 2185 1
3215 2072 1
1648 2156 2
3026 3458 2
2149 106 2
2759 1784 2
2488 356 1
1705 887 1
1461 230 2
1059 1283 2
3371 461 1
3295 3383 1
2450 3676 1
225 1902 1
2934 1784 2
2720 2195 2
1352 986 1
3316 3655 2
3171 3067 2
805 2962 2
135 1618 2
365 2395 2
1941 3419 1
3449 291 1
2005 2728 1
970 1811 2
2650 1852 1
316 615 2
2789 2180 2
2396 1690 1
1368 3649 2
114 372 2
1340 721 2
1986 1016 1
1752 1181 1
1821 2691 2
1340 900 1
2311 355 1
786 1513 2
3681 3618 1
3393 453 2
559 714 2
93 1303 1
1159 3091 2
2495 1759 1
1938 1332 1
218 3875 2
68 1745 2
813 3555 1
321 1068 1
64 2213 1
78 2732 1
2623 460 2
852 3485 2
2153 1341 1
3358 3824 2
1877 2868 2
1221 350 2
3811 2983 1
3068 2557 1
3980 811 2
1254 3191 1
228 3736 1
2371 2423 1
2740 1088 2
956 3354 2
1375 2937 1
878 2417 1
168 3779 1
1792 680 1
213 3536 2
387 1340 1
2759 112 1
1734 3428 1
3668 190 2
174 3250 2
820 1285 1
3475 1977 2
1342 668 1
650 1052 2
1857 175 2
258 3977 2
2914 3751 1
1006 2544 1
940 1203 2
3054 376 1
1749 1650 2
2290 3494 2
3464 1264 1
1230 1484 2
1800 1703 1
2693 2612 1
2954 2074 2
3274 3245 2
98 1442 1
3780 3191 2
2490 1372 2
3678 344 2
3978 1491 2
1980 3240 1
1880 2665 1
3127 2823 1
3487 3474 1
3873 1671 2
1485 1672 2
2666 3871 1
105 2400 1
2382 1493 2
3432 1733 1
366 2454 1
212 2546 1
979 132 2
1981 2005 2
2890 3023 1
2648 3088 2
2839 2656 2
3639 1063 2
3932 166 2
2845 3690 2
1011 2844 1
3298 1584 1
3072 1628 1
1988 2340 1
2619 2219 2
618 2808 1
152 3295 1
2359 2803 2
2281 3085 2
775 3965 2
3353 3712 2
935 2546 1
103 1674 2
3785 2585 1
2902 2586 1
1802 3173 1
3075 2886 1
3542 908 2
176 3887 2
3183 2474 1
646 666 1
854 2097 2
1457 3511 1
728 1918 1
3155 3117 1
2381 424 2
2648 3685 1
350 3169 1
3854 2150 2
2522 1027 2
3082 3202 2
2589 1660 2
2922 2676 2
3903 2112 2
2102 1783 1
3817 3571 2
1550 3588 2
3397 1340 1
176 1492 2
2731 861 1
1547 2668 1
2824 2230 2
286 381 2
2729 3399 1
3799 883 2
1597 3599 1
3130 2056 1
1970 441 1
369 1119 2
2117 3748 1
2936 3000 1
3078 835 2
981 589 2
2984 2799 1
1611 2059 2
3639 854 1
1487 1119 1
1087 1368 2
3357 365 1
1131 244 1
2139 3358 1
2441 1121 1
2010 269 1
1745 253 1
3178 3963 1
3211 3536 1
1744 570 2
332 6 2
2474 1485 1
3794 163 1
3814 395 2
1402 2050 1
1245 3646 1
2127 521 1
517 538 2
1021 1005 1
751 3518 2
1532 2746 2
2353 43 1
1099 3657 1
1251 2549 2
1123 3550 2
2889 316 1
586 364 2
2123 2442 2
106 3336 1
127 380 1
2193 1355 1
447 139 2
2939 3456 2
2403 2405 2
2324 2038 1
2078 253 2
139 779 1
3720 3096 1
2092 1154 1
3808 2734 1
510 2962 1
1622 1877 2
1455 3273 2
1978 3823 2
1509 3793 2
1612 2485 1
3698 144 2
1164 949 1
1893 1729 1
3012 2119 1
3735 2543 2
1223 1016 2
3365 3092 2
331 2431 2
133 422 1
2901 912 1
2850 20 2
1213 1988 1
1883 105 1
1034 530 2
678 3362 1
3055 2401 2
2963 3475 2
2222 1372 2
1271 1423 1
1730 476 2
1635 1216 1
1456 1463 2
230 3 1
646 3309 2
2878 1005 2
2260 869 2
3646 572 1
3281 118 1
3562 258 1
1840 1703 2
3576 3880 2
3762 2515 1
1884 2733 2
3157 2427 2
2785 1619 2
3528 1318 2
1773 972 2
1670 74 2
2015 590 1
1946 601 2
1688 1839 2
3841 1643 2
3120 2176 1
2769 389 2
1822 1439 1
2549 3487 2
2505 3565 1
3860 568 2
1254 1064 2
140 1166 2
3397 2768 1
3881 1761 2
1859 2690 1
2069 1921 1
2470 1047 1
3014 501 2
3061 3198 1
6 2793 2
3392 1257 1
1497 2352 2
75 2800 1
3647 3962 1
3740 931 1
1779 1714 2
3535 3192 2
3582 1734 1
593 3585 2
2816 241 2
34 2733 2
11 1050 2
3512 1637 2
1732 3772 1
394 3455 2
2184 3415 1
2544 2358 1
6 87 2
799 443 2
3838 384 2
346 2307 2
881 3282 2
1467 2516 1
1141 2719 2
466 2081 2
1606 1535 1
2656 3871 1
3604 2722 2
1408 1641 1
3407 2359 2
3736 3954 1
833 1545 1
2400 3940 2
1786 1938 2
586 3276 2
1213 3378 2
3851 1283 2
265 3584 2
2157 1511 1
3273 728 1
3501 2122 2
163 998 1
1566 83 2
3344 2074 2
878 3751 2
2558 2114 1
357 2860 1
1500 2789 2
2367 1878 1
1419 2148 1
2550 3361 2
2804 1915 1
1272 2286 1
3923 69 2
553 875 2
1290 427 2
190 1258 2
2164 2145 2
3528 1847 2
3732 3079 2
1145 3049 2
2621 2430 1
804 3725 1
1943 272 1
1422 2632 2
1935 3782 2
1301 234 1
405 2162 1
857 1138 1
1479 159 2
1576 66 1
1545 3507 2
1380 1249 2
1563 1272 2
3409 3195 2
2503 876 1
1466 424 1
1293 1545 1
2304 719 1
713 3120 1
2730 1119 1
1593 1577 1
2471 2469 1
699 3432 1
331 3605 2
697 2314 2
2583 564 1
2078 165 1
3694 2176 1
698 3329 2
280 2161 2
651 1671 1
1624 85 2
3380 2748 2
253 3004 2
1226 2195 1
1748 1323 1
1927 3404 1
1343 3143 2
2083 975 1
2821 3693 1
1554 213 2
985 2665 1
2942 3418 2
1441 3603 1
2878 1311 1
3644 644 1
839 3947 2
1188 3029 2
239 759 1
1768 1408 2
2562 2219 1
2590 1715 2
3405 3032 1
1501 3909 1
1955 12 2
3354 2434 2
1074 2203 2
86 1550 2
173 1673 2
212 1540 2
35 1751 2
1904 3172 2
1373 2042 1
2323 3199 1
712 3693 1
3030 469 1
570 2198 2
968 1227 1
1545 3597 2
3284 2609 1
3352 2774 1
1569 698 1
2894 3327 1
1796 1692 2
771 1669 1
1172 2618 1
2069 2596 2
2307 1730 1
3330 2815 1
2001 1824 1
2169 465 1
3470 3658 1
3820 1716 1
1001 943 2
1776 2905 1
75 1943 2
3065 234 2
3911 100 2
3169 2106 1
3359 141 2
894 945 2
845 267 1
2541 2329 2
1714 2616 1
2787 229 2
331 3723 2
2040 87 2
3878 1969 2
3938 3319 1
3688 2479 1
2673 3530 1
3397 3861 1
3151 2251 1
2499 1874 1
3925 466 2
102 612 1
127 3595 2
838 3145 1
1245 843 1
1933 799 2
3971 1159 2
3205 2877 1
135 1807 2
217 2830 2
2320 3882 2
3781 3361 2
166 1355 1
2251 246 1
2765 3923 1
361 1133 2
1043 3753 2
1484 1117 2
179 3646 1
1622 1908 1
1880 2878 2
3184 1944 2
3708 1567 1
1148 2516 2
3506 1508 2
2320 3077 1
2799 3959 1
1286 3167 1
1983 1257 2
47 68 2
3931 1425 2
2763 900 1
148 3109 1
1406 1155 1
1022 3574 1
2609 1058 1
415 3033 1
1383 2492 2
2791 886 2
764 669 2
3853 128 2
1374 1939 2
3257 2741 1
2158 2888 2
1512 3255 1
2868 1011 2
2538 3196 2
1799 2320 1
262 2586 2
519 3105 2
2558 2054 2
1789 1805 1
1238 2914 2
1347 871 2
1269 3153 1
3589 1054 2
981 432 2
161 2044 2
1923 128 1
2966 3094 1
3059 70 2
2427 1114 1
1501 707 1
3435 1848 1
3116 765 2
1714 3709 1
473 90 2
3700 3993 1
1065 3212 1
917 3602 2
3742 39 2
508 1625 2
48 2479 1
981 3644 1
490 167 1
3278 1830 2
1155 1151 2
3464 1696 2
877 2615 2
734 921 2
3843 3470 2
1981 745 1
1806 2336 1
694 1352 1
1413 2043 1
3354 2672 2
3275 3328 2
1144 2456 2
1550 3108 1
3978 2033 2
2992 944 2
119 31 1
2252 2695 2
3412 3153 1
3108 1340 2
1424 477 1
3423 2768 2
1427 1033 2
1859 795 2
1798 816 2
1420 443 2
750 2331 2
1631 2130 1
2279 1653 2
57 973 1
2059 3947 2
1610 2307 1
1244 2661 2
3450 523 2
407 473 2
1846 336 1
2107 558 1
2283 1971 2
2782 1019 2
808 1215 1
1743 1427 2
996 1265 1
1686 627 1
2841 870 2
2881 2965 1
1320 3752 2
1884 1410 1
1539 660 2
1784 3985 1
1772 375 2
2735 1367 1
1457 976 2
1763 2362 1
2750 3861 1
1496 303 2
1008 3510 1
1873 2928 1
3003 123 1
2713 1486 1
386 3351 1
1426 61 1
147 3331 2
158 2414 1
3407 1154 1
13 2148 2
3024 3384 1
1891 1839 1
617 2430 1
3819 680 1
2946 3325 2
3695 2520 1
1084 1679 2
339 106 2
430 3560 2
526 2502 1
3486 296 1
722 3709 1
1085 1936 1
62 1916 1
2092 3933 2
255 2794 2
344 1609 2
3674 3580 2
909 980 2
2026 2683 2
3097 35 2
1458 3723 2
1675 275 1
663 3788 1
3283 2973 2
1389 3487 1
3607 592 1
1417 362 1
1092 439 1
2606 1325 2
1379 886 1
982 357 2
3894 2552 2
20 2952 2
78 1369 2
678 803 2
547 625 2
2101 2377 2
612 985 1
1694 2046 1
2353 1452 2
1774 3226 1
1011 3509 2
2904 3653 2
3185 3106 2
2656 373 2
3704 400 1
1099 1831 2
69 2672 1
1073 3281 2
2462 1563 1
1340 3190 1
3695 1536 1
691 3749 1
2841 410 1
1970 3768 1
1965 2963 1
132 3046 1
1917 688 2
2040 3076 1
1255 3173 1
2148 1000 1
3859 3805 2
539 655 2
1075 3440 2
2791 408 2
1021 3985 1
998 3193 1
2851 115 1
175 1372 2
2786 316 2
46 3942 2
472 387 2
1168 2162 1
3926 3559 1
1139 1015 1
2550 2714 2
732 356 1
52 3746 1
3275 1075 2
2936 3878 2
1456 567 2
2184 3854 1
3078 2870 1
775 2203 2
2785 75 2
2707 3383 1
1437 2524 2
1007 229 2
3097 1134 1
3006 3914 2
2573 2591 2
2622 1357 1
3787 2849 1
3213 1791 1
2614 56 1
626 1464 1
2350 2355 1
1517 1863 2
231 3054 2
1570 1213 1
3431 1853 2
3672 3097 1
1675 3057 2
2991 584 2
3371 504 1
3968 2905 1
3697 1784 2
1046 2108 2
508 1635 2
516 2572 1
3828 3910 2
2131 1560 1
396 198 2
3810 2882 1
571 1561 1
2728 3725 1
985 2580 2
270 2483 1
3776 227 2
807 3054 1
536 110 2
2836 207 2
470 2675 2
153 3838 1
403 233 1
2615 3377 2
383 812 2
3704 3547 2
623 343 2
494 244 2
1044 1480 2
3357 1347 2
2937 3108 1
1948 2027 1
3307 2133 2
1966 2631 1
3885 2120 1
548 2044 2
1649 3541 2
2700 2591 2
3351 1520 2
1804 2936 1
2788 3290 1
988 3017 1
2955 2825 2
2573 1618 2
1923 314 1
2441 3424 2
1054 28 2
1073 49 1
3250 765 1
243 2253 1
3514 3656 1
2902 3471 1
3948 3289 1
925 2723 1
1031 1439 1
517 639 1
2444 1955 2
869 3492 2
2934 1153 1
2014 3506 2
2266 2239 2
2214 1283 1
1435 922 2
946 2620 2
3654 2785 2
2687 3250 1
360 2025 1
3069 3285 1
1730 3284 1
1338 2955 1
2701 315 2
371 3675 2
2638 3038 2
1657 2590 2
1847 1382 2
2359 1462 2
3529 3988 2
451 34 2
682 2939 2
3342 3144 2
1446 3149 2
1554 2783 1
2134 1618 2
283 112 1
839 3986 1
3774 3261 2
1449 2697 2
3732 3571 1
2768 1566 1
2996 797 2
1881 1688 1
3294 2574 2
948 3647 2
3765 475 2
1967 3389 2
1241 2767 2
1917 2124 1
2946 48 1
977 2038 2
3350 91 2
3017 1063 1
1291 2050 1
1248 3629 1
3254 3728 2
2032 1003 1
2831 2640 2
66 1662 2
854 3687 2
401 3175 2
2129 2980 2
3522 3086 2
1248 2351 2
2245 42 1
114 2895 2
1256 3302 1
3502 3838 1
1405 478 1
1957 3133 2
1551 666 2
1571 714 2
3713 3235 2
3083 6 1
1368 2902 2
3922 277 2
3362 2843 2
3235 3021 2
3703 912 2
613 2664 2
418 1024 1
2129 3301 2
1768 176 1
2387 3004 1
1872 1883 1
3209 3923 1
3369 2184 2
2092 2049 2
3989 1658 1
1614 3314 2
2679 1564 1
346 3673 2
2726 2731 2
1458 3270 2
1449 2896 1
1522 2192 1
661 122 1
1312 869 2
1024 3933 1
1501 264 2
3891 3272 2
1802 1063 1
792 338 2
2184 373 2
317 3331 1
3805 3042 2
543 252 1
3982 1660 2
3300 1330 2
2705 290 2
2963 1972 1
1251 1855 1
896 1433 2
1688 2871 2
2820 3352 2
3921 3973 1
2327 1792 1
221 3602 1
2035 1722 1
2181 2919 2
3390 132 2
1519 3725 1
1412 3678 1
3639 3003 2
2259 22 1
2800 1024 2
391 3043 2
2294 1484 2
3568 1215 2
2737 2036 1
227 983 2
129 2835 1
1793 3858 2
1828 3237 1
3969 2156 1
2120 1192 2
1683 2168 2
405 3084 2
3301 3597 2
1741 2353 1
3420 3044 2
194 3636 2
2856 3990 1
3177 2371 2
1816 1444 2
2668 2326 2
3123 3168 1
944 2563 1
3164 469 2
3463 3069 1
145 1101 1
3259 3051 1
1970 2272 1
424 3205 1
2387 2224 1
1776 1928 1
3678 138 2
631 2897 2
2222 3753 1
2976 1202 2
1032 312 1
3096 3585 1
1714 292 2
605 2609 1
989 1198 2
3874 4000 1
2265 3248 1
1190 1126 2
3590 2437 2
103 3655 1
3843 3009 1
471 2551 2
1201 3356 1
3447 1908 2
3053 507 2
3310 993 1
3412 784 1
2557 2700 2
1017 1002 2
149 2431 2
949 1504 2
3615 226 1
2467 455 2
3032 3794 1
2331 1042 2
1303 624 1
2348 2036 1
2767 3670 2
3391 3994 1
3693 1018 2
993 3717 1
844 1855 1
672 772 1
3583 3949 2
3100 2939 1
2815 357 2
358 2763 2
1224 3513 1
3878 1239 1
3443 2319 1
748 3779 2
4 228 2
82 3403 2
1708 1277 1
2052 2413 1
3955 3330 1
3847 881 1
2288 3589 2
2778 1973 1
944 3251 2
1039 1065 2
2654 2071 1
853 2622 1
3610 3827 2
3275 350 2
1464 2945 2
1536 1644 1
3232 656 1
1178 1215 2
2336 3878 1
3684 917 2
150 3711 2
2509 764 1
2469 1152 1
3057 1021 2
1101 460 2
18 2199 1
2656 1193 2
2629 3817 1
1188 3421 1
2933 1484 1
1236 1300 1
3248 546 2
578 3817 2
1553 1715 1
1848 2810 2
79 2182 2
1540 56 1
758 3476 1
3071 2130 1
2204 1504 1
2478 1625 2
2581 808 2
2777 3653 1
3286 3599 2
2571 376 2
884 477 1
3118 2421 2
267 299 2
1499 563 1
1678 1532 1
3510 1001 2
3094 1599 2
2098 3881 2
2583 57 1
696 1244 1
700 758 2
2932 2565 1
3191 3675 2
2351 2814 1
3468 1025 2
2911 253 1
1899 395 2
532 15 1
3144 3755 1
353 395 2
533 1473 1
1858 2162 2
2396 3726 1
1094 3777 2
1263 3973 1
1010 745 1
1362 3586 1
336 2332 2
2006 648 1
2323 718 2
1006 59 2
3555 108 2
428 1973 2
2255 2440 2
3507 3418 1
3773 3061 1
993 912 1
2886 1058 1
3347 847 2
1762 3743 2
59 3121 2
235 3844 2
3208 2556 2
224 2795 1
1923 3275 2
1660 1598 1
1134 707 2
1894 45 1
885 720 1
3014 588 1
634 198 1
1314 1992 2
1060 2918 1
2082 46 2
835 1530 2
2510 2073 1
2262 1817 1
1691 2211 1
2507 3316 1
3801 379 1
1101 894 2
2382 365 2
1824 2983 2
2616 2400 2
1368 1331 2
494 1179 2
1043 1370 2
3046 1319 1
1390 1885 2
1109 1251 1
2780 2249 2
3292 736 1
3258 2449 1
1756 1001 2
2485 2879 1
2495 2126 1
1913 442 1
3260 2428 1
1148 3497 2
3221 1952 2
1958 1486 1
1640 1140 2
640 3483 1
895 3450 1
2896 866 2
2305 998 2
1951 887 2
2517 3953 1
3787 3298 2
1147 211 2
2875 1599 2
3884 1579 1
2772 2142 1
609 2509 1
2535 3929 1
731 3602 1
1654 438 2
2143 3190 2
452 3913 1
3938 3943 1
2347 1249 2
3733 1950 1
1299 884 2
956 2824 1
2765 2509 1
451 2027 2
2617 602 2
2939 3072 1
1829 298 2
747 2336 1
883 2206 2
2787 1169 1
1308 2364 2
306 2778 2
140 3770 2
2946 1817 2
1044 2586 2
727 1348 2
3448 1101 1
3505 995 2
1429 3401 2
2704 3790 2
1194 459 2
1828 2922 2
825 1056 1
3092 1805 2
2717 3346 1
10 2423 1
2466 1905 1
2270 601 1
2607 2967 1
1196 3048 2
2370 2062 2
259 2996 2
1337 2853 2
3470 3031 1
8 110 2
3573 2780 1
410 2804 1
2214 3021 2
2884 3505 1
1089 1133 1
2722 1705 2
1 212 2
3304 1054 1
1678 446 2
574 1958 2
1217 2336 1
1836 2177 1
244 2913 1
3860 784 1
1959 1508 1
1299 2642 1
3508 1387 1
3536 2699 1
2084 281 1
255 803 1
2731 1459 1
3371 6 2
605 1061 2
3215 1935 2
1811 1726 1
1958 2461 1
758 757 2
2976 1337 1
47 953 2
3449 3211 1
1984 1722 2
1750 3775 2
1477 1010 1
3295 3191 1
1215 1314 2
1234 290 1
1724 2157 2
2325 2514 2
1824 1153 2
1878 3448 1
932 752 2
773 1661 2
1500 10 1
1183 2346 2
3120 344 2
2109 2364 2
1833 347 1
2315 466 1
2839 2811 2
356 3955 1
2474 1950 2
2467 2881 2
2800 3048 2
1497 2206 2
2604 1692 1
459 1081 1
1795 3474 1
423 825 1
