100000 5000 87943
72106 80526 2
95172 73061 2
6343 7307 2
63339 82348 1
71119 83015 2
29540 84053 2
76971 64937 1
1564 40024 2
46345 89178 2
6178 31826 1
91995 26924 1
32684 88837 2
83736 51312 2
13393 53110 2
2490 1598 2
33710 77870 2
50367 36145 2
6881 3450 1
329 84776 1
13905 16907 2
46750 38919 1
92099 85079 2
37640 88756 2
86438 25174 2
13941 80602 1
88489 31333 2
83736 11817 2
64223 35271 2
22566 51220 2
97154 6655 1
35483 5009 2
57933 30967 1
42643 57469 1
63297 84796 2
35889 99638 1
48769 26687 2
37083 67519 1
9110 60149 2
18971 54527 2
52011 69560 1
92736 59970 2
88273 54469 1
41787 13718 2
23773 36124 2
81347 86256 1
33253 26019 2
52209 43781 2
76071 54787 2
16516 35729 1
6115 16425 2
46783 38323 1
70523 76039 2
17894 42415 1
86618 38320 2
34149 64619 1
57514 10495 1
69321 86674 1
99740 56369 1
56324 44756 2
67557 85830 2
18957 31076 2
72091 28004 1
95678 84537 2
6172 23444 2
47604 80429 2
85927 63907 2
9139 28929 1
63872 61986 1
4224 32471 1
26673 76007 2
22149 39543 2
55172 49930 1
62288 24682 1
29482 14313 1
94227 53538 2
6231 32644 1
98182 95504 1
12803 32705 2
64545 81805 2
2602 92521 2
36547 22002 1
23501 82537 1
1326 2655 2
69999 12819 1
10887 20728 2
18169 46618 2
1243 31203 2
29687 74425 1
23509 95979 1
27449 63629 1
96905 38880 2
86547 66806 1
68493 3285 2
82749 698 1
31354 66017 1
71635 78275 1
69039 11454 2
4405 39580 1
87310 30509 1
76873 52023 1
862 27472 2
73108 15690 1
83431 65743 1
61925 40941 2
18457 49364 1
30091 62205 1
43909 16495 1
95961 6109 2
50242 13938 2
27369 3408 1
72618 56853 1
11286 15232 1
11386 23731 2
26432 57146 2
30517 83884 1
52332 97360 2
3554 67202 2
27778 26645 1
28970 21340 1
41453 95941 2
51579 40997 2
34910 81882 2
15687 81965 2
94890 24792 1
65189 14823 1
68551 94018 1
72239 51306 2
1043 82370 2
87395 72177 1
25101 85573 1
50627 96315 1
41082 23933 2
67604 78795 2
32577 64669 2
88706 76104 2
96496 67712 1
93435 88542 1
43125 95171 2
77136 76572 2
57477 70791 2
10935 57109 1
46584 4944 1
1547 37503 1
51083 37544 1
77482 26550 1
93981 50556 1
97238 78586 2
5426 67358 2
48661 908 2
70867 17250 2
52850 34869 1
45324 3137 2
98201 95136 1
36589 34424 2
51230 85723 1
40266 9450 1
37303 64538 1
13979 10554 1
8861 49044 1
31804 37746 2
29680 95268 2
47310 80672 2
53488 39753 2
31636 78003 2
63748 52902 1
59511 75554 1
25687 67971 2
70339 76549 1
77206 94698 1
42280 70522 1
27635 12427 1
68441 76225 1
33541 75544 1
92080 46465 1
68230 66058 2
15944 86625 1
25332 80922 2
77666 91855 2
50448 25416 2
18049 41661 2
10178 88408 2
59278 95455 2
17395 62288 1
63316 87502 1
87441 956 2
95909 23720 1
42638 95658 2
18355 3309 2
93442 49102 1
84984 4100 2
52453 90975 1
84943 3444 2
83254 99320 2
62168 60395 1
33942 44888 1
94360 90043 2
88237 36451 1
13302 46264 1
78948 6846 2
33056 38107 1
842 33782 2
91748 74978 2
31184 44826 2
76663 1869 1
22860 16381 1
74449 48963 2
67162 3957 2
21263 73355 2
61430 75519 1
41968 89523 1
31427 15768 1
71257 39661 1
23015 51717 1
65521 71277 1
15213 16908 2
68677 81388 2
449 9497 2
80357 24712 2
8376 2426 2
52261 73314 2
41253 75715 2
24669 27966 1
59301 60491 1
80074 76166 2
89780 5325 1
63531 86504 2
64278 41705 2
3300 18323 2
13487 39520 1
45150 12798 2
67371 16251 1
84773 89090 1
38807 772 1
18889 19323 2
49413 44619 2
99390 78378 1
86989 29442 1
36604 32374 2
41286 59202 1
13023 4390 2
49489 26276 1
85224 64456 2
87727 21353 1
4986 70830 2
53478 60595 2
92222 91276 1
16480 33769 2
64223 65115 2
34987 81079 1
24687 90425 2
54938 5195 2
81664 93447 1
11234 20730 2
58892 64233 1
36990 9497 1
13198 63562 1
62572 34628 2
391 96661 1
32526 63802 1
83674 27709 1
76490 46142 1
40079 13622 2
40682 57304 2
16660 46361 1
765 69778 2
95799 25092 2
68084 45820 2
99597 22136 2
50886 4521 2
92783 35897 1
58380 24592 1
59384 70354 1
25349 53003 2
32296 42894 1
27796 53243 1
58020 71520 2
38205 95522 2
46675 44316 2
26955 60583 2
41218 29468 2
47181 50166 2
6817 50012 2
60949 3549 2
50212 70749 1
73912 66161 1
26372 5158 2
82000 46919 2
80027 54302 2
51997 81915 1
4939 66932 2
10463 87724 1
71128 55383 2
20190 24318 2
72809 73919 1
33923 78870 1
71691 12002 2
8348 10146 1
41998 93695 1
39420 20495 2
26118 95319 2
95704 20561 1
28651 37806 1
24043 88126 1
88345 73583 1
81459 70323 2
39409 63749 1
42897 80782 1
87542 11523 1
49741 2546 2
50385 78365 1
22192 98406 2
95694 11565 1
73065 22934 1
73213 58799 1
57705 85041 2
64402 42405 2
65158 59657 1
42852 60275 1
28252 59126 1
2322 10436 2
91207 88979 1
26297 93187 2
95402 66463 2
19167 68227 1
16907 11134 1
66796 95512 2
76276 22678 2
69484 80412 1
90196 13330 1
85038 91051 1
51452 90498 2
47368 15271 1
59907 29593 1
28016 56308 2
80387 43822 1
16772 47133 1
52857 54428 1
50723 32205 2
4040 24833 1
12882 80759 2
25623 25059 2
82425 14767 1
75278 83526 2
17187 95727 1
82237 85239 1
88705 50931 2
6806 453 2
87592 68509 2
51758 93154 2
82670 49554 1
32544 40038 2
72977 44474 1
10473 73100 1
44016 54564 1
35085 59732 1
44624 71104 1
37681 24511 2
99992 81539 1
40415 87638 1
12053 21606 1
53605 4644 1
42391 75112 2
35766 26391 2
86034 30247 1
68903 88739 2
95774 9611 2
89171 98175 1
87896 30908 2
92600 62405 2
8831 50854 1
71448 23574 1
61143 53116 2
66105 46196 1
57769 81267 2
23205 7719 1
2625 62754 1
60075 39897 2
65647 23080 1
80700 85018 1
4167 21990 2
72239 76252 1
78049 98209 2
17277 45591 1
78009 9474 1
32645 50695 1
19920 39861 1
98793 23401 2
36969 23021 1
8240 39970 2
36845 34334 1
81986 27960 2
94472 72098 1
22671 26646 2
82057 77269 1
7368 21357 1
14598 16121 2
25604 23181 1
98262 18291 1
72637 71120 2
501 40780 1
80049 45872 1
50275 81648 2
1505 65612 1
86373 38546 1
32437 40071 1
81443 39367 1
61909 36233 2
83048 8198 1
36657 81564 1
63462 59503 2
72859 82608 1
16783 89089 2
14344 76887 2
19197 97697 1
67379 93193 2
62058 37178 1
69914 5410 1
14681 54648 2
50623 32223 2
24203 7596 2
59048 50213 1
69611 7531 1
27487 34490 2
88867 25359 2
30738 29930 1
44164 43892 2
7188 90115 1
19874 24924 2
7355 49817 1
62006 92780 1
13280 22915 1
51706 48109 2
58850 5436 2
78608 55435 1
65283 67139 2
58300 53529 1
39465 81083 1
71461 69676 2
52510 93452 1
88152 52316 2
73297 94688 2
59013 60902 1
45779 87207 2
79712 72524 1
81947 80915 1
91425 3763 2
13858 52125 1
29029 13924 1
26824 87582 1
87658 62251 1
85997 55479 1
25271 98779 1
47609 65929 1
35058 92745 1
28884 31326 1
97640 91885 2
80846 5438 1
10248 324 1
10585 25275 2
39592 88176 2
4330 26438 2
96671 46134 1
8859 13719 2
86793 36575 1
27660 46505 2
21927 29975 1
69118 72731 2
73372 75058 2
246 59056 1
30001 74530 1
35264 5456 1
48433 62690 1
54602 14597 2
25902 17710 1
46276 60479 2
16506 64392 2
56839 89680 2
49711 86485 1
54763 34481 2
75976 42974 2
63951 53019 2
72805 41680 2
83988 47535 2
62827 99324 1
52578 29583 1
57826 74359 2
53379 59202 1
32341 40891 1
84675 83220 1
88757 17957 2
54550 8531 1
6295 96949 1
92818 76723 1
26897 78289 2
46096 16843 1
10785 52770 2
73007 42646 1
59046 45429 2
45714 51571 2
5125 59483 1
70813 49222 2
99045 86025 2
3099 45429 2
52563 84025 2
52539 37355 2
83871 67879 2
8494 30136 2
27805 80694 1
36331 78254 2
53926 27529 1
81836 87462 2
96436 17033 1
19822 70970 2
48489 69829 1
54933 19720 2
41353 92174 1
32549 72565 1
14971 21495 1
39370 38311 2
10380 11035 1
28113 25418 1
37451 52694 1
87757 96493 1
4718 65163 1
22003 64162 1
64972 57469 2
83262 24833 1
91938 74774 1
51340 43717 2
37710 66435 2
38238 82573 1
85911 11637 1
20476 4125 1
80483 56897 1
44495 59195 2
77502 65505 2
67430 77458 1
28378 93010 1
9073 12242 2
89929 73556 1
31529 45966 1
95013 57741 1
1638 68636 1
33225 49382 1
74599 85593 2
44758 44268 1
52334 96131 1
28559 13520 1
8257 18429 2
36605 87784 2
50283 6286 2
57707 65356 1
76152 21794 2
69706 86489 2
9340 18087 2
13647 83569 2
71021 85682 1
6737 4985 1
69 95256 1
3979 4122 1
51361 9205 1
76576 48802 1
18852 69512 1
79953 83808 2
96853 93333 2
65513 88426 1
12284 11009 2
70066 4378 1
25673 72570 1
27837 81261 2
26894 27693 1
72703 43459 2
51264 2222 1
37390 64418 2
93401 55411 2
23688 10291 2
98073 16921 2
66668 83555 2
43169 28766 2
82270 36900 1
17750 76677 2
45864 32809 2
15396 28853 2
89844 48493 2
75896 44186 2
94483 97805 2
17605 25251 2
13721 43881 1
43456 12482 1
36958 15431 2
96900 20847 1
71902 5456 2
46767 5958 2
91930 79698 2
42531 66020 1
21973 83644 2
77638 38445 2
62872 13733 1
99234 55209 1
75151 28709 2
47206 3235 2
46570 54297 2
34339 30441 1
7773 67140 2
69167 98511 2
39840 48361 2
22982 77036 2
24367 46418 1
95780 63546 2
3051 37580 2
61164 38202 1
36727 78952 2
33028 52622 2
71835 78620 2
93527 63358 2
96037 80000 2
92657 45972 2
37764 88178 1
29895 70623 1
24011 63282 2
53164 67028 2
91988 24998 1
26173 70184 2
16506 86039 2
32343 23159 1
31037 41651 1
58043 28161 2
3490 37193 2
90800 17671 1
79057 93936 2
77377 62930 1
75541 45696 2
55131 6125 2
45440 80470 1
5969 76294 1
41828 49141 2
47480 96657 1
51034 94496 1
71403 59205 2
43007 59777 1
22952 88284 1
27538 80869 1
75600 38583 2
48760 73662 1
47915 57241 2
34520 4704 2
74146 81863 1
37472 25348 1
83651 73262 1
85918 74983 1
13729 49021 2
68071 94764 2
82834 72390 1
77971 4086 2
45231 74690 1
57471 45967 1
23735 50986 2
63722 81509 1
18508 22782 2
98200 583 1
71476 18402 1
96114 20364 1
4569 42524 2
76068 6060 1
17098 92408 1
30718 16901 2
84888 49252 1
91284 13623 1
43834 9492 1
65566 55176 1
16105 17695 1
69464 42818 1
7780 68864 2
81635 78320 2
6222 97206 1
738 31076 2
15659 80004 2
50750 78004 1
72262 39794 1
60195 66392 1
58286 59242 2
72929 50542 2
43157 54331 2
71179 53143 2
67920 80474 2
46747 78199 1
64186 90268 2
29132 83224 1
77872 6942 1
45567 93352 2
58870 91997 2
74359 46710 1
38896 75038 1
25949 28281 1
64202 52263 2
82908 72617 2
91409 84644 2
6502 69540 2
72664 45827 2
75629 35659 1
90068 89752 2
34443 33090 1
69888 80122 2
16603 35091 1
81050 44260 1
4829 14603 2
20004 46421 1
59030 28572 1
31524 57680 2
55085 90458 2
90212 99037 1
73456 91454 1
13874 68070 2
87821 54630 2
38401 2619 2
69657 48083 1
74119 27023 2
78124 21641 2
39069 46488 1
91523 4562 2
15042 60050 2
989 35996 2
67544 9373 2
10559 61782 1
8454 53723 1
8912 90583 2
33236 96403 2
78525 68983 2
58002 28529 1
54390 62836 2
59601 20451 1
36431 63311 2
14696 12125 1
52096 54956 1
36080 85398 2
62150 91030 1
89001 27401 2
67776 63128 2
63091 83893 1
36274 99589 1
27286 90654 2
44101 23217 1
96474 18889 1
23877 52373 2
20111 40836 2
35266 16015 2
39399 31580 1
40656 18623 2
47255 16740 1
69415 69356 1
85242 49269 2
96419 89341 1
47822 52072 2
21989 9121 2
8884 19262 1
78000 4039 1
65780 90169 1
4589 96934 1
26007 88160 1
28935 2359 2
21451 40191 1
11824 97910 1
867 21412 2
52314 89188 2
24949 38499 2
39839 62152 2
23834 26291 2
35162 57577 1
35249 49615 1
43628 79894 2
19740 91511 2
81464 2046 2
36257 21580 2
79878 72664 1
73674 13751 2
62276 67997 2
35878 10530 2
55296 95497 1
57574 77149 1
7695 7581 2
98720 45051 1
12586 55072 2
1200 51026 2
98380 56761 1
60434 26271 2
67285 70231 1
65897 58016 2
99210 841 1
46907 78168 1
33106 45030 1
8435 79982 1
64090 97895 2
88286 29838 1
8818 23944 2
69230 30982 2
13358 94827 1
10330 21610 1
17191 27508 2
18428 91442 1
92855 13838 2
5553 23063 1
49888 27076 1
78685 89305 1
84518 7081 1
84933 32955 1
99536 7249 2
56722 965 1
66219 58933 1
70869 23426 1
50023 86387 1
35741 26624 1
78168 46188 1
66306 85650 1
47702 99493 2
73470 29169 1
15517 55782 1
68655 4183 2
64462 44190 1
79895 31138 2
73037 8732 1
52220 43511 2
36448 3640 2
232 94205 2
88214 3912 1
77161 83646 2
86014 20715 1
82642 63529 1
21900 16578 1
56025 61939 2
46967 69585 2
94679 16593 2
50174 12771 2
6347 82495 2
6334 89028 2
55767 87068 1
79613 64228 1
86945 98188 2
93187 74970 2
66484 51349 1
61468 1151 2
42813 40258 1
82231 99151 1
23694 48771 1
61962 97132 1
38974 96203 2
36299 22523 1
29894 21649 2
78520 96420 1
5637 35183 2
83024 55158 1
46174 53958 2
50936 5249 2
18645 3032 1
98008 11994 2
34646 41037 1
36155 85594 2
56462 68335 1
46546 5919 2
93455 31725 1
1522 13226 1
34001 27420 2
60113 2720 1
25611 64977 2
13677 60713 2
35998 59432 1
38501 19092 1
74475 48673 2
65278 48241 1
36215 96189 2
94559 49653 1
78734 64997 1
58549 89818 2
12478 39076 1
3600 18236 2
40215 29384 2
58852 81117 2
64178 21413 2
20649 74401 1
16935 81265 2
26012 10195 1
88981 17865 1
2332 86399 2
7710 49195 2
32493 7926 1
74280 45690 2
89720 66477 2
68637 97054 2
94121 14525 2
69995 99425 2
38160 95397 2
3878 56402 1
78785 93348 1
16417 21702 2
60116 73439 2
50873 28114 1
46885 13921 1
90090 18098 1
38997 77526 1
41527 91526 2
49639 83759 2
56678 14607 1
98276 64129 2
78786 8183 1
52056 34501 2
30872 80102 2
25874 14298 2
18970 87757 1
69544 97055 1
16127 66559 1
96433 37529 2
49185 39187 1
18985 33043 2
54941 27300 1
41168 76281 2
95447 6545 1
71179 55548 2
85043 8637 2
8642 72561 1
39389 11824 1
36960 65234 2
13922 90420 1
23991 86427 2
60309 60344 2
99545 72686 2
44587 66417 1
93792 43376 1
33247 39220 1
4326 49577 1
37551 47870 2
36782 26536 1
62172 12108 1
52793 89693 2
29646 93347 2
57490 49885 1
85838 24553 2
88035 21122 2
81579 90858 1
71773 6696 1
43094 81268 2
1044 29553 1
76645 68827 2
34177 13154 2
76819 77782 2
20478 72548 2
79006 55328 2
26061 78884 2
56040 47544 2
62706 84051 2
31448 47905 1
32980 55302 2
5686 1699 2
9344 12279 2
54482 73064 2
66566 28194 2
58237 25023 2
74042 91497 2
88718 41469 1
50420 28913 1
9086 5047 1
24849 3715 1
67564 84874 1
4975 85772 1
93467 8531 1
98549 64413 2
74351 84695 2
37801 70251 2
93812 74460 2
44216 74448 2
35767 64270 1
25361 46248 2
5098 65115 1
5130 29941 2
3972 15831 1
64378 43452 2
41567 59929 1
94877 99750 2
16729 39324 1
67348 52576 1
51475 90431 2
68354 28731 2
55413 83654 1
39920 26412 2
14440 726 2
80297 64781 1
71674 10045 1
43199 46458 1
87006 39400 2
53348 71382 1
16873 15690 2
51986 3555 2
78486 74300 2
46052 92333 2
14467 18071 1
88922 78592 2
38610 6620 1
72345 89069 1
6505 62637 1
12457 87466 2
88146 33873 2
18357 41007 2
33052 50420 1
86190 93017 1
44472 77444 2
22633 6186 1
23868 12213 2
49052 93095 1
63236 94846 1
37317 37177 1
86476 75450 1
47907 11021 2
8951 26760 1
27515 94708 1
83915 70860 2
4212 97027 1
21651 139 1
46843 19860 1
66588 77427 1
92000 19140 1
5240 1105 2
37175 72499 1
10270 11704 2
86521 69735 1
93543 33153 1
68992 33641 2
60211 37093 2
32366 65638 1
95106 72613 1
92039 3727 1
70620 94883 2
92466 76953 1
54474 35590 1
47804 54270 1
75834 18714 1
98868 74875 2
45950 2861 2
54224 69712 2
92910 49396 2
21319 25379 1
94337 81028 2
45558 2045 1
91192 5657 1
16635 60683 2
18772 95314 2
56285 12414 2
7963 9970 2
30178 18860 2
151 14401 1
12182 85260 2
24534 84362 2
31051 14782 1
66699 38363 1
34644 11073 2
93707 27143 1
44680 92539 1
99346 60103 2
90821 88245 2
67228 91829 1
42155 6396 1
50988 32879 2
8925 21089 2
14088 90170 1
3044 2906 2
76346 50589 2
20523 21887 2
39473 97858 2
83556 8781 2
21566 35256 1
31585 98855 2
65784 94867 1
10620 1616 2
54296 62218 2
56015 47634 1
3037 79321 2
53149 6682 1
20170 51709 1
82856 37913 1
91107 10426 2
39896 41413 1
46932 30552 2
60794 4022 1
44138 91618 1
12542 77193 1
7447 91718 2
83833 38913 2
66546 10455 2
94849 30305 1
52501 51118 1
92340 33011 1
7517 29317 1
50897 52900 1
41486 96219 2
56380 39109 2
38573 21747 1
92767 7020 1
30276 25844 2
98052 68177 1
46369 75466 2
60252 43825 1
19479 56452 2
53179 25935 1
80891 35860 2
76057 85934 2
58536 26706 2
22642 39736 2
59772 60665 2
57863 2202 1
49305 72969 1
82587 39045 1
13829 31331 1
70615 36111 2
25322 38864 2
86119 85072 2
63030 98587 1
63291 90790 1
11580 59986 1
83239 13873 1
21394 56425 1
76611 80087 2
5777 28950 1
17675 78945 2
1592 17782 1
88128 75740 2
85129 85479 2
46949 44314 1
83947 73484 1
30819 1102 1
93318 17997 1
53957 98515 2
6794 26836 2
78749 98982 1
69928 84048 2
18397 41927 2
24407 79190 1
13663 91005 1
37169 65179 2
56894 42639 1
46259 99291 1
73050 70571 2
91200 32789 1
31768 45634 2
75039 58061 1
2816 3786 1
63417 88649 1
17661 81403 2
43836 73557 2
89953 77683 1
27866 10111 2
20382 10738 1
90602 53627 1
9901 35838 1
93382 20287 2
459 26145 2
15404 60840 2
6647 39814 1
77694 80116 2
43830 69023 2
23330 83622 2
26159 26338 1
53794 97382 1
33264 75079 1
27180 79262 2
81447 29548 1
85011 66942 1
49705 52337 1
98156 72472 1
69326 78524 1
79602 25572 2
23091 66103 2
93827 48158 1
59831 84781 2
54625 45603 2
60414 25616 2
76562 31192 1
36657 27574 1
34625 8675 2
50012 8919 1
30682 27632 2
40495 35441 2
57617 72845 2
4606 66148 1
16188 68590 2
73345 21975 1
77781 75626 2
93940 50321 1
92121 43836 2
40440 20320 1
58315 89570 2
90672 68982 2
77841 28706 1
3013 72135 2
5622 18720 2
83907 70828 1
20679 87849 1
12506 52451 1
32758 39788 1
59869 82252 1
42618 27772 1
44166 18317 2
10125 39407 1
4464 32432 2
48141 92354 2
46492 52288 2
24027 15762 1
36685 71343 2
46559 43908 1
66540 87731 2
97314 28222 1
61604 10820 1
95314 82284 1
99399 80672 2
11202 53948 2
87175 49064 1
55111 72290 2
29086 34528 1
26844 8437 1
87143 89106 1
40543 18960 2
61666 21612 1
44657 37042 1
48308 68285 2
6362 57630 1
86788 66044 1
13507 57852 1
41696 50369 2
92603 32534 1
61430 57130 2
83251 3548 1
95867 53976 2
49793 21056 1
839 17199 2
54817 26683 2
45559 1146 2
27599 30982 2
55370 35748 1
79950 85218 2
68069 68543 1
34404 56753 1
9711 57473 2
63068 92762 2
93845 41859 2
18338 10569 1
19271 59361 1
82123 54604 2
54745 89212 1
49578 50007 1
3971 44859 1
30812 94241 2
27810 1157 2
13373 72165 1
26293 94696 2
59153 31522 2
86880 21878 2
32732 76763 2
36460 15459 2
38634 81880 2
10533 20168 1
66120 93347 2
43067 45347 2
27145 14380 2
77346 68597 2
14978 1510 2
44722 71458 2
44557 17319 2
14343 57012 1
78506 66220 2
9954 63353 2
70842 58675 2
81062 17601 2
36003 79903 1
40956 64289 1
76047 57207 2
79887 45970 2
71276 67399 2
78225 12594 1
5037 8157 1
91636 88769 2
23431 60909 2
80178 65382 1
41621 49102 1
88454 67432 2
57653 37595 2
12721 75542 1
22953 26835 1
32822 34399 2
79959 4410 2
91165 19290 2
97065 27670 2
35092 83872 1
6222 43250 1
20777 98253 1
30999 8798 1
57937 78179 1
93435 96269 1
91845 81926 2
98163 83477 1
53120 80512 2
88478 52499 1
66882 3615 2
92255 65060 1
1008 403 2
4346 11949 1
8913 6737 2
859 84405 2
19026 31058 1
83630 66150 1
6595 692 2
360 78223 2
89913 60664 2
76637 21988 2
63146 87490 1
41863 89756 2
74003 79773 2
57094 26514 2
49845 74452 1
99194 62854 2
9364 89978 1
16331 34329 2
41911 84515 2
76546 63476 1
70635 20489 2
60941 67457 1
96288 78760 2
15935 16752 1
61450 27617 2
51629 4596 2
90337 35931 1
17682 29956 1
77281 93309 1
75660 39066 1
42123 20310 1
47293 49815 2
28547 58742 2
91850 51261 2
77936 39250 2
11232 14196 2
66942 50019 1
56682 16102 2
42591 76103 1
50396 45314 2
35302 33791 2
79627 22492 1
33451 16464 1
16435 79020 2
15434 32322 1
21680 9195 2
79715 68036 1
90885 21305 1
79739 12294 2
91672 12186 1
88570 23677 1
94899 32851 1
16364 59586 2
81541 92754 2
24512 17683 1
88607 43524 1
58700 66705 2
65496 86397 1
8774 39393 1
92490 24851 2
20940 1291 1
68082 21059 2
54718 79422 2
37171 75851 1
19838 48874 2
244 2446 2
66551 93412 1
9629 47732 2
27827 90118 2
66110 16615 2
46564 2252 1
91241 87766 1
84188 17239 2
23347 40949 1
80532 55726 2
42295 42268 2
92553 95769 2
80435 76388 2
4666 76836 2
69832 85901 1
13772 18562 2
45470 38555 1
84166 36839 1
86014 66004 1
25909 25261 2
46326 93027 2
48233 67184 2
25305 55545 2
4246 41554 1
73180 84518 1
90324 17688 1
67546 82948 1
61216 39498 1
15185 65997 1
72409 63799 1
38691 3936 2
27875 82095 2
85462 87168 2
46759 63559 2
88116 90036 1
6641 77241 2
14156 82121 1
41521 48737 2
49583 49451 1
88283 1729 2
39668 42352 2
53063 35294 2
10932 51757 2
7217 67552 2
33038 26494 1
74170 4982 2
7621 72067 1
69445 48784 1
22173 99037 2
34971 6243 1
11745 70581 2
56904 6761 1
81600 9686 2
92123 9758 1
54539 77806 2
80138 48580 1
6553 14993 1
70412 89504 1
94788 96374 1
62525 39738 1
87818 94712 2
55005 87681 2
21420 92150 1
33137 10501 2
23218 87251 2
93857 33339 1
53092 93526 1
85560 35965 2
56435 88075 1
37416 61799 1
558 20705 1
27587 86011 2
64685 81227 1
56355 36702 1
32170 72031 1
82466 11513 1
2723 90553 2
85475 90392 2
38906 28281 2
60455 4046 2
70965 84513 2
37625 87728 1
35614 58712 2
10787 32725 2
43331 11081 2
26902 10173 2
5047 99941 2
8294 27271 1
29616 45853 2
70732 70552 2
50311 54473 2
73282 82299 1
24123 83651 2
65802 68796 1
26510 48460 1
2312 34476 2
68358 17511 2
56803 38048 1
55341 57849 2
81512 52050 2
55058 78927 2
80551 92766 2
47110 38744 2
37492 2886 1
50624 60839 2
16359 13327 1
85146 16114 2
22909 49858 2
58577 81974 1
44373 72396 2
69928 18512 2
51955 51742 1
98886 14405 2
76000 12941 2
13907 57819 2
34952 83411 1
48671 95518 2
23482 77580 2
29596 94748 2
73996 2267 2
96095 77353 2
53013 30786 1
8067 36092 1
98737 9901 1
93445 48656 2
16289 84488 1
40777 66116 2
18408 7748 2
31379 16700 1
34127 77974 2
73007 53149 1
44769 58584 2
16779 79316 1
5456 16359 1
29623 1296 2
10382 5347 2
38028 41700 2
70453 36274 2
91458 43238 1
84544 85245 1
98296 48947 2
29903 76144 1
33296 34376 2
50407 94527 1
48304 68682 1
44528 59964 2
59362 88160 1
85941 13474 1
9620 93779 2
29415 91373 1
78681 67221 1
12187 38303 1
8807 77687 1
86791 94333 1
72567 59313 1
50761 96976 1
32200 73726 1
26112 36261 1
30525 59581 1
79505 13677 2
89402 465 2
90243 34782 2
2474 60578 2
77315 74288 1
56124 21114 2
58209 12640 2
55393 55113 2
46929 54608 2
74448 92098 1
27660 81061 1
45987 35836 1
39308 68552 1
31575 89201 1
9971 69670 1
24080 69442 2
63397 94992 2
27346 6385 2
22761 70652 2
73481 89317 2
52236 24162 2
52258 92394 2
50621 60447 2
97296 16174 1
25682 57557 2
38728 83621 2
72898 1993 2
42181 38599 2
19594 32420 2
5509 86445 2
85192 33875 2
76297 80631 1
14915 35719 1
19033 61768 2
56097 53878 2
18494 6504 2
58862 38040 2
10695 13409 2
3708 14794 1
58533 707 1
49182 24366 2
14062 1345 1
85515 20777 2
34237 64018 2
4641 33252 2
53392 96176 2
57824 59244 1
4713 40604 2
54731 46131 2
40878 93848 1
96427 92332 2
67114 66155 1
87211 20850 2
29609 71457 1
49981 59074 1
77663 73033 1
75411 42012 2
9090 69301 1
90055 62790 2
59020 477 2
10003 18025 2
1690 54844 2
37338 46098 2
3311 626 2
89214 16690 2
16946 34784 1
62343 79487 2
73963 31951 1
56162 29617 1
51338 67497 1
36703 37414 2
94465 5438 1
35379 93022 2
62437 41249 2
24884 62655 1
3984 73129 2
28992 21586 2
77282 94193 1
40630 87268 2
38812 30487 2
29946 33830 2
56067 54432 1
25750 67726 1
54947 69203 2
68948 26452 2
32201 29082 1
91237 51414 1
59016 90724 2
51037 15828 1
39989 96774 1
2516 78484 2
8555 64885 2
18694 96543 1
13512 39181 1
65204 26178 1
70670 97677 2
90977 34350 2
4227 33145 2
97046 82009 1
54545 85431 1
68479 23675 2
92167 82706 2
47852 36722 2
10614 75003 2
57617 98206 2
51956 44770 2
60870 60133 2
22333 17249 1
53927 74320 2
7917 22610 2
87029 94765 1
36327 7316 2
7475 49099 1
61745 29610 1
31914 289 1
49846 4123 2
81413 56359 1
55138 52083 1
87862 36602 1
19082 29505 2
5391 95933 2
44386 1655 1
76394 93779 1
62500 82990 1
32098 46182 1
28752 49471 2
6615 55811 2
47494 88810 2
55182 48380 2
44109 65075 1
80079 1444 1
94512 49440 1
16101 77238 1
85052 17724 2
77858 14127 1
69828 73848 2
76408 17647 2
12125 75460 2
57248 74973 1
71554 55418 1
3031 10432 1
54673 91636 2
65468 63078 1
38987 96945 1
98484 55296 2
11672 57460 1
51206 80612 2
6273 24389 1
56864 52426 1
12852 26638 1
36400 36624 1
19812 88574 1
55915 76278 1
37159 11658 1
86921 73955 1
13014 18695 2
24583 13790 1
12944 68754 2
23844 99541 2
48471 87656 2
42084 17722 2
17009 68782 1
83216 61664 2
24200 12874 1
37428 6531 1
64395 76423 1
64608 47517 1
12555 32438 2
78888 36402 1
75007 48424 2
68164 20677 1
16544 83252 2
3344 73376 1
99885 17879 2
71053 62033 1
58441 21487 1
85214 86567 2
47000 36192 1
19980 65561 1
52070 57935 2
62147 14655 1
80479 3689 2
6707 51799 1
50648 50525 2
49359 6017 1
39077 40222 1
29489 70596 2
7073 91586 2
61524 77351 2
5609 32133 1
14649 86712 2
2273 48903 1
30691 16201 1
65133 84490 1
90523 57901 2
66393 64277 2
13964 72576 2
86450 15667 2
9064 7261 2
11627 23221 1
15393 31653 2
96601 14892 2
49329 17982 2
97431 20496 1
95859 86962 2
6179 81084 2
56999 53644 2
42623 42031 2
81746 15615 1
69425 43852 2
80571 64798 2
59299 3067 1
6512 54629 2
38627 78950 2
64735 40303 2
50436 40925 2
85117 35773 1
94524 89746 1
96099 2614 2
92420 25726 1
14539 33473 2
21915 19066 1
94007 16524 2
84964 94791 2
1835 65545 1
94147 86054 2
62894 91820 2
39875 5473 1
85933 21390 1
88851 28864 2
34840 36685 2
30500 71285 1
12003 48841 2
5389 27633 1
29190 18825 2
61896 30892 2
55230 37716 2
89618 6977 1
4458 76921 1
72686 11055 2
91534 8487 1
13763 6585 1
5971 94389 2
57657 79687 1
61157 30043 2
36513 37347 1
42516 90519 2
95306 29277 1
89236 9610 1
77740 26472 1
60317 31032 2
16001 56122 2
2379 46252 2
65543 90256 2
22175 30545 2
15295 85639 1
21788 7898 2
43473 58116 1
23563 99259 2
25798 71438 2
75767 44589 2
8716 23342 1
5714 47662 1
9398 17878 2
90478 25791 1
26138 7159 1
26597 87748 2
11825 81769 1
64722 16968 1
83770 76167 1
59094 42518 1
13847 58096 2
94260 70049 2
9742 1320 2
60756 87517 2
70569 74708 1
87300 50307 2
9143 25858 2
36754 62737 1
63689 80095 2
18995 97512 1
47989 26270 1
12512 36076 2
90327 96984 2
76052 7720 2
5195 56294 1
48431 90727 2
51636 92681 2
72214 23164 1
74009 26371 2
47792 86267 2
16226 46779 1
22794 63645 2
17439 79709 2
64244 72320 2
23553 55800 1
99331 86021 1
45087 6590 2
36301 12401 1
42259 59175 2
58063 3212 1
97722 55374 1
522 72933 2
12152 97874 2
70658 85131 1
90290 74135 2
98334 9557 1
11185 28099 2
7499 84988 1
28710 1 2
42169 11772 1
30816 7201 1
6492 54647 2
78103 182 2
17388 11025 2
81893 3191 2
42949 88053 2
6536 26846 2
90920 48142 1
8610 21708 1
90137 70703 2
33305 98243 2
58239 60780 2
72151 41002 2
3334 26975 1
29738 71565 2
10112 33892 1
10565 11291 1
65120 33788 2
33598 18278 2
1630 15598 2
41550 16518 2
59414 74882 2
14356 69846 1
51848 92036 2
66290 10134 2
2617 34535 1
44655 26087 1
76721 64223 2
37395 52370 1
68316 57510 2
21774 64354 1
41737 64600 2
68881 75237 2
71182 78038 2
61811 20911 2
15969 16999 1
53357 26102 1
81824 54419 2
95711 8215 1
63211 7206 2
32681 19696 1
27364 10067 1
12082 89764 2
74518 78894 2
83781 96474 2
47819 87569 2
42767 92926 2
31573 76120 2
94051 16063 1
23366 78373 2
11990 3375 2
20247 31612 2
16674 17670 2
36165 80808 1
6983 65792 2
50991 92693 2
32870 23962 2
53946 91571 1
47492 48057 1
54445 92954 1
53485 30531 2
8245 98208 2
65103 59331 2
68002 56772 1
51386 86121 1
46600 60167 1
59303 61992 1
54207 66414 1
5070 87479 1
1668 90370 1
16014 95633 1
630 79279 1
4201 30453 1
53017 80520 1
63301 23142 1
2742 15873 1
2860 35723 2
86585 75348 2
18701 29712 1
54322 23709 2
25177 8100 2
4053 89246 1
59558 9017 1
70874 81916 2
75824 32648 2
52541 13119 1
75603 70506 2
36991 12502 2
25650 44287 1
7907 8369 2
63763 3179 1
47538 60101 2
26785 49588 2
83896 43308 1
48009 6022 2
16804 68834 1
58589 41231 1
66668 68873 1
39156 26179 2
88359 67750 1
26312 97305 2
11537 70082 1
79670 88395 2
81706 79209 2
65410 98970 1
58743 35566 2
92880 81225 1
76192 56229 1
90828 62781 1
12912 4808 2
65443 84739 2
26617 10387 2
78504 39626 2
9965 88040 1
52176 22628 1
13542 13484 1
43702 7050 1
48094 70696 1
17208 79541 2
51192 75497 1
72599 4838 1
96374 55904 1
36603 77918 1
30720 9762 1
13517 19079 2
53603 15785 2
30204 22281 2
22543 14353 1
16441 10837 2
6745 78108 2
20122 3678 2
8311 77263 1
57082 50011 2
22534 98163 1
63671 99175 2
99336 75924 2
33043 23425 2
99390 48549 2
33781 46668 2
69426 34715 1
13157 10480 2
31120 76141 2
51923 1367 2
2728 66779 2
98480 76561 2
4494 60228 2
99891 305 2
12762 21422 1
73045 34637 1
38185 35841 2
35797 95329 1
88954 35564 1
56726 41517 2
44369 10303 1
2076 93427 1
97623 59088 2
10035 92666 1
7384 67062 1
95080 1230 1
10275 50257 1
74061 57757 1
77902 14752 2
8313 7547 1
74320 50921 2
77862 2975 2
12517 85780 2
30354 22276 1
87118 52112 1
49566 30857 2
79694 72717 1
37106 36945 2
74894 73281 1
86007 83012 1
38681 43172 1
2587 71468 2
7105 23731 1
28689 95545 1
92408 12496 1
5326 97470 2
5624 5792 2
68973 73265 2
69628 22060 2
69580 20175 2
38820 24769 1
47053 8885 2
41941 57904 1
27318 2952 1
5079 50222 2
75281 48142 2
12181 78837 2
8653 851 2
67040 30818 1
74427 67621 2
77037 78005 1
21425 34777 2
24114 93268 2
55179 3012 1
81581 38311 1
9989 93602 1
71997 84669 2
82946 96082 1
77223 31686 2
50920 7575 2
36274 98040 1
15170 12281 1
2667 30539 1
12701 58530 1
36898 80476 1
33611 85826 2
38859 2381 1
73859 652 2
29311 13155 2
52127 77046 2
71608 74919 1
6812 65021 2
73944 82598 1
82717 20831 1
23843 87057 1
85961 16990 2
58080 77822 1
88809 11620 1
58844 99333 2
52843 66554 1
37223 28387 2
94817 43055 2
31412 94170 2
50115 2231 1
87869 65711 2
92040 93385 1
59870 75115 1
71089 3520 1
84917 68283 1
20991 73852 1
24105 13713 2
91096 39294 1
83552 77568 2
21926 67215 2
15398 82179 1
77431 74809 2
36525 69431 1
65694 54796 2
64904 91324 1
13233 85563 2
56878 26648 2
68841 95805 1
98877 30228 1
64069 44716 2
97877 96157 2
39879 65705 1
21785 35108 1
66421 23542 2
80562 77471 1
81593 47386 2
14923 85157 2
53602 74273 1
6166 52246 1
64545 49626 2
82277 58897 2
37773 12855 2
47090 4028 1
15263 88144 1
12951 8672 1
68407 20352 1
14967 83210 2
48821 30470 2
45492 72396 2
31872 90470 1
40438 78233 1
6563 48102 1
86410 34060 1
34571 18769 2
43296 13954 2
63626 94743 2
87853 67835 1
38455 85355 2
45735 57245 1
20076 34660 2
27660 90321 2
41415 7196 2
32763 32804 2
62697 65364 2
18744 70600 2
73402 88910 1
25485 63600 2
42979 19922 2
62756 16599 2
83378 72490 2
65678 92186 2
93498 82053 1
87391 29785 2
65392 94999 2
21455 68570 2
83759 53048 1
42842 37734 2
84309 63745 2
10017 96938 1
79844 26226 1
68711 5976 2
11298 69135 1
26741 88323 1
70457 61694 2
25687 8998 2
64311 44522 1
61981 21118 1
10191 32035 2
20027 85259 2
35479 84796 1
86505 52756 2
94440 65388 1
19811 8704 1
51873 38766 2
99722 33469 1
93764 30176 1
23361 44028 1
98200 27848 1
93457 93331 2
2725 20394 1
45093 74074 1
47643 755 2
79119 44367 2
84203 41362 2
4097 28914 2
45676 66745 1
77973 70665 1
64344 40576 2
26086 11325 1
14220 97123 1
80596 76571 2
27404 59295 1
63780 83029 2
10044 59865 2
76190 34046 1
3784 84343 2
36173 75218 2
92637 39140 1
49763 46091 2
8397 85360 2
85074 46573 1
91632 67566 2
55443 20443 1
60093 4917 1
66563 95263 1
11765 26912 1
24065 57958 1
55353 61710 2
24242 51682 2
65359 69762 2
70398 77350 2
39681 95427 1
51952 54926 2
68829 71422 1
54073 75316 2
12374 99743 1
55373 62876 1
17921 90748 2
23108 70121 1
313 13962 2
80347 46629 1
2876 70085 2
30001 38877 2
86028 68589 1
21194 93379 2
35343 3779 1
28399 31083 2
69616 35217 1
87788 40206 1
37051 52767 1
1745 36682 2
32708 99230 2
57778 927 1
1057 33281 2
13575 43987 1
27628 4383 2
92396 32272 1
72450 37075 1
53506 3425 1
14054 41244 2
55853 89080 1
90527 37757 2
89651 1995 2
98581 1566 2
8963 88082 1
93112 22761 1
18796 92939 2
69945 63534 2
28962 80695 1
26831 73311 2
53148 17850 1
64564 94101 1
12728 28382 1
23526 67753 2
3158 80080 1
96454 27932 2
54457 11234 2
62524 72463 2
202 36680 1
10705 93324 2
82132 19291 2
67251 3355 2
51049 9849 2
42453 1837 1
51611 4258 2
20684 61813 1
4900 20445 2
21171 202 1
52447 34449 2
20520 86407 1
89612 81036 1
236 84779 1
66608 87392 1
99687 25402 1
11826 98913 2
58851 16473 1
83136 97512 1
91532 57750 2
88264 3187 1
12918 84413 2
72895 20098 2
18903 72740 1
34430 69052 2
14760 26688 2
81247 35432 1
22152 34254 1
62692 13236 1
64313 95243 1
49105 97714 1
55425 85788 1
13709 13494 2
38699 13607 1
27429 65433 2
25315 23960 1
19721 32345 1
57406 59741 2
39085 66103 2
56751 81931 2
5962 92727 1
53011 84215 1
38266 35651 1
39174 16765 2
88447 59017 1
72300 572 1
69084 79320 2
60937 24951 1
12186 35943 1
20585 566 1
14853 83631 2
49753 8771 1
47629 86348 1
47340 47118 1
90310 17855 2
25015 84074 1
57096 85423 1
46069 41421 2
43151 85507 1
36163 80308 1
40220 38281 1
75429 67004 2
40498 76435 1
8736 85834 2
90330 98709 1
56606 50436 1
81887 89960 1
82221 32726 2
38291 59402 2
95776 6415 1
44424 6428 2
67660 85889 2
6872 37795 1
524 81636 2
17790 18119 2
13918 84147 1
11323 72982 2
72612 45645 1
11890 19682 2
91812 30741 2
40875 95679 1
10792 56595 1
26484 11334 2
21183 78449 2
96123 40629 2
3386 14687 1
85621 55245 2
71952 63280 2
75451 23347 2
67130 48059 1
71784 13007 2
94552 96858 1
10364 60336 1
71242 72430 1
40540 85605 2
44919 85529 1
16271 90725 1
44234 72738 1
26754 5609 1
49743 72213 1
47749 63597 1
97627 8833 2
90541 85266 1
86050 83896 2
67504 44671 1
90654 56338 1
51659 31867 1
17199 66122 1
66271 72757 2
42038 14687 1
39888 63197 1
84600 27541 2
13701 10952 1
13025 30450 1
42475 11823 2
12574 4353 1
92146 72880 2
26082 64562 1
76526 4332 2
80674 8984 2
98199 31783 1
94553 71977 2
61417 26220 2
8453 27906 1
79653 78439 1
92232 64417 2
19407 98760 1
34087 1353 1
86830 85030 2
87663 99009 1
17230 87674 2
94027 39125 1
71425 54624 1
35439 31956 1
88890 94298 1
24080 176 2
26641 36684 1
68330 71777 2
7490 5025 1
4633 20226 2
30029 33252 1
68320 93971 2
91991 99400 1
67973 59349 1
14120 91777 1
16722 50481 2
34444 45097 1
32406 96433 1
81330 78812 1
64898 39110 2
22608 14652 1
79725 58304 1
30300 11917 1
66321 51577 2
37332 10490 2
23083 84299 2
2680 55855 1
73214 83861 2
28330 92540 1
40817 634 2
51477 64120 1
18349 21345 1
6755 42428 2
99104 70518 2
80326 8164 1
9948 5864 2
21968 53234 1
98744 44457 1
16250 85579 2
89454 93841 2
24577 26583 1
69788 95003 2
20548 58981 2
40707 30535 1
28840 66373 1
24331 23030 1
6164 33260 2
37789 24529 1
32373 51508 2
63079 92835 2
63131 28985 2
89212 22778 2
96506 13149 2
53233 70474 2
1578 57924 2
43297 13706 1
81608 67065 2
56682 62900 1
60051 17320 2
97550 16009 2
12143 9985 1
19827 80044 1
19781 72444 2
32196 40450 2
92641 83567 2
73293 83928 1
15283 92281 2
86402 55485 2
16943 98555 1
12569 2915 2
98221 46042 2
72299 2050 1
201 10943 1
47575 93142 2
30500 93590 1
75808 86108 2
80321 54290 1
58058 74937 1
88201 30248 1
30112 1939 1
50632 98575 1
41233 89205 2
73901 34694 2
78863 63856 1
98350 4494 1
69998 62933 2
51138 45388 2
74411 86203 1
91045 88297 2
19587 76063 2
47127 24626 1
37591 34911 1
56797 49112 2
33327 3038 1
48255 79152 1
74995 16708 1
87400 66579 1
59764 25211 2
14474 48448 1
35393 77907 2
36823 17334 2
79314 12894 2
28905 66426 1
28481 28885 2
64730 21335 1
11980 88337 1
13965 16409 2
36117 94802 1
9732 15921 1
69762 81436 1
81671 59700 2
28829 77749 2
8227 19292 2
38836 40457 1
27240 1413 1
64186 21766 2
843 38321 1
98789 46176 1
75042 48805 1
32750 46286 2
98219 44330 2
79412 94987 2
36677 97517 2
78489 16118 1
55412 45823 1
44003 658 2
88833 88181 1
75292 76807 1
78008 53129 2
49395 69343 1
265 59159 1
6937 50186 1
94344 60161 1
9957 69530 1
82061 54252 2
46897 91400 1
90773 57057 2
83002 72205 2
11423 80204 2
83299 27018 1
52239 36129 1
28307 8513 2
16046 65874 2
37650 34713 1
89032 75578 1
16464 81565 1
90060 73717 1
64959 30430 1
64240 26725 2
19860 30381 1
92203 84623 2
10058 82978 2
60217 12892 1
10398 72024 2
20347 31577 2
77140 27630 1
75668 89367 1
67761 35047 1
97069 56395 2
23198 15883 2
93457 39919 1
1900 59748 1
51090 37471 1
49162 85314 1
87202 94429 2
76369 9527 1
27195 52174 1
45113 51356 1
5560 11643 2
91521 90602 1
81049 22065 2
91595 37698 1
387 62625 1
25597 72294 2
34750 64993 1
32417 58973 2
32405 98856 2
81317 90547 2
31993 13462 2
9084 58006 1
65759 87690 2
68220 48506 1
91517 73738 1
73246 12086 2
17521 84351 2
28161 48101 1
18746 51126 1
85608 60007 2
60989 53632 2
71991 36189 1
99137 47730 2
63385 44016 2
36595 68070 1
58685 50314 1
23683 60025 2
30229 83675 1
3813 1035 2
26069 18582 1
38162 12546 2
2234 46833 1
12548 13063 1
91521 99049 2
46237 22119 1
6219 56315 1
72993 49395 1
23071 17708 2
74839 51392 1
17064 57347 2
7916 68808 1
57907 80201 2
67248 83880 2
75859 65936 2
81302 67328 2
91645 41961 1
99800 6678 1
84972 65420 1
34514 94355 2
47710 23252 1
33154 84164 1
49236 24096 2
92655 40570 2
80470 80564 1
84351 38250 1
41357 2166 2
3678 36686 2
25992 29041 2
85086 8739 1
24696 24949 1
60050 7401 1
61587 29493 1
46513 52582 1
56628 15879 1
31770 18371 2
92249 10952 2
93962 70605 2
53540 14710 2
18055 44885 1
77019 38740 1
67641 71217 1
74057 62601 2
34731 6905 2
68762 81089 2
4975 58730 1
89923 86634 2
76087 2375 1
76375 81017 2
9853 56531 2
46355 82915 2
94844 79704 1
66035 13924 2
20244 27555 2
61434 7227 1
15178 29861 1
78255 66956 1
43781 89043 1
61690 55005 1
36786 29031 2
22347 1817 2
6658 43166 2
69652 52432 1
53383 94584 1
24938 47157 1
56730 49179 2
40295 26782 1
56824 38384 1
63275 43016 1
1888 8229 2
54487 15729 1
99222 64361 2
88464 11932 2
81156 51826 1
74018 83984 1
27412 37178 1
99610 81657 1
91127 42878 1
12907 29030 1
38945 29022 2
86602 2889 1
62186 6145 1
96754 5082 1
34766 16110 1
77409 77013 1
22414 56019 1
67065 22391 1
56813 41953 1
35488 66437 1
80757 82094 1
77408 27813 2
63631 53906 2
69832 89986 1
89710 74890 2
49193 88972 2
15141 31641 1
29561 21942 2
5644 30722 2
7796 49943 1
11071 23663 1
44502 81993 2
69279 24045 2
12258 39309 2
87919 5901 2
58334 14917 2
97304 54277 1
17109 22361 1
47621 59917 1
43987 51891 1
95848 7363 1
11853 9378 1
63091 35975 2
24375 10011 1
59296 89823 1
82571 42995 2
97290 68405 2
43689 22566 2
85073 93140 1
89649 35284 2
67066 13262 2
36491 62238 1
2989 81433 1
31359 37133 2
84949 32493 2
23549 55340 1
92772 78248 2
90807 88585 2
85068 22602 2
79394 19672 2
75366 72281 2
77241 48 2
70415 84062 1
85658 33868 2
28582 33639 2
48198 26251 1
20720 94947 1
325 21936 2
27445 2185 1
36032 12226 1
81120 37009 1
16645 19917 1
3170 47577 2
26119 25984 1
18639 10305 2
6908 29453 2
63071 40143 2
34173 15725 1
18639 80460 1
31913 68249 2
30238 68038 1
46658 61714 1
25456 3660 1
1678 57177 2
19822 75637 2
52055 247 1
17860 37465 1
82604 47959 2
98978 27702 2
30398 49159 1
90204 72204 2
47684 62459 2
92042 60418 2
14775 83754 1
81513 72831 1
83894 56015 2
2423 80945 2
67204 34569 2
94875 41898 1
96613 84379 2
8539 85821 1
21733 19821 1
65827 46726 1
57105 35529 1
91237 6431 2
46747 84735 1
27316 99020 2
16634 55105 1
46503 25872 1
16328 45863 1
63869 33909 1
57570 26893 1
54739 53833 2
28332 5040 1
19855 48571 1
46506 30005 1
37753 61666 2
40040 5154 2
53244 62646 2
16499 93219 2
59818 16277 1
98270 36102 2
32149 39328 1
7966 88127 2
95127 22011 1
4878 35237 2
92683 4656 2
52204 84083 2
32209 76013 1
24250 40296 1
72174 14241 1
86526 24967 2
9609 73955 2
91810 59064 1
40304 94603 1
61429 88005 2
4977 69015 2
79592 67198 2
13217 85192 2
12561 50902 2
22841 69698 1
97963 10755 1
50771 55087 2
35444 72706 2
55601 17693 2
89327 13872 2
33335 1467 1
21920 72690 2
15916 75072 1
79570 32334 2
55037 19557 2
38516 34512 1
35642 25637 2
12119 45158 1
63095 63012 2
63154 91044 2
2093 85829 2
79455 8481 1
32790 1939 1
31867 8760 1
21332 48985 2
23209 7624 2
97162 85098 2
56304 73301 2
4257 65786 1
82169 43173 1
77637 83906 1
10514 35043 1
93222 42112 1
86701 98879 1
36152 98837 1
80321 98123 2
10547 85765 1
64232 65984 1
87923 56730 2
14368 83991 2
78361 41570 2
85770 57329 1
61832 52300 1
76526 99888 1
72009 58159 1
60373 5819 2
79239 63428 2
365 13086 2
49268 36807 1
69641 36615 1
95938 17785 1
60287 92106 2
24587 48257 2
44872 95647 1
94314 72422 1
195 99263 1
48256 84631 1
38226 10506 2
29936 69795 1
43995 83683 1
49154 62113 2
10152 62770 1
85924 73002 2
48200 15841 1
7460 61306 1
70412 43392 1
71479 90770 2
7594 85794 1
33142 37273 2
69630 87549 1
39260 60598 2
19556 64206 1
78537 94712 2
87327 89907 1
73570 28398 1
83798 62031 1
88046 68431 2
17681 83593 1
56186 57044 2
5984 88461 1
71478 33881 2
89908 96233 1
38007 33056 2
30564 77522 1
20307 44301 1
14986 24637 1
37224 27243 2
8516 2950 1
1589 18885 1
22387 87116 2
33534 81038 1
28671 62547 2
8716 42810 2
44848 97632 2
55019 48098 2
76471 20705 2
74891 73732 1
42147 29347 2
67488 225 1
70093 10682 1
21026 55486 1
29261 57532 2
69294 88899 2
85473 51014 1
94146 18847 2
27085 92150 2
54309 67746 1
3862 41551 1
33309 39201 1
34854 88408 1
93878 30005 1
43468 6525 2
36802 66140 1
52312 36588 2
25908 63575 1
9379 77850 1
99300 65099 1
3589 89372 2
69358 47456 1
83453 85294 1
64658 79045 1
16013 98095 1
6741 61705 1
99388 83043 2
48735 30820 2
31442 72496 1
62684 64012 2
96127 99553 1
24763 59360 2
92724 94406 1
44690 70465 1
33064 55250 2
81079 58420 2
2772 15164 2
1064 55553 2
3832 35071 2
18917 51767 2
7796 62937 1
20113 65414 1
38511 60303 2
8084 19235 1
22964 25608 2
46459 93639 2
64816 81422 1
35639 77680 1
50390 25456 1
43578 65727 2
75803 1123 1
93245 54457 2
79033 76668 2
27453 98855 2
19760 57463 1
13305 4117 2
72353 90868 1
83382 38678 1
58033 86004 2
71451 66398 2
52460 44768 1
92405 71111 2
24128 88259 1
47636 61741 2
29949 55275 2
4428 6002 2
94172 76876 2
73334 25787 1
54805 19805 2
60812 67216 2
12807 80824 2
56432 43328 1
86516 51646 2
581 94299 2
32482 96593 1
63220 62838 2
30043 82585 2
47017 91755 2
34894 69472 1
46100 19254 2
23596 19862 2
233 47577 2
76395 22285 2
92192 27704 1
35623 65693 1
76437 38366 1
73468 66722 2
74761 30007 2
15981 57881 2
30911 48852 1
88288 56935 2
84992 40298 1
14144 37874 2
37272 85779 2
56730 74053 2
9814 45227 1
25280 79728 1
62768 37940 2
137 60646 2
81917 93650 2
14735 15806 1
77689 77520 1
47 39219 2
27396 78234 1
23949 41924 2
37987 2209 2
25069 33812 1
81854 9210 2
86779 52427 2
60384 29887 2
73348 78483 1
75483 35340 1
88827 99580 1
43297 81251 2
59573 53336 1
33292 86345 1
59437 85663 2
75479 11142 2
95713 28429 1
2210 82281 1
80018 63487 1
4722 40962 2
34440 49274 1
88878 26247 1
44332 44260 2
86819 31567 1
61133 31881 1
29793 17594 2
23292 26743 2
47197 15783 2
41775 53026 2
81485 42459 2
29953 54113 2
12751 88097 2
32304 57551 1
87842 75813 1
84606 44139 2
25354 71928 1
15314 27736 2
91792 58351 2
75732 22430 2
98912 79012 1
180 20327 2
23306 65043 1
67075 23491 2
41474 99326 1
37240 10884 1
47776 65834 1
11628 18691 2
90369 88480 2
79230 11481 2
51780 19757 2
82481 82727 2
50125 13346 1
1545 98030 2
22341 88596 1
76402 29816 2
12152 45341 1
12537 47085 2
44309 78361 1
9296 82431 1
42418 92234 1
60238 50911 1
11782 757 2
27661 91877 1
81517 79171 1
40715 50955 1
67048 42113 2
46441 30611 2
35066 51008 2
99599 70845 1
6028 22997 1
70022 20434 1
87017 53178 1
35900 74300 2
56035 72812 1
76420 21867 2
32268 5867 1
51859 7633 2
68382 61981 1
93284 90567 2
3220 87050 1
75157 86374 2
85870 76033 1
87144 90383 2
58385 20082 1
92483 31940 2
58501 21427 2
63216 38220 1
54517 73276 2
54590 58931 2
48691 32906 2
34494 64231 1
80433 5567 1
12582 78620 1
97192 57408 1
99346 17289 2
64853 46518 2
72734 12265 2
39415 39022 2
56013 16315 2
22739 53593 2
16261 40163 2
9584 48012 2
92529 8615 2
79003 15105 1
20222 53874 1
24580 93781 2
11390 44212 2
4672 91336 2
76072 92511 2
49285 22368 2
50486 2540 1
93648 17222 2
34405 85908 2
3810 97415 1
85176 36248 2
46559 27284 1
65014 99546 2
1070 44290 2
50664 38625 1
84348 28235 1
38716 56665 2
9401 70092 1
69252 89553 1
39288 7909 1
72888 53883 2
61171 60188 2
62032 23119 1
63270 21658 2
32970 19976 1
36848 72300 1
28106 23589 2
39765 56963 2
93749 73866 2
51102 8437 1
25269 51580 1
54262 42874 1
83704 62121 2
6863 10991 2
2865 33982 1
14364 81846 1
41782 72430 2
4180 34388 1
51616 96562 2
3318 24594 2
70798 97860 1
65983 75933 2
28962 75234 2
42453 70311 1
58978 42033 1
37152 93091 1
81208 25112 2
27979 65900 2
22003 99393 1
18184 84895 2
85700 21179 1
26697 78972 2
27138 29274 1
56200 10281 1
72230 62902 2
800 14095 1
17552 18248 1
97777 76379 2
28320 77808 2
89344 62142 1
72381 81137 2
38740 4526 1
73330 40563 2
25242 43235 2
76 11009 2
69763 66682 2
64029 59401 2
82081 78422 2
29916 58623 1
57197 42746 2
6051 86905 2
7268 71568 2
90704 18100 2
29221 45893 1
92004 80782 1
54452 56138 2
6311 18762 2
83835 46485 2
55138 79 1
88548 31198 1
30883 15529 1
56224 18210 1
60733 20231 1
27011 14084 2
63941 60091 2
29829 33991 2
41238 36765 2
92930 17717 2
75758 18248 1
96571 38331 2
70959 63740 2
9556 89098 2
61567 67322 2
69748 59000 1
17736 60971 2
63463 73149 2
54104 68154 1
92767 66935 2
14882 86677 2
88975 43686 2
45308 34352 1
44879 15184 2
29183 83969 2
62779 43742 1
57514 45733 2
47284 29 2
17312 43610 2
95805 42335 2
8517 21859 2
70303 74199 2
41124 25704 2
7301 10240 2
14252 32915 2
76257 17303 1
27790 2515 2
86341 38300 2
52385 63773 2
1131 88598 2
20575 77894 1
86574 45868 2
1285 47338 1
17294 60524 2
32823 5929 1
46576 38695 2
889 74436 2
50012 64659 1
20759 3748 1
3549 65000 2
88254 32244 2
69797 27012 1
48608 58274 2
58726 70823 2
96213 2594 2
20602 18231 2
51092 89643 2
37595 19582 2
90462 17527 2
12875 33895 1
99604 20103 2
47822 6180 2
93180 46205 1
50380 64939 2
22336 74625 2
33040 44596 1
19054 68029 1
779 23997 1
57177 4737 2
31953 97830 1
84374 47487 2
88762 25942 2
38624 35504 2
33667 70996 1
44149 55149 2
64203 32814 1
95543 59254 1
53270 48021 2
74220 58479 1
6989 2431 1
4319 61982 2
39132 82724 2
9468 15311 2
98099 55746 2
19448 61936 1
50630 69882 2
95654 71861 1
67117 71184 1
24835 52469 2
89605 23854 2
32491 72395 1
22028 15361 2
16289 44470 2
6473 7163 1
16972 62969 1
13026 3856 2
58228 5211 2
12195 6873 2
3689 1097 1
63102 5812 1
45660 32335 2
50758 93057 1
67620 49603 1
51474 25862 2
97979 49178 1
60065 12845 2
68703 69937 2
70896 26017 2
59537 40933 2
61061 21685 1
66073 81179 1
21160 30748 1
19744 75769 2
55652 31346 1
38516 46923 1
85515 35473 2
40968 6911 1
60623 24989 2
99185 55113 1
27850 32249 1
44970 74912 2
34775 62160 1
11089 72991 1
43702 84717 2
92488 82245 1
88684 54210 1
76212 88085 2
82016 22917 2
54850 4119 1
58656 82287 1
31005 2581 2
3514 62907 2
75033 8671 2
82787 16461 2
27308 6983 2
64564 50728 2
37615 4102 1
23463 93623 1
36225 13557 1
70142 92229 2
43620 14453 2
2173 42533 2
94078 4712 2
12875 44810 2
54554 8021 1
84501 48240 2
3140 92552 2
42443 2482 2
73393 92591 1
80321 15089 1
23413 8926 1
87280 29684 1
16522 82156 1
41170 12738 1
29008 93428 1
33897 9833 1
83623 25973 1
94616 49115 1
81910 82675 2
65928 90668 2
92424 57779 2
12805 97909 2
2666 62499 1
77631 25332 2
52943 1903 2
64938 39146 1
98540 4173 2
8062 19131 2
10364 5555 1
10263 22962 2
94684 98651 1
9654 9210 2
3696 56166 1
3806 16198 2
1981 94006 2
82328 41770 2
53037 59058 2
17999 24031 2
78894 54534 1
93045 79267 1
47411 72832 2
66685 9143 1
64689 50132 2
50622 84575 2
80131 24249 1
10134 72901 1
36295 56010 2
29829 43543 2
66687 64647 2
6798 67557 1
68433 18449 2
48217 31236 1
61064 38065 1
62804 40013 2
35920 42449 1
58381 52254 2
93597 46753 1
93625 93752 1
67877 27316 2
51857 42463 2
14689 94272 1
83088 82014 2
48497 33218 2
29078 33024 2
42773 68152 2
80104 2616 2
52244 76868 1
21133 43514 2
72761 19568 1
27858 12767 1
78897 21637 1
18440 40645 1
67726 82034 1
1057 33357 2
73191 6347 2
77174 79803 1
10486 55303 1
38948 43674 2
37240 39362 2
95018 32085 2
43089 96153 2
9292 76607 2
57189 92144 2
30163 59244 1
15936 8367 2
10795 25238 2
10415 4929 1
2052 22585 1
67813 85172 1
11794 90070 1
5495 60763 2
69005 87252 1
55680 7151 2
27378 27707 2
8958 32362 1
44415 35799 1
78035 44810 1
15227 48827 2
43237 59924 2
72556 64283 2
54878 72911 2
53118 31056 2
98060 36773 1
64899 28984 1
88482 90405 2
86414 86644 2
28342 36771 1
70551 39721 2
52257 29015 2
78906 80543 2
12290 55418 2
61143 1637 1
50715 70092 2
88723 22603 1
69490 16625 2
4342 3942 2
24721 96975 1
21772 5647 2
12647 32657 2
52164 88261 1
93957 1735 1
46836 39398 1
73634 75588 2
16530 99290 2
54520 43039 1
62972 1192 2
22788 15474 1
818 89983 1
16265 44894 2
84951 59823 2
14126 61317 1
6611 51821 1
65500 8751 1
44851 5683 1
71489 40102 1
35048 79101 1
62767 29497 2
17188 56781 1
95485 92733 1
62144 29927 2
581 3399 2
14457 4598 1
88741 51891 1
23950 70693 1
82622 29536 2
3716 42183 1
6456 43826 2
18370 7632 1
31836 303 1
6645 10266 2
94136 48835 2
64845 19329 2
33951 11356 1
37854 23431 1
21318 73646 2
10369 23025 1
1768 40303 2
95824 70887 1
3107 89852 1
79853 41784 2
52121 36915 1
79451 29844 2
90992 31927 1
20708 25680 2
17619 82256 1
41105 91654 1
27758 71176 2
66581 71314 2
37493 67470 1
75587 44374 1
3198 20919 2
37459 35447 2
85378 24024 2
481 31517 2
72672 42765 2
14030 58359 1
15963 56438 1
83485 20309 1
48087 40180 1
14327 27500 2
97375 81424 2
14920 67862 1
59138 32277 2
7039 19407 2
10994 76561 2
87378 81177 1
69956 47544 1
67768 56345 1
45234 73441 2
51885 60759 1
65148 45575 2
86353 29474 1
60738 95209 1
95433 938 1
34828 70346 1
10813 70532 2
57091 34354 1
57144 44554 2
14613 78955 2
56716 69752 1
64916 28964 2
52235 69968 1
13592 74738 2
9167 84855 1
38424 61994 1
19667 67030 1
75189 21705 1
63255 50778 1
11760 41612 1
97824 10195 1
98031 23896 1
73045 44601 2
77820 47603 1
44643 68899 1
28325 4040 2
98746 93454 2
15261 14664 1
82959 94716 1
84026 69316 1
31576 22130 2
47829 31188 2
28819 37976 1
2221 21171 1
5951 18461 2
56132 87104 2
53792 25617 2
39808 44798 1
2911 53513 2
96844 6324 2
41096 98175 1
84 303 2
63211 69168 2
90508 51291 1
16796 8956 1
30986 9838 2
26259 51944 2
74056 78109 1
62349 60095 2
48131 62309 2
68937 59149 2
38718 33923 1
31499 34595 1
768 89948 2
97180 32822 1
88369 66390 1
26568 83424 1
33281 30653 1
87742 71742 1
90434 31263 2
76852 43184 2
89769 62288 1
5473 83323 2
91665 80039 2
74881 61610 2
93847 79423 2
91925 51337 1
30687 58583 2
57152 69865 2
93198 69587 2
36619 8640 1
10029 89528 2
74977 73509 2
51853 41876 1
24884 48376 2
59741 76883 1
22006 87736 2
41014 4523 2
66177 85675 1
23376 67474 2
91056 79450 1
90314 82018 2
42851 92786 1
12710 83004 1
90175 5188 1
51242 23329 1
92780 69381 1
91616 82651 1
50325 63855 2
65846 92210 1
17356 61950 1
43711 67544 2
31651 42420 2
50609 24734 1
38931 52310 2
14565 32188 2
49305 15277 1
19323 23309 2
39764 60262 2
58163 21456 2
70089 20786 1
85364 96201 1
38239 2919 2
23816 84445 1
53987 94205 2
52382 43642 1
42373 70737 2
57032 99084 1
16602 49989 1
93050 12169 2
42072 83870 1
66737 15303 1
61564 64741 2
39178 96032 1
92807 31463 2
1670 565 2
1053 72629 1
19213 5128 1
80485 21349 1
64999 55296 2
1004 82319 1
58020 50633 2
56578 81808 2
62614 53233 1
74042 81386 1
17202 9325 2
53935 24898 1
96979 38130 2
64538 98945 1
52055 92764 1
63613 96052 2
10880 73066 1
8827 70860 1
28467 67615 2
41821 88063 2
94172 69475 1
94318 95557 2
91689 91425 1
9056 99067 1
91723 82023 2
6086 2948 1
64056 98664 2
50327 97475 1
651 41373 1
52850 29314 1
73794 3135 1
37076 98318 2
49407 71375 2
59843 92440 1
98600 17103 2
18311 88693 1
60712 84327 1
82635 76543 2
44555 52352 1
31361 33875 2
73382 7564 1
33819 63857 2
90412 18396 2
46963 96479 1
61210 9992 1
36612 54950 2
59724 76683 1
66094 47731 2
19621 92517 1
67958 59479 1
30540 13975 1
94915 59048 2
15337 6858 2
73506 39966 1
6668 94217 2
82756 14231 2
43239 31138 2
10267 88563 2
18319 64008 1
46464 57912 1
79167 49204 2
42192 95663 2
52468 45120 1
32458 74917 2
83890 18507 2
26290 86955 1
57533 4664 1
81490 94359 2
88289 63790 2
47604 73025 1
78795 68985 2
49609 41415 2
28846 13031 2
52485 13481 1
35424 90573 1
53696 84493 2
95226 39680 2
98230 21436 2
43386 99292 2
21384 87299 2
99332 32961 2
66074 75316 1
27805 64336 2
55987 95810 1
83503 95250 1
61887 55400 1
98441 76466 1
74096 10595 1
80732 39934 1
96601 71379 1
73022 67465 1
39314 11614 1
23499 30252 2
22295 51725 2
36543 80321 1
66409 40110 1
39549 87111 1
24651 40528 2
98091 98625 1
53094 94442 1
66004 96374 2
18245 76404 2
35685 47058 2
72186 91979 1
49264 34724 2
6743 6802 1
51884 79262 2
69910 50828 1
85522 26137 2
47090 1475 1
80194 37966 2
58827 49412 2
84828 70781 1
18438 66113 1
74056 16266 2
63691 55053 2
58606 47419 2
31749 29891 1
24798 70364 2
11046 31648 2
56458 3771 1
1632 59429 2
2759 97548 1
53517 92918 2
22192 44837 1
47463 13757 2
72995 20899 1
66193 33319 1
81249 3620 1
3276 63366 2
11474 875 2
48323 27053 2
58303 92864 1
59904 40631 2
30295 54765 1
7092 47745 1
32490 53026 1
74387 42540 2
44209 88753 2
52661 9148 2
52836 58738 1
69367 25563 1
85570 88097 2
64920 6966 1
96365 37755 2
25724 18751 2
57675 39077 1
4812 1001 1
28006 27941 2
16756 68912 2
29293 48007 1
78884 67886 1
69073 72281 2
98384 52935 2
41417 81871 1
45456 68990 2
77230 3648 2
80193 63869 1
70015 73510 1
16545 65426 2
19039 23970 1
50231 98636 1
72498 40183 1
1513 10210 2
84644 95242 1
72515 24140 1
81666 8040 2
95767 30152 1
20894 38336 1
29816 53654 1
47439 36485 2
80509 73213 1
17167 37549 2
31301 75588 2
71387 81460 1
72045 28473 2
63447 29018 1
10747 67694 2
4807 34369 1
44215 62615 2
57719 46576 1
83116 80173 2
18708 53554 1
46924 14190 2
97841 76248 2
19849 55994 2
10883 5139 1
78205 39768 2
82853 41499 1
71395 21263 1
74325 34987 2
64091 44781 1
99797 9826 2
9610 58724 1
90827 51235 1
59992 27176 1
68833 4118 2
31120 24530 2
26054 79333 1
5219 23776 2
56523 19712 2
37509 14450 2
75078 89145 2
90799 56815 2
79026 44809 1
37115 12894 2
21230 18377 1
76299 69869 2
74330 28058 1
60163 38414 1
67069 69118 1
9962 85685 1
57601 40156 2
52525 90427 1
40373 79839 1
77660 2302 2
88618 25336 2
62859 78943 1
14039 5208 2
62035 29762 2
6806 2615 2
24558 90705 2
27844 79888 1
22718 1178 2
8356 99106 2
73670 77484 1
19805 41008 1
89455 44766 1
40696 56834 2
55685 30505 2
20483 35586 1
16760 62312 1
1136 45952 2
64956 18207 1
75766 34543 2
90537 69362 2
30959 54789 2
46299 88457 1
66521 13119 2
7155 11890 2
89813 44155 1
96340 85311 2
72939 63803 1
35015 29380 2
78116 62985 1
37399 87706 2
74767 9197 1
22134 43071 1
36444 26297 2
54135 72884 2
39652 63486 1
23153 79485 2
15487 71284 2
60290 38117 1
58636 49014 1
19210 58903 2
38189 44771 1
43596 4742 1
98632 10367 2
38672 62598 1
6215 39216 2
87012 75312 2
12505 56065 1
47062 23938 2
67183 96802 2
48699 84669 2
38175 74853 2
58540 51365 2
91749 96771 2
88420 94981 2
84253 12822 2
93123 47144 2
90858 42492 2
98254 7713 2
49683 35354 2
97740 66180 2
74976 86295 2
44746 89898 1
52705 57756 1
94489 41362 2
91783 92443 1
45643 22842 2
61993 66565 1
25849 9290 1
42913 98354 1
6560 60233 2
10157 88733 1
93887 79622 2
87406 46438 1
62842 63664 1
8076 32718 1
7258 5854 2
54480 55166 2
56555 40617 2
47528 7616 1
19325 74189 2
34982 7140 1
3492 26732 2
78722 63101 1
13368 92874 1
82004 834 1
84566 3314 2
93370 48013 2
31964 10863 2
47928 95391 2
46737 34132 1
16883 89050 2
22555 78965 1
71317 30406 2
47494 76428 1
75917 74508 1
38564 27893 2
38540 31198 1
22408 35954 1
45896 86605 1
63914 28359 1
79932 35281 1
56230 53183 1
8166 67462 1
69884 62853 2
72552 19561 2
12498 12716 2
83337 41566 1
61613 16712 1
19313 48813 2
68156 63283 2
75056 47521 1
27981 42249 2
68983 46440 2
9142 54700 2
39453 67478 2
31373 92992 2
1467 5985 1
3952 72784 1
95601 54374 2
42559 19207 1
82239 50403 2
60093 70968 1
54316 4731 2
49202 59447 2
22883 74037 1
57547 24126 1
97201 19805 1
14201 67529 2
25833 43170 2
80302 15706 1
72288 99318 1
82243 65846 2
37905 69522 1
31061 2949 1
79257 64559 1
85155 6038 1
72828 74893 2
75986 93017 1
75839 27536 1
63369 17219 1
80939 12094 1
60693 28845 1
83057 62114 1
96070 90070 2
96161 20108 1
41968 62428 1
89553 12015 1
77772 69415 1
56764 67970 2
96692 98015 2
60096 29088 1
36074 67696 1
13759 50568 1
45969 7725 1
48607 24765 1
40563 73514 1
46954 17830 1
99001 99201 2
19247 87663 1
58550 59758 2
33567 7655 2
7773 55251 2
3376 64352 1
4902 83093 1
81022 37779 2
29389 90045 1
45509 31577 2
18643 27703 1
14728 68210 1
82267 55158 1
79469 82978 2
4238 25870 2
37631 85935 1
70360 56153 2
68107 35589 1
1576 43507 2
90915 19218 1
25716 99678 2
45918 91722 2
66451 90911 2
48182 44548 1
88385 12639 2
26280 35419 2
84446 58730 2
99352 36718 2
72527 79347 2
43114 25120 2
51932 13327 2
8330 33528 1
27152 48501 2
95205 62914 1
91453 35237 1
72206 21581 2
66069 16926 1
13626 69900 2
52786 63173 2
71076 83701 2
5807 17797 2
2186 22756 1
20236 34154 1
36910 51385 1
79438 63461 1
89941 49110 1
3260 11979 1
40459 31906 1
81955 21494 1
11518 54024 2
38579 42530 1
13215 36441 2
30145 31377 2
51972 85126 2
18851 94824 2
46184 88326 2
45047 30448 2
70922 20694 2
16700 8917 2
71722 29908 2
28406 61034 2
16751 84420 2
7470 90468 1
88291 68011 2
5488 73915 2
91413 14038 1
54444 40588 2
22102 5972 1
46230 7993 1
4509 41464 2
18726 30663 2
75587 98552 1
59513 10398 2
75368 47761 2
94382 44525 2
19436 28192 2
38217 20100 1
80758 46826 1
40147 12633 1
53201 66101 1
14808 81220 2
78410 10125 1
82920 13570 1
93075 12000 2
1142 25109 2
54979 93762 1
92188 6466 2
69684 37162 2
45397 95986 1
68420 53587 2
89154 26865 2
44308 34108 2
81062 35859 2
83596 75432 1
18410 41706 2
37173 8863 1
97273 30801 2
89853 6411 2
10853 10756 2
45175 34332 1
87296 88133 2
68728 35237 2
21092 75225 2
26363 14044 1
14540 75401 1
58430 22590 2
70872 54242 1
61091 19720 2
19885 3253 1
75408 58591 2
31731 91415 1
65743 92809 1
36245 99650 1
90447 2130 2
52005 13107 2
14113 88521 1
11093 12266 2
47580 79296 1
81822 71597 1
72569 79023 2
11741 75973 2
24631 37361 1
66769 26750 1
44152 7685 2
86463 18892 1
34435 84238 2
74638 35393 1
9280 67444 2
75243 45496 2
89823 39041 1
91590 45293 2
50321 33445 2
61268 69379 1
61869 39859 1
35787 10876 1
8557 75169 2
21736 24452 1
89134 31212 1
14380 19655 2
25492 90706 2
6779 24087 1
13891 16950 1
41116 54407 2
36807 7199 1
28988 69810 1
51149 42329 1
44779 48404 1
34504 37522 2
4509 42832 2
75373 17598 1
54762 68809 2
13847 54676 2
99278 23144 1
26755 17840 2
4714 68508 1
66517 97455 2
49857 22934 2
56626 15509 2
38716 84233 2
29252 71882 1
57638 87664 1
27001 13368 2
14545 48008 2
93188 16079 2
25360 79953 2
41883 90594 2
43227 1841 2
31671 14120 1
80366 94033 2
9911 57179 2
87273 6910 2
87741 64668 1
17521 68137 1
65167 76941 1
23310 36328 2
26967 86261 2
40171 72147 2
26436 31776 2
64666 22439 2
7175 98589 2
58797 72070 2
35735 12382 1
51486 65237 1
79725 86619 1
38888 69565 2
55401 25423 2
2507 81964 2
83179 79354 1
93708 209 2
12122 73853 2
54482 10626 2
78593 36513 1
83850 44697 2
8621 78512 2
12805 52979 2
65392 79354 2
31157 73264 1
63585 57298 1
91155 40182 1
33754 73391 2
85084 32142 2
74105 651 2
84303 65637 2
81887 19591 2
51313 39053 2
4084 75301 2
54793 9529 2
61633 46509 1
9412 23236 1
58740 33673 2
44242 37611 2
39936 69928 1
79783 95054 1
71770 9791 1
38907 16115 2
62813 62307 1
57642 95747 1
52839 73200 1
34133 37836 1
7834 73029 2
49824 64445 2
24252 17318 1
52018 46988 1
27447 25401 2
98839 97844 2
74297 12361 2
52321 17871 2
66709 81094 2
32419 45249 2
78817 7939 2
24053 92781 2
630 44951 2
35091 82557 1
59923 20413 1
21342 69310 1
82171 2900 1
84793 75393 1
33298 48831 1
13741 97564 1
13795 22629 1
98757 68551 2
52285 81874 1
32243 90400 1
45137 74965 2
50569 93479 1
5174 64608 2
5185 87778 1
6886 18475 2
76598 44762 1
40350 64370 2
48137 95901 2
85474 84402 2
668 35002 1
95446 24560 1
33562 84072 2
66118 11922 1
34861 86207 2
9055 11427 2
79431 65468 2
96179 24019 2
97466 72290 2
92410 61557 2
43104 37588 2
55116 98784 2
48563 49212 1
73447 81711 2
22390 41095 2
81839 65121 2
91978 58279 1
47497 52761 1
73498 63760 2
93247 23679 1
58896 38331 1
78527 84541 1
23517 32517 2
91292 40994 1
32181 56401 1
66667 64451 1
22928 19778 1
60968 31541 1
26571 61890 2
24463 50484 1
25541 70879 1
50786 70528 2
84322 39496 2
51466 36987 1
14412 62772 2
90510 1868 1
86412 39227 2
91709 15038 2
83125 90779 2
13899 76930 1
42522 92628 1
71019 19880 1
47507 55052 2
27322 20010 2
4893 32077 2
46356 5442 1
9110 19202 1
99932 95279 1
73445 38589 2
49497 2932 1
8496 50484 2
31059 1337 2
75971 80223 2
11866 6952 2
42096 25692 1
82048 77841 1
84618 14764 1
58330 52326 2
35656 7635 1
18018 13280 2
57289 37819 1
45496 89144 2
25098 11954 1
91292 64591 2
11601 38855 2
89398 54854 2
81798 17169 1
27823 74663 1
14260 94728 1
85589 50586 1
42573 35274 1
71995 23121 1
56547 39384 2
13270 39357 1
28496 29942 2
47649 41206 1
77647 81134 2
75962 60438 1
672 69645 2
11715 56830 1
85320 23813 2
834 44273 1
8527 23114 2
80705 49364 1
40224 14613 1
5070 18421 1
9132 69572 1
67548 68096 2
9095 29976 2
85377 37035 2
72074 79125 1
24406 91755 1
7215 14085 2
81914 50621 1
78648 85526 1
54671 97663 1
30761 87543 2
17147 72243 2
42025 9055 2
98345 32003 1
23237 43302 1
4102 26519 2
59917 69802 1
36548 32641 1
96597 76588 2
51418 9650 2
28758 50320 2
6689 39810 2
36938 46593 2
65497 68204 2
53171 42922 1
52226 3759 2
20468 2014 2
17443 89742 1
15478 85104 1
50919 33713 2
38373 67644 2
90939 49026 2
10833 70845 2
15826 75793 1
84782 5588 2
42689 48977 1
66164 39208 2
46979 87544 1
35007 24768 2
15893 9603 2
50544 28811 2
16635 62063 1
9066 64536 1
66842 70305 1
60822 33534 2
46428 54751 1
54911 68502 1
53455 75701 1
52951 17212 1
68294 37170 1
90353 42609 1
99350 89192 2
2660 98428 1
88090 85583 1
27918 62980 1
7408 48706 2
9039 72599 2
15898 28256 1
31434 78247 1
85118 74637 2
15847 92104 2
11943 52270 2
78036 81716 2
18401 4209 1
93823 38439 1
64992 43267 1
5374 4802 1
41850 23927 1
17575 9676 2
7272 73862 1
16760 63724 1
38218 10601 1
55312 84753 2
65952 37857 2
26420 27466 2
15409 93072 1
75883 7054 2
14024 48189 1
64834 72854 2
63250 90004 2
39530 86878 2
10497 81092 2
31093 78055 2
7212 83679 2
81500 9784 1
53997 60701 1
72764 31256 1
70529 95257 1
12820 89430 1
21580 51666 2
29576 88674 2
74802 78348 1
43681 69457 1
80159 51341 2
90667 36060 2
43232 27744 2
3766 72897 2
6376 3061 1
18102 82145 1
524 81695 2
23459 3553 1
34791 59796 2
18682 32745 2
51287 34161 2
34105 77768 2
74206 59604 2
95303 10509 2
84194 77184 1
44394 91535 1
99245 412 1
22382 64007 2
91757 84628 1
24965 23409 1
97077 20951 1
78722 99631 1
94267 69719 2
87229 94085 1
83032 35180 2
67922 73054 2
75659 32593 2
30881 8838 2
10966 94086 1
30320 7661 1
4223 77324 2
68516 26314 2
70673 78604 2
53548 87094 2
98744 11601 1
73558 91053 2
33864 63049 2
49528 36369 2
75159 89479 2
22216 63398 2
71903 97476 1
41380 26903 1
75901 96314 1
65740 69072 1
77045 43240 1
36291 11073 1
76555 91601 2
89617 86178 1
21771 55548 1
5571 39529 1
83938 85269 2
15914 96181 1
45762 40043 1
29208 66407 1
50018 40240 2
31750 93764 1
90492 79580 2
14225 43988 2
61134 85675 2
72696 66534 1
54681 51514 2
26208 69866 1
48229 59662 2
81680 10421 2
64923 97709 2
14069 38881 1
83273 12418 2
65727 38250 1
50850 35357 1
30754 93906 1
38075 24305 1
73335 16093 2
25072 30165 2
63064 97846 2
59388 20068 1
65447 89865 1
13124 35260 1
33287 67431 1
41549 93027 2
34626 27397 1
15074 76733 2
10209 30332 1
64431 27959 2
33303 51275 1
93640 90976 1
37367 50288 2
72195 57994 2
41209 11891 2
25113 74702 1
27385 84668 2
80554 3589 2
65560 21144 1
78678 29359 2
42553 74487 2
57156 60656 2
98437 96849 2
18814 32334 2
16456 74268 2
70579 81781 2
45105 36504 1
91989 40403 1
46454 91620 2
84089 55996 1
54638 49669 2
39097 51047 2
7477 73190 2
27541 33358 2
20107 13683 2
84557 25970 1
12661 72829 2
54633 79254 1
85531 92537 2
45874 575 1
64872 39937 2
56246 16378 2
35278 56561 1
4103 87958 1
59263 11 1
30045 21221 2
94997 5492 2
4240 90400 1
99307 86964 1
40382 86176 1
36161 66970 1
57643 88934 1
33340 79926 1
20668 51699 2
34819 41277 1
3547 48464 2
86723 44969 1
60854 58504 2
53772 60790 2
97440 32585 1
95091 68230 2
21775 69735 2
21166 50526 2
10364 26329 2
3323 74023 2
42470 25018 2
49017 13614 2
85839 553 2
28364 65028 2
79453 84457 1
90749 44798 1
49467 74978 2
28952 59126 1
56181 23198 1
98765 88232 1
63071 25325 1
31504 36182 1
74351 1633 2
57209 49381 2
69535 3795 1
72645 14366 2
72684 58204 2
68115 61902 2
86777 99325 1
53351 5606 1
89677 22712 1
56106 17915 1
2160 33044 2
43720 23495 2
8306 61469 2
4689 25190 2
55589 44033 1
3896 21530 2
74974 45108 1
63255 21480 1
41624 70509 1
77737 19961 1
55888 93799 1
71823 87930 2
12138 27585 1
52556 61212 2
64075 13630 1
37865 23156 2
61085 95494 1
90609 72508 2
3790 60067 1
30678 21680 2
37009 485 2
22538 39474 1
35707 29535 2
68231 29479 1
86055 231 1
51848 89048 2
83923 15322 2
54222 33810 1
71425 49301 2
68251 4870 1
31351 44573 2
81402 4682 1
50751 30872 1
40981 23509 2
22663 24626 1
30558 26471 1
97538 30713 2
45031 99807 2
40806 85026 2
58249 48835 1
30252 4066 1
13825 45148 1
83188 86357 1
93486 9175 2
7294 96858 1
53397 82117 2
84017 89492 1
65213 1083 2
78648 18955 1
77267 36531 1
80991 54377 1
50824 99818 2
83483 39614 1
36142 66080 2
70624 99901 2
77118 36123 2
21608 30972 1
46900 89380 1
79475 61880 2
80081 84968 2
71425 70798 2
85657 33560 1
23770 86147 1
35187 85993 1
31078 52958 1
13868 93525 1
67061 94953 1
82580 21561 1
96729 92147 2
44351 31637 2
94951 81392 2
40325 49359 2
60314 84279 2
96290 79280 1
82256 44003 2
68983 39237 2
46411 56275 2
16647 66143 2
60624 81643 2
65211 12563 1
96011 21329 1
30174 36315 1
73866 86544 2
13506 34196 1
57566 87896 2
81242 73726 2
80221 65212 1
62110 33023 2
34 40626 2
35594 99168 1
85931 62967 1
44990 46670 2
3034 11913 1
40479 68058 2
88086 13739 1
7445 24698 1
56551 25316 1
63019 58598 1
57661 36640 2
98387 86427 2
72489 173 2
32159 78780 2
20353 73888 2
82217 37356 2
37313 98862 1
54636 1045 1
36069 49043 1
75816 78212 1
38864 66318 2
80354 45098 1
90313 9027 2
11233 77949 2
53976 10808 1
34898 72341 2
96461 11768 1
18566 26447 1
26970 67923 1
48367 20653 1
46324 80860 2
99110 74933 1
19734 22954 2
88744 97198 1
41277 23447 2
24756 98790 2
94637 42020 1
85167 94670 2
52362 58643 1
60224 40668 2
73728 78412 1
10004 97416 1
37725 77048 1
28763 71247 2
94385 91401 2
75209 42324 1
57493 90096 2
90582 71642 1
4993 11910 1
69630 35211 2
97459 36132 1
13314 41876 2
69679 15018 2
73862 84390 1
46074 92732 1
18225 54711 2
43518 18208 2
43727 39423 2
87178 705 1
97682 17787 2
35887 81839 2
11629 30414 2
41092 68509 1
66904 47131 2
3170 28834 2
68943 58892 1
32072 7833 1
3539 19822 2
30808 19328 2
64263 13331 2
28888 22428 1
35988 43822 1
99923 22036 2
32549 91546 1
41302 88978 1
48140 38868 1
86163 12998 1
19899 28028 2
41057 3746 1
32172 26393 2
31161 16862 2
9338 68082 2
22779 1589 2
9894 79189 2
11047 5127 1
98994 91475 2
58181 60342 2
6057 88450 1
97213 60489 2
36981 74074 2
89471 88651 1
29352 65849 2
7837 81868 2
69780 84223 1
34348 73951 2
3347 17682 2
7431 98427 1
37823 13691 1
30124 67163 1
3419 90600 2
73052 73470 2
1256 65512 2
1503 92871 2
88529 60690 1
86878 44605 1
82208 92126 2
19880 6764 1
69030 12970 2
78093 42563 2
74007 70294 2
61318 51189 1
22731 94472 1
43947 47864 1
51103 25290 2
4923 42728 1
87602 87911 2
77496 25605 2
24072 45649 1
84488 40496 1
66379 19038 2
46933 41554 1
40676 78086 2
80942 2422 2
25190 81895 2
12740 26282 2
40484 17121 2
41038 33698 1
31542 39099 2
70341 51573 1
53305 22684 1
83977 98590 2
38539 35442 1
99130 23708 2
73683 91055 2
82655 78002 1
8183 2982 2
47971 74792 1
29987 98035 2
27411 29512 2
98057 90289 2
57249 75682 2
31900 58721 2
67940 44104 2
86260 70729 2
60342 42579 2
9229 83859 1
19284 1756 2
58983 51402 1
42530 97955 2
10087 68512 1
25732 23596 2
51893 2699 2
31334 1437 2
18652 19395 1
83350 91170 1
15438 42246 1
16804 30313 1
62045 87477 1
98696 84454 2
62371 7060 1
54684 47920 2
40923 37165 1
77470 72418 2
93445 88430 1
4176 3547 2
57670 57798 1
38712 29759 1
8294 2508 1
19840 26931 2
85520 45816 1
91959 63108 1
2005 71912 2
89582 30113 2
98441 61 1
18523 98813 1
48101 17339 2
77849 69230 1
99523 77965 2
49607 54833 1
31493 58430 2
74885 97443 2
37423 34848 1
29082 25545 1
5928 57097 2
3440 74537 2
84957 95538 1
27798 73135 2
16350 34007 1
90653 41577 2
29439 75033 1
20572 48779 1
31065 88319 2
58765 13420 2
6758 87376 2
68685 34791 2
35624 18874 2
73439 97212 1
10754 64911 2
1866 84108 1
95038 78563 1
79735 76672 1
32677 84879 2
23988 81858 1
92778 34129 1
55475 94978 1
26496 13418 1
81611 90194 1
31 98718 1
82614 55371 2
88323 29527 1
85714 42342 1
23277 63363 2
95041 33636 2
71904 1874 1
30312 50343 1
6181 34072 1
30803 80022 2
25447 35857 2
30704 54557 2
53688 90680 2
24783 59786 2
14027 45294 2
35273 32658 1
27319 8730 2
90102 98410 2
40762 81731 2
88213 89582 2
29780 85304 1
64328 27613 2
14536 90248 2
45717 78074 2
5886 44714 1
53638 25453 2
57252 65271 2
21642 91296 1
41832 33643 2
38162 90883 1
36096 76519 1
10773 66825 1
40226 40242 2
45420 43689 1
20556 19763 1
21782 83869 2
89885 9209 2
64437 46470 2
9882 78356 1
38448 20742 2
37770 24857 1
69199 67780 2
30970 64961 2
94754 63180 1
2523 77770 2
42811 60396 1
64575 76885 1
14 98873 2
66463 32774 2
76792 78568 1
19992 94056 1
950 32437 1
12937 23494 1
59689 42559 2
13686 91475 2
95289 64330 2
11752 19843 2
86575 80892 1
27179 50160 1
87545 81312 2
94447 26966 2
81193 91142 1
16968 41878 2
40439 36097 1
77134 41975 1
39259 98631 1
27006 98976 2
78259 66869 1
36662 52672 2
13219 41 2
46717 54407 2
61456 73926 1
45657 61898 1
66020 66099 2
72086 27778 1
46670 18396 1
41542 67565 2
34495 16368 1
5468 39724 2
79597 4289 2
9008 30788 1
19987 62887 1
49758 27037 2
97199 89565 2
84134 54918 2
40004 51650 1
1070 63599 1
37206 86458 2
24635 12237 2
65072 94219 1
34396 51449 2
74913 59648 2
96447 27089 1
54394 80009 2
56602 28054 1
34450 46649 2
94179 96397 2
17762 74503 2
96024 47710 2
65546 37454 2
83449 72600 1
25514 85292 2
93897 68171 1
76010 14471 1
33232 51884 1
45714 89251 1
53051 32052 2
77074 9741 2
45019 4482 2
61436 93684 1
49794 41300 1
29381 76618 1
78473 84562 2
68232 29063 2
33613 60772 1
14594 25702 1
5453 77206 1
50295 61671 2
24846 80347 1
57292 71243 2
30967 85479 2
23403 45403 2
93589 244 1
58242 21890 1
82552 33278 2
66884 53486 2
8180 37159 1
73382 61747 1
62146 404 1
77379 35336 1
54716 74637 2
11193 62023 1
39140 46273 1
90026 37041 2
18206 24256 2
33468 40840 2
92433 1759 2
32793 45844 2
90313 18008 1
80944 68383 1
21048 59047 2
83858 61369 1
20625 11470 1
11541 56980 2
41452 54577 2
94133 47144 1
73829 92731 2
33134 60593 2
33629 15160 2
77603 52396 2
43159 4665 2
17883 55710 1
81852 74451 1
67934 6669 1
46616 42048 1
