100000 5000 53810
36344 45612 1
46325 32267 2
33520 5098 1
97925 18541 2
84542 79428 2
23773 7867 2
93176 44662 1
3658 77629 1
59783 49141 1
30481 83120 2
54186 53382 2
63498 23013 2
90194 93765 2
24640 82752 1
3364 33472 2
36563 76633 1
40058 33210 2
52598 68830 1
6082 19912 2
19313 91504 1
76605 93303 1
84095 41345 2
85025 38468 2
60497 22588 1
33112 65698 1
46666 38173 2
39615 71512 2
83970 92597 1
43272 41600 2
37635 68008 2
76280 45258 2
27023 20462 1
46025 69527 2
41975 40501 1
31657 7806 1
74821 33757 1
7674 98410 2
22100 36219 1
63504 3321 2
64434 39767 1
68982 90751 1
99909 53133 1
15945 65 2
35107 75472 2
83227 3963 1
67640 46626 1
37457 76827 1
79780 63006 2
12326 95523 2
30778 21199 2
55526 24618 2
63363 50838 1
69076 69436 1
32057 14791 2
46340 39318 1
67180 66060 1
84993 23211 2
5504 13345 1
94729 98305 2
10541 22454 1
55372 92660 2
79614 14385 2
5872 86771 1
84083 89193 2
68816 2974 2
10047 22604 2
94392 53646 2
95338 81242 1
41483 17229 2
86384 25895 1
12605 60569 2
90176 59709 2
5050 35718 2
35741 50423 1
86877 23609 2
56321 67976 2
76857 90989 1
2133 28626 1
19540 61970 2
84251 64815 1
17415 74729 2
45252 41132 2
37983 18121 1
92090 20137 1
30751 8349 2
53879 59674 2
41212 97060 2
13420 16297 1
33599 59152 1
71036 65777 2
49447 50600 1
27454 21444 1
97444 13605 2
74206 17159 2
3357 63160 1
13148 56593 1
72331 60739 1
15339 30447 1
40700 252 2
44532 80099 2
23857 72397 1
80561 72736 2
8416 15990 2
70450 12240 1
9298 24650 1
35611 38158 1
90182 74701 2
44292 95149 2
51149 12701 2
91928 96847 2
50732 93190 2
63158 8174 2
65149 86636 1
97619 82006 2
87598 79301 1
24566 14889 2
60352 39612 2
1595 81658 1
54761 36400 1
76561 96530 1
85555 76562 2
732 33871 1
34075 44203 1
76019 44480 2
55474 36851 1
52547 38218 1
64479 81595 2
94602 68390 1
73244 70500 2
13501 82912 1
19765 90982 2
59874 89018 2
23916 19210 2
66263 91847 2
43735 18672 1
77929 11056 1
7360 99274 1
68286 67890 2
82052 9823 1
22252 91038 1
45557 56585 2
96863 75224 2
30808 76023 1
567 2329 1
85864 23404 1
48071 73293 2
39153 86814 2
69847 73238 1
19413 17592 2
38627 65031 1
70795 9112 2
30427 4553 1
39195 59538 2
21377 377 2
94083 3979 1
13069 98856 1
39125 45598 1
11052 97754 1
45559 53755 1
74973 60328 1
34113 32451 2
18835 23934 2
74146 41421 2
2070 45789 2
20860 74597 1
38882 62394 1
68036 41255 1
54885 85725 2
75587 43784 2
51493 93539 1
41719 24238 2
99609 13661 2
1138 82611 2
34955 53743 2
74874 91462 1
2620 86130 2
14792 64233 1
38624 85778 1
27177 90068 2
8990 59984 2
40448 78641 2
72625 36577 1
66 49726 2
51529 22925 2
2584 63502 2
98219 66289 2
31937 12904 1
85933 93629 2
33805 9254 1
63963 4887 2
20835 1784 1
65557 31895 2
28828 74431 1
99950 42729 2
76709 48722 2
32719 42542 2
56577 90364 2
12402 74875 2
40069 77531 1
57607 22328 1
7451 74883 1
75538 41345 1
29343 52281 1
46955 24937 2
12773 44857 2
19804 49875 2
36113 53681 2
44551 87799 2
91549 34435 2
24990 84483 2
69367 63015 1
38665 18551 1
58208 75814 1
98531 72808 2
61966 30816 2
84989 16350 2
75594 53479 2
41722 74677 1
30771 48290 1
47153 96480 1
57210 95467 2
42511 29505 1
50756 29105 1
66194 76947 1
23595 62775 1
32047 68321 2
57149 1747 1
74572 61483 2
28923 13776 2
44519 64008 1
13179 71500 1
65037 78783 2
743 16763 1
64099 71308 2
47132 79938 2
57089 47810 1
97836 65725 1
29907 2563 1
60284 59897 1
15254 79370 1
90599 48826 2
57089 46849 1
67577 49431 1
15737 76875 2
22964 72697 2
94939 22619 1
92527 60448 2
81942 81371 1
79666 76798 1
26446 85927 2
34043 4921 2
61627 85935 2
37468 74189 2
66536 8696 2
75802 67752 1
25908 58780 2
19696 49325 1
19188 56517 1
71786 45810 2
88815 70934 1
72458 32673 1
42433 28418 1
89415 14810 2
70232 39283 1
83721 69648 2
35834 97796 2
9134 520 2
11517 73608 1
61672 24317 2
8622 55169 2
57405 89855 2
82667 64585 2
45350 69295 2
41193 83501 1
10160 65092 1
9006 72908 2
97726 34473 1
46743 13180 2
20836 828 1
86420 73446 1
36654 30673 1
89287 52805 1
77879 74382 1
28873 107 2
29266 81484 1
69029 11965 2
29381 43900 1
2619 56434 2
55817 56191 1
23198 86487 2
9676 46477 2
35703 47438 2
11054 53616 1
40128 99242 1
4839 8678 2
21705 34740 1
73376 47106 2
37046 14506 2
83285 35370 1
56766 40122 1
38842 24027 2
31054 95788 2
69491 82721 1
31717 65877 1
32666 42528 1
84501 64933 2
41756 8462 2
14312 11162 2
16124 43094 2
99737 84330 2
42447 55350 1
8695 60030 2
95 83297 1
15653 18929 2
46377 23583 1
86941 6101 1
35806 94664 2
4392 49006 1
98949 26541 1
15431 95317 2
10552 17647 1
86478 37718 1
40098 4037 1
22531 37042 1
81992 12411 2
4963 53566 1
82141 73614 2
35134 16290 2
46571 14160 1
61270 94108 1
14865 10346 1
21380 59226 2
96960 94709 2
95507 55331 1
31677 88192 2
14179 13775 2
7363 64750 1
42151 65930 2
19678 67605 1
8712 99957 1
77584 48479 2
93823 39621 2
92399 76044 2
51487 24962 1
89285 13999 1
70409 22761 2
92207 13421 1
92373 94539 1
47071 80417 2
14192 17900 1
73499 85051 2
6616 65381 1
84315 25020 2
85090 59970 1
35310 12027 1
95093 22564 2
68854 90243 1
51980 26143 2
2311 4179 1
71352 25470 2
73740 51100 2
77628 123 2
87458 42471 1
79567 12519 1
78907 98093 2
77118 37992 1
85661 25404 1
52423 65621 2
10369 55929 1
33662 82396 2
8692 28024 1
97740 21917 1
43737 2214 2
28395 973 2
60004 3040 1
40747 57876 2
32992 75545 2
40945 52815 1
29899 56504 1
60755 88046 1
37589 7383 2
40541 50871 2
75205 32197 2
59726 7297 2
46835 23973 1
6587 83482 2
4623 78861 1
6444 8514 2
13721 62024 2
20634 39470 1
24006 74933 1
66968 78502 2
61090 47525 2
77831 41031 1
32616 62368 1
92927 82337 1
90028 7809 2
20813 79449 2
14194 33110 1
42383 33769 2
10932 82753 1
47002 46300 2
53631 377 2
48789 65938 2
57238 52394 1
8411 87682 1
49966 54993 2
24285 84819 2
11665 60224 1
21630 53697 1
64251 43360 2
81653 40351 2
15264 37930 2
24718 46799 2
86116 4397 2
24681 88875 1
59905 13068 2
73626 35424 1
17317 48541 1
91335 11054 1
2641 4010 1
44653 13993 1
84539 58292 1
56796 85979 1
35917 78059 1
22646 96160 2
87203 3191 1
89076 4136 2
95345 26547 1
40737 10040 1
26939 30476 2
82845 49449 1
96668 57030 2
1915 80488 1
67007 15639 1
27011 30228 2
10601 21770 1
57201 164 2
31213 24094 1
88372 59006 2
59766 15429 1
27568 87937 1
17569 58021 2
37820 25852 2
92896 59642 1
13765 46292 1
51032 89042 1
53449 65698 1
92547 43887 2
15165 31027 2
49967 47657 1
7016 69158 2
14846 2442 1
87397 21042 1
63044 43184 2
75717 51165 1
60844 37614 2
64171 66726 1
1395 55371 2
49870 97660 2
94475 88385 2
82938 71748 1
90394 19263 2
12047 48247 2
49016 74344 2
41537 75649 1
78933 16722 1
19638 37412 2
8816 68552 1
99819 62707 2
55457 80137 1
7984 87671 1
63536 49446 2
82279 97421 1
95355 18407 1
16905 7526 1
59861 90887 1
69121 69478 1
86465 46132 2
18926 2534 2
73243 83888 1
60774 43699 2
11631 8147 1
85358 33868 1
33760 81798 1
62946 32359 1
75651 6953 1
6644 43340 2
2657 50190 1
21764 58073 2
15096 3931 2
56525 59036 1
22619 95405 2
26840 34492 1
89006 78992 1
56999 62897 2
7594 31367 2
4396 38119 1
91071 35114 1
6094 1472 2
90605 12387 1
69387 21551 2
88458 22416 2
88145 78749 1
66559 2437 2
92131 41031 1
30571 71495 1
59962 30110 2
47966 5137 1
7809 6758 1
24735 13683 2
42489 33431 2
75239 93998 1
4659 90879 1
51460 97273 2
1624 72991 2
83927 18879 1
80516 43561 2
98774 2815 2
82375 92329 1
89099 39851 1
78243 31097 1
86898 50921 1
87153 43562 1
28703 90549 1
93724 34306 2
34678 1661 2
77091 94969 1
51889 60739 1
36827 67227 2
49662 75487 1
20524 21513 1
48478 12731 1
19759 21303 2
14792 28405 1
33078 79471 2
38211 59008 2
27012 78381 1
61775 24419 1
56145 28034 1
43389 36536 2
12967 74962 1
97554 28430 1
80328 7477 2
93353 58600 2
93349 38201 2
9422 55356 1
8648 36158 2
47683 67125 1
72555 82457 2
98078 26482 2
54367 1554 2
96617 28004 1
16327 80710 1
93986 15700 1
61882 74981 2
60856 31834 1
63876 27221 2
22772 88807 2
15301 29965 1
54253 86748 1
89168 45659 2
77875 45297 1
72334 57759 1
88357 30767 1
77817 70701 1
79675 38742 2
85121 52143 2
68829 120 2
30698 43553 2
92905 27964 1
71756 47379 2
12657 53148 1
75026 89739 1
14555 85287 2
31932 896 1
60095 76928 1
68925 51456 2
58509 65789 2
13149 40459 2
55204 95433 1
30263 10357 1
66364 76578 2
11772 96232 2
52317 24795 2
30671 46048 1
95846 9691 1
61896 55693 1
99943 94909 2
19665 89460 1
50119 36494 1
77900 61166 1
71454 56979 2
53706 19016 2
20700 84544 1
28597 58402 2
24513 68065 1
41543 27696 2
48578 59029 1
94417 78524 1
88267 62158 2
31381 20705 1
55895 30130 1
62509 29618 1
20826 97917 1
81442 7921 2
39704 1149 2
74261 38616 2
44779 81300 2
87897 90580 1
81536 84090 2
59638 11460 2
20090 11929 1
59112 50655 1
90510 20335 1
24511 58571 2
73318 89903 2
44861 77191 2
29439 67872 1
32635 42370 1
75850 48764 2
83651 23489 2
89934 42387 1
82263 21757 1
63236 57574 2
13033 10050 2
75962 7660 1
12673 64146 2
25937 68752 2
59195 78848 1
18239 33072 1
76742 38838 2
47438 68416 2
54886 51855 1
68411 19909 2
57970 64925 1
6776 25979 1
85302 88964 2
81898 36528 2
41459 31517 2
58283 43494 1
69178 33268 2
47561 38741 1
47957 79243 2
46981 71974 1
66526 9045 1
29622 56441 1
91238 43419 2
30724 77984 2
59760 82651 1
85997 72706 1
20019 96451 2
59810 23705 2
6107 45371 2
42539 28564 2
43208 94488 2
58559 76246 1
3693 58506 2
30701 38389 2
38386 94223 1
68567 66140 1
67251 31581 1
3857 41129 1
10784 50908 2
25926 10479 1
87355 21161 2
7027 73909 1
97628 53621 2
97451 32374 1
41936 62052 1
52689 79616 2
72662 95695 1
35553 58933 1
11617 62338 1
62983 50380 2
15833 65758 2
58086 55600 1
69017 89016 2
71026 65056 1
56882 8184 1
886 28398 2
1479 62044 2
91216 17536 2
73647 5298 1
73520 92722 1
65143 98369 2
19324 3986 2
57437 61761 1
26895 43619 1
72886 77118 2
6774 51291 1
58377 92153 2
51409 60868 2
85265 27623 1
60504 61022 2
76894 36720 1
91763 45116 2
53877 7697 1
58337 46403 1
23692 47195 1
3730 58958 2
11727 16849 2
82573 11020 1
89822 63086 1
72107 59840 1
62764 95005 1
25658 61408 1
52641 99935 2
23643 28472 2
41497 16649 2
41667 8484 2
8836 42115 2
33150 34681 1
75396 77770 1
45576 16188 2
83409 6606 2
19442 11497 2
61560 48981 2
1443 90862 1
67416 99222 2
46356 47853 1
66852 92799 2
41427 30814 1
49892 6640 1
51041 14410 2
79347 50942 2
76948 16113 1
94242 29393 1
10390 94565 1
75892 26470 2
22788 63213 1
12576 88781 1
69103 88451 2
90099 40747 2
11422 64342 1
61195 64250 2
99915 2505 1
54941 40389 1
18721 89938 1
23567 29229 1
57093 78652 1
35358 76518 2
63562 14053 1
1274 46650 2
99227 84705 2
80869 23621 2
6261 61237 2
63384 28471 2
40585 8284 2
27326 96597 1
5407 81670 1
72855 93145 2
42670 34772 1
45431 81837 1
93029 56285 1
55172 56244 2
17478 14765 1
26203 53634 2
95557 43969 2
9291 9886 1
21997 26411 1
77400 27847 1
50267 43924 2
8922 9740 2
7297 61909 2
29243 75571 2
1380 38589 2
89565 3987 1
83103 22735 1
39794 41081 2
39166 85312 2
38370 69159 2
88644 40541 1
60488 82032 1
5061 23011 1
82549 52254 1
98924 84997 1
58252 80941 2
22359 98058 2
12484 37997 1
20566 79469 2
4746 2243 2
91503 38107 2
81500 74280 2
11933 9656 1
70830 85929 2
24492 29786 1
33993 48101 1
20959 20396 1
57703 32339 1
47499 24877 2
65657 32889 2
3609 10767 1
73569 62614 1
99336 61336 2
36120 63513 1
54344 11556 2
57161 35751 2
56768 84833 2
16948 3321 2
72616 1393 1
5452 37435 2
20976 83564 2
89338 13135 2
76664 13115 2
62935 66344 1
41974 54494 2
45046 79855 2
90451 99015 2
22904 53026 2
80846 82013 2
45397 78128 1
71191 25786 1
68890 14462 2
32629 27309 1
53157 4837 1
68481 88185 1
79627 15633 2
28457 23316 2
10675 77347 1
63502 4969 1
55737 19696 2
36550 15927 2
17324 7169 1
30746 41359 2
99247 7473 2
57289 82969 2
61692 85170 2
40260 21744 1
62492 51400 1
29808 78914 1
48912 73612 1
35975 32529 1
22988 53962 1
99639 62932 2
97750 26979 2
67873 84022 1
71531 97132 2
20187 85238 1
91099 61453 2
63439 94310 2
98568 53988 1
48250 39405 2
28491 3807 2
5646 44101 2
34575 88997 1
23248 8893 1
15348 92622 1
54010 81047 1
73837 16134 1
96922 80427 1
85954 2574 1
74609 24931 1
43663 21435 1
79030 44125 1
82275 12405 2
9233 23916 2
21762 83226 1
64640 73239 2
57540 74040 1
22581 77625 1
24916 38102 2
99317 97535 2
94257 83276 1
56378 19725 2
49776 96870 1
70035 39578 2
67512 60101 2
99263 13071 2
85956 69406 1
34357 5419 2
1221 90617 1
64128 23746 1
80318 30867 1
68411 53977 1
38726 75708 2
92441 76460 2
42313 7514 2
94175 93481 2
65320 98277 1
84904 53010 1
99124 32456 1
68736 52991 1
40343 97030 2
9834 73850 2
96299 73075 1
48283 63425 2
92192 503 2
55228 29575 2
64155 84047 1
42347 81843 2
36017 74220 2
26842 48255 2
24176 92945 2
66031 10586 1
50967 70841 1
57891 49511 2
31353 29134 1
12963 87580 2
89855 71379 1
38034 59716 2
84834 36124 1
42149 85693 2
58804 9041 1
44197 25947 1
65880 62895 1
54417 67203 2
84038 12614 1
85721 39313 1
20297 22012 1
44388 62450 1
64352 2920 2
44715 57259 1
43840 66968 1
37212 53648 2
42608 8396 1
60824 59853 2
93547 56376 1
16500 40033 1
40962 51590 1
30428 47710 2
2456 34994 2
5900 42155 2
10564 60044 1
69717 90274 2
60466 23801 1
72510 15314 1
83874 17171 1
57664 87710 1
14792 20580 2
51145 30299 2
50474 50735 2
21754 73718 1
68965 12583 2
1705 86924 2
6601 58934 2
82560 37713 1
76568 18200 1
43100 52874 1
27499 27165 1
14127 46482 1
58989 73002 1
47134 90361 1
41502 86072 2
31107 9184 1
14001 51764 2
5964 48926 1
75982 1310 1
26458 4574 1
4689 14666 1
43811 90367 2
44777 89666 1
61969 89075 1
30522 865 1
1057 58272 2
33275 92793 2
6501 40066 1
59673 84526 2
24930 839 2
74514 10298 1
27443 57969 1
40699 67559 2
12228 72440 2
3579 68664 2
84087 60293 2
87373 84896 2
40899 61432 1
19106 48232 2
94480 91076 2
84285 91054 2
764 86733 2
16757 67041 1
84857 21745 2
27574 27302 2
29580 40668 2
36448 82902 2
39824 49650 1
15303 61725 1
22769 59529 2
32465 48669 1
29362 7340 2
69595 60777 1
99143 50681 2
18069 19690 2
79355 91748 1
74337 86974 2
85228 35954 1
10392 35635 1
68042 3103 1
33637 47345 2
65724 24472 1
29607 10477 1
97402 65698 2
23187 27351 2
24116 47601 2
31985 14029 1
97961 45010 2
68090 741 1
7089 45697 2
54464 55527 1
4980 59923 1
10150 29105 2
81073 37550 1
90244 57170 1
99960 2508 1
41380 68783 2
55440 8412 2
39176 52128 2
85938 20129 2
5250 48916 2
2699 74801 2
57785 11977 2
83806 72887 2
24235 88597 2
63648 4785 2
63077 45920 1
56827 83442 1
46605 17991 1
82123 38465 1
9209 44379 1
54724 58553 1
35125 81312 1
73066 84199 1
98753 89486 1
91895 38607 2
11217 84724 1
62840 31816 2
62923 29264 2
76944 39323 2
73292 56728 2
86101 92807 1
19684 56532 1
23758 74624 1
20693 94817 2
32667 50924 1
42136 80783 2
21229 39941 1
76184 21828 2
80265 57690 1
74420 82616 1
78921 76237 1
48129 13879 2
78843 63414 2
30726 26818 1
98048 84222 1
19711 33166 1
96014 69029 2
71323 35619 2
50127 87070 2
71294 73854 2
75584 46989 1
18560 60271 2
78515 79824 2
8075 89948 1
46189 29747 1
90880 71484 2
40136 55930 1
75731 85949 1
46002 46811 2
69355 20735 1
77197 25185 1
83587 29175 1
69165 26251 1
98348 12365 2
58077 71882 2
97161 49598 2
62170 69830 2
75857 95706 2
98230 50074 1
15472 78727 1
52598 78132 1
60038 13820 2
18197 57750 1
76774 88423 1
27103 20152 2
14713 44040 2
10454 51683 1
29401 66547 2
27377 16951 1
82358 64978 1
99160 28038 2
76212 42529 1
39497 35767 2
68811 73168 2
72630 64324 1
966 43365 2
38693 17884 1
40325 22039 2
77359 56258 2
97883 74548 2
61185 69067 2
61584 50844 2
7518 14660 1
91359 97411 1
41466 58315 1
10713 23443 2
73889 43953 1
57249 17128 1
7214 75326 2
81487 28882 1
90100 40973 1
96109 99318 2
21433 54923 1
2236 10638 1
23222 29948 1
25616 40164 1
70808 67927 1
31856 1435 2
9826 12677 1
6775 88742 2
39081 15333 2
37398 61327 2
15030 26027 2
98639 28498 2
30120 16445 2
87931 33247 2
78191 77237 2
13670 40091 1
28562 49186 1
16654 26975 2
38634 37286 2
99815 6232 2
1541 11321 1
28441 1893 1
48708 60069 2
512 17661 1
3549 66984 2
27468 33062 2
46553 81493 2
41983 31007 2
16631 75731 2
36146 34583 2
14376 46268 1
68047 89075 1
56273 99903 1
36376 37516 1
15404 94463 2
53119 30575 1
72807 27410 2
26828 68699 2
81923 18723 2
13883 30726 2
1494 72081 1
20123 75673 1
17129 5678 2
74512 63759 2
31835 56320 2
2257 24730 1
76573 4931 1
93802 13502 2
65268 92356 2
50876 5972 2
11483 1640 2
31000 3721 2
73406 2307 2
62952 78588 1
9567 84130 1
31558 71075 2
48116 24738 1
20131 14374 2
18727 95190 2
25537 16995 1
89269 66244 2
25465 81769 1
75568 37737 1
30775 54845 2
92573 41297 2
15193 54488 2
10583 70495 2
87699 23302 2
60106 19051 1
77005 76968 1
9912 44255 1
66883 60883 2
56088 97434 1
84612 73295 1
76690 91597 1
7573 90618 1
71620 73504 1
26763 71778 2
68896 77934 2
77908 60014 2
69259 27780 1
88527 77238 2
82816 13510 1
6191 54662 1
93515 78123 1
4060 81920 1
463 19580 2
61457 28022 2
33057 57081 2
42911 4788 2
75274 43476 1
18761 92820 2
5800 94643 1
44902 63911 2
33293 45842 2
70883 25875 2
13823 97119 2
25790 57648 2
29495 73341 2
43916 11018 2
71746 99457 1
56339 96866 1
87267 97304 1
97233 98061 1
72783 50335 2
46419 73043 1
38735 33385 2
43423 71505 1
23041 10973 1
88683 4248 1
94744 23382 2
74403 74028 2
97816 80897 1
24231 31237 1
16282 16898 1
53226 12241 1
74318 64399 2
30932 31120 1
57812 9843 1
28481 55447 2
84322 70797 1
45665 51726 1
78305 79310 2
88054 38130 2
60528 87487 2
44472 3923 2
9504 33145 2
38388 2007 1
84694 2730 1
12073 99925 2
64556 41559 2
66506 34139 2
60751 41268 2
23199 1289 1
94562 33966 1
78691 35572 2
68506 70882 2
43207 51716 2
8737 45091 1
33006 39862 1
90612 98071 2
13839 55066 2
78949 81787 1
59927 27734 1
40921 80731 1
75748 44289 1
26634 11323 2
30730 57705 2
78470 80913 2
99570 23214 2
67534 28391 2
99478 48452 2
77464 92062 2
17927 10549 1
89134 61254 1
12231 78621 2
87917 60967 1
59919 25612 2
81351 92540 2
58058 27400 2
76225 57779 2
62808 88456 2
51542 99982 2
51852 52666 1
17810 5860 1
71951 85629 1
34519 98016 1
82299 64648 1
81563 27489 1
89344 71458 2
93480 85241 2
41634 75751 1
21595 79183 2
52697 58153 2
72454 70429 2
32815 52013 2
80879 90034 1
99622 60266 1
48014 87088 2
51728 90574 2
36467 82543 2
42229 50392 2
22781 11577 1
16336 639 1
41860 72012 1
96050 61385 2
82352 14043 1
61854 74901 2
81151 31437 2
35147 70898 2
31523 54716 2
2502 27781 1
34114 33880 2
6093 32615 2
33557 72130 2
35124 69637 2
14985 16209 2
69028 53790 2
15969 49168 2
4471 29257 1
55601 58398 2
84926 82796 1
20421 17644 1
62363 7174 1
920 16835 1
45351 33894 2
23453 7292 1
14573 94481 2
70234 1797 1
78861 23648 2
57256 9891 1
4570 88575 2
59924 31178 1
42012 624 2
23041 76487 2
49615 83110 2
96452 85527 2
33858 8394 1
5767 52909 2
61210 10554 2
64614 17744 2
97452 99237 1
68149 50458 2
24454 80784 2
20375 67354 2
71334 98452 2
7560 68211 2
35393 36221 2
58325 93659 2
75742 22732 2
76607 84157 2
90617 76983 1
79932 72503 1
38049 84196 2
42070 21693 2
79865 21617 2
66762 29428 2
9754 11407 1
68361 42552 1
86480 17410 1
3674 22902 2
10617 26627 2
14198 26386 2
15082 73022 1
811 55587 2
51753 50452 2
52442 23122 1
27443 83610 2
37754 72735 1
11288 55545 2
29074 9948 2
22490 11660 2
71234 6767 1
16978 62693 2
96315 61204 1
70379 58471 2
78402 58553 2
93157 86189 2
89681 92577 2
41811 59490 1
35190 54274 1
89085 59720 2
10067 29863 1
2559 12497 2
95644 68398 2
42088 38889 2
36988 41418 1
15164 92906 2
18704 1922 1
1811 21029 2
44170 47121 2
45912 53888 2
96335 89540 1
23882 31219 1
19418 97567 1
16670 7914 1
7447 61304 2
41435 73318 2
80584 43194 1
56444 35100 2
22468 93348 1
2994 28020 1
72435 27784 1
92800 32971 1
65235 31948 1
47357 29937 2
10166 34860 1
15349 19980 1
2594 13366 1
52200 89620 1
54735 28716 1
66858 69525 1
20141 23462 2
45473 52656 2
82043 1037 1
59723 83033 2
94321 41441 1
88117 74682 1
98327 85780 1
79108 91407 2
52780 34893 1
31184 4137 2
80928 31687 1
35780 29931 1
56825 36687 2
56608 69072 1
23890 72969 2
42327 6531 1
34008 42123 1
82225 51109 2
11532 84320 2
85226 38026 2
76451 59110 1
4561 82588 2
77993 59857 2
34666 70967 2
88121 73030 2
53261 44299 2
66311 11776 1
93669 99038 2
45974 97007 2
61297 80391 1
9090 80756 1
37798 95988 2
53464 91655 2
11819 37477 1
22233 33137 1
1275 64014 2
76315 45106 2
45415 97017 2
36327 56380 1
73842 16002 1
76252 84149 2
24243 14457 1
93675 73242 2
22358 89827 1
90105 91767 2
23131 40730 1
79168 92847 2
72054 3656 1
34350 33082 2
78061 71696 1
324 90178 1
11517 33894 1
93816 20837 1
13014 58481 1
71155 92854 2
69274 60272 2
21300 32700 2
24706 98994 2
70636 6898 1
64409 99836 2
17408 68901 1
64255 11048 2
17354 62009 1
29351 28608 2
48952 26341 1
28761 38631 1
25868 38162 2
63409 86288 2
57818 90719 1
73886 55525 2
22413 18816 2
29412 2561 2
68738 13179 2
49306 10550 1
47498 37513 1
8493 24873 2
97933 47355 1
10363 42481 2
27010 59539 1
52825 6075 2
83416 42918 1
19438 52777 1
8977 40513 1
19733 49134 1
46433 16929 1
79103 23699 1
74675 47545 2
33327 31318 1
90308 90384 2
88380 42054 2
19014 90208 2
68274 86600 2
20959 26073 1
93521 36597 2
56871 70907 1
65165 79961 1
34062 93312 1
24268 61718 1
77811 25200 1
69451 61631 2
18894 46410 1
22138 64797 1
7207 18658 2
77115 81838 1
72252 31261 2
15687 95105 1
73503 19510 2
42633 57499 1
28246 57693 1
81696 69941 2
61466 85587 2
23169 36027 1
21336 53392 2
24980 78 2
34515 75613 1
46738 76547 1
66016 8410 2
25645 8867 1
13576 46361 1
73896 63657 1
76361 88737 2
70331 89383 1
71830 48076 1
48528 4993 2
9458 65993 1
40041 33391 1
66553 89947 2
11319 68256 1
69976 98551 1
94852 36562 1
35184 54762 1
41195 14555 1
5271 20209 2
1530 29187 2
79766 83072 1
36375 35783 2
51532 2268 1
8248 83384 1
98889 81248 2
4777 90810 2
91284 10588 2
618 96518 2
28518 10097 2
84911 26696 1
81837 6742 2
34014 41217 2
53450 70518 2
86708 49830 1
4691 73776 2
83745 51647 2
99922 92726 2
55015 88617 1
65027 44334 2
58911 3765 1
20762 66516 2
96916 87206 2
28603 77814 1
59301 65527 1
97600 49879 1
46279 31731 1
72855 72844 2
25953 60923 2
4961 54754 2
28879 54852 1
10964 67510 1
13568 47894 2
54938 37179 1
52152 83566 1
40432 47384 1
60110 33852 1
68584 95687 2
54671 83814 1
20711 32280 2
49753 96867 1
64360 54028 2
52321 75521 2
3255 74202 1
53422 32128 1
13334 89741 2
72187 7445 1
45051 2819 2
8825 6408 1
16784 23504 2
25098 34102 2
91826 63641 2
45160 52911 2
65203 92954 2
22972 13401 1
76729 70624 2
23623 20907 2
7868 41904 1
23740 49427 2
11595 36126 1
83396 40177 1
59304 1143 2
41433 31706 2
80071 59992 1
57195 81525 2
63251 31924 1
50462 61921 1
91690 15377 1
42058 6222 1
58300 79563 2
54234 30271 2
22991 51792 1
3405 70894 1
98430 10467 2
2520 93352 1
65461 24538 1
55875 17005 1
18615 41632 2
12039 10801 1
52377 50259 2
17654 59710 2
18692 85095 2
82323 49552 1
17686 72609 1
74006 26295 2
80386 99228 2
33193 99065 1
19051 46152 1
83757 3725 1
63821 68070 2
34070 80160 2
40981 47885 1
82155 33076 1
11811 55432 2
41863 97565 2
6415 46582 2
81723 67042 1
61122 35689 2
56873 90370 1
16856 90599 1
64170 33292 2
17925 6124 2
84554 13509 1
50413 22022 1
70247 93286 1
32905 8440 2
83957 81948 2
22217 52696 1
56956 19207 2
31085 34992 1
39800 83547 1
8171 12000 2
6425 39585 1
81005 2906 1
96897 10871 1
98031 88037 1
14920 96588 1
38949 85500 2
27611 34309 1
97171 28524 2
79257 7803 1
12595 16025 1
78357 32635 1
21587 72857 2
7287 35876 1
16628 85047 1
24539 46732 2
47788 90226 2
57648 22844 2
72357 34587 2
31065 68591 2
36060 56635 1
80912 99959 2
90243 37962 2
17086 29880 2
60319 23801 1
78149 71179 2
82218 80873 1
74774 74461 1
11474 88210 2
3547 37133 2
89784 9629 1
32174 81745 2
17939 58506 1
1408 56946 1
83338 76363 1
86995 4171 1
49725 46791 1
79456 38382 1
2717 31768 1
78739 88639 1
22896 93869 2
78473 87479 2
66766 45513 2
10137 82114 1
99974 55778 1
4840 88769 1
93626 83235 1
90963 55049 1
58142 93706 2
30121 30467 2
89309 9099 1
80751 48810 1
7380 95243 1
56666 73680 2
57717 34469 2
28376 45465 2
95686 5513 1
65256 11645 1
50655 66392 2
65757 7818 2
38000 23849 1
20127 66337 1
56600 9768 1
97257 34677 1
98223 17521 1
16908 33935 1
79197 62169 1
24011 35980 1
89504 97958 1
67325 63549 1
24235 16114 1
47439 6757 2
8705 48300 2
17311 83903 1
67518 88662 1
21186 4982 1
93998 21512 1
32254 63403 1
39252 65420 2
56529 87667 2
94821 19392 2
25704 65750 1
1290 94487 1
21769 23153 1
98914 26360 1
81386 52277 2
86749 10909 2
71095 98726 2
16546 57686 1
36848 4892 1
88906 77284 2
4904 3077 2
65314 46174 2
5127 9345 2
36173 3087 2
38025 65285 1
6688 19349 1
40509 93721 1
7525 60804 2
47656 41018 2
3608 20161 1
32159 79832 2
71021 43912 1
87952 82521 1
62920 16295 1
8794 1205 2
18339 22688 1
62448 29079 1
19340 6699 1
30361 11874 2
65508 4625 2
54259 10762 1
19937 92754 2
47052 1335 2
53805 88096 2
16040 2278 2
49508 82306 2
89086 75495 2
2426 3954 1
31067 57056 2
45811 84511 2
37885 36520 2
34377 97900 1
7960 95501 2
64522 10831 2
25621 16527 2
73112 1971 1
88942 22306 2
48231 42678 1
98996 81520 1
65569 15308 1
28105 25269 1
74853 20506 1
57062 31329 2
45860 96892 2
26902 68378 1
70436 35871 2
81977 31287 2
57885 82631 1
16034 96230 2
61182 5035 2
39034 91271 1
2280 34996 2
15483 80782 2
78130 25506 1
62645 89061 2
82244 92903 1
37100 9735 1
71644 43209 2
8088 39943 1
6700 53604 2
2499 88775 1
1241 5318 2
78671 52033 1
32446 29938 1
4718 23010 2
60295 45918 2
9480 58089 2
97431 42836 2
37688 46829 1
8130 10548 2
21999 42804 2
13267 28753 2
720 85501 2
94984 83088 1
51186 74103 2
37137 96940 2
1250 16775 1
68436 26005 2
38814 55142 2
7628 82283 1
64538 14465 2
93573 67016 2
90143 53880 2
14018 52084 1
26695 24959 1
63512 41262 1
87843 38815 2
67888 43722 2
54389 93846 1
10664 653 1
69654 47283 2
15315 17107 2
40273 59003 1
68308 96778 1
74150 58695 1
34215 22036 1
64840 64388 1
41881 90409 2
64671 63057 1
50283 54259 1
74055 53188 1
29395 77776 2
33295 78758 1
34362 59635 1
91547 13010 1
17823 1986 1
94851 56698 2
11314 39482 2
17202 82818 1
65498 28679 1
78855 87651 1
19024 31661 2
40727 66505 1
24066 82242 1
69705 24310 1
87889 58129 2
12505 26781 2
82131 54232 2
26069 30247 2
50641 42090 1
55523 26801 1
78474 23919 1
88505 80812 2
56911 65471 2
45732 53660 2
87557 55051 2
60098 19130 1
64262 15220 1
85927 72178 2
84352 94673 2
82204 3558 2
69684 3598 2
4667 95529 1
90520 39368 1
821 92740 1
83894 20273 2
34476 61524 1
78635 33714 2
37241 90314 1
86344 74852 1
73831 20298 2
91765 24854 2
8694 73068 2
43465 16875 1
87801 57791 2
17971 68761 1
43384 78881 1
26644 90314 1
14415 76072 2
32162 60286 1
61773 98236 1
66119 27240 1
10486 96122 2
35072 20397 2
68610 77683 2
3327 8872 1
66651 47530 1
53546 9 2
99331 11642 2
19737 72337 2
93100 30350 2
74331 17143 1
24766 80295 1
66898 19590 2
20788 65722 1
59986 39709 1
17567 24527 2
52550 27373 2
86882 50403 1
45004 85055 2
67444 18919 1
90516 27500 1
27105 414 2
3332 49730 2
85737 17539 1
93239 40134 2
35328 89281 2
27161 70508 1
31084 39225 2
97069 38081 1
65643 16095 1
82599 61986 2
3658 84477 1
24339 4194 2
8878 65391 2
82924 82760 1
73295 4134 2
92517 4910 2
48984 55685 2
98436 90499 1
92073 40199 1
87042 68106 2
48021 80183 1
40716 73209 2
3044 91158 2
7045 8699 1
18706 63320 1
64546 57711 2
8334 54471 1
90124 47302 2
32988 71071 1
58882 38088 1
98356 3376 2
69108 51664 1
31232 90240 2
77961 26828 1
79650 30118 2
2810 1118 2
63116 89008 1
99188 13949 2
65158 89662 2
58938 53813 1
52331 97028 2
7905 87779 1
72748 64172 1
51379 92441 1
1803 26386 2
67405 61824 1
21986 93126 2
63968 67953 2
85210 64110 1
37427 78843 1
28244 74753 2
69695 94913 2
100 69261 1
71890 42297 2
84368 28977 1
46957 69197 2
94581 81572 1
68870 79134 1
47267 53420 1
68359 18524 1
52636 31272 1
91245 10607 2
12345 59079 1
29449 47346 2
39973 78607 1
31202 17458 1
60735 8407 1
5618 40371 2
47293 2444 1
80165 64299 2
48772 41872 1
17085 98117 1
89873 52918 2
63856 68096 1
98195 68136 2
38760 5422 2
98062 77377 1
81186 99381 2
58969 35251 1
95792 21041 1
24321 30851 2
6231 5680 1
46628 63496 2
86098 64596 1
31607 82639 2
4269 30549 1
2529 53530 1
90794 22109 2
75229 77372 1
59520 29962 1
90140 12959 2
52246 90415 1
47329 64894 2
47821 53011 1
32707 54827 2
86900 77616 2
142 47402 2
76177 61269 2
52866 91316 1
43039 64165 2
72722 22966 1
6698 37558 2
66823 68911 1
46581 81875 2
91675 73525 2
99348 56443 1
766 61809 1
75250 56319 2
77909 2142 1
35757 57959 1
87958 91630 2
33141 37774 1
77068 68421 1
46000 418 1
46329 52540 2
96057 76421 2
31567 55359 1
88316 13839 2
13462 54703 2
4668 84617 2
52842 81473 1
782 68179 1
35002 76414 2
70043 86911 2
41706 7585 1
35330 98867 2
89586 88988 2
29363 95371 2
49692 70035 2
72405 81814 2
64970 72671 1
55521 30612 2
46605 91820 2
53380 45950 2
24847 15259 1
40225 81502 1
15627 353 1
34285 66162 2
97551 82342 1
85681 16750 2
6817 93415 1
27820 35287 1
27223 23189 1
5839 77352 1
90397 77492 1
83358 91761 1
79187 90845 1
75702 44403 1
8173 32924 2
5057 38981 2
89393 15826 2
77763 2898 1
10492 99252 1
94065 85945 2
45950 50026 2
62261 74636 1
78393 61425 1
12364 65201 2
59430 38490 1
11111 60260 1
41487 93128 2
5997 10867 1
31670 5750 2
32760 15744 1
8621 43727 1
55924 87651 2
41020 34228 1
84803 74534 1
36639 45370 2
45307 17223 1
62213 81673 2
85062 84729 2
11410 80286 1
45025 59299 2
71581 19401 1
98941 67135 1
29459 1872 2
81666 22332 2
75442 66123 1
40775 67709 1
8623 48422 1
91259 30104 1
52209 33890 2
45791 74712 1
48339 12403 1
23338 92316 1
49862 42083 1
28996 7637 2
91884 84334 2
9291 16684 2
1438 32548 2
67569 81113 1
62728 69035 1
64411 45613 1
88264 95931 1
40772 88265 1
67378 65087 2
70552 61253 1
67886 73434 1
20857 27306 1
65145 38656 2
67710 10808 1
99424 94425 1
77679 88353 2
87944 53377 2
10058 86540 1
91977 61451 1
66593 39955 2
78126 40057 1
1754 50309 1
97750 59110 2
59373 47045 2
97494 33532 1
57066 29193 1
7477 29758 1
3568 27932 1
83055 72928 1
22071 39996 2
98387 97321 2
61735 2140 2
93541 63800 1
8287 65923 2
74172 12764 2
41839 27980 1
96549 26331 2
47998 90692 2
59358 37932 1
62213 99280 2
67292 76605 1
47409 4036 2
42758 74605 1
52197 88780 2
37207 14035 2
81718 15815 2
52960 25973 1
39021 53223 2
3779 36850 1
14345 65010 2
51673 2745 1
7322 4548 1
26669 44495 2
8039 50091 2
47391 81198 2
66729 30857 2
56163 87680 2
2510 89366 2
83903 71080 2
61175 73788 2
46608 56217 2
9626 94425 1
43493 8093 2
44352 68032 2
22627 29935 1
92328 59960 1
41343 39393 2
51106 77563 2
65255 70423 2
3157 51705 2
75066 65898 2
60891 12051 2
47339 96231 1
8863 62784 2
4706 2317 1
92837 30539 2
86523 3603 2
91331 79698 1
17956 34143 2
23552 17065 2
28707 3343 1
59708 20661 1
55567 60052 1
66536 5010 2
80402 31955 1
329 53966 2
71405 67234 1
21209 87659 2
1844 70129 1
23782 72161 1
46126 8734 1
20594 2425 1
28790 57311 2
76721 30675 2
94717 91869 1
12334 52257 2
17125 6899 2
27110 7178 2
17735 21587 2
78571 11464 1
33678 66337 1
82114 21322 2
87994 43606 1
3557 33491 1
41183 9502 2
38051 46233 2
97923 2042 1
50971 14375 2
9955 50783 1
61092 90619 2
92814 44694 1
25672 60680 1
79528 63226 2
32485 66197 1
19337 54141 1
64939 72701 2
9372 70339 2
71712 31822 1
59329 16004 1
25567 39018 1
8523 48175 2
63412 64456 1
65794 12034 2
92002 72787 2
89633 93715 2
72637 47914 2
99833 10922 2
8784 18303 2
69101 8932 2
3257 5816 1
67828 31378 2
35112 96593 1
62651 46648 2
64164 74840 2
35008 83342 1
93061 71344 1
85112 43266 2
33531 61295 2
14953 87669 2
17510 80671 1
12497 23929 2
56571 5856 1
28733 9369 1
68582 72293 2
9619 14289 1
98146 70547 1
93769 95794 1
35459 62629 2
79691 45952 2
67788 68746 2
89113 83411 1
9017 43205 2
61382 86009 1
56407 98604 1
5594 41106 1
51495 33707 2
93585 42483 2
31743 7134 2
69018 79300 1
4328 81466 2
31449 88002 1
6113 76708 2
29574 42270 2
52730 72632 1
64140 62747 1
65338 60452 1
59882 564 1
4090 43370 2
53301 54548 2
85544 89698 2
70580 11836 1
77093 36405 2
65635 82880 1
72775 19235 1
22833 6666 2
54840 3230 1
52162 33846 2
21909 47245 1
39981 41972 1
20623 47498 2
25694 586 1
94286 14628 2
77526 53775 1
34857 24414 2
54086 1425 1
63791 28142 1
25304 1168 2
67777 93375 1
87174 5985 1
24213 54671 2
93889 54923 2
53109 58866 1
8811 66317 1
38878 86509 2
99229 97846 1
92546 75547 1
57570 3340 2
33574 95756 2
76954 91014 1
66436 79137 2
63864 18610 1
44298 58801 1
82885 15088 2
59354 80008 1
95035 44180 1
35144 87106 2
73514 33512 1
55615 19828 2
37142 42599 1
58620 68516 1
95510 24548 2
13105 17452 1
87735 36609 1
54532 99035 2
99032 27896 1
51181 73427 2
26188 82102 2
57531 47372 1
6107 85435 2
92592 79760 2
21440 21179 2
32993 65053 1
80172 27648 2
3639 35686 1
90946 27077 1
13200 19762 1
49849 49404 2
64318 87612 2
60477 88810 2
26055 31953 2
46895 5798 1
86403 61909 2
98432 27677 2
27586 66078 2
6074 89585 1
11779 68951 1
20919 45749 2
34590 34143 1
63016 31731 1
24923 86696 2
32687 55526 2
38233 81080 2
58053 8896 1
99592 13611 1
95285 83141 1
59919 69871 2
61183 82446 1
16071 2918 2
82166 40968 1
13021 70856 1
91778 88178 2
32404 3454 1
23935 31842 2
54081 83048 1
98908 23265 1
48173 94232 2
89981 77802 1
11799 20245 2
1946 41583 2
27439 10105 1
56190 65524 1
21564 12915 1
61160 56466 1
87671 3398 2
82669 18709 2
21774 13992 2
88692 62847 1
83298 85444 2
8728 33059 1
97289 12569 2
5770 56874 2
79661 1432 2
28013 41970 1
46378 70505 2
22616 32489 2
13236 76583 1
37048 73942 1
93455 35423 1
11 81681 1
89525 84214 1
24101 77094 2
25588 23680 2
18127 18327 1
88173 35273 2
69763 72311 2
34166 22448 1
51026 34511 2
54521 34215 2
20286 80956 2
34451 23957 2
48192 70415 1
70966 84564 1
84483 22508 1
40391 62227 2
64263 38476 1
11744 14580 2
48415 55259 2
54831 86479 1
18739 33498 2
87286 11022 2
4223 72030 2
58089 76207 1
99602 53455 1
86963 67653 2
19216 31914 2
94961 25399 1
59601 73888 2
5333 41632 2
76607 52917 2
99812 589 2
67548 71969 2
53369 68386 1
3418 84402 2
72736 88246 1
40545 28040 2
19451 79346 1
48620 44984 2
38369 43669 2
37452 10090 1
94458 99923 1
65188 63611 1
22628 92657 1
59083 65564 2
99089 34667 2
25485 41136 2
47207 43055 2
95498 4914 2
80958 97471 1
6230 40909 2
65958 74931 2
61623 50274 2
9182 90901 2
40234 48998 1
81918 82659 2
26239 45697 1
26670 10640 1
16408 67184 2
53004 30531 2
84654 93379 2
61451 82454 1
32140 96768 1
94830 79448 2
23058 74046 1
37937 29644 2
51667 80011 2
27809 54664 2
7895 19303 1
21598 21399 1
37178 72710 1
66368 32119 2
81387 57714 1
1071 36060 1
56142 29159 1
76170 44811 1
98171 93526 1
28193 62752 1
83964 96290 2
37339 60872 2
60563 357 1
76785 7432 1
98482 44780 1
13745 94004 2
21760 2775 1
67612 37496 2
19067 92123 2
14504 75219 2
95889 9919 2
56382 12375 1
26277 49314 1
57661 67659 1
25393 71955 2
10933 24713 2
77342 19384 1
56109 43936 1
88397 70920 2
53727 65618 2
34161 24849 1
65334 10647 2
14259 58706 2
84054 84825 2
92045 35074 1
3669 27414 1
6128 264 1
35706 81250 1
49214 32928 2
62245 47906 2
29232 77692 2
34343 41969 1
39729 14401 1
5605 6847 2
42464 77862 1
32313 29805 1
68659 50904 1
23121 1362 2
6607 12217 1
67150 1785 2
720 71356 2
24583 84353 2
7496 66635 1
25699 25467 2
38264 1154 2
35458 19056 2
14360 54385 1
74389 83353 2
15861 83549 1
16834 53445 1
94477 24319 1
23745 68726 1
6837 22915 1
25921 95844 1
79988 85931 2
98116 11672 1
10021 27946 2
56638 55410 1
441 34378 2
10714 82117 2
36242 77670 1
21621 80213 1
92970 27088 1
69953 63072 1
86922 57740 2
41476 75154 2
42867 44563 2
5110 7631 1
47000 85234 2
15654 47693 2
73122 69224 2
22806 47511 1
37067 92427 2
72186 78411 2
14115 61444 2
33950 92893 2
14287 59502 2
49789 4274 2
60228 58875 2
95338 50438 1
59120 3599 1
73387 67398 2
61938 86243 1
31800 375 1
83133 65699 2
34273 10093 1
3449 23409 2
29798 50869 2
26722 33824 1
47836 55531 1
68423 12313 1
52463 54244 2
16204 49849 1
21274 38790 2
9993 56593 1
65584 39819 1
71976 21637 1
66167 96354 2
426 89614 2
76488 28142 1
28483 17176 2
65553 13477 2
88026 41604 1
78739 14034 2
84106 96647 2
98691 98355 1
28164 93769 2
12429 22203 2
55467 52072 1
45004 70033 1
88438 57426 2
42708 68016 1
48049 9134 1
137 59333 2
30972 88372 2
13637 8660 1
8427 81712 1
12086 59252 1
95044 23971 2
3805 31630 1
79524 40162 1
46864 21153 1
39866 8885 1
90040 18401 1
13547 36089 1
80916 87444 2
98348 48767 2
88373 83732 1
40075 8907 1
52544 74319 2
99975 96533 2
9231 19818 2
5331 89835 1
83088 50490 1
60471 41453 1
77348 99049 2
20623 27632 1
43489 92631 1
5866 69628 2
43601 35927 2
23596 22990 1
38353 42509 2
83084 54839 1
81011 1367 1
91575 71866 1
19068 48385 1
83211 44722 1
45478 53007 2
56221 4938 2
71871 67223 1
86388 94851 1
58985 71716 1
96331 56209 1
67032 79252 2
35795 77790 2
66647 4603 2
71694 17702 2
61699 71358 2
67829 15290 1
40590 19897 1
30004 16669 2
67326 51226 2
82505 64138 1
20619 90883 2
11752 43851 1
72484 6668 1
36889 52003 2
94859 81566 2
70840 1094 2
13620 65849 1
4117 87804 2
8746 72015 1
40178 44354 2
48555 86023 1
19048 59048 1
68903 86587 2
17826 36243 1
52388 99578 2
74399 37661 1
98141 26983 2
36788 98448 1
93758 99095 2
53928 86543 1
6762 74871 2
38263 97134 1
59734 80517 1
18160 30453 2
43435 52402 1
92343 59552 2
67207 48582 2
56579 39329 1
97116 47548 2
63713 48061 1
18032 41633 2
31343 48747 2
31804 18809 2
91202 65209 1
34253 40187 1
69761 85670 1
90694 39760 2
60903 36009 1
39772 93239 1
9381 64649 2
95960 87748 2
66525 69154 2
70553 3709 2
488 16486 2
27471 97756 2
91665 31002 2
57729 86128 2
67608 46645 1
94920 16987 1
40785 10948 2
79602 18165 2
60290 71817 1
43328 39623 2
80168 10871 1
95976 68434 2
67666 92728 1
31699 37254 2
21797 66759 2
87008 81259 2
56598 27126 1
33472 43963 1
71987 46634 2
83832 51141 2
4987 89690 2
73538 11660 2
34337 32723 2
90380 14470 2
26637 51159 2
38743 18014 1
26010 51993 1
18489 54995 1
377 30658 2
83036 68535 2
49293 91216 2
71389 48208 1
79342 94866 2
79213 20602 2
14278 46285 1
82644 90274 2
87830 82074 1
67433 2925 2
55314 3621 1
91803 26095 1
82209 76175 1
23211 80373 2
51006 43342 1
32783 24572 2
14554 84872 1
17681 17143 1
73239 82619 2
72110 22668 1
22382 81560 1
54232 58296 2
70762 14147 1
44916 73831 2
9099 60725 2
45789 23516 1
99397 36922 2
98559 8879 1
23774 25300 2
13212 62346 1
54995 26006 1
30187 62636 2
78323 15945 1
99284 62950 2
88834 98122 2
90645 44256 2
27864 40682 2
5216 84149 2
64896 31565 1
8155 6802 2
91129 88492 1
82302 15387 1
30392 74131 2
98905 76839 1
18628 82563 2
72171 51871 2
52345 36209 1
34988 83043 1
90342 45765 2
30692 76516 1
86991 27196 2
49201 60619 2
43467 15367 2
95909 94129 1
3271 91850 1
82150 21477 1
78113 5405 2
99437 15433 1
90029 51887 1
38055 86837 1
31924 74622 1
62999 85939 1
21648 55135 1
14066 78753 1
43410 27357 2
39617 32978 2
6876 5074 2
31587 30573 2
17799 8495 1
18888 88813 1
45375 48410 1
53143 84543 1
92193 62763 2
14569 24039 2
64740 80078 2
81707 77467 2
95949 39524 2
37760 37606 2
39417 78081 1
35965 37415 2
95095 2639 1
19532 9007 1
40875 81994 2
38665 28135 1
30221 97283 2
53096 86119 1
4616 75037 2
20621 7200 2
59131 55795 1
99282 74644 2
96475 63824 2
18661 78392 2
7119 48533 1
78631 73369 2
87539 17078 1
34510 37556 2
94230 39229 2
29603 92444 2
71772 78886 2
47269 13815 1
99548 12354 2
837 75490 2
24770 69908 1
77224 49897 2
41615 57270 1
1800 79120 1
50356 12725 1
9683 38189 1
13147 93329 1
23178 6986 1
31102 98879 2
66052 85992 1
88494 28007 1
46856 64599 2
81165 99237 1
57462 22655 2
98676 48076 2
71327 57179 1
13646 76222 2
14952 3993 2
3387 14709 1
36780 51323 1
21230 31166 1
53719 41336 2
59439 83321 1
52843 38971 2
5914 7386 1
23295 68003 1
24511 17387 2
58619 27938 2
97536 73352 1
31677 11807 1
9301 36417 2
23 83124 1
5259 46267 2
46606 78608 2
34913 82959 2
94813 6997 2
33162 18570 1
38576 38427 2
17005 8588 1
89609 81420 1
93416 50345 1
84895 16966 1
55753 28139 1
41242 82620 2
79444 173 2
31480 99701 1
51200 33185 2
98763 75499 1
29273 4684 1
22873 84878 1
28383 75941 2
18907 91583 2
20774 42617 2
20446 78357 1
92853 49002 2
94021 81339 1
5991 4139 1
21796 44208 2
64460 20294 2
96519 20069 1
95977 56470 2
60041 7491 2
17012 87469 2
87710 90211 1
30233 77615 2
62505 47251 1
4952 1589 2
42982 27480 2
9348 40908 2
57890 82118 1
42117 20627 2
10717 46506 1
5847 71104 2
9327 28961 2
18953 43420 1
94945 47422 1
56767 79234 1
81391 50856 2
11057 5252 1
87725 44985 1
28170 1286 2
86751 56288 2
457 47713 1
82623 1664 1
48259 25474 1
11450 75855 2
35999 44648 2
19475 33176 1
22008 18025 2
81439 49241 2
46143 15501 1
61384 67782 2
48855 94578 1
39563 13124 2
55671 72839 2
82649 16975 2
3724 41777 1
88377 34484 2
76116 13640 2
43621 92471 2
85475 91131 2
25384 46767 1
29762 18280 1
9191 45541 1
46187 1765 2
36661 90649 1
1615 5850 1
29756 88669 1
7440 80036 1
19707 22967 2
49959 90132 1
15939 86467 1
30143 5966 2
29305 58351 1
98648 76683 1
66712 96606 2
56869 13687 1
39660 52454 2
21518 81331 2
8599 8626 2
40079 46612 1
20239 3392 2
46551 74178 2
68894 90691 2
54730 49882 1
79041 5154 2
26720 34797 2
25994 13752 1
80931 17727 1
46431 13202 1
48053 64360 1
42424 1396 1
37384 15830 2
91460 69556 2
29380 43145 2
42597 40637 1
42276 4982 2
83663 75086 2
13945 12773 2
36365 16217 1
40741 83859 1
80860 85732 1
10338 3185 2
11342 67467 2
34201 1763 1
35145 90716 2
54155 57601 1
34374 97145 2
70860 33881 1
59570 43610 1
20450 93131 1
74000 11912 2
44266 15372 1
11348 42147 2
48020 36324 2
58857 23933 1
73154 28496 1
76237 86525 1
94189 39424 2
32016 75070 1
81184 3930 2
53753 37037 1
78779 43413 2
99872 98638 1
51377 70527 2
9461 36119 2
33290 96024 2
36536 62579 1
21858 68661 2
59423 82688 2
76200 45757 1
57395 22289 1
35904 75247 2
75538 51438 2
48578 49243 2
22095 2319 1
27032 96900 1
686 91077 1
53700 41253 2
29769 99185 1
78136 5160 2
26637 9067 1
49147 52624 1
22621 6972 2
54923 75601 2
33390 11204 2
49942 91122 1
45930 74005 2
21791 84978 1
6413 26837 1
7679 38592 1
76811 91936 2
30466 66370 1
22376 87141 2
48166 51599 1
92222 73284 2
44607 20437 1
41947 96118 2
86518 89844 1
52928 18277 2
10501 22240 2
97699 3695 2
12444 67811 1
55534 21479 2
86688 96440 1
88061 4020 2
58631 59698 2
6788 75313 1
64221 10963 1
42567 19787 1
91649 79253 2
25345 20582 2
33992 65413 2
18909 21241 1
38266 6242 2
51616 557 1
98960 60579 1
22109 84321 1
81180 29870 1
8319 77833 1
17217 90946 2
67939 59243 2
21239 41646 1
69819 32832 1
11273 46487 1
93356 45433 2
21974 93494 1
86416 12120 2
17363 62968 2
97622 34450 1
97863 95804 2
64925 62132 2
57965 64472 1
50364 70459 2
90934 47541 1
14685 38746 1
44612 55534 2
6525 48280 1
60784 49205 2
23534 97711 2
89126 82671 1
18102 56751 2
8932 21426 1
29070 70456 1
91902 12878 2
80899 94820 1
6429 1505 2
33495 40634 1
97915 36993 2
78945 15228 1
85864 83607 1
73641 78714 2
20041 74046 1
86509 91133 2
44563 71720 1
60096 18685 1
59348 12601 1
39269 45963 1
99659 66858 2
32024 54216 2
93707 11463 2
46117 56012 2
9468 68882 1
95343 19968 2
55034 32990 2
47019 43556 2
42612 44628 2
45538 41450 1
86222 93201 2
33971 47993 2
93535 34022 1
20014 18603 1
40980 67799 1
79386 98479 1
29483 48317 1
18511 35848 1
82841 72708 1
60349 16523 1
67749 76429 2
37700 15173 1
72810 63149 1
36474 17491 1
20121 68877 1
37736 4457 1
86485 34952 2
54125 6316 1
53525 94863 2
10681 26551 1
53253 14184 2
69779 79514 2
30181 92715 2
19124 47318 2
45800 56484 2
47914 60290 2
68567 9108 1
64534 96873 2
16236 16240 2
40590 19626 2
95671 16256 1
38332 63287 1
24957 42625 2
14749 51734 2
14643 8964 2
36354 61507 2
62567 2509 1
99826 1324 1
86456 99924 1
27654 28884 2
22265 3399 2
59660 36720 1
94930 70694 2
13862 83789 2
87775 93350 2
10088 28328 2
63951 35919 1
44060 88468 1
50950 84446 1
47105 89496 2
50811 8900 1
51752 12206 2
17723 47620 2
50358 12422 1
56964 15161 1
39430 37025 1
8043 59150 1
70852 52054 2
33527 54372 2
42610 97904 1
62627 77104 2
89415 65709 2
77184 45849 1
44778 67137 1
49104 49726 2
56476 54385 1
58956 71407 2
81548 95353 2
35744 61391 2
50944 34086 2
23146 49433 1
40722 64221 2
78494 92824 1
56593 83506 1
2212 20173 1
48348 48562 1
9752 81100 1
6539 92250 2
45386 95519 2
69798 75165 2
65852 290 2
10859 98977 2
15239 81221 2
37964 72834 1
27030 8430 2
52303 68174 2
30728 31988 1
57964 872 2
10866 46469 1
18163 57318 1
41275 59264 2
72579 83763 2
75039 540 1
69428 18189 2
49389 39488 1
90414 81288 1
80169 74312 1
65072 41865 2
99050 58535 1
3466 50283 1
71005 88095 2
34179 44894 2
95392 45578 2
17363 59875 1
20104 48981 2
28106 3249 2
93723 46336 1
5928 45811 2
13751 37151 2
89411 35272 1
24937 2972 2
68612 3234 2
22007 74706 1
75209 70727 2
81463 99667 1
94053 26515 1
53333 15428 1
85244 12180 1
12433 59356 2
23912 51309 2
94879 62920 2
71222 85652 2
24837 58410 1
14601 26483 1
8224 79605 1
63958 24682 2
85247 21555 1
327 14059 1
90406 10303 1
24953 15613 1
8877 38091 2
35965 21883 1
21791 12156 1
15930 58802 2
63996 41929 2
25801 83846 1
82263 32511 2
18104 8717 2
13336 24320 2
36040 42994 1
46874 8511 1
20367 30612 1
50574 11173 2
18135 7812 1
12663 36496 2
87549 28683 2
83052 92751 2
31347 21569 2
87066 80519 2
45822 23127 1
67039 47281 2
28504 71118 1
36528 80665 2
25935 34238 2
46964 26017 2
94660 54320 2
26534 59324 2
82542 32036 1
51383 68979 2
2837 55276 2
9417 12963 1
35959 67183 1
15349 63197 1
72294 10631 1
71782 62053 2
75591 43331 2
50236 13172 1
42484 63462 2
36043 95830 2
84923 67462 1
91129 79341 1
95934 99662 1
55331 82828 2
92305 60028 1
45944 44188 2
32159 56708 1
95100 77882 2
38 97707 2
90055 55543 1
36470 10604 1
88676 15671 1
20565 80823 2
41330 78899 1
31550 18829 1
42950 42871 1
44157 3301 2
99303 98372 1
81525 4043 2
91985 81487 2
82874 83227 2
25075 53760 2
82263 79146 2
94961 34260 1
98666 56382 2
51970 1468 2
50403 84753 2
86866 37596 1
60841 48626 2
39234 17101 1
47252 35395 1
31491 22267 1
15956 76572 2
27679 13543 2
1544 31271 1
49008 19174 1
64552 98050 1
42503 55456 1
22461 42720 2
80742 30130 1
78723 24296 1
19366 20972 2
3149 73652 2
97650 74900 1
74209 65140 2
62538 42306 1
408 87401 1
84642 86754 1
7488 85034 2
46432 69333 1
15162 40290 1
97089 59887 2
40444 47503 2
51284 49402 1
26255 35333 2
20477 91858 2
32562 76809 1
44628 33896 2
77749 61591 2
39076 51744 2
21503 37053 2
86540 54002 1
51913 25533 1
47489 33836 2
60961 68079 1
77162 22830 2
91848 9852 1
36451 54317 1
38164 93732 2
69787 73936 1
63151 33497 2
91637 73206 2
23830 78754 2
88363 35439 2
72538 23577 1
33446 36894 2
45794 78989 2
82375 76862 2
65832 22305 1
55714 15033 2
97623 79019 1
38270 85010 2
41780 87062 1
12662 8893 1
65202 82304 1
99514 4642 1
23004 58301 2
25487 61373 1
50799 18706 1
91307 25729 2
40637 4507 2
61946 3536 2
75787 23365 1
42460 16741 2
39059 2772 1
14020 48490 1
83171 68031 1
52058 3298 1
78237 31599 2
60506 4032 1
83957 8772 1
49556 6766 2
20598 65360 1
81226 63176 1
75101 29785 2
69876 18910 1
84316 22043 2
51007 63221 2
26425 86052 2
82826 50151 2
46764 75095 2
20359 86526 2
52196 92906 2
83968 55325 1
61315 50151 1
83216 62327 1
125 82318 2
60006 44598 2
29533 33010 2
30694 24405 1
88769 13848 2
52999 35751 1
1977 40187 1
50101 25198 1
25067 33610 1
48624 5316 1
81586 94984 2
27820 90741 2
61787 13804 2
71504 59555 1
90118 20543 2
21559 45345 2
21195 40640 2
35793 61369 1
4690 51939 2
49603 98758 2
70074 72365 1
85155 10522 1
32307 76410 1
13309 89082 2
33380 72120 2
72337 10909 1
92933 36617 2
42290 64496 2
63878 76901 2
95144 48148 2
85319 2454 2
50575 69343 1
8414 15705 2
40470 13303 2
30932 35460 1
31489 67418 1
89416 1626 1
53832 19865 1
48234 28665 1
33685 78168 1
6113 51917 1
8266 69616 1
99078 49434 2
91833 78222 1
51207 70454 1
14922 96977 2
39269 16779 2
41560 78351 2
23318 26106 1
14676 96881 2
10499 41907 2
85249 25874 1
98187 45439 2
17622 22052 2
45055 38134 2
90943 46763 2
49732 88105 2
80669 48959 2
29908 14777 2
91329 72655 2
83261 50525 2
49365 75321 2
99424 27201 2
78195 50739 2
34771 66146 2
60939 2821 2
12032 92562 1
4002 77356 2
79492 34458 2
70638 505 2
68113 6163 2
22939 42896 1
76780 83340 2
89961 50602 1
18543 89000 1
37867 49875 1
57832 23997 1
7817 69740 1
12312 29077 1
45087 25098 1
45014 12048 1
11164 13013 1
69546 74113 2
75012 89066 2
77042 90989 1
14735 76506 2
5184 10607 2
91399 32745 2
32665 85303 1
22382 50031 2
1847 38822 2
10838 87962 1
53513 85331 1
54182 9099 2
6094 33929 2
85180 88212 1
87326 423 2
22534 21312 1
70145 79742 1
74951 75915 1
58805 86743 1
81305 42790 2
68684 38891 1
1157 64213 1
52555 65896 1
91276 53488 2
23629 94355 1
79298 76165 1
41054 67744 1
80525 28628 1
30113 74332 1
14314 57362 1
53483 63460 1
78729 63655 1
74437 66123 2
26380 72528 1
29741 74744 2
63532 1309 2
36757 31877 2
12852 38324 2
22275 3393 2
740 51916 1
39248 95343 1
58895 24755 1
54857 50181 1
2109 54377 1
73073 53486 2
65866 51747 2
89853 49641 1
69445 18921 2
3766 79847 2
5394 99479 2
4443 33232 2
23145 15424 1
84892 223 1
44116 25446 2
38912 91810 2
74677 57956 1
64288 81147 2
4957 1605 2
3306 8417 1
33750 60009 1
87935 52320 2
56443 1191 1
84821 92500 2
56219 64646 2
93653 66514 2
36793 89122 1
16158 74944 2
8014 98254 1
33152 42232 1
72902 67404 2
51778 34633 1
31327 83606 2
76957 65430 2
27341 56313 1
3295 84117 2
85881 85941 1
29481 80080 2
94525 32926 1
36273 49384 2
35561 47166 1
75585 14253 1
20322 82320 2
31510 64455 2
41245 44551 2
33666 5841 2
76008 40677 1
59178 68312 1
9410 12292 2
10728 4864 1
30334 13201 2
82538 19391 2
88260 54443 1
72113 34080 2
3120 11977 1
51795 43650 1
67825 7377 2
8474 49495 2
19147 57186 1
16899 24005 1
14678 1547 1
5088 45160 2
81276 76561 1
51190 41710 1
31775 23885 2
17344 40089 2
36081 28460 2
80906 24449 1
45305 82477 2
11414 25072 2
61429 83271 1
98267 38500 2
9843 89728 2
90785 46928 1
63478 8566 1
1126 21595 1
95063 79386 1
4892 48351 2
79010 13329 2
52296 83339 2
53365 60626 1
62917 37474 2
6052 98506 1
18623 82746 2
81624 58106 2
14169 38014 2
16235 37784 2
35623 80205 1
57261 41034 1
63700 77752 2
8546 81582 2
68350 1479 2
91010 94645 2
75797 55861 2
43032 94723 1
65344 18160 1
96036 15729 1
51543 81210 1
61561 14220 1
362 89643 1
30911 93523 1
14168 87788 1
12690 62684 1
75993 71293 2
17377 70607 2
16949 3632 2
37360 35114 1
47115 48939 1
91798 21883 1
61483 77418 2
61504 52457 2
18268 37180 2
81708 20044 1
22263 43521 2
92463 31792 2
40009 29266 2
95760 92471 1
40021 90841 1
9802 17811 2
73328 10644 1
83150 39152 1
55012 25430 1
47135 73768 1
61773 57735 1
18708 13453 1
69727 31007 2
63961 290 1
67326 16623 1
75214 95586 2
23972 66840 1
71910 68248 1
59422 40113 2
86346 88613 2
5360 87173 2
72532 14270 2
69773 49011 1
55444 46379 1
43295 81261 2
85614 5770 1
90629 75097 2
19866 98569 1
73456 31955 1
97923 19055 2
55237 16521 1
8073 66068 2
45566 88925 1
76095 83172 2
7977 87111 2
77325 38976 1
36007 37745 2
24239 98140 2
32654 24857 1
33588 70114 2
99944 58962 2
78400 80526 1
58098 49635 1
72170 43697 1
98398 49958 1
50015 67279 2
84465 57642 2
96285 86016 1
81701 65394 1
32569 62962 2
34376 70004 1
95385 89797 2
46492 58683 1
60443 44142 2
27413 85926 2
39981 82357 1
19646 35686 2
22482 56599 1
16564 59780 1
16867 56036 1
53129 78232 1
21707 23970 1
84514 95827 1
11306 46248 2
61690 24630 2
13428 98148 1
39773 27097 1
18767 34518 1
89582 52261 1
3800 35474 2
67905 19162 1
71807 87906 1
2945 24106 1
81894 40130 2
11051 88252 2
3334 91266 2
10577 81002 1
75113 11624 2
3097 93859 2
7377 93067 1
76796 60522 2
49520 89465 1
46823 38837 1
8942 47250 2
91901 6191 2
61831 3658 1
84530 6006 1
59210 97803 1
67282 21917 1
23867 1137 2
57368 99755 1
17393 12908 2
16247 63675 1
51353 68385 1
14709 53562 2
64209 41609 1
99595 67436 1
87214 22417 1
38534 64328 1
70742 5849 2
23017 58167 1
88039 91125 2
79337 94553 1
57902 45167 1
90415 58528 2
73201 32418 1
67770 43890 1
55046 66497 1
63962 5675 2
75609 88558 2
12278 91385 1
9898 54467 2
32711 63294 1
10092 65709 1
72795 40274 1
35176 2059 1
53267 19839 1
24600 70323 1
93125 67619 2
80236 24526 1
79930 53553 2
49992 39128 1
85137 28592 2
39364 60609 2
84315 22426 2
27979 2414 1
9053 37471 2
26653 45496 1
39441 35424 2
65389 74251 2
28869 19700 2
39651 15337 1
21434 2886 2
18394 10021 1
83334 31444 1
93955 37993 2
58195 50 1
83105 62384 2
33693 53381 2
52523 2348 2
7096 20553 2
94702 71617 1
40712 35756 1
81352 76872 1
62312 35184 1
29806 98477 2
97252 70413 1
90695 42930 2
24798 64428 1
60782 5834 1
85932 58701 1
76595 64926 1
79768 62818 2
98651 88076 2
28127 40178 2
16700 2882 1
37363 91159 2
22306 51943 2
91929 71488 2
44045 83795 1
70092 77008 1
80080 43763 2
21368 48957 2
53716 50374 1
21887 6002 1
74803 1058 1
59192 8877 2
68605 75887 1
86187 96545 1
59062 42570 1
37078 2005 2
60214 50436 1
97547 22788 1
71208 41889 2
33551 72891 2
85323 71610 1
56573 96863 1
42100 73595 1
81825 53444 2
18090 47205 2
42462 27542 1
39337 9005 2
12009 67572 2
92288 77627 2
61515 1232 2
91379 21453 2
77986 61040 2
49177 78865 1
87360 83824 2
57086 97486 2
45291 66430 2
71107 69756 1
48732 14877 1
98425 97447 2
90752 74339 1
91722 57232 2
8698 16442 2
92304 97036 2
79743 41282 1
15804 12387 2
47480 12686 2
39632 15026 2
69315 71459 2
14629 13546 2
90451 1340 2
71302 33934 1
8396 24104 1
62931 42201 2
61384 18474 2
20064 98998 2
10964 66680 1
11603 78246 1
17683 67261 1
457 11646 2
53018 40664 1
10001 11878 1
99506 22875 2
4399 27675 2
58426 36844 2
80091 11661 1
23267 52071 2
53568 8194 1
48818 1210 2
68605 73777 2
15265 23975 2
20647 93672 1
40925 81478 2
30181 82087 1
52265 7488 2
47763 76771 2
8251 85397 1
16288 92708 2
54330 54423 2
23247 80038 1
23750 30285 1
49850 60572 1
46128 35921 1
72010 35432 2
30205 23826 1
55264 14981 1
14471 31827 2
59920 80190 2
47228 7594 2
47905 92403 1
36445 87714 1
66894 11227 2
15008 15353 1
76359 38973 1
25039 95075 1
54801 31286 2
85959 29829 1
6402 96822 2
83098 30522 1
96870 1794 1
41197 61650 1
15229 23380 1
13947 40302 1
33530 66262 1
13936 43877 1
9509 11659 2
63726 53411 1
86874 455 1
61739 67012 2
8104 5169 1
67665 69821 1
25076 2568 2
5342 36052 2
8051 74171 1
69057 14147 1
26035 53904 2
13635 77177 1
84274 24574 2
80603 53368 1
70213 83186 1
93113 17336 1
81491 43022 1
2844 91523 2
4760 83781 1
66044 77143 2
53923 6273 1
56289 17607 1
9175 41534 1
87913 44634 1
85710 76460 2
49254 89227 1
39345 35344 2
38142 71431 1
16065 42179 2
47658 4306 2
93138 27698 2
30839 32098 2
7658 66236 2
98632 93666 2
96871 62967 2
61553 56689 1
98326 28844 1
87134 45409 1
35389 36246 2
36234 68184 2
85970 59079 1
53320 29138 2
60545 52452 1
98494 11869 2
73321 15204 2
24997 19067 2
42304 87828 1
15530 45892 1
83435 66998 1
87120 9409 2
13095 43997 2
55564 12114 2
92931 16850 1
86856 57577 2
90211 27059 2
79232 9677 2
29215 98799 1
76936 92184 1
43809 84235 1
12420 53049 2
61515 73504 1
95758 32243 2
69615 78778 1
12947 31228 1
37269 95322 2
52822 13727 1
32408 60437 2
78956 29211 2
58057 79860 2
76287 50113 1
12907 11698 1
48236 38809 1
95157 3553 2
64676 15742 1
52403 43909 1
46414 34045 1
49030 83607 2
67427 63739 2
73343 33539 2
91569 30604 1
36776 19594 1
13657 38460 1
20059 39745 1
4978 1930 1
91016 26224 1
65955 13608 2
13300 50293 1
3340 12413 1
1845 99070 1
84734 11811 1
59319 8754 1
87838 41897 2
23481 93833 2
82534 86993 1
79633 87631 2
8516 27219 1
16708 15269 1
49626 23609 1
97743 81152 2
55036 67105 2
51713 98376 2
15189 76766 2
34654 28378 2
85314 1943 2
22077 73895 1
91285 21351 2
56267 57939 1
78323 71515 1
75463 60727 1
77943 51351 2
67043 94943 2
64717 73618 2
74473 83308 1
46999 61717 2
88180 26771 1
34188 56831 2
96947 39580 2
80500 28580 1
48137 34020 2
23533 52745 1
33968 91611 2
72649 61930 2
65745 31207 1
48750 22869 2
79533 6943 1
67092 33900 1
90135 71953 1
74667 2599 1
59800 39901 2
97202 30576 1
35338 43192 2
54817 62981 1
69310 57290 2
32224 92505 1
4438 51952 2
78350 84595 1
13099 22394 2
11451 41325 1
52392 57326 1
32334 44726 1
52749 91268 1
22463 689 2
25837 31399 2
71006 79188 1
99248 32538 1
12555 56586 2
22994 67537 2
24763 16305 1
89410 75636 2
52154 80701 2
10180 92000 1
41539 31411 2
719 19941 2
19306 22255 2
84304 61641 1
28594 87710 1
97350 66019 1
70583 52805 2
56291 89761 2
14470 26200 1
17009 76546 2
13728 37539 1
61387 72893 2
89051 79781 1
1439 63161 2
52928 30704 2
94195 37747 2
78990 52843 2
66909 76571 2
15574 25904 2
70954 74422 2
3517 96910 2
45976 67005 2
42813 99975 2
84891 46557 1
62852 84243 1
50044 15830 2
55027 49564 1
18005 27676 1
8480 50880 1
39542 53625 2
52116 26099 1
1988 97577 2
27438 64442 1
93044 24828 2
36447 90672 2
8340 48503 1
14284 21349 2
81187 95603 1
92175 33594 1
12020 61501 2
98198 88038 2
78799 27189 1
93795 79828 1
10928 96143 1
71562 91491 2
98438 91796 1
27062 20420 1
35445 92738 2
1700 31200 2
60565 73192 1
35910 71824 2
5648 61483 1
86657 12739 2
93832 66468 2
54479 51611 1
86159 55456 1
14622 35408 2
94444 85150 2
19952 25995 1
68061 8085 2
99129 28204 2
81200 44715 1
79428 74373 1
80488 55359 1
76046 60765 2
80798 45984 1
60873 11119 1
18974 63155 2
12603 35432 2
63334 13329 2
84124 19596 2
38346 3910 2
48796 66897 2
22099 94900 1
43450 51554 1
8507 35758 2
75246 70973 2
78066 86333 2
29056 7638 1
72380 78047 2
77870 37330 2
94609 94018 2
66634 95725 2
72220 32238 1
80474 4020 1
5181 76504 2
64087 67724 1
2535 51088 2
83918 92137 2
66626 13524 2
56034 39800 2
20938 13786 1
50408 17109 2
33614 51018 2
29097 59957 2
25746 12930 1
51971 31390 2
9869 53488 2
29513 3178 2
24556 92123 1
76734 42536 1
62477 84571 2
76798 69883 1
91749 22812 1
66902 32505 2
31227 17856 1
5383 3853 1
7466 2778 2
85223 87029 2
899 92979 1
26303 65956 1
8872 88488 1
84398 89505 1
37107 29130 1
19684 4423 2
76109 69821 2
72552 12675 1
38391 59385 2
42963 72345 2
44996 43532 1
67411 15648 1
98685 90263 1
74921 91073 1
86524 17804 1
96235 16827 1
14769 80663 1
84195 78882 1
68512 13778 1
57901 24284 2
54881 60590 2
52669 17763 2
14143 2321 2
1975 87653 2
54362 86323 2
98197 90919 1
30373 93312 2
41861 11614 2
26792 67097 1
73160 16404 2
78175 1011 1
72661 73705 1
6777 30966 2
48947 45104 2
2778 27103 2
32610 58509 1
37945 3774 1
89267 87230 2
82179 33049 1
95723 51439 2
94134 7079 2
64069 73732 1
25703 6262 1
12397 22163 2
1148 47654 2
94917 5799 1
3539 71372 1
72003 40094 1
93529 92208 2
54673 99084 1
57492 64239 1
68300 14262 1
64698 56473 1
49382 75384 2
41943 92468 1
93637 38080 1
23915 95511 1
76833 74672 1
55210 83952 2
69737 22496 2
46746 17023 1
20191 68249 2
18008 26296 2
96855 22235 2
62771 36805 1
30044 69880 2
14288 48226 2
1196 71703 2
77188 28287 1
42455 55954 2
81181 26914 1
82179 12504 2
82810 8354 2
82187 34219 1
89710 77293 1
39387 32131 1
68385 87811 1
76406 51978 1
22095 6040 2
28017 88447 1
52743 66870 1
33365 11187 2
11085 99833 2
57824 25966 1
37816 41201 1
92709 81963 2
96085 80067 2
13031 48151 2
64290 54761 1
33666 43894 2
96436 12717 1
49027 92638 1
72593 97778 2
55179 45083 2
82679 38891 1
34063 51689 2
90739 85058 2
68731 98685 2
14571 70931 2
3370 95741 1
71285 85230 2
28688 74115 2
87293 24152 2
8913 54174 2
98435 96426 1
70855 30800 2
34970 13457 2
52319 20081 2
45707 86252 2
87868 34474 1
88528 68626 1
21427 20604 1
12441 7401 2
79406 99095 1
61962 66384 2
62057 9955 2
44635 5686 1
61144 77498 1
46967 33920 2
29535 19115 2
55229 78279 1
46616 76601 1
20002 96727 1
9233 19706 2
45837 7346 1
25003 93209 1
25530 71243 1
8892 28885 2
98488 42604 2
7022 90144 1
15051 81680 1
66142 68608 2
92490 42825 2
47518 7889 1
97026 46139 2
71283 83968 1
29169 93375 2
11063 96466 1
54060 56161 2
45464 75739 2
36281 78883 2
2135 7752 1
71062 85336 2
72075 6806 2
1456 38441 1
3547 20248 2
32845 70676 2
39175 67188 2
24195 67816 1
81632 83239 2
4126 63530 1
32140 7133 2
31678 77746 2
20739 61753 1
17366 96495 2
28340 28723 2
20271 57311 1
6657 57653 1
40771 15512 2
59614 50941 1
89922 21410 2
26486 99071 2
1744 51163 1
95750 66656 2
61829 4497 1
32576 81404 1
14732 5259 1
40362 9184 1
65796 6017 2
59548 85104 2
21858 45791 2
49574 28355 2
941 49510 1
63591 48578 1
82081 41323 1
35671 10189 1
88749 58743 2
9022 83221 2
9205 30373 2
91194 68611 2
3216 68102 2
26366 8592 2
24874 51072 1
61101 35307 2
90532 47403 2
45571 89142 1
34767 36147 2
79341 23977 2
16949 29561 1
92715 84334 1
75344 61202 1
8501 94499 2
61617 97414 2
80979 50267 2
18042 70194 1
7044 84637 2
36772 40999 2
55416 6340 2
44218 13224 2
33110 54205 1
35900 96400 1
92343 35148 2
68093 61386 2
6793 91975 2
72102 57079 1
38092 89017 2
16081 31564 2
46392 37185 1
62574 35857 2
98614 63536 2
94081 92355 2
71746 94927 1
95522 74610 2
5680 74102 1
70620 66340 2
12324 63158 1
33710 24528 1
61528 22097 1
49165 79044 1
33530 20508 1
20384 32448 2
86891 67236 1
30787 49593 2
93473 25862 1
31877 70455 2
79686 32981 1
36873 19511 1
60950 89335 1
85673 3849 2
35397 8297 1
56014 89011 2
93911 56055 1
81689 51756 1
78342 37156 2
11518 45442 2
59200 77640 1
41443 40213 1
1127 20493 1
96134 24185 1
63823 92818 2
54644 85144 2
20643 4488 1
63219 6446 2
69344 97399 1
85145 94667 2
48631 37818 1
52530 96021 1
62000 73119 2
68286 35203 1
93602 31016 2
86736 82051 2
72444 18860 2
41232 50324 1
66815 44918 2
43898 73389 2
89506 55333 1
96093 68276 1
53357 3243 1
67837 71624 2
4798 40815 1
85458 45560 2
3815 82475 2
28167 96490 1
2189 59406 1
94555 22133 2
3947 69242 1
18659 48871 1
42797 20135 1
61766 25535 2
21622 71775 2
1440 66900 2
73946 84768 2
48768 13484 2
24964 51485 2
70313 16166 2
79602 34621 1
36693 41425 2
34804 2202 2
37581 22002 1
55696 14468 2
96050 93570 1
69377 89724 2
56088 3854 1
43315 81177 1
11941 87957 2
2441 90790 1
38871 53838 2
87320 16546 2
6075 38367 2
90057 32766 2
25975 12231 1
71418 20131 1
73760 1877 2
79198 57482 2
57157 40462 2
90968 58081 1
7490 81835 2
98244 43149 2
12462 57688 1
48623 41794 1
62254 64919 1
67834 43309 1
91487 19515 1
64059 52971 1
37168 95437 2
86267 56111 1
98597 97867 1
5145 1728 1
76022 95300 2
79621 52792 2
83277 72957 1
454 68486 1
18220 2191 2
565 16173 1
42565 94374 1
48160 88227 2
57952 49379 2
84072 80691 1
35384 36763 1
45603 36091 1
90270 70871 2
32218 41551 1
23221 46802 1
29868 35284 2
11060 82526 1
21418 33990 1
90183 22815 1
64345 99666 1
59662 92750 2
26835 71036 2
76989 23639 2
25638 6299 1
31419 66107 2
42771 25624 2
72931 27119 1
35664 9779 2
85061 18620 1
99239 45598 1
77990 84733 1
46741 19327 1
69787 48772 2
88459 6706 1
42899 6580 2
20625 73317 1
11914 52264 1
11966 42715 2
72279 651 2
20193 76330 1
52671 49598 1
73083 86557 1
79935 47222 2
74819 71474 2
59174 58684 2
49664 21404 2
95416 12139 2
21010 93538 1
5804 74420 1
92810 22846 1
97711 25309 2
38350 52000 1
21535 55774 2
34038 16841 2
35633 8611 2
42801 7056 1
61676 49261 2
78177 52576 1
10508 38961 1
81114 2264 2
12672 21719 2
78215 31626 2
62923 55644 1
48742 12828 1
71526 74448 1
95463 13098 1
8573 19257 1
69264 36706 2
91598 54639 1
43420 44902 1
96557 41118 2
38455 96270 1
22723 77383 2
30884 53859 2
19722 23518 2
13623 96421 2
39891 29805 2
96156 82022 1
21888 17392 1
47566 15885 2
39114 94424 2
40256 64436 1
63036 39656 2
98296 16843 1
41718 23867 1
5519 36819 1
36523 30780 1
18578 96963 2
33795 4779 2
60516 5413 2
31354 57823 2
34490 39930 1
90463 60831 1
49117 88306 1
64470 17416 1
85900 21238 2
54870 5802 2
26711 74078 1
55468 81963 1
51045 63547 1
62870 7074 1
16591 60142 1
67721 68381 2
92866 46287 1
66444 23036 2
88161 4327 2
33595 92819 2
74849 23318 1
39620 86636 1
45772 15886 2
77037 62403 2
31999 61525 1
38668 68360 1
61035 24071 2
85646 51648 2
93143 74066 2
15889 75781 2
16156 67545 1
20329 43073 2
94760 40690 1
72255 67255 2
84668 78472 2
3213 77434 1
44622 90809 1
4131 5716 1
5448 97464 1
30053 26913 1
95559 79084 2
52843 98769 2
45116 64080 2
13376 98313 1
59567 47825 1
66884 94306 1
87191 88531 1
90282 36329 2
22115 14125 1
11290 89566 1
50996 53256 2
70384 75157 1
44064 81187 2
78491 94680 1
35665 10290 1
17631 73442 1
36420 33275 1
66548 87173 1
7595 88503 2
84580 66662 1
1355 53175 1
8913 46684 2
92671 16189 2
78476 78132 2
8691 88510 2
80927 33968 1
43433 9319 1
52933 4419 2
2008 37557 1
20524 82486 2
88328 64603 1
29786 40583 1
62583 19776 1
52709 8549 1
14135 52830 1
86554 64501 1
69453 41925 1
92759 73264 1
64884 53269 2
87408 56290 1
79096 83783 1
56525 85325 1
81052 1125 1
75531 13092 2
5300 66254 1
71959 15216 2
71787 78835 1
33430 99247 2
59807 62717 1
13920 12016 2
72480 25540 1
27872 40120 2
39060 85593 1
74038 12288 2
57174 19037 2
75573 2420 2
81810 36136 2
29797 10485 2
57995 69987 1
52802 78520 2
55094 30446 2
75323 50406 1
71964 32827 2
10900 37914 1
87644 93617 1
32036 29446 1
25638 76170 1
34936 1422 1
90305 13813 2
34062 2762 2
14278 13236 1
87675 76041 2
86370 415 2
5894 35721 2
80888 73920 1
50762 86272 1
16765 28437 1
36600 84150 2
20826 31058 1
10450 86632 2
14798 92924 1
46161 61063 2
61738 18222 2
82241 73527 1
60499 99288 2
93920 98128 2
18307 27195 1
16674 93345 2
51463 17614 1
38864 57512 2
35650 89948 1
77412 13627 1
88425 13028 2
52206 15650 2
5702 52312 1
12050 41658 2
26038 57534 1
7048 55603 1
25098 83378 2
86395 37299 2
47433 54498 1
92555 14226 2
43085 91249 1
69067 56764 2
7842 50996 2
53955 50 2
66986 7960 1
11535 90281 1
17659 16634 2
66846 33577 1
80383 30797 2
41715 40047 1
85043 32792 1
45544 27051 1
61320 74325 1
80518 15779 1
17254 19988 2
67119 52334 2
88708 9558 2
50645 80826 2
94193 18130 1
66367 22311 1
5006 53171 2
31211 95146 1
41202 90423 2
34598 52715 1
97605 10066 1
6006 3847 2
7205 44553 2
60177 3662 1
84612 85144 2
48611 54950 1
39047 45452 1
62092 96934 2
89865 63402 2
6560 19356 2
73782 5030 2
65253 3464 2
72624 89677 2
17400 58751 1
47534 97916 2
32264 55656 1
51992 71494 2
47258 418 1
86860 10289 2
59587 88285 1
65116 71481 2
90417 26332 2
66958 42956 1
33603 20313 2
44794 29453 2
49324 54529 1
28080 39474 2
8756 47572 1
68592 81222 2
30903 54278 1
90159 28903 2
88612 57889 2
53272 66537 1
159 49665 1
63145 41777 2
62335 8246 2
46994 71962 1
3536 45094 2
25114 57556 2
32531 44712 1
46778 58400 1
89497 90185 1
46847 78197 1
79564 17867 2
37932 78590 1
359 78305 1
45398 52698 2
40504 9845 2
90502 51739 1
9221 82947 2
64571 5991 1
66436 77243 1
12421 34778 1
19617 21506 1
47115 4898 1
38780 79153 2
58566 24514 2
93864 19221 1
37924 30415 2
14062 80685 1
55462 88566 1
10856 39312 2
95714 48212 2
33158 70820 1
74945 48892 1
72044 3336 2
34690 4469 1
27890 73931 1
57589 13882 1
61251 98994 2
30081 44216 1
79294 13430 1
36384 5683 1
83896 38724 2
88861 15617 2
23768 93883 2
93853 76781 1
80666 1617 2
24627 90934 1
32685 78799 1
48969 141 1
12661 17584 1
94718 60379 1
90665 16326 1
88387 63512 1
41590 11733 2
34877 9781 1
8890 2294 2
46438 20211 1
67530 92150 1
7052 48234 1
52940 94356 1
8017 72835 1
5886 98406 1
25097 73470 1
78445 44853 2
10335 92909 2
31487 85500 2
39248 39159 2
92490 61677 1
42414 14838 2
51194 97484 2
29694 35033 1
35375 86386 1
84667 57059 1
40380 76971 2
13041 71722 1
34122 53656 2
5698 75513 2
84371 5998 1
56933 46894 2
89991 35734 1
90754 29277 1
64970 43723 2
11255 32523 2
59604 21055 1
35414 24467 1
28655 70005 1
31012 98309 2
49629 90696 1
99548 55266 1
93808 94339 2
62762 80737 2
77040 17224 2
53521 73902 2
69913 63178 2
49573 97477 1
9882 81042 1
45106 91643 1
310 78429 1
31923 21494 2
78439 82556 1
88891 33200 2
18198 94930 2
93200 56888 2
15652 17050 1
74186 39952 1
81061 64383 1
96729 69328 1
66784 52514 1
55229 52290 1
38960 39160 2
98347 11044 1
42310 61961 1
20623 66633 1
67492 12690 1
87076 48984 1
88163 83652 1
10654 46763 2
4686 2371 2
49952 93202 1
68421 55879 2
31238 61934 1
65691 99582 2
80701 14806 2
55065 84360 2
86182 29173 2
10521 24474 1
45431 24649 1
57227 88092 1
88185 59622 1
9875 13547 1
18955 94641 2
1449 16887 1
80349 74086 1
26551 50022 2
73942 44627 1
70367 9040 1
68175 4730 1
80051 8640 2
48342 66675 2
4411 50585 1
39756 42215 1
115 89551 1
37255 50742 1
17929 11402 1
98193 3826 2
19811 84327 2
59207 28450 1
56280 97046 2
56026 43648 2
64530 47197 2
48210 73403 2
65490 30835 2
31174 81558 2
77964 63718 2
28965 46119 2
66118 36118 2
83280 13977 1
26910 69463 1
23901 19146 1
25537 79731 1
37622 55438 1
20661 56902 2
92216 778 2
51536 38784 2
95669 80602 2
68318 21639 1
6418 65547 2
383 11186 1
58569 49025 2
42630 91535 1
77960 13651 1
52891 43645 2
39889 34346 1
59642 32275 1
89560 33222 1
12850 51768 2
88104 56857 2
48263 26248 1
81406 66185 2
31025 49013 1
31532 63858 1
82651 98628 2
52952 31650 2
29092 56844 1
7386 37692 2
41505 72283 2
35841 75126 2
23481 52944 2
55887 53370 2
52584 38338 2
13081 29736 1
72829 21559 1
47528 39315 1
78587 71150 2
47770 42048 1
36412 99734 2
87425 93290 2
71593 21780 1
66211 37088 1
29731 66529 1
28472 52613 1
638 66346 2
11152 96528 2
25792 86735 2
57002 10506 1
99111 1156 2
94558 29266 2
13056 89906 2
94260 39132 1
21968 58263 1
90027 31085 1
82415 33730 1
21363 75265 1
55656 5048 1
85139 12742 2
41723 1810 2
6340 15166 2
22588 17468 2
23507 98401 1
9169 43448 1
17155 61176 1
90455 97657 2
53801 98595 2
90749 89897 2
66510 71509 2
41223 40355 2
34705 52882 1
79404 90041 2
34658 3544 1
4249 99695 1
94472 84179 1
12205 53502 2
17212 41767 2
32315 92242 2
37260 33674 1
2570 74509 2
17081 53926 2
63896 45218 1
13881 41308 2
99219 38362 2
68790 92796 1
10815 63922 1
27852 82031 1
48787 44571 1
3695 3149 1
57979 38489 2
39715 53543 1
29015 44933 1
37570 95774 1
35835 11723 2
77818 90281 1
63661 5676 2
55340 3796 2
27563 33373 2
51694 9979 1
32514 93095 2
3914 16371 2
34104 33861 2
95997 33378 2
66082 24841 2
69241 770 2
87694 13719 2
7587 94210 2
81755 43815 1
60117 65189 2
30108 2343 1
9053 50944 2
54778 78872 2
76989 29280 2
68271 5485 2
6569 90082 2
7499 87759 2
13036 66874 2
66898 17371 1
28867 5613 1
5563 28769 1
41120 83446 2
53587 41319 2
8360 48677 2
31736 56517 2
76566 88955 2
59871 47303 1
81846 64911 2
89103 55854 2
93578 2380 1
11396 32687 2
99145 23601 2
21004 63090 1
58395 35471 1
65037 19348 2
47998 67151 2
69757 35013 1
97444 7274 1
53353 86091 1
44499 13294 2
13935 67838 1
27875 58368 2
38243 57034 2
86276 64148 1
28462 1904 1
18133 39703 1
93642 90756 1
76398 4358 2
17223 45392 2
42071 39700 1
8970 54224 2
78030 82216 2
80905 38453 1
64230 58844 1
70032 94306 1
60610 37567 2
98750 39538 1
89406 91284 1
40681 52816 2
28775 11921 1
47542 33469 2
81277 70945 1
51362 92365 1
46264 62627 2
81980 50634 2
