10000 5000 3171
7117 8666 1
5737 2885 2
6646 1175 2
8070 2063 1
7026 9225 1
2962 6268 2
6063 7911 2
6309 6524 1
8590 1996 1
2027 5988 2
8500 8439 2
2644 1932 1
6877 5081 2
6994 17 2
8357 1259 1
1053 7652 1
9293 8629 2
4162 9592 1
8252 968 2
4480 248 2
2043 6469 2
1626 703 1
6568 3332 1
984 5358 2
4580 7086 1
3141 7017 2
8485 7027 1
6114 4602 1
4901 5733 1
9282 6653 1
1408 6075 2
9180 6674 1
7002 8047 1
813 4335 1
4183 3777 2
1187 7659 1
209 9217 2
7074 2564 1
374 2120 1
3283 2666 2
616 8080 2
2064 6641 2
1643 4312 2
4602 4195 1
9866 9121 2
4979 3404 2
8370 9155 2
2772 7436 2
4548 7529 2
7224 2121 1
5784 2768 2
5087 5290 1
3653 8237 2
493 3613 1
7802 2868 1
6888 7234 1
7705 7985 2
3405 6157 1
4214 7507 2
3915 9000 2
9948 8092 2
8310 8542 1
3048 9842 1
4038 4418 1
9820 2033 1
1845 9318 1
1565 8167 1
6453 6276 1
2214 8823 2
1224 7913 2
9811 7799 2
8246 4949 2
4455 9729 2
8122 6220 2
726 1206 2
2677 5816 2
6443 726 2
1162 7860 1
3028 1561 1
3008 9426 1
9793 6969 2
4324 7703 1
8376 8662 2
5140 2650 1
3988 2961 2
9460 8136 1
6721 4689 2
1741 2403 1
2242 1649 2
4745 9854 1
5708 3583 1
5337 9186 1
9624 239 2
2207 1133 2
3989 1895 1
4772 5070 2
4003 6992 1
6259 6458 1
1129 5243 1
4988 6090 2
7199 6442 1
6898 3067 1
9765 402 1
9901 2876 1
4139 6592 1
2473 51 1
2983 2305 2
2710 3017 1
5650 3224 1
8230 2537 2
8859 8860 1
5041 9189 1
4578 3383 1
4612 7377 1
7678 5944 2
1037 2038 2
4056 546 2
5697 5456 2
2846 7595 2
263 2833 2
9185 2878 1
8571 7052 1
7431 5929 2
9372 2554 2
3721 2736 1
5901 2728 2
3974 5240 2
9735 8551 1
3167 4124 2
7526 2203 1
7289 1756 2
6712 3613 2
7806 825 2
2994 3369 2
8348 8299 1
394 3649 2
8276 6299 2
3405 3016 1
7340 3673 2
4811 6087 1
7262 3495 2
6422 3083 1
2615 8715 2
6695 7941 1
2248 545 2
8889 729 1
3129 8999 1
2172 9711 2
3025 6720 2
7891 7046 2
9647 7618 2
5478 6540 2
3236 9527 2
8449 5335 1
9079 1744 2
9411 7535 1
6655 7469 2
1264 3425 1
5565 2614 1
8432 8238 1
3743 6645 1
4350 5241 1
9182 4106 1
3049 9149 2
3425 2294 1
9430 9765 2
7655 3168 2
9772 6146 1
1698 9059 2
5462 1769 1
3670 5342 1
4437 786 1
7534 8066 2
5964 2394 2
4984 24 1
8802 7890 2
7156 6617 1
7427 6381 1
7272 8212 1
9279 7590 2
7327 5755 2
2026 3416 2
21 6278 2
4107 9012 1
5693 1710 1
77 4239 2
5084 867 2
5936 9377 2
5483 2807 1
8728 7111 1
4744 5697 2
4045 4289 1
277 3163 1
9002 9957 2
8248 517 2
7423 4874 2
8650 7471 2
383 8622 2
2600 418 1
6210 3729 2
9029 4584 1
2004 2807 1
8486 3376 1
1140 4394 1
9508 1371 2
2438 7846 1
2510 6706 2
6962 2604 1
8884 9549 1
8595 5311 2
9053 4717 2
1720 9033 1
9890 739 2
1910 4983 1
6177 4502 1
3284 8153 2
5290 5586 2
8285 6291 1
3589 2804 2
9458 5743 1
7787 6175 1
5750 2601 2
2969 4969 2
6128 481 2
1024 7166 2
3804 1645 2
3031 1324 1
6202 6932 2
5735 1622 2
9662 5316 2
3118 5426 1
1150 3500 2
9453 6139 1
1799 1459 2
8250 4719 2
441 912 2
1711 4001 2
7446 4111 2
7257 6488 2
6631 6130 1
6233 1167 2
7751 1470 2
8983 9731 1
3126 5658 2
314 616 1
7671 9331 1
4161 3604 2
9074 715 2
7181 3923 1
7427 2213 1
1348 1745 2
9561 2363 2
1184 7859 2
3704 6025 2
6014 7038 2
5303 3759 2
2592 7422 1
3267 9154 2
8539 4785 1
3658 5515 2
1946 3498 2
5425 5798 1
5289 9630 1
3855 9221 1
5962 1498 1
9407 5755 1
9956 3579 2
8274 6274 2
5359 4484 2
6827 3605 2
3865 3100 1
9617 8758 2
3460 9053 2
2352 249 2
8261 7414 2
5576 7159 2
9927 7642 2
989 3309 2
7542 8655 2
4549 634 1
9061 5568 2
9197 6420 2
7832 636 1
5685 4164 1
8650 7092 2
7583 8885 1
9561 49 1
420 649 2
7013 8827 2
4463 9028 2
6692 2915 2
9807 5343 1
8257 1050 1
4201 5878 1
4505 1064 1
2469 1659 1
3900 1622 1
5308 3537 1
8610 4004 2
8256 4257 2
1299 4692 1
3876 1048 1
5950 3837 2
512 4807 2
4131 3337 1
9390 178 1
6377 7 2
1328 8274 1
745 2521 2
1047 3651 1
7456 5671 2
3133 8950 1
3777 4907 2
3549 3168 1
9201 3075 1
6293 2121 1
5034 9635 1
2603 4751 2
7608 2080 2
5813 5200 1
1791 7925 1
2687 1939 2
979 2306 2
3337 3456 1
5342 72 1
1015 6147 1
6045 9262 2
8879 4893 2
6979 6063 2
8558 4819 1
6053 426 2
4644 3165 2
1677 8097 2
1091 1112 2
1288 9450 1
1700 8229 1
2231 6161 1
6834 7192 1
4130 5012 1
908 1577 1
8224 3477 1
5031 5174 2
1456 2700 2
7114 1071 2
9651 3251 2
7601 6905 2
1983 9400 1
8315 2940 1
9550 9422 2
7148 2453 1
6317 4796 1
4940 9717 2
1966 9580 1
1989 7615 2
2022 493 1
8360 382 2
3615 8146 1
1929 4909 1
2023 3905 1
5295 9501 2
2160 3525 1
5301 1490 1
3854 4445 2
6092 2406 2
6876 2091 1
6087 4981 2
6055 1045 2
2237 4336 1
1137 2903 1
2122 4842 1
7727 7902 2
9038 4446 2
5628 3023 1
7564 8950 1
8516 110 2
4509 1173 2
4841 1799 2
5339 6159 1
2322 5241 2
3078 3580 2
8391 7334 1
7346 7241 2
4454 9957 2
7655 8502 1
7473 8848 2
4592 8056 2
750 9478 1
3980 9657 1
8022 7754 1
8753 2995 1
1830 7266 2
2756 3033 2
3777 6873 1
1857 6287 2
4027 3613 1
4009 7292 1
1103 3937 2
3199 5567 1
411 1981 1
2299 1479 1
4751 8409 2
2423 1834 1
194 9030 1
6628 2783 1
9485 1349 2
1654 5780 2
7917 5869 2
9028 9160 1
9701 4777 1
4217 1826 2
7642 2856 2
2342 8776 1
1253 8268 1
6781 1129 1
6149 4699 1
3975 4692 2
6826 8577 2
3984 4623 2
3035 5740 1
7782 4673 2
6849 4543 2
1453 1943 1
8138 2735 1
2045 6595 1
2359 5705 2
6306 4776 2
1246 2538 2
9436 8320 1
136 4565 1
7245 7734 2
2052 4785 2
5453 7628 1
4962 4713 1
5561 7878 2
1002 810 2
1312 9758 1
1651 5400 2
677 8702 1
1003 9337 1
3728 6984 1
5990 9032 1
1901 9570 1
887 6963 2
3579 1794 1
5720 9230 1
2013 9479 1
9304 4510 1
3645 7088 2
4200 495 2
2612 8114 2
6349 2687 1
5412 9574 2
5841 832 2
1646 6776 1
1794 8762 1
2732 457 2
6706 6118 1
3896 446 2
2341 3428 2
8563 704 2
1782 2374 1
9455 8362 1
6946 5219 1
5925 4366 2
6715 4421 1
5793 6912 1
4358 3115 1
9312 7225 1
46 88 2
2425 229 1
8415 8450 2
2993 1398 1
1819 9732 1
3125 9359 1
1913 5852 2
8580 8841 1
7297 8957 2
3091 2001 2
7281 4335 2
6663 6056 2
1899 762 1
6446 2914 1
7668 4719 1
4743 4328 1
1895 3359 1
8933 6102 1
672 6961 2
3008 5085 1
3250 3536 1
1043 578 1
3921 8539 1
7023 669 1
2537 2292 1
4743 1851 2
5717 9714 1
7522 349 1
600 6270 1
7581 7031 2
3320 9129 1
9606 5681 2
8958 8453 1
9346 9322 2
9591 5272 2
6455 144 1
6662 3740 1
6979 3112 2
5504 1090 1
7907 6429 2
9598 7802 1
1645 5433 1
8526 5212 2
695 6029 2
2435 4306 2
2925 8959 2
9857 1291 2
3823 6967 2
1601 8394 2
8976 1489 1
7411 6598 1
5480 9598 1
6391 6648 2
7779 7282 2
6195 2895 2
5968 2711 1
3040 1743 2
468 7481 2
6813 5661 2
8452 2201 1
491 6757 2
8942 4218 2
5102 469 1
5793 2583 1
6259 5855 2
6768 9051 2
5508 5323 2
5299 7559 1
2645 1682 1
4725 4639 2
891 5140 1
3831 3485 2
8176 5155 2
4508 2509 2
4065 3318 1
2667 192 2
608 9975 1
6225 7353 1
9010 1253 2
6940 3682 2
2401 6643 2
1056 3928 1
8507 5671 1
7014 1579 1
6497 1340 1
1896 6496 1
7625 9296 1
3383 2894 2
157 2807 2
1013 7620 2
6138 1830 1
5099 3634 2
2898 6776 2
8196 4315 1
3002 45 1
5408 4585 1
1692 2838 2
5858 1513 2
9015 3547 2
2675 2363 2
3770 5765 2
9773 4051 1
5036 5812 1
3024 779 1
1111 3673 1
2224 1791 2
2936 9613 1
7669 8527 1
7185 1897 1
7609 6672 2
9640 3548 1
5678 2395 2
2741 2569 2
6022 1869 2
8968 9989 2
473 934 2
9824 8013 1
4338 4826 1
5909 8334 1
1378 3139 2
8495 7116 1
8300 5084 1
1020 8108 2
7671 9063 1
4862 8121 2
8528 2297 1
7963 2354 1
7461 1961 1
1515 9178 2
1290 6996 1
6750 1207 2
7304 7468 1
5956 4133 2
6169 2308 1
8482 5328 1
5182 4614 2
5539 2237 1
1161 2061 2
6981 6433 2
819 1547 1
728 1528 2
2887 740 1
9187 8288 2
6197 4081 2
783 7931 1
1664 1839 1
9113 6961 1
7936 2285 1
996 1851 1
3505 5025 1
1541 1913 1
610 4676 2
8709 989 1
2583 3633 1
4579 4702 2
7208 2858 2
1968 9574 1
3376 8163 1
8864 2661 2
9310 8389 1
2463 7563 2
8807 4445 1
9338 1729 1
9410 5594 1
2642 7361 1
8715 3570 2
1213 8586 1
3136 2477 2
5669 1261 1
1495 3225 1
3046 8482 1
2390 4836 2
180 6292 2
9786 1557 2
7651 3265 2
9345 4580 1
3773 6651 2
7167 2990 1
432 6281 1
1485 7458 1
7373 9335 1
9685 6886 1
9354 9889 1
8 690 2
7537 4508 2
9720 1283 1
6591 9726 1
8542 5786 1
3126 9889 2
3845 6331 2
5147 6484 2
4477 7807 2
6120 2377 2
457 5602 2
491 9736 1
8673 6117 1
8470 4555 2
1329 4493 2
4605 1152 2
9336 3922 1
1627 123 2
3786 5697 1
9117 2417 2
2911 4395 1
9525 3677 1
914 7204 2
5880 1390 2
3474 7668 1
2001 6311 2
5252 8937 1
4668 223 1
5215 4371 1
6667 4863 2
1662 1783 2
581 2246 1
6866 6541 1
4066 9896 2
3182 8242 2
5824 2587 2
6073 7111 1
8449 3080 1
4623 8704 2
8075 9072 2
192 2325 2
6262 7829 2
3904 2932 2
6642 412 2
1909 8653 1
2302 3090 1
9853 6197 1
8210 5876 2
2693 7124 2
3270 7445 2
5186 1847 2
8409 5116 1
7068 4830 2
4315 3795 2
3886 5311 1
2658 3145 1
3064 5265 1
3049 1697 2
4973 4178 2
5517 3777 2
485 9394 1
3470 4420 1
3180 6806 2
5204 9640 2
7937 789 1
3976 1809 2
9160 5214 1
4822 468 2
6729 4273 1
9986 2493 2
6271 7169 1
4831 7017 2
9945 8393 1
1609 6061 2
108 355 1
6445 2077 2
4815 4898 1
9580 2261 1
2445 6090 1
9276 1428 2
8983 3170 2
7814 3148 2
1440 1625 2
9689 580 1
3823 4446 1
9958 3318 1
5616 4487 1
7986 9569 2
5475 3595 1
9383 2632 2
1852 1624 2
2162 1024 2
4545 4878 1
935 3974 1
3327 7409 2
9977 3831 1
3286 7163 1
5922 7895 2
3592 1607 1
2241 3915 2
5214 6887 2
7975 4590 2
5731 1264 2
6009 592 1
3863 1993 2
1537 3122 2
7085 9984 1
3677 9979 2
2333 6820 1
1134 2102 1
4691 3900 1
2251 1506 2
1902 6398 1
7164 881 1
1730 8841 2
7871 2105 1
2742 7740 2
4469 7926 2
7287 4124 2
6 5766 1
2659 1378 1
2073 2635 2
15 7387 1
5949 9725 2
3346 294 2
5124 2453 1
6775 5321 1
2386 6739 1
3743 5453 2
5378 1226 1
6845 6269 2
3441 2095 2
7368 8987 1
5345 8557 2
7388 1483 1
3752 3475 1
2345 6326 2
4254 8436 2
563 6361 1
1330 1702 1
7024 5923 2
4198 132 2
2141 7706 2
303 5244 2
4393 279 2
1750 9666 1
6761 8421 1
6745 5275 2
1667 6566 2
8250 1779 2
8546 9758 1
1967 7160 1
744 1126 1
2177 3820 1
3511 2506 2
3821 1766 2
8551 3148 2
5350 7426 1
5940 1615 2
5696 3565 2
2877 6860 2
2919 2346 2
9382 2720 2
5798 8623 2
135 3692 1
5617 1464 2
7786 8148 1
6939 9923 2
5633 6177 1
3440 4131 2
3021 2367 1
2189 4094 1
7288 8191 2
2163 9087 2
7069 6182 1
3224 740 1
122 9277 2
5989 7008 2
6453 1615 2
7961 2554 1
6852 6317 1
6292 9149 2
2051 8413 1
9821 9494 2
8946 3815 1
6189 3241 2
8741 6119 1
9426 8413 1
4946 3230 2
8397 7707 2
3238 9201 1
9540 6595 1
4033 4360 1
7920 358 1
6069 6112 1
1328 4013 2
1419 4378 1
6725 1649 1
9245 6218 2
8404 7233 1
6493 7752 1
4535 8975 1
8381 6322 2
7948 6915 2
3685 3496 1
7476 1110 2
1937 2719 1
9221 3592 1
5872 4847 1
3449 9868 2
5302 677 2
2557 1831 2
1562 3138 2
7411 4564 2
1161 6921 1
5920 3298 2
2225 4645 1
6911 7636 2
5367 4465 1
6828 6832 2
9746 6366 1
5193 97 1
4461 9680 1
2940 2502 2
6217 5185 2
4815 2816 1
200 2509 2
5775 5688 2
1140 7461 1
7806 1830 1
7686 8204 2
370 4379 1
5727 365 2
4371 3800 1
6066 5315 2
4784 7573 1
8520 5551 1
3579 6699 2
9259 3765 2
2664 8378 1
2619 4735 1
1906 740 1
5228 8265 1
55 2768 1
6486 787 1
2951 5800 2
6820 8227 1
2040 3643 1
6821 7984 1
8213 3580 2
2382 5832 1
8394 4689 2
6486 10 2
7338 7124 1
6441 4493 2
8538 8310 2
2230 3512 2
9363 311 2
6321 2199 2
3123 9343 1
8785 7325 1
4541 6441 1
7875 3452 2
5188 2322 2
2981 4638 2
6068 3262 1
1628 1760 2
4362 3444 1
3247 7922 1
4134 9293 2
9545 6184 2
2656 7881 1
1579 6140 1
3393 5657 1
8631 9689 1
805 6422 2
8742 17 2
4256 3769 1
9539 9977 2
9285 3793 2
5230 5416 2
3744 8448 1
4171 2395 2
5230 7182 2
1360 6324 2
7840 5285 1
2170 2438 1
9132 9379 1
4952 7259 1
2748 9067 2
2495 3838 1
8620 9236 2
1204 9537 2
2432 2280 2
1109 633 2
4828 3462 1
4273 9597 1
6538 7217 1
7019 7130 2
1704 1616 2
3451 6002 1
8759 2732 1
8173 1944 2
3069 9156 2
5152 9317 2
7076 2156 1
4071 5415 1
4825 1865 1
9996 4765 1
141 6823 2
2504 1628 2
7880 628 1
4156 6909 1
3585 1634 1
204 6508 2
1287 5848 2
3327 1163 2
5867 1538 1
5792 7597 2
2179 7517 1
9792 2923 2
5945 5276 1
7457 8578 1
4490 8582 2
6812 7395 2
5224 3429 2
3292 8514 1
537 4904 1
2657 1000 2
5301 5042 1
7583 3537 2
251 9432 2
2748 5615 1
4813 5319 2
4149 4277 2
3135 8573 1
6601 508 2
2412 7275 2
4604 6561 1
9393 1881 2
5462 5045 1
752 3506 2
6002 6684 2
431 6947 2
4480 9135 1
518 1728 1
5715 2138 2
853 608 2
7203 3070 1
6011 2524 1
4859 6288 1
3232 9796 2
3420 5928 2
3564 3754 2
4777 5699 2
8909 4324 1
8105 1874 2
9142 2990 2
6153 2665 2
6650 9814 2
6711 3313 2
2101 3087 1
280 2166 2
3923 5598 2
5186 8633 1
1111 8080 1
6851 1407 2
8982 6674 1
4792 1728 2
5001 1623 1
2375 4969 1
3999 1494 1
1606 7850 2
4600 2138 1
6593 1305 1
8763 1360 2
3016 3934 1
9137 1804 1
2734 485 1
4663 1108 2
4171 4047 1
1152 5379 2
4379 1088 2
4609 3544 2
3773 8258 1
500 6068 2
7830 6449 2
2661 2816 1
2875 6718 1
6328 6229 2
6522 3901 1
4033 8929 2
6738 3974 1
4794 7673 2
5157 3911 2
9073 3553 2
2397 5072 2
1335 4902 2
3829 3109 1
1106 8725 2
5500 2352 2
4219 2081 1
5206 589 2
5873 1217 2
3274 7773 2
6469 8543 1
7364 1395 1
6780 4506 2
9765 9194 2
8576 7269 2
9150 6284 1
9551 2566 2
1513 8540 2
9130 584 2
5296 2782 1
4120 9609 1
3796 6794 1
4144 9052 1
5735 9292 1
2 5625 1
7010 935 1
7839 8280 1
7408 4317 2
7277 8938 2
5281 4824 2
196 9680 2
2088 8373 1
6947 7857 2
3438 1972 2
3819 4041 1
9997 4313 2
1315 4340 2
7893 6350 1
3651 2775 2
3466 63 1
2393 6792 1
4899 7356 2
2599 8481 2
3437 7690 1
2674 1089 2
1559 3267 1
5 8298 1
3396 1521 2
2684 8068 1
3500 4343 2
3066 2921 1
26 8168 2
1571 8055 2
7375 7710 2
2562 5777 2
4942 6308 2
5204 1598 1
9214 7277 1
6284 6857 2
3515 3323 2
4077 2367 1
6966 3544 1
1843 6196 2
1680 7456 2
4954 4590 1
579 629 2
8613 4488 2
2857 3834 1
6697 6801 1
3955 57 1
2079 3866 1
4515 1005 1
9189 6380 2
8178 3928 2
1534 8080 2
1819 9503 2
9805 7732 2
4062 2201 2
8558 6893 1
4574 5795 2
6462 3727 2
6403 6446 1
7358 6359 1
6329 9440 2
4915 50 1
8239 8991 2
3833 8131 2
8953 4377 1
3659 7665 2
7887 1215 2
1389 5382 1
1756 1893 1
1491 6369 1
6047 4548 1
3143 7269 1
8381 9353 2
919 3816 1
1037 3171 2
7540 1509 2
5611 1736 2
2900 1722 2
6309 257 2
7872 3323 2
4849 6809 1
5079 8397 2
6229 6850 2
5113 5468 1
8686 1392 2
2126 5573 1
6202 779 2
3117 4044 1
3917 2754 1
1829 6248 1
2512 7667 2
2311 3250 1
157 2260 2
4873 4922 1
8309 2269 2
7333 9522 1
8026 4843 1
4648 2785 2
1077 5231 1
3443 3681 1
561 365 2
1805 577 1
9374 9998 2
6064 4323 1
7871 7694 2
5128 6863 1
1964 8974 2
5447 3023 1
6977 6451 1
9859 2753 2
9821 6261 1
918 7736 2
5204 5105 1
3325 4907 1
6158 5416 2
5690 5093 2
5429 30 2
3699 1331 2
1915 5563 2
3520 3385 1
4498 4205 1
8976 4173 2
1730 1173 2
4053 2186 1
3446 2853 1
7843 703 2
6607 9528 1
789 3550 2
7392 5626 2
5833 1597 1
5264 4700 2
6703 136 1
1883 3922 1
6077 3741 1
8369 7860 2
8350 6094 2
9222 7168 2
6606 7859 1
4464 4486 2
672 3797 1
4573 9995 1
3064 9140 1
2794 5943 2
5362 5459 2
7564 9047 1
8713 4886 1
3611 7611 2
5904 9115 2
2834 6697 2
2397 1934 1
3361 8216 2
7625 7987 1
1211 1846 1
3073 6128 2
9000 1747 1
5800 7728 1
9924 4580 2
9027 5633 2
4894 7905 1
9819 9287 2
4938 8998 2
9263 3223 2
8176 5798 1
6079 8876 2
9818 7667 2
7314 1846 2
6058 4296 2
4513 7574 2
9330 207 1
2489 612 2
8186 1147 2
1965 6953 2
3933 1552 2
1842 6021 1
9372 4614 2
5746 9834 1
9065 6329 1
5289 8959 2
1422 6252 2
2635 9150 1
8612 6289 2
5212 1142 1
7804 9506 1
7718 9801 2
2905 5164 1
6743 7455 1
4404 1983 1
608 4626 2
8311 7343 2
6407 5728 1
1587 3830 2
4422 4268 2
4170 2751 2
1274 2222 2
1589 2221 1
6356 3310 1
3983 1714 1
8731 5964 2
6231 1832 1
7769 5019 2
4099 2364 1
634 7138 1
7496 9373 1
3952 6122 1
3763 8242 2
1569 6723 1
7091 6433 2
6375 6942 1
3724 7913 2
7231 5220 1
3221 6905 2
8011 9406 1
7675 8070 1
3168 9978 2
4332 8441 2
8937 4557 1
8189 175 1
8626 4828 2
5861 3559 2
4381 5377 1
5567 3464 2
6480 492 1
3612 1080 2
5 2191 2
4174 5413 1
6458 7121 2
1055 656 1
6847 8012 2
3384 4494 2
2890 5104 2
7738 8102 1
5350 2046 1
4792 4661 2
5743 8093 2
6075 9052 2
2855 1432 1
4157 5729 2
197 5629 2
2542 186 1
2305 3824 2
803 5381 1
105 6278 1
1409 819 1
1072 1019 1
598 4264 2
3129 5100 2
3313 6669 2
5392 2573 1
7013 3007 2
8289 4229 1
6378 9229 2
9039 5261 2
6444 9133 1
9967 4661 1
9370 183 2
9978 655 2
5832 2680 2
8255 5154 1
9790 9393 2
8590 504 1
3846 2182 2
6174 1088 2
18 8624 1
6264 4365 2
6099 43 2
7257 4389 1
7555 5977 2
4372 3010 1
3612 3580 2
9534 9669 1
3631 4752 2
352 7710 2
5183 8751 2
4825 885 2
2915 4987 1
9433 3269 2
8759 5143 1
3511 5995 1
3115 4510 2
7516 1627 1
9043 7691 2
870 3131 1
7301 8687 2
390 5447 2
3342 7455 1
1314 9723 2
6413 8771 1
3380 1420 2
9751 5992 2
5609 5792 2
6897 9055 2
8322 2208 2
6105 8764 2
5062 6669 2
7534 7015 1
1471 2921 1
5587 4799 1
4264 873 1
6320 3410 2
8326 8442 2
353 2245 1
5676 1705 2
2005 7842 1
9925 2777 1
4112 2213 2
6222 2065 1
7049 6431 2
9064 3068 2
2541 724 1
2587 4711 2
1994 3868 2
5486 2070 1
1189 3269 2
8464 9567 1
981 3407 1
7778 9229 1
8309 4879 2
5099 9182 1
7094 1917 2
7747 6790 1
1258 3189 2
1816 6554 2
1674 1354 1
1500 1302 1
3746 5839 1
4148 5960 2
8400 4668 1
5547 1858 1
2456 9183 1
6749 8619 2
7202 1080 2
860 3583 2
1498 411 2
6223 2315 1
4368 8786 1
1470 8674 1
5958 297 1
1463 9962 1
5589 6592 2
1100 1184 1
6728 7325 2
6083 1136 2
5758 4935 1
2788 1069 1
172 6300 1
1535 6447 2
1017 3052 2
627 8512 1
6945 8715 2
136 9262 1
6115 2643 1
5798 8797 1
915 5040 1
1308 7906 1
9528 5906 1
5578 5704 2
7775 3262 2
7943 7679 2
3686 2589 1
9307 5976 2
3602 3180 1
5526 8474 1
5210 6747 1
3960 2321 1
6425 8478 2
6951 2361 2
9504 7519 1
7180 1623 2
6001 249 2
4294 81 2
613 3327 1
7269 6432 2
4535 8883 1
4944 3973 1
6807 5055 1
6256 1634 2
7625 9056 2
7331 5517 2
9555 8533 2
4266 8176 1
9586 1396 1
9514 9451 1
789 5094 2
8847 721 1
8145 9271 2
1205 823 2
8859 7079 1
1821 648 1
6481 8795 1
1198 3411 2
7794 3372 1
2817 1275 2
5489 2918 2
7540 4294 2
4406 619 1
488 479 2
6732 7022 2
8068 4213 2
2836 3592 1
7407 7929 2
7233 4407 2
9801 5764 2
7035 3658 2
9971 6254 1
7996 8102 1
6850 8840 2
8309 7460 2
6800 771 2
7770 8512 1
3051 8839 2
6018 9804 1
9877 2269 1
4952 8811 2
8482 9957 2
9517 7446 2
5917 9105 1
5267 219 1
9443 456 1
9811 4888 1
3734 324 2
264 8612 1
9611 3156 2
8722 5591 2
2604 9579 1
2501 2798 1
4568 5807 1
3975 6088 2
46 5179 2
2869 1051 2
6293 1789 2
9790 1919 2
8935 3209 1
182 1633 1
7042 2628 2
4757 6306 2
1222 473 2
3478 7478 2
4121 3432 1
9160 390 1
3366 2178 2
6064 894 1
4249 1918 1
8741 655 1
869 2296 1
3747 9294 1
3950 8188 2
5145 9043 1
9039 5823 1
1531 956 1
8774 3175 1
6832 8311 2
4659 6270 2
133 6155 2
3005 7379 2
6008 656 1
8460 152 1
573 8258 2
5968 4981 1
2669 6178 2
4697 3348 1
8946 1301 2
8956 4179 2
3069 2595 2
6661 1429 2
1824 5641 2
9759 7793 2
9988 6504 1
7838 7841 1
7733 5331 1
6853 2533 1
6417 21 2
4480 8430 1
5916 7705 2
3148 4931 1
1006 8400 2
362 4783 2
4067 5615 1
4016 672 2
4282 7342 2
8983 5770 2
2007 3898 1
7598 899 1
4850 1443 1
6757 2644 2
246 6671 1
1699 1054 1
6914 1125 2
5249 6882 1
3803 1267 2
5341 6424 1
6072 5657 1
4952 2969 1
8549 6092 2
9448 1093 2
9393 5028 1
3495 4670 1
5968 5213 2
4674 8395 2
9961 5386 1
4458 742 2
6008 3453 1
1078 7071 1
7694 3521 1
2064 8678 1
1516 9985 1
2996 9636 1
4412 8941 1
4084 5603 1
2984 700 2
8390 4290 1
6321 4629 1
6532 9858 1
7977 5893 2
9067 1387 1
3593 5356 2
6589 6248 2
876 127 1
9951 2630 1
6162 3480 1
5515 3833 2
1566 9873 2
47 2680 1
2937 6493 1
7533 5228 1
6732 976 1
7801 9077 2
4874 4497 1
2718 7717 1
7412 3455 1
3817 2274 1
4258 6841 1
6028 1848 1
6193 8533 2
9229 8613 2
6288 6282 2
7300 6668 1
3074 9893 2
3376 4371 2
1006 5656 2
1203 1508 1
3698 3030 1
9537 6400 2
8956 2281 2
1830 5575 1
4080 8701 2
4653 4465 2
9189 1666 2
2457 456 2
8775 3469 2
4512 8876 1
2503 1335 1
8314 3502 1
7302 2589 1
8951 7493 2
7998 9182 2
6886 6716 1
2441 5328 1
2911 2465 2
2567 9276 1
4234 520 2
3693 9645 1
7030 6919 1
1553 9333 2
6355 1959 1
4079 8185 2
3400 969 2
871 8624 1
2702 847 2
4108 7527 1
8386 8814 2
4086 3104 2
2919 2947 2
5921 1134 1
9890 6907 2
6956 1658 1
7148 5097 1
299 9074 2
8516 1764 1
614 613 2
3914 1846 2
9208 3928 2
6837 4510 2
3584 1444 2
5614 1823 1
4563 6325 2
9891 799 2
5064 2956 1
7813 1177 1
2794 6734 1
5818 7195 1
1114 9348 2
5019 6712 1
1947 4729 2
4151 4728 2
7412 6671 1
9087 6515 1
2114 4010 1
3400 1850 1
6835 3187 2
6364 6302 2
4923 342 1
1385 6279 1
1011 1988 1
5584 8958 2
981 2754 2
9175 2035 1
6322 1896 2
168 8952 1
2780 3844 2
6192 2003 1
9020 7732 2
8561 3056 2
2653 2079 2
3536 3005 2
783 685 1
3559 3197 1
7269 8218 2
5012 5510 2
9831 4087 2
7673 5074 2
1873 6761 1
2058 7970 2
8738 7976 2
4994 9158 1
9982 8673 1
7374 2502 1
7133 4565 2
7920 860 1
3177 9096 1
5421 4360 2
7620 6883 2
8736 2587 1
4496 1602 2
8981 7388 2
8437 8950 1
5102 422 2
9646 8564 1
8130 2056 2
8460 8484 2
2681 6707 1
7298 4723 2
4785 3712 1
7959 9777 1
1836 9688 2
2919 1252 2
5472 2569 2
402 3971 1
4261 5352 2
6572 9100 1
5258 90 1
9723 9919 1
6289 2057 1
812 9665 2
4127 2453 1
8671 6922 1
2589 3088 1
4614 4615 1
6697 4689 1
4090 584 2
5014 5138 1
8790 947 2
6695 2002 2
5226 3824 2
4456 5780 2
6521 3434 2
9445 2094 1
2459 6260 2
5745 3051 2
4540 3602 1
3665 9002 1
7195 8636 1
4814 5772 2
4380 1231 2
4087 3610 1
2167 9371 2
5964 172 2
5222 2198 2
5508 9651 2
2299 6087 1
328 5856 2
5832 5996 1
4214 1674 2
6852 3508 1
2223 2573 1
7805 3574 1
3161 3062 1
8833 41 2
7789 9336 1
1667 969 2
9290 6777 1
9437 5033 1
3312 7669 1
5992 6283 1
3238 6410 2
6149 5273 1
5621 9163 1
1431 1504 2
7627 5806 1
999 5264 1
6681 4430 2
2815 4909 2
3925 4921 2
6703 3905 2
6441 8562 1
2268 6168 2
3794 8528 1
9292 3202 1
8258 1070 2
7371 5604 1
7214 4777 1
9864 1911 2
1232 3877 2
6024 1000 2
166 7304 1
2451 9271 2
7265 7246 1
1154 3128 1
3848 3843 2
7495 1188 1
6482 1532 1
8373 697 1
3055 718 2
2500 1446 1
6224 2949 1
5423 592 2
6923 991 1
6341 7952 1
4680 4847 2
2715 9827 2
8646 2330 2
552 9032 1
6230 4285 2
8023 1494 2
6303 9317 2
297 5443 2
1273 6981 2
9040 6926 1
5026 6484 1
9590 8598 1
2108 1532 2
1380 416 2
9628 8092 1
5675 7573 2
6493 5191 1
7982 3921 2
9131 8931 2
2390 5078 1
7577 5019 2
637 6039 1
3115 2126 1
5699 9997 1
9165 6109 2
1597 6789 2
186 1281 1
6304 6800 2
2373 8402 1
5770 2114 1
7956 8785 2
4458 5892 1
1231 9487 1
3251 3411 1
6726 2308 2
6157 2590 2
6617 6809 2
644 3179 1
8285 8766 2
1735 6882 1
7182 1621 2
4762 8401 2
391 5493 2
2548 2918 1
395 7640 1
6962 8792 1
6912 5197 1
5938 6879 2
5295 726 2
8073 1143 1
8822 731 2
2974 3554 1
3189 4902 1
6652 8995 2
2212 6773 1
3572 6659 1
2748 9468 2
9033 5855 1
4921 3776 2
98 7544 2
5375 8332 2
4555 1666 1
2498 1536 1
8036 373 1
5724 6157 1
3265 9295 1
5371 8730 1
1928 9729 2
7408 4722 1
5894 9069 2
3601 5844 2
4266 239 2
4615 7842 1
9721 2385 1
9553 1810 1
2392 8644 2
5024 4720 1
7173 8734 1
4873 2154 1
8975 7623 2
70 5890 2
6697 7867 2
5445 9936 2
2667 9723 1
7783 3022 2
2097 5019 2
6610 5498 2
9242 1894 2
3568 2871 2
7018 4022 1
6702 7580 1
8808 4812 2
2542 9187 2
9857 9870 1
8245 8203 2
4147 547 1
2605 7351 2
6787 8777 2
9716 4813 1
9544 7568 1
2316 4152 1
2221 4925 1
5097 3591 2
7779 1000 2
2198 1756 2
1132 4430 1
7408 7661 2
7377 5071 1
3289 3158 1
5966 8513 2
4118 6980 2
8177 571 1
6258 2332 2
5262 3467 1
3609 9666 2
8173 4065 1
3454 9122 2
2890 4385 1
7141 9995 1
8933 261 2
4873 5823 1
8352 1881 2
6551 4117 1
724 8413 2
3442 8103 1
3420 1975 1
8397 4724 1
3447 9054 2
9700 8511 2
6506 64 2
6707 8190 1
5100 9869 1
9645 4236 2
7225 5673 2
7206 5543 1
1184 8062 2
8522 1298 1
6933 7144 1
2484 7461 1
7231 8263 1
7943 6392 1
7083 3616 2
8489 4812 1
231 1037 1
9379 530 1
1608 9944 1
6386 7873 2
8581 5700 2
5097 6708 1
7273 756 2
445 9610 2
197 5522 1
375 2437 2
9979 4426 1
3094 2011 1
4628 6124 2
1146 4520 1
2235 5229 2
9402 6714 2
6352 1430 2
415 196 1
3463 9172 2
3927 7275 2
3446 1302 2
7075 1468 1
9274 5363 2
8041 996 2
2434 9889 1
8818 7334 2
6002 287 1
4173 7289 2
3506 5452 1
3051 9703 2
6477 3069 1
5233 1008 1
8739 4363 2
2249 2373 2
487 2146 2
4129 61 1
4945 8964 2
9370 9683 2
8348 3844 2
8474 7717 1
9065 8540 1
1739 8871 1
1339 5463 1
6362 6014 1
5178 9015 2
3656 6422 1
2320 2880 1
4524 429 2
7486 6731 2
6080 1877 1
1368 3108 2
5584 5062 2
293 9837 1
7374 2937 1
8000 9257 2
768 1374 1
8730 3921 2
6768 5831 1
4389 8419 2
8843 5979 2
9578 5934 1
9427 4564 1
6468 7879 1
7085 4817 1
3939 6950 1
2596 3877 2
4523 3786 2
196 5638 1
2706 5233 2
3375 1007 2
149 4897 2
1916 8606 2
1763 8450 2
6867 2150 1
5840 6194 2
5826 4863 2
6148 735 1
1755 5489 2
8010 4928 1
1588 77 2
657 2477 2
5317 9524 1
894 7250 1
4333 2109 1
9512 5584 1
3726 5683 1
8619 8652 1
3549 1333 1
454 5039 2
5619 9621 1
9181 836 2
3134 6490 2
1559 732 1
7136 6061 2
5057 5165 1
9471 8047 2
7129 1743 1
4452 7490 2
1459 3614 2
2620 6044 1
312 43 2
1354 6487 2
2482 4875 2
2547 467 2
5106 6262 2
3856 691 1
9082 9097 2
7472 5468 1
7411 3797 2
3267 2905 1
8825 237 2
5456 2697 1
8169 7692 2
992 5071 1
1290 3533 1
6304 2226 1
945 1985 2
6387 1163 1
5019 7309 2
8606 5657 1
8423 9145 1
2699 3152 1
6057 7602 1
1846 2405 1
2073 5800 2
115 6052 2
1026 7585 1
6230 9931 1
2819 9924 2
4281 3180 1
513 8319 1
6585 5167 2
4995 5858 2
234 4141 2
7797 7250 1
431 1094 2
1078 7223 1
5250 2172 2
7066 5294 1
7618 102 2
8584 2103 1
8768 6814 2
7308 5400 2
5777 195 2
8758 712 2
783 2920 2
6698 2149 1
2776 3843 2
1727 6671 1
2605 4575 2
6208 3562 1
9460 9402 2
5774 9872 2
8103 7496 2
4555 3277 2
1891 5902 2
3328 6417 2
4474 7863 2
2712 8385 1
1825 387 1
323 1143 2
2515 2931 2
7476 4797 2
2860 7599 2
1427 2166 1
3502 928 1
5756 8886 2
320 3430 1
2607 3204 2
1321 3122 1
110 6383 1
5146 8573 2
9265 3446 2
7042 5312 2
7893 351 1
5559 5034 1
9881 8561 1
2916 1710 2
9375 4201 1
6309 3121 2
8977 9545 2
9772 3808 1
1178 3093 1
3936 9000 1
2793 5556 1
4345 6172 1
9922 1461 1
3301 356 1
6972 9703 2
4486 7688 2
4883 3535 1
3554 3816 2
1719 1286 2
1570 183 2
9820 9529 1
5667 1083 1
1273 6631 2
2440 5088 1
377 3223 1
7781 5298 2
1932 2239 2
918 2198 1
6327 8046 1
1782 7825 1
6048 4595 1
936 4959 1
7587 3315 2
8898 1598 2
5120 1655 2
669 5008 1
762 4619 2
3351 3309 1
6937 5009 2
9392 9854 1
3065 6860 1
7584 2803 1
6505 3781 1
720 4222 1
8093 5130 2
7100 5206 1
1229 5914 2
8040 4725 1
3700 8138 2
4152 7499 1
1825 7299 2
8870 3384 1
8185 6785 2
8559 7605 1
6675 4229 2
3606 1820 2
7994 644 1
8304 6732 2
4911 5495 1
583 7878 2
8501 3225 1
3944 2626 1
9523 4620 1
5108 1739 2
7957 3332 2
498 2559 2
3900 746 2
9979 1712 1
249 5610 1
637 3237 1
5734 965 2
4554 6954 1
3309 9008 1
7526 7323 1
2398 4148 1
7947 909 2
2718 5660 2
5224 4342 2
4387 8521 1
1406 4832 2
5353 1393 1
7394 1050 1
5472 764 2
1887 9910 1
9851 9782 1
3633 4076 2
7154 1792 2
9578 5046 1
5329 3407 1
4496 4706 1
439 588 2
8909 2148 1
6904 8018 2
6670 6529 1
3180 642 1
3109 6628 2
2013 2482 1
7335 7932 2
1997 4458 2
8143 6492 1
6622 3782 1
8217 8315 2
8247 6199 1
6872 5442 2
9894 6818 2
4784 9664 2
2921 8367 1
252 4073 1
9843 7067 2
7865 2611 2
9246 4166 1
3769 8519 2
4019 7206 2
5298 5366 2
4643 435 2
9949 402 2
9138 217 2
1863 7904 2
9158 2809 2
451 7981 1
4748 7351 2
197 5718 1
4372 1549 1
2680 9950 2
3600 135 2
7466 4060 2
5945 5894 2
1611 8426 1
8906 3133 1
5730 3351 2
2467 1111 1
5351 4518 1
2119 3183 1
8138 5101 2
9550 9093 1
7755 5559 1
4740 8352 1
8655 6866 2
8808 3031 2
2418 9042 2
78 439 1
7151 3660 1
5662 2592 2
4938 556 2
6562 1160 2
5591 1695 1
9820 9318 1
4288 4186 1
7773 2280 1
9362 7521 1
2527 5486 2
4720 4608 2
5197 76 1
6191 7830 1
8406 6316 2
8937 2853 1
7965 9930 1
7162 2324 1
2843 8710 2
7606 8781 1
8780 5189 1
993 5471 1
4414 9473 2
2165 525 2
7525 5652 2
5984 4188 2
4602 4353 1
6147 6905 2
6535 9563 1
2436 513 1
2172 2412 1
8237 9608 1
5038 6160 2
730 2259 2
243 6999 1
4751 7005 1
6838 3302 2
6240 4470 2
8585 2342 2
6727 3743 1
4622 4612 2
2146 2015 1
4414 2288 1
3923 5521 2
402 7934 2
7822 3108 2
6012 4120 1
958 7722 2
7199 2633 2
7120 3881 2
3763 6675 2
7126 3149 2
2338 9402 1
9893 3060 2
5934 6968 1
2663 992 1
3785 8215 2
6874 2889 2
6170 1850 2
736 6168 1
1919 4244 2
4141 3501 2
7830 14 1
9868 8715 1
306 6694 2
7338 6871 2
4588 4939 1
6889 652 1
7296 1202 1
207 7545 1
1436 3460 2
2980 2705 1
644 5933 2
2008 9642 1
5041 5551 2
4154 4015 2
893 1901 1
2482 3454 2
3624 4752 2
7384 4283 2
9014 8582 2
5626 1211 2
6399 3582 2
6346 9306 1
8942 2205 2
3422 8246 2
2611 8652 2
319 4033 1
2385 5159 1
6442 5938 1
7008 8735 1
3250 3349 1
204 7065 2
8588 8023 2
9780 14 2
1121 7914 1
2988 5737 1
95 9527 1
8507 7180 2
7849 9383 1
9230 3403 2
9555 1113 1
7283 9502 1
5670 6528 1
3615 7156 1
5330 5410 1
2713 539 2
2615 7578 1
8572 4969 1
5051 9126 1
2377 7974 1
903 6905 2
2163 7743 2
3482 7930 1
8945 8837 2
5572 6164 2
4687 5756 2
5340 3940 1
4125 8796 1
5995 190 1
8430 4228 2
2511 5241 1
9131 7634 2
3369 9614 1
2798 9212 1
5935 4093 2
6967 8682 1
7787 7399 2
5595 9625 1
6553 7333 2
4575 9529 1
5629 6336 1
321 5312 1
1851 8455 2
5072 9318 2
2061 4268 1
9183 5767 2
5713 9463 1
7142 4452 2
4408 6961 2
3713 6130 1
8489 9834 1
5791 8185 1
7883 2037 1
8148 5078 1
2302 5447 2
5735 4713 2
2099 2555 2
5221 6568 1
9935 2384 1
8668 9066 2
445 1801 2
4961 8301 1
9737 684 2
7323 97 1
6325 7300 2
6981 5083 2
263 5648 1
8832 8131 2
8617 6945 2
2382 7830 1
9688 5728 1
9496 6180 2
3158 1541 2
7593 99 1
1561 3665 2
769 490 1
3321 5893 2
36 4311 2
5366 3865 1
5944 5274 1
7183 2278 2
9946 7768 1
3340 972 2
5290 9912 2
2885 9037 1
1098 473 2
2376 3360 2
2371 1563 2
8391 5215 2
6671 5569 2
984 9193 2
5248 4421 1
3395 6097 2
4552 6292 2
1544 2317 1
6671 5198 1
4054 2503 2
337 8983 1
1909 8928 2
1069 1641 2
6461 8632 2
7703 2912 1
1053 4695 1
3910 3420 1
4165 5448 1
3607 3762 2
1579 1528 2
2216 5468 1
8874 3243 1
8862 740 1
2319 1256 2
3647 1325 1
8475 984 2
5465 8298 2
4947 3755 2
4905 3973 2
739 9234 2
7045 1946 2
8422 838 2
7043 2073 1
1568 7184 2
7919 5479 1
8149 3663 2
2297 5885 1
8335 9285 1
1445 9992 2
2059 2122 1
1753 7447 1
7644 5224 1
7490 2513 2
5351 6285 1
9695 3084 2
7766 3484 1
1396 6535 2
6630 1228 1
7945 6081 2
1848 951 1
489 4287 1
6659 3756 1
7892 8842 1
4288 9630 2
7501 5087 1
1949 5796 1
4924 1069 2
6699 55 2
2700 9146 1
4976 7270 2
6398 4031 1
502 2709 1
6757 8679 1
1226 2025 2
7944 6500 2
2654 8350 2
9508 6714 2
1351 2817 2
5495 1442 2
2015 8311 1
6934 1705 1
772 2532 1
648 7822 2
8087 1813 1
4136 8423 2
2767 1719 1
1399 4973 1
468 3501 2
2007 4011 1
676 6094 2
2385 8403 1
704 3828 1
6400 6025 1
752 734 1
1348 9014 1
1595 8910 1
9232 5526 1
144 92 2
6461 346 1
4177 1394 2
4021 3735 2
7282 2271 2
2344 6965 2
8622 3012 1
7322 306 2
946 1065 2
7443 8684 1
6480 8857 2
7518 9754 1
542 5761 1
8154 7892 2
8549 4789 2
3276 9606 2
2274 4972 1
2763 5202 1
87 4303 1
5539 2731 2
9355 5230 1
4899 8394 2
4838 4107 2
1087 6540 1
6023 7484 2
3806 498 2
8046 1917 2
7004 863 2
5297 8860 2
8090 7902 2
7979 6172 2
4569 1274 1
6185 4114 1
6403 6932 2
7035 7275 2
3970 417 1
4297 7668 1
695 5769 1
8571 992 1
2964 4281 1
5808 2774 2
1650 1810 2
2280 6113 2
3164 8328 1
3866 9486 2
2146 4003 2
8111 5025 1
136 929 2
8373 1072 1
3012 4002 1
7933 2726 2
9475 1275 2
4732 7698 1
7524 6756 2
7054 4437 1
5611 3050 2
1295 2936 2
6160 1245 2
672 7860 1
4094 4675 2
8872 8775 1
2964 2483 2
3408 2614 2
3111 6587 1
886 9269 1
8238 1547 2
7291 1265 2
1157 4440 1
6949 423 1
4507 7354 2
9950 6538 2
6883 6366 2
7955 5649 2
2967 2804 2
6293 6326 1
6544 8418 2
7163 5928 1
303 2383 1
8063 682 1
3640 4345 1
9596 5938 1
6770 6432 1
1751 9578 1
2584 9944 2
5811 8307 2
6554 2875 2
5051 1261 1
9981 1493 2
6092 4737 2
4007 8518 1
327 4631 2
6100 5604 1
5332 800 1
3140 966 1
7546 9469 1
5706 6122 1
8152 2197 2
7950 9423 2
4240 8275 1
4044 9372 1
6326 1894 1
6227 5176 1
9205 7120 2
7208 4623 2
794 5096 2
6144 7427 2
199 3816 1
6489 5513 2
7521 8863 1
9249 7912 1
8259 4767 1
2829 6254 1
2281 5040 1
7716 7978 1
1606 1196 2
6258 7715 1
1182 5393 1
9878 975 1
588 1026 2
6947 3245 2
6430 3318 1
4115 4796 1
1172 3816 1
8223 5809 1
4404 341 1
7656 7061 2
633 1409 1
2386 5541 2
4335 4914 1
8052 3504 1
2345 8195 1
8217 5709 1
9676 7459 2
3361 5810 2
2929 3203 1
1953 4782 1
6759 4284 1
1647 5344 1
5214 4007 2
3239 6829 1
9149 802 1
9368 4062 2
3148 2 2
3960 5871 2
9019 4107 1
4140 9090 1
4986 7482 2
7057 266 1
2767 1036 2
2038 6465 1
7971 7444 2
2591 5362 1
4933 3225 2
9076 95 1
6725 1269 2
5775 2188 2
522 6967 2
402 6546 1
7837 6818 2
7087 2157 1
9628 5772 2
7678 4383 2
1560 4832 1
7722 4459 2
5303 9484 1
2900 5930 2
2354 7316 1
4815 2057 1
2600 1965 2
1026 5481 2
5786 8307 1
9913 2750 2
9213 7763 2
53 1329 1
299 3169 1
7383 8814 2
7218 5204 2
7321 7990 2
4419 2741 2
6005 3822 2
5204 9860 2
1659 8207 1
4191 3 1
2384 9284 2
6561 2025 2
7578 7839 1
7339 3920 1
4981 2964 2
5301 1030 1
1952 8827 1
2022 5104 1
321 8498 2
4877 2179 2
1117 5658 1
6683 8090 2
2337 8437 2
5607 1411 2
5900 8191 2
6105 7841 1
4354 162 2
7695 6027 1
7450 7311 1
6939 2364 2
193 972 1
2226 8161 1
1990 721 2
878 2558 1
8203 8266 2
9278 9193 1
7978 5320 1
9121 7309 1
9230 8624 2
750 9593 1
5606 746 2
6992 8319 1
7925 2835 2
1874 5349 1
2197 4155 2
4039 9351 1
1599 8424 2
4468 5587 2
6468 4322 2
6484 8059 1
920 7685 2
547 1287 2
9505 1970 2
260 192 2
7148 7085 2
3052 3830 2
841 2128 1
3364 9180 1
1658 4215 2
6250 8486 1
9592 2307 1
9856 2290 1
7214 4007 2
1036 4892 2
9292 2190 2
3607 4456 1
3941 9795 2
7518 6268 2
577 8839 1
7236 4595 1
8636 3598 1
7710 4171 2
8021 6018 2
4597 248 2
5024 8255 1
4008 527 2
4116 8741 1
3015 2987 2
5902 3050 1
5769 3020 2
8557 8325 1
2439 2451 1
2227 2004 1
6351 3512 2
8538 2887 2
3426 8948 1
765 3570 1
6997 5591 1
4682 3007 2
4308 8083 1
6407 2186 2
9515 8079 2
9050 211 2
2475 9413 2
4896 1552 1
5915 4628 2
3671 680 2
9524 1406 1
1283 8584 2
3668 7883 1
477 4706 1
9228 8389 2
255 3338 1
5346 4314 1
2457 6535 1
5936 5149 2
1248 3240 1
3011 1621 2
1897 5772 1
6220 9181 2
9138 168 2
67 5458 2
5002 6758 2
671 3272 1
8020 3136 2
4287 4710 1
9784 409 1
2180 5045 2
8018 4868 1
3716 7460 1
9329 8267 2
6105 3575 2
505 1177 2
9600 1348 1
3570 2784 2
5339 8389 2
2390 6805 1
8271 2456 2
3879 2271 2
1927 4802 1
5655 1003 1
127 3496 1
2141 1211 2
6201 2740 1
8007 1138 1
6764 2118 1
4035 1673 1
5120 2800 2
5092 4798 1
9827 2265 1
4147 1136 2
2231 3675 2
2172 692 1
6273 4662 2
7725 9635 1
1884 4827 1
7898 601 2
1508 8225 1
8508 4040 1
3916 2483 1
1405 83 1
3896 7519 2
6077 5843 2
8915 297 2
7248 8054 2
3995 8614 2
2142 7531 1
8672 6674 1
5266 1799 1
1625 5530 2
5404 1971 1
4766 6770 1
3359 2795 2
7871 8577 1
8051 6160 1
7483 6160 1
2052 3287 2
7738 6607 1
1697 9129 2
4884 8032 1
830 4737 2
4040 5402 2
3154 4401 2
6678 6423 2
2874 5229 1
2741 806 1
7812 3294 1
9278 74 2
229 1056 1
7534 6921 2
4324 68 2
9752 6957 2
2844 3647 1
7537 5543 1
9902 7897 2
9843 8551 1
9133 7087 2
4122 5861 1
1088 2226 2
8506 3596 1
4275 54 1
9783 7801 2
4790 6500 2
1355 2768 2
6556 4024 2
6195 7575 1
9886 2355 1
6914 3258 2
3654 5754 1
4733 1589 2
6996 645 2
7966 3549 1
1852 2449 1
6354 1687 2
1894 2015 1
8539 2847 2
7741 5106 1
9470 211 2
5361 4549 2
5381 1734 1
8901 1571 1
1198 3325 1
5777 2589 1
9466 2229 1
7553 9304 2
8463 395 2
5668 1964 2
4887 9986 1
8926 6662 2
927 6657 1
1318 3254 2
377 8066 2
9257 4370 1
5370 9237 1
5141 3010 1
3884 1851 1
7023 4833 2
2797 3947 1
6077 6722 2
9103 8800 1
7565 6297 2
6582 8648 2
7292 1438 2
2045 3207 1
9584 2014 2
9185 3282 1
4943 2249 1
2180 325 2
2277 1365 1
8427 3454 2
8514 4265 2
6945 1599 2
5706 7331 1
6626 5743 1
3811 2099 1
304 4314 2
7690 5742 2
4370 7789 2
5535 4972 1
4384 1915 2
9908 7321 1
8024 9866 2
8305 8120 1
4364 3734 1
179 9323 1
2338 2174 2
2329 4989 1
9123 1842 1
2486 7544 2
6092 1371 1
8674 3647 2
944 6515 2
4457 2390 2
2627 2008 2
2506 1476 2
4624 1614 1
8585 936 1
4933 5210 1
2669 7025 2
7298 4279 1
5283 3221 1
3054 917 2
9241 5291 2
674 165 1
9668 193 2
4107 8238 1
7994 5302 1
7308 699 1
713 6257 2
9162 1211 2
1902 7496 1
4814 3568 2
6671 4826 1
2439 8705 2
1010 2950 1
8533 2903 2
3635 4737 2
7343 9443 1
5778 5844 1
638 1079 1
5922 9036 1
2032 5401 2
492 7753 2
1414 4643 2
5354 7775 1
4118 2469 1
3468 6935 1
265 4674 2
454 79 1
4030 8078 1
8752 1190 2
9350 1575 2
4933 7473 2
470 7817 2
4004 6985 2
9208 8248 1
9714 7419 1
2425 6490 1
807 3574 2
1069 8730 1
1644 8176 1
8951 1959 1
1459 4258 1
6017 2978 2
6431 4151 2
5306 7796 2
4263 9745 2
9635 485 1
216 6164 2
1697 9110 1
9248 7097 1
6415 2216 2
7172 29 2
8600 8179 1
4682 6543 2
3361 5952 2
7280 5669 2
8189 1615 1
4195 3624 2
471 5698 1
5433 4835 1
1580 1744 2
2888 2600 2
286 2291 1
8332 8043 1
3410 3658 1
1701 2741 1
6051 3768 1
870 4882 1
2157 1827 1
4376 7635 2
9922 1430 1
4949 1165 2
3865 6159 1
2445 2025 1
6090 786 2
244 6738 2
579 8308 2
9842 4570 2
3846 6288 2
194 101 2
9240 3686 2
5827 619 1
9028 1175 1
3434 5547 2
326 5914 2
7278 355 2
5457 2203 1
7307 857 1
8841 4390 2
9440 9941 2
9034 7296 1
4129 4388 2
6879 175 2
8325 7063 2
1563 269 2
2600 914 2
8660 3337 2
8923 6141 2
1955 6341 2
8559 8342 2
3557 1545 2
862 1405 2
7165 479 1
50 8519 1
4560 7237 2
2332 8764 1
4279 3502 2
8782 2441 1
5344 2161 1
2785 8159 2
4910 5448 2
256 818 2
3285 2691 2
2491 1418 1
286 4691 1
5622 5557 2
8601 6847 2
1767 1891 1
4662 8082 1
4811 2745 2
6587 2762 1
1025 5839 2
3681 4635 1
621 9234 2
6167 5674 2
9127 9907 2
4062 5283 2
1578 8805 1
5467 9188 2
9925 4691 1
7800 5823 2
3597 4760 1
2130 2268 1
7305 7780 1
156 7060 1
9429 4430 1
939 3607 2
7952 3437 2
4137 7015 1
1101 4638 2
4323 7979 1
1670 7777 1
8523 733 2
5764 188 2
5318 1597 1
1448 6502 1
7230 5627 2
4806 989 2
6177 8560 2
8261 1313 1
9792 278 1
8768 4774 1
1873 3963 1
8071 5894 2
2478 7347 1
9983 3821 1
1716 7251 2
3022 3883 1
965 4551 1
6368 5590 1
1270 2732 1
4581 5429 1
882 8246 1
4848 1414 2
2757 3356 1
3977 1801 1
7121 6983 1
9660 1474 1
7324 3159 1
2488 1899 1
7888 7438 1
7185 4079 1
874 3138 1
8015 5121 1
5068 4991 2
6829 8963 2
5164 9411 2
2394 2943 1
1218 4193 2
459 2866 2
6686 7055 1
4823 219 1
8047 4919 2
2858 577 2
1213 1210 2
6067 4666 2
6720 2104 1
3557 9477 2
6486 5785 1
1482 1713 2
7809 9223 1
7067 1091 1
5943 1602 1
5257 4485 2
9248 3163 2
4776 865 1
7692 2857 2
1662 8986 1
3275 1655 1
7097 3411 2
2354 4627 1
9382 5765 1
7965 6641 2
8203 3022 2
9047 6071 1
6157 989 2
8723 4814 2
2875 247 2
375 567 1
2113 2933 1
6508 9155 2
5686 8468 1
3855 2026 1
6239 6611 2
5203 9878 1
2873 2296 1
5469 4629 1
323 1212 1
2454 9802 1
9185 1770 1
8349 9835 1
5675 9908 1
9555 9813 1
4891 2654 2
3308 1844 2
6243 4305 2
420 9964 1
1013 2777 1
2296 4547 2
6777 1080 1
7625 4852 1
4298 1873 1
8253 1101 2
9065 1405 2
1102 4305 1
3497 8953 1
8120 8984 2
2801 6870 2
8047 810 1
8573 6184 1
2759 2520 1
9165 4696 1
4874 8963 2
8693 338 2
3878 7555 1
6012 3608 2
6860 337 2
3325 541 1
178 2637 2
6920 8650 2
2018 7049 1
9842 4396 2
409 523 2
209 516 2
6313 1055 2
9473 6438 1
7415 6035 2
4017 4682 1
8461 4826 1
7303 5759 1
9801 3626 1
3896 6147 1
9101 3533 1
6401 5916 2
9085 5988 2
2177 3122 1
9748 3599 2
716 8338 1
175 3814 1
793 9053 2
2112 2627 2
709 8054 1
3548 7910 2
1439 7016 2
1758 8768 2
4809 8110 1
7186 6984 1
9053 8185 2
8906 1625 1
7286 3374 2
5181 2498 1
4707 2741 1
3683 8340 2
3079 5179 2
7274 200 2
3115 4673 1
4868 6663 1
859 4394 2
8391 3711 1
2741 5009 1
4011 5829 1
6189 9073 1
2192 9422 2
6428 8235 1
7013 5700 2
4988 612 2
9874 5879 2
5102 8932 1
5071 393 2
7268 4247 2
1259 1569 2
2743 7648 1
6614 9369 2
8562 7426 2
5894 8368 2
5317 1765 2
6022 9625 1
6307 7783 1
3795 5226 2
708 3544 2
4046 9518 1
9748 3020 1
3468 3844 1
6098 3325 1
3321 5149 1
8018 9015 2
1024 6241 1
299 9610 2
1573 5963 1
5434 8540 1
5323 7993 1
2365 5284 1
4206 5021 2
8153 1216 1
7115 6222 1
5237 7728 1
2707 6888 2
1053 1576 1
5836 408 1
2079 4674 1
1199 5425 2
8417 1994 1
6139 8009 1
5465 4752 2
2049 8252 1
6452 5690 2
3830 6952 1
3504 6799 1
6772 944 1
1313 2205 2
2248 810 1
3088 4467 1
2518 2801 2
7463 4600 1
4049 7731 2
5414 3586 1
3091 627 2
881 1312 2
4667 6040 2
8880 8577 1
634 9037 2
6030 2779 2
7669 6671 2
3339 5269 1
566 5026 1
6762 1500 1
1995 2332 2
3075 210 2
4758 4648 2
4834 9386 1
8779 3349 1
1430 8974 1
3781 4181 2
9283 9465 2
6065 1374 2
5105 5774 1
1856 8540 1
7786 8207 1
2170 3437 2
1616 3894 1
422 1859 2
2708 6959 2
4947 9398 2
4112 8748 2
8499 3696 1
3247 8896 2
4842 6943 2
6447 5 1
5555 9654 2
4566 7126 2
3787 7868 1
9882 5525 1
8084 5243 1
8136 1238 1
964 4546 1
5630 1714 2
1603 8676 1
256 934 2
1249 2807 1
375 9793 2
3597 8950 2
8381 8441 2
4975 1152 1
4034 2903 1
1519 6502 2
5082 9654 1
3803 3201 1
3981 1640 2
3141 1961 1
2726 2897 2
7923 7967 2
8965 2874 2
6414 1092 2
4317 5055 1
6707 5968 2
2198 8353 2
7989 2604 2
3804 1238 2
3672 9368 1
5406 1076 1
5064 7750 2
6992 9769 2
1728 4092 1
7673 7894 1
2212 9863 1
7286 8079 1
9975 2867 1
8709 605 2
3957 6163 2
299 6220 1
6587 9039 2
2255 6893 1
1578 4241 1
236 8661 2
1848 2407 2
67 1020 2
9998 5925 1
5590 5599 1
8155 2784 1
2623 5263 1
9423 9075 2
5463 1120 2
2897 5950 2
4239 4795 2
8074 6434 1
74 4284 1
200 8470 1
4097 5988 2
1964 5413 2
4686 8184 2
1420 174 1
6017 4832 2
4017 4339 2
1486 601 2
4106 8922 2
1021 868 1
5256 6815 2
4201 7701 2
6336 5984 2
3698 3460 1
3372 4671 1
5627 6607 2
6122 5268 2
812 5750 2
2731 8633 2
5569 8142 2
5301 4748 2
7081 9007 2
9570 8608 2
5096 3430 1
8047 588 1
3365 8356 1
4606 5226 1
8669 1692 2
5908 345 2
6254 6761 1
3484 3404 1
365 7046 2
754 4329 1
3376 8020 2
8168 8779 1
9077 2215 1
3956 2913 1
4121 3913 2
7120 9372 2
8402 2774 1
3033 2725 1
9286 4223 1
7633 4325 2
7985 375 2
5998 954 2
4019 5801 2
5032 3096 2
6608 7055 2
8878 2646 2
6686 3420 1
7154 813 2
1146 5108 1
3960 9597 2
6755 3887 2
5947 4424 2
7390 8665 1
3257 4997 1
7392 3813 1
5458 3534 1
4135 9733 2
2972 6562 2
1538 3220 2
1730 2020 2
5092 8396 2
4880 1946 1
1749 7520 1
7401 7583 1
9121 4100 1
2738 5873 2
2903 127 1
3428 659 1
1019 80 1
1917 8396 1
8628 3222 2
5408 4423 1
6127 1367 2
8752 385 1
5098 2202 2
73 9503 2
8330 9693 2
7128 6821 1
6101 8367 2
909 191 2
4905 3703 1
9216 6508 1
3651 9787 1
4154 7790 2
1961 7386 2
6087 3835 2
5361 3635 1
3131 9631 1
1959 9467 2
2874 1512 1
7931 1852 2
6461 1945 2
32 8960 1
3860 5559 1
5679 4218 2
4351 8975 2
610 3517 2
660 2910 1
9369 3011 1
8717 9671 2
6072 7991 2
2774 5841 2
7511 5579 1
9667 1190 2
9601 7923 2
712 9078 2
965 7352 1
7951 3026 2
2616 2119 1
1846 4833 1
1233 5295 2
7966 4206 1
3372 8759 2
685 2087 1
9784 1525 1
1421 2000 1
5737 6168 1
3835 7326 1
3062 2110 2
8760 1549 1
3884 495 1
1692 6731 2
1337 6897 2
2974 1418 1
8018 4081 1
6765 2722 2
9869 8368 2
1706 8492 1
8120 4675 2
9675 9800 2
7296 3315 1
7258 5480 1
635 9419 1
1028 8867 1
8447 4909 2
8059 2515 2
136 6221 1
1237 5655 1
3446 5572 1
7690 642 1
2716 9518 1
57 9994 2
3971 2221 2
1876 5914 1
1365 8212 1
3807 3248 1
3378 8604 2
5477 4783 1
8862 7570 1
1139 9887 2
337 2519 1
1083 3096 2
4773 5199 1
9987 4219 1
284 5043 2
9331 4025 2
8360 4959 2
3851 217 1
9409 276 2
1146 8294 1
3091 2487 1
824 623 2
8013 1056 1
8653 9638 2
2754 4092 2
3927 1681 1
2844 3404 2
8761 7692 1
8324 7700 1
8934 1493 1
9131 1708 2
9002 3263 2
1957 2178 1
5553 6368 1
4281 6663 2
5806 9666 2
4130 1661 2
5046 9813 2
9809 1391 2
5666 3308 1
9544 9818 1
4353 7292 1
1568 4652 2
659 4288 2
3668 3804 1
9631 71 1
7268 2801 1
2766 6148 1
7939 3481 2
9613 6414 1
7450 260 2
959 1518 1
9475 3847 1
6329 4243 2
526 8682 1
3397 8753 2
8735 426 1
6671 6621 2
974 5528 2
1451 5267 2
6821 6391 2
6573 3169 1
598 546 1
735 9529 1
595 8948 2
4079 4051 1
3156 7598 1
7326 5992 2
4901 2372 2
9490 5576 2
9684 96 1
9764 149 2
8503 9838 2
7267 4918 1
8245 7582 1
8032 4597 2
7144 4598 2
8016 6145 2
9537 8477 2
7693 8317 2
628 6625 2
5925 7055 1
8423 3714 2
2569 1874 1
5080 8933 2
4096 3924 1
8516 5777 2
4961 3833 2
9073 4101 2
6380 5910 2
3845 1232 1
4818 8310 1
1292 3368 2
7881 2473 1
9622 1204 2
9273 5280 2
390 9058 1
1345 1875 2
4756 818 2
3042 267 2
8380 6120 2
8195 4824 1
3005 9870 2
8204 1803 1
4475 4848 1
4123 7917 1
3806 7182 2
402 2967 1
5649 7261 1
5958 6808 1
7715 3478 2
6706 2131 1
1993 4758 1
4514 2989 1
5066 3645 2
7609 819 2
4370 1167 2
1531 9778 1
9248 3174 2
7811 5965 1
7335 2189 2
7134 5995 1
8737 8454 1
8607 9175 1
5095 3158 1
9481 8046 2
1882 7220 1
2248 740 1
2846 61 2
648 271 2
6521 499 1
9596 3931 1
5177 8841 1
2569 2884 1
5499 2761 2
3848 207 2
1908 5934 1
7639 2561 1
3884 666 1
8697 1878 1
3198 4017 2
1105 4092 1
6730 3468 1
9819 9173 2
8740 8104 2
8228 9641 2
2018 9908 1
7165 961 2
5889 5110 1
3163 2685 2
7184 1831 1
1914 6335 2
5427 6770 2
9894 5950 1
5777 6713 1
2192 6116 2
7799 704 2
1487 1057 1
8852 3392 2
6828 789 1
3083 5877 1
9269 9257 1
100 2113 1
7355 1255 2
42 9559 1
1972 8030 1
5902 9152 1
8409 4207 2
3363 970 1
4457 850 1
9120 7891 2
5988 6146 1
9121 130 2
5442 3917 1
790 8303 2
5850 9685 1
3155 1526 1
1355 9857 1
6638 3913 1
54 7132 2
4133 8587 2
9345 133 1
2213 5061 2
5350 158 1
9908 4180 2
9970 5038 2
1591 5705 1
4086 3855 1
956 5656 1
5386 7664 2
8562 3418 1
7589 4579 1
3212 4571 2
406 6544 2
7267 9404 1
5054 721 2
7105 9106 1
259 8644 2
8630 2581 1
3679 1772 2
9366 8354 2
7759 945 2
7848 2234 1
1605 5771 1
3305 6401 1
1111 4906 1
4183 1855 1
3021 8785 2
6871 8946 1
1558 1223 1
2080 714 1
5988 3861 2
2894 6268 1
9131 3642 2
1519 7952 1
6118 4522 2
4409 5363 2
5859 1930 2
6290 246 1
2386 1558 1
6599 4461 2
697 9820 2
1942 1456 1
6307 4319 1
7043 4381 2
9036 2292 2
4775 148 1
391 7320 2
4444 9258 1
5544 9064 2
1202 5479 1
8635 1319 1
3374 328 2
427 2028 1
134 2301 2
9147 8113 1
4278 7244 1
3329 7157 1
5837 4252 1
8598 7579 2
9345 4363 2
4247 4585 2
1463 7881 1
2503 6170 2
8764 1787 1
3435 5020 2
5519 2168 1
6364 1923 1
3540 7055 2
6457 1060 2
1970 4688 2
6034 3531 1
5734 2750 1
7054 4357 1
6590 211 2
5638 5703 2
1407 4076 2
3175 2901 2
8928 2297 1
9236 8107 2
8413 8495 1
8370 8760 2
7316 4805 1
6219 7294 2
2715 6842 1
4939 1620 2
7064 6477 1
6262 4116 2
5559 5748 1
6368 5645 1
8089 7894 1
275 4226 1
415 3697 2
5197 5544 1
9603 8276 1
6239 5676 1
3135 1190 1
335 8379 2
5379 6974 2
1639 4873 1
5283 3992 1
3252 6827 1
135 8790 1
9463 1116 2
1162 9197 1
599 3932 2
124 1908 1
126 8060 1
6272 729 1
4872 2915 2
3390 1787 1
8823 5724 1
4258 6400 1
657 6422 1
619 8881 1
9072 8419 2
3965 9146 2
1681 9113 1
5744 3659 1
5222 3604 2
2094 2809 1
7780 5378 1
8825 8221 2
2998 869 1
3522 9044 1
6392 2997 2
5827 7981 1
3100 7643 2
3399 9646 1
8248 2183 1
7084 6480 1
3878 6988 2
6248 1054 1
4036 9278 1
9217 9434 2
210 9467 2
3395 2360 1
1334 1503 2
7854 993 2
9211 7598 2
4726 4530 2
9181 3278 1
1329 8682 1
4799 6266 1
7213 1039 1
2933 9280 1
4151 8538 2
4442 6340 2
3876 9190 2
8428 4411 1
6556 3765 2
1643 545 2
6474 9259 1
221 4499 1
4030 6625 2
477 3638 1
5419 9187 1
679 8862 1
8569 4611 2
206 3688 2
6708 4628 1
151 2368 2
4091 2831 2
5147 8667 2
3010 2497 2
9833 3871 2
1344 971 1
7473 2294 1
9154 1297 1
7882 1967 2
4134 4716 1
7277 3917 1
7009 9416 2
3239 4054 2
2570 1718 1
1003 6565 1
1516 8235 1
3678 9624 1
4216 8431 1
4905 4050 1
4208 3376 2
8923 5674 1
9901 2796 1
1397 8619 1
8907 5114 1
2427 4994 2
9384 2290 1
1465 4419 2
3304 1136 1
9516 5941 2
3556 8885 1
5669 3137 2
8198 1670 1
5114 1687 1
1918 3995 2
3717 6056 2
192 8689 2
9683 7277 2
3508 6793 2
6485 8623 2
9589 5383 2
1330 2029 2
4211 8499 1
5060 4873 1
9409 9755 1
9718 6459 2
2471 3247 1
8573 4364 1
5793 964 1
5068 460 2
4046 3474 2
846 9918 1
3889 7062 1
8592 119 1
4564 369 2
4323 6770 1
1376 3174 2
6159 6206 2
5783 7408 1
6827 7486 2
890 2250 2
7878 9816 1
9491 4709 1
3217 1159 2
3389 1893 2
4579 1738 2
2166 3556 2
1588 5074 1
3012 1838 1
2978 3879 1
3229 484 1
2079 116 2
2557 7897 1
4736 7799 2
6916 744 1
2512 8354 1
5590 3420 2
8347 9501 2
569 6213 1
3283 9121 1
1146 4842 1
6255 830 1
2536 4706 1
2263 3942 2
6952 8858 1
9049 9584 1
7007 1122 1
4407 694 1
6827 4512 1
2999 5799 2
8235 9275 2
257 7622 2
9330 9105 1
8357 5225 1
7352 5473 2
7410 8106 2
2105 7458 2
9408 4602 2
1700 9195 2
583 5369 1
6844 7448 1
6134 5135 1
4891 3340 1
7229 6887 1
9082 425 1
7619 7342 2
7083 4393 1
4545 408 1
6175 6441 1
3652 3916 2
4336 5177 2
6815 1091 1
8841 3485 2
711 9852 2
5320 879 1
9621 6955 1
4275 8266 2
6120 2966 2
7568 9008 2
6848 3815 1
347 8150 1
3332 301 2
6788 4035 2
2109 8250 2
6238 5796 2
6761 2950 2
3730 9931 2
8921 3419 1
9786 5067 2
9138 3671 2
9782 5454 1
2016 9389 1
5194 4511 2
8447 2660 2
2014 1072 2
1632 86 2
3213 9574 1
890 9106 1
6726 2024 1
4982 7675 2
2494 7971 2
8530 7704 2
9964 985 1
7199 9298 2
9740 7629 1
8980 7960 1
8525 4616 2
248 3182 2
4915 3736 2
3531 5833 2
7461 6956 2
6894 3093 2
1040 6537 2
22 6079 1
2994 9864 2
9181 5484 1
9600 2693 1
7953 8896 2
2320 673 2
2980 7704 1
8688 1826 1
3642 2305 2
5885 5854 2
94 3998 1
7229 7907 1
8765 9221 1
6822 1314 1
5129 9075 1
8196 5551 2
8647 6772 2
4631 5363 1
2961 8891 2
226 9274 1
7670 4672 2
2894 5590 2
2517 1821 1
7924 4282 2
8181 8001 1
647 8159 1
6096 1485 1
6488 2466 1
2420 9769 2
7424 2356 1
6241 6880 1
1065 361 1
9421 6367 2
4485 4746 2
2323 3834 2
6662 9347 1
7935 8696 1
6724 2037 1
8468 818 1
4891 1269 1
9798 5736 2
4682 7563 2
5632 6172 2
5460 7652 2
5120 9812 2
1987 8977 1
5430 8604 1
6608 3878 2
3081 1170 2
2940 3100 1
5009 3289 1
9099 9887 2
2862 7014 1
4276 6176 1
3104 1094 2
7042 3540 1
5708 4150 2
4006 3187 1
6206 4969 1
1234 9274 2
2193 1014 1
2799 3369 1
8345 8040 1
8312 2694 1
9097 8988 1
9133 5209 2
7293 1606 1
945 366 1
9170 3260 2
5293 5734 2
9321 7049 2
5435 4405 1
7752 812 2
3979 7973 2
6616 7206 1
5185 5218 1
9112 2064 2
4117 7949 2
8472 9219 1
2225 8697 1
1007 5021 1
391 4049 1
214 4371 2
8409 6352 2
619 5849 1
271 8887 2
4447 780 1
2292 4634 1
6024 6537 2
553 2243 2
7296 6403 2
7873 3982 2
9348 9281 2
8547 204 2
4821 4781 1
7052 1216 2
3451 2710 1
4090 53 2
2781 927 2
3570 4309 1
1562 6494 1
8954 2131 1
9843 5229 2
2768 7619 1
3534 8445 2
4993 2877 2
1797 1102 1
7171 7501 1
8645 4792 1
1164 9958 2
320 3910 1
3096 3962 1
3259 5782 2
2823 1571 1
4480 1578 1
9708 5134 2
6957 5033 2
3247 3115 2
4916 2030 2
284 4366 2
7337 7192 1
4130 7873 1
3687 6729 2
2149 4320 1
6859 6136 1
7037 2379 2
1575 4703 2
773 4263 1
1841 4157 2
9148 9214 1
6801 1812 1
663 6042 2
5750 5452 2
365 3326 1
1234 7567 2
5930 6141 2
8281 5643 1
9196 4801 1
23 7283 2
2089 1125 1
9335 702 1
5527 3707 2
5068 951 1
8291 9832 1
1596 4043 1
3963 5411 2
4063 6206 2
2452 7289 2
5941 4006 1
2980 1548 1
8381 5230 2
88 6815 1
7999 5477 1
2624 5676 2
9363 7804 1
2190 7902 2
1240 5148 2
1419 4599 1
9390 510 2
6322 7643 1
7564 6064 1
2115 5731 2
5259 679 2
1729 5068 2
1000 3575 2
4853 6725 2
5158 7069 2
5001 2357 2
474 3910 2
2093 9826 1
2477 469 2
5493 2362 1
7790 2881 2
1304 6990 1
7325 1620 1
7747 1298 1
3905 7725 1
7861 2431 2
771 2543 2
8849 1666 1
8257 1040 2
7022 9466 2
6172 1515 1
5386 6621 2
1818 3214 1
5907 323 2
8149 8605 2
5805 8266 1
1097 4205 1
5055 625 1
6938 8378 1
2549 9997 1
6556 4993 1
4879 22 1
8073 2950 2
3537 8171 1
9295 7488 1
1057 9450 1
1087 8632 2
6477 6169 2
3247 334 1
1570 7024 2
8793 9748 1
3749 1820 2
858 2256 1
6046 8238 1
1700 4942 2
1960 4058 1
6540 4940 1
2483 5641 1
7276 8925 2
50 5239 1
3954 6231 1
8814 5893 2
4256 8309 1
5248 2072 1
2826 3637 1
2043 9304 1
1067 8906 2
1792 7634 1
8688 4027 1
2983 9031 1
9211 1363 1
3261 3691 2
2689 2287 1
1632 3206 2
7869 5875 2
4149 2614 1
4715 8469 1
5779 988 1
7821 9888 2
4198 5210 2
538 2467 1
5452 8091 1
3994 3856 1
6843 6539 1
7819 3405 1
8297 7163 1
3007 1622 2
4419 6623 2
9900 4393 1
6343 8447 1
2426 4536 1
57 8073 1
2233 6379 2
610 5837 2
600 7867 1
3180 9360 2
6975 3688 2
7383 4746 2
5974 2388 2
4536 2552 1
7771 3062 1
7589 6794 2
1217 8729 2
1514 1110 1
6219 9898 2
870 5555 1
6117 3165 1
79 4047 1
3468 5192 1
7610 8138 1
848 518 2
9604 873 2
6457 3333 1
4572 7604 2
4079 5513 2
5398 9815 2
1265 2423 2
9193 2661 2
6287 8778 1
7778 9456 2
1456 9458 2
3871 7571 1
349 752 1
5957 5144 1
4980 1212 1
4155 6722 2
4678 7407 1
876 6037 2
3769 5113 2
4409 6345 2
9766 7068 1
853 986 2
2604 3967 1
2471 3707 1
3563 7724 1
539 2846 2
2458 2290 1
5521 2669 2
9107 2003 2
5981 3349 2
7873 8711 2
6501 9286 2
88 2952 1
8455 6756 1
3021 9556 1
7504 8201 2
3914 2926 2
6053 9376 2
4684 9213 2
9198 2764 2
8501 780 2
7094 2895 1
9050 1976 1
1069 9091 1
5365 8725 1
9798 5749 1
4820 4890 2
4025 8612 2
5608 9136 1
226 1095 2
664 5830 2
7776 1028 2
8155 7456 1
135 7274 1
8913 1732 2
2862 1224 2
8315 3852 1
8738 8723 2
3327 9830 2
6545 4 2
8693 2823 1
3968 1432 1
188 8451 2
2934 9326 2
2501 3191 2
8127 2812 2
3463 16 2
4569 6491 2
106 8721 2
5898 3686 1
4972 81 1
2552 7823 1
5455 8970 2
9807 331 1
8217 9020 2
8191 8369 1
7298 215 1
8716 2782 1
5001 3173 2
4236 1443 2
4256 1470 1
5596 8438 1
9579 9409 2
2396 7373 1
8150 7570 1
6734 982 1
4892 8982 1
1931 4594 1
672 1577 2
9774 181 2
1176 6776 2
9031 1736 2
1372 6583 1
8313 3927 2
8188 4221 2
3580 2340 2
9704 1363 1
2300 2850 1
8213 57 2
1352 6922 1
4031 4273 1
5700 265 2
833 4098 2
4263 8432 2
5086 9814 1
8814 4371 2
8876 8588 1
951 1899 1
8292 1239 2
439 8340 2
1348 1948 2
7413 6191 1
6221 8232 1
556 5729 1
612 6681 2
5997 3923 2
9589 6864 1
2522 7808 1
6523 8261 1
9020 2378 2
8586 674 2
4047 6292 2
3830 6151 2
2417 6793 2
1721 3189 1
9478 3284 2
2641 6915 1
454 3414 2
2351 5373 2
2302 8276 1
9945 9055 1
283 7654 2
7816 2158 1
3666 8473 2
7835 799 1
2523 5774 2
2515 5022 2
1377 1657 1
3061 5689 2
9668 7922 2
4187 7907 1
1911 8151 1
3107 5361 1
8274 6969 2
9470 9904 2
9088 2586 2
8018 909 1
6386 3445 1
1001 3499 2
1323 326 2
2224 1521 1
1235 5598 2
2569 1785 2
2196 3041 1
3561 1107 1
6416 7047 1
7578 528 2
2888 1822 1
4938 8519 1
774 2646 1
2459 4579 1
1685 9780 1
9569 9634 2
3875 4576 1
7783 3864 2
4070 4998 2
9130 8874 2
6932 889 1
1308 5220 2
2745 7803 2
514 1828 1
9813 295 1
5671 9132 2
3883 5544 2
6519 4739 2
8756 4367 1
8437 9013 1
2986 9040 2
4581 9151 2
3069 4661 1
4098 3140 1
1201 7930 2
570 6202 2
8030 9967 1
2605 493 2
4655 9066 1
1313 1564 1
7780 7106 1
3873 3159 1
9584 1141 2
9561 3751 2
8011 1299 1
3740 4390 1
6865 4864 1
8718 7266 1
4017 838 1
5419 1567 1
206 7712 2
8478 6834 2
3074 1121 2
5418 7798 1
8166 1531 1
4005 5275 1
8988 8568 2
6280 7714 1
613 6549 2
4864 4946 1
8795 4706 1
1632 7462 2
3320 1971 1
5853 1581 2
1261 6082 2
6272 1801 1
8205 4762 2
7672 8913 1
4159 5037 2
8069 7726 1
4079 9680 2
6494 8945 1
2269 5226 2
4012 9068 2
780 6792 2
7645 613 1
6469 9996 2
562 9254 1
2114 201 2
4513 9199 2
4515 6521 1
5139 291 1
6524 7111 1
3127 6806 1
1141 5574 1
7470 6662 2
8265 5832 1
2221 1487 2
8279 6983 1
1374 101 1
1732 5247 2
7551 3198 1
2663 7154 1
4657 5733 2
3532 6931 2
5610 2457 1
7010 7323 2
9012 9787 1
8525 1144 1
2604 6916 1
980 7513 1
2787 6140 1
6932 5171 1
2816 388 2
7899 415 2
7245 1646 1
4169 7158 2
3503 1123 1
2723 5693 1
2131 3992 2
9984 4216 2
5161 6634 2
9401 2433 1
1731 5503 2
6123 6965 2
4024 8477 2
5223 294 2
1554 3488 1
9937 8713 2
4752 8296 2
4962 5481 1
6117 1960 2
6006 1922 1
9607 8264 2
1375 3510 2
8961 5364 1
8784 7644 1
3793 9484 2
4578 5644 1
1419 2658 1
6210 9220 2
836 1614 2
9297 3846 2
8759 6989 1
9139 9976 1
5908 3422 2
4513 5986 2
2444 9924 2
6295 3619 1
5542 5303 2
950 221 1
990 3491 2
2467 8773 1
8832 2294 1
1654 6628 1
9233 9798 1
4780 2872 2
199 3210 2
1350 8323 2
1468 5020 2
2920 4667 1
895 6877 2
5963 5305 2
1282 1617 1
1803 6698 2
29 2255 2
2329 9889 1
7242 5298 2
6234 7171 1
7783 9306 2
8006 8281 2
871 3884 1
5034 2946 1
1185 6430 1
438 6382 2
767 1260 1
5600 1796 1
9905 1958 2
3808 1821 1
3144 9423 1
786 1382 1
6139 944 1
1431 9810 2
581 739 1
3444 4502 2
1268 1096 1
6673 2540 1
3916 323 1
2602 192 2
4898 172 2
2402 2102 2
4354 4637 1
6060 4338 1
4042 9992 1
6496 3710 1
8972 9855 2
8364 6728 1
2560 8938 2
3472 17 2
6975 2676 1
7985 463 1
8313 5038 1
1399 8683 2
2320 1787 1
2606 5700 1
4427 6002 2
4313 379 2
1252 3744 1
8938 8181 1
7530 6243 1
9068 3116 1
1040 2976 2
1162 8110 1
3708 5997 2
3156 7180 1
6633 9848 1
1441 3932 1
9397 1502 2
2152 2280 2
4260 4 1
2181 9101 1
3259 2370 1
7691 4685 1
150 8468 1
6988 5645 1
4754 9159 2
6995 7176 1
2339 3010 2
5322 5754 2
7424 8490 2
1828 117 2
9410 9932 2
932 8016 1
3545 8695 2
9700 451 1
8455 3151 2
6912 4588 2
1794 6236 1
5832 2749 1
406 4473 2
9233 2587 1
6177 773 2
1461 6417 1
6998 6469 1
1230 8091 2
2587 5088 2
831 6347 2
6010 8226 1
9179 9784 1
6323 7177 1
6892 1130 2
1401 5403 1
2509 2831 1
849 7726 1
3857 3977 1
7510 9119 1
6378 4686 1
4632 7244 2
8802 3031 1
5944 3770 2
5494 6993 2
3341 6255 2
2533 7791 1
5234 6888 1
7141 3093 2
6997 7877 2
5567 6927 2
7130 1288 1
5886 1944 2
4695 362 2
9220 1827 1
8037 566 2
486 6790 2
5365 8940 1
731 6090 2
1192 8943 2
9648 4029 2
6406 4888 2
215 5903 2
633 6801 2
8083 280 2
111 7498 1
3197 4993 1
6971 9639 2
1363 8374 1
2755 7007 1
4387 3723 1
6276 9999 1
5205 356 2
3482 2086 2
9246 2859 1
6297 8454 1
3182 7645 2
1031 4761 1
2019 5437 1
4191 9946 2
131 8816 1
6895 4552 1
1751 5008 1
8266 3830 2
8170 7402 1
5816 5278 1
8094 3503 1
7905 4857 2
7687 8518 2
7830 6792 2
8398 2201 2
5432 31 2
6207 9923 1
3118 9508 1
5227 7049 1
6148 1236 1
9735 9182 2
7319 111 2
603 4380 2
3529 4695 1
5909 5186 2
7779 5861 1
1459 6401 2
4238 4212 2
1292 5630 1
2441 6868 2
8744 5124 2
2967 3336 1
9155 5023 1
5406 1529 1
3374 1137 1
2120 8528 2
2670 6304 1
7253 4064 1
8603 1158 1
2360 570 1
9010 928 1
9798 2326 2
6628 6416 1
7066 8033 2
6517 9452 1
7508 3433 2
2686 2732 2
2213 995 2
9067 3567 2
9876 7782 1
9117 1063 1
4092 1917 1
5400 3560 2
6252 3609 2
2439 6205 2
4021 1101 2
3076 4419 2
5600 3824 1
7648 8668 2
6470 335 1
9009 8014 1
8997 5512 1
9262 8722 1
5474 5439 2
8933 8341 1
1393 5677 2
5734 5834 1
8671 5068 2
8870 533 2
8841 4588 1
5117 3329 2
7410 9506 1
6824 9612 2
1777 5924 2
4487 3190 2
880 2814 1
7200 822 2
2798 8415 1
4698 6596 2
3118 8636 2
9859 3056 1
4246 5261 2
1963 3402 1
9217 9979 2
6663 39 1
5214 4121 1
8335 4643 1
2206 3880 1
1632 6409 2
8969 128 2
7210 3837 1
74 5246 1
9458 2819 1
4959 9552 2
2114 7493 2
5466 6571 2
4661 6624 2
3810 4246 1
4507 8807 2
2979 1612 2
2523 9183 2
5546 8462 2
7772 2642 2
9865 5743 1
8810 1628 1
9545 6662 1
3960 8081 1
9779 5807 1
6216 2245 1
7382 5786 1
1604 5442 1
4773 3515 2
4153 1046 2
8294 4328 2
2935 6866 1
3139 2318 2
9266 6604 1
4285 1661 1
8772 5774 1
9828 9127 1
5001 9492 2
5600 3397 1
3473 3010 1
9868 4370 1
7745 4972 1
9733 2702 2
3954 7293 2
6479 1276 1
3393 9136 1
4800 6788 1
2669 4858 1
8435 4658 1
2845 9550 1
8711 7285 2
3063 3015 2
4366 801 2
5498 7250 2
1278 4509 1
8789 769 1
5779 8582 2
2445 5401 1
8475 2842 1
8603 3972 2
9800 2622 2
6268 3968 1
3442 265 2
9007 8383 1
35 3990 2
923 3061 1
9113 8342 1
5702 6669 1
6759 7660 2
3887 8308 2
2772 1903 1
4309 7964 2
6778 5179 2
7773 9755 2
5720 7728 2
8240 7657 2
5265 1938 1
3018 9766 1
8187 9783 1
9757 3569 2
2001 7436 1
7004 2130 1
1874 8129 2
7024 3377 2
9439 824 1
8262 1164 2
6624 8938 2
8607 9014 1
3008 5202 1
3743 178 2
5229 511 1
2255 8636 2
4409 4647 1
8012 5472 1
8476 5951 1
8005 6241 1
8127 3315 2
5296 4724 1
4306 5509 2
4917 1010 1
2647 2677 1
146 8425 2
740 3006 1
7909 3484 1
6230 4441 1
3941 4175 1
105 3048 2
9626 8075 1
224 797 1
7056 4768 1
6227 2847 2
3849 7310 2
4764 3532 2
6664 7131 2
6185 8242 1
2086 1376 2
8990 3604 2
8992 1196 1
1440 3227 2
6151 559 2
586 8706 2
2303 9168 1
6028 6458 1
16 1048 2
6375 2916 2
7944 8757 1
5218 6585 2
2360 4440 1
8776 8901 1
7890 3543 2
7224 1976 1
4242 6796 2
3396 2196 1
5378 9923 2
7330 8530 2
3 3360 2
318 3245 1
3403 3511 1
3222 7988 1
4578 5586 1
6652 7500 2
3652 5919 2
9640 8573 1
146 5471 2
740 384 2
7008 5625 2
158 9207 1
4568 3268 2
8265 5845 2
2198 8464 2
780 2546 1
1963 4686 1
8289 4856 2
1739 7043 1
4327 9225 2
1950 7514 2
321 374 2
1858 4191 2
6117 3305 1
6871 7604 1
3358 8940 2
610 6799 2
4219 208 2
5371 8858 1
1869 760 2
879 4851 2
5917 2315 2
9502 2201 2
8099 3413 2
862 3797 1
4544 9638 2
8486 2142 2
3669 6225 1
660 8004 2
3418 79 1
7560 9654 2
264 4122 1
9782 8892 1
8991 7746 1
1800 8846 2
1697 443 2
1850 1498 2
7301 1629 1
5532 2786 2
8741 1587 1
9892 2220 2
8512 125 2
3497 3104 1
6921 4430 2
1657 4222 1
5334 3566 2
6628 9285 1
