100000 100 17386
33325 17291 2
39692 20862 2
56261 10675 2
75518 66293 1
37241 12163 1
30982 17947 1
32457 38160 1
7979 10983 1
85677 75053 1
2166 82804 2
99821 73889 2
14947 61960 1
27811 1821 1
43501 98056 1
52994 99351 1
5216 39361 2
62716 89476 2
33813 48336 2
17087 90905 1
29408 31222 2
69500 38041 2
52202 76979 1
39985 64760 1
17351 97354 1
18360 44289 2
52547 6083 1
37245 65544 1
3329 42656 2
61572 81216 1
13267 26600 1
3590 34861 2
50218 73473 2
74669 93733 1
62154 24971 1
81700 13672 1
58960 16651 1
50693 5637 2
32941 31793 2
62051 54620 1
12742 57091 2
5551 42006 2
59450 24924 1
78345 93687 2
61210 70951 2
41701 34528 1
58380 3607 1
415 65641 1
96762 4388 2
33604 38831 1
21771 14091 2
47542 99011 1
19359 45753 1
13191 26678 1
79561 94584 1
49784 28689 2
91278 44333 1
38575 130 2
86376 33010 1
89265 98418 2
36146 86230 2
1 17386 2
82402 30595 2
72748 49525 1
85879 69460 1
89432 82456 2
36948 31867 1
49754 77041 1
68184 65554 1
39732 79327 1
39798 58473 2
66140 66681 2
41234 71102 2
38207 68016 1
99559 33500 2
72076 67891 2
214 65989 2
64645 87464 2
96949 4626 2
46807 6171 1
90061 4680 1
25250 45280 2
73881 9559 2
34813 79277 2
453 9109 1
68554 12147 1
19353 93522 2
2735 63956 1
54652 30470 2
12220 37969 1
19245 64746 1
78649 25340 1
23780 50183 2
46736 49691 1
94925 67278 2
3697 9419 1
17561 8556 1
224 23180 1
88768 97081 1
26159 7887 2
19413 19372 1
