100 100 19
100 12 1
27 13 2
3 30 2
20 47 2
83 95 1
80 37 1
91 68 1
20 36 2
93 90 1
56 35 2
82 61 2
30 54 1
17 25 1
37 68 1
8 67 2
39 66 2
15 46 2
16 79 2
67 27 1
56 54 2
100 24 2
60 71 2
36 66 1
2 13 1
2 31 2
25 97 1
11 68 2
46 50 2
1 28 2
65 35 2
86 15 1
5 32 1
13 5 1
76 45 1
74 21 1
96 86 2
13 22 2
12 25 1
16 33 1
95 20 2
42 12 1
48 100 1
52 73 1
61 63 1
63 17 2
57 22 2
4 33 1
34 67 2
99 85 2
67 9 2
89 80 1
74 51 2
90 53 2
39 26 1
35 25 2
4 48 1
29 58 2
87 85 2
68 22 1
35 73 2
89 94 1
88 19 1
69 96 1
82 76 1
32 70 2
49 30 1
74 28 2
36 74 2
25 65 1
34 39 1
53 67 1
80 5 2
75 6 2
25 34 1
31 25 2
29 36 2
38 50 2
45 69 1
57 41 1
85 98 1
16 20 1
63 97 2
35 74 2
26 10 2
12 75 1
63 70 1
99 54 2
67 57 2
3 35 2
89 34 2
70 22 1
69 55 1
90 11 1
49 88 1
26 64 2
81 23 2
12 44 2
40 11 2
1 90 1
8 78 1
