4000 4000 2064
3976 3105 1
3135 1912 2
1984 1392 1
2193 1018 1
2583 516 1
2823 943 2
92 1828 2
1706 1991 1
3123 2061 2
505 2923 2
2707 1903 2
548 1747 2
1001 1360 2
2738 144 2
3283 2887 1
1276 2627 2
2054 1090 2
2639 2980 1
2569 2497 1
3438 3324 2
3832 1880 2
3022 299 2
2977 2801 1
2585 3683 1
1066 3272 1
524 1450 2
169 3373 2
2104 892 2
3179 3685 2
3652 2471 1
174 298 2
9 654 2
1446 1254 2
309 583 1
2076 3388 2
2153 1085 1
1642 3679 2
155 3470 2
224 2489 2
3733 1261 1
1602 934 1
1812 1377 1
2600 3446 2
2825 2309 2
1117 3406 2
3900 2342 2
929 1447 2
580 3656 1
1927 3854 1
976 2306 2
1399 227 1
3137 2269 2
1837 3194 1
1229 3032 2
1368 1245 2
3038 2247 1
3516 3431 2
849 1040 2
3857 2250 2
3096 2412 2
3297 1675 1
440 396 2
878 737 2
76 1586 2
1481 697 1
2592 1171 2
892 3957 1
3862 1148 2
66 1032 2
2661 1994 1
1737 2107 2
3637 2384 1
951 3180 1
2052 309 1
1346 2666 1
3044 915 1
2551 2522 2
122 1274 1
180 1493 2
3841 3210 2
2029 2183 1
1029 2076 1
426 498 1
1257 1690 1
2056 2153 1
3233 611 2
1492 2613 1
1144 264 2
2099 3572 2
620 178 2
3069 21 2
1997 3289 1
1469 3869 1
1825 1742 1
2323 933 2
1571 2354 2
178 2553 2
1855 1821 1
194 3130 1
1144 3960 2
1343 3485 1
3939 931 1
88 907 1
681 464 1
1553 1727 1
1833 230 1
1793 2955 1
2803 2591 1
597 3763 1
2926 394 2
1387 399 1
2931 777 2
1528 3118 1
1391 1780 2
3971 3374 2
5 3221 1
3015 1573 1
2730 266 2
21 2107 1
3207 3687 1
1615 2573 2
3835 2609 2
494 300 1
1687 2563 1
2270 2236 2
608 3277 2
1245 1045 2
1872 592 2
2559 3078 2
1396 3267 1
2477 973 2
1135 177 2
1153 1472 2
2262 3321 1
427 1223 2
3635 3373 2
751 2303 2
2595 787 2
3237 2296 2
2711 3559 1
2136 1016 1
3862 2039 1
3112 3959 1
3866 2310 2
1384 993 1
303 585 1
1984 2935 1
375 1677 1
1132 1582 1
3976 111 1
1243 2350 2
2156 3650 2
3696 2452 2
3648 1485 2
581 400 1
2965 2698 1
3843 3944 1
947 3753 1
1292 2291 1
2257 3595 2
690 2079 2
478 1831 1
3452 396 1
2555 1896 1
424 783 2
1567 1708 1
675 1104 1
2002 135 2
3187 3596 1
3506 1726 1
3822 2099 2
1297 3085 1
1824 1451 2
980 3169 1
1961 587 1
2358 2399 2
3357 3169 2
3267 1819 2
2786 1069 1
3805 1506 2
2069 3172 2
2459 1425 2
2053 3693 1
1765 1723 2
1143 1575 1
2329 2662 1
3232 1794 2
41 3374 2
366 3489 1
2171 3425 1
3904 30 1
1767 386 1
393 454 1
1917 775 2
561 2969 2
2685 3995 2
2356 2251 2
124 60 1
1441 3302 1
997 2814 1
2268 742 2
1398 934 2
3036 123 2
2911 3695 1
1901 2059 2
3271 2601 2
3792 301 1
3303 3157 1
374 3982 2
3468 3370 2
2537 3152 2
537 2323 1
2692 1862 2
2627 1231 2
3253 410 1
1747 2800 2
3874 2312 1
136 220 2
1857 1504 1
2770 2159 2
1214 2951 1
1592 1911 2
3993 2006 1
51 1943 1
101 1946 2
241 3620 2
2027 2322 2
3603 3147 1
1381 949 2
79 3945 1
3299 1929 2
1134 3889 1
1897 621 1
943 202 2
3023 144 2
738 2127 1
2528 1847 1
2638 1037 1
1019 2203 2
2285 1928 2
2741 2249 2
3274 246 2
213 1760 2
3370 1634 2
151 1334 2
1152 1995 2
650 52 2
3542 578 2
2034 2869 2
1643 2448 1
1254 3883 1
1008 2157 1
3539 3738 1
2986 1194 2
2967 2715 1
2355 104 2
2855 347 1
1337 2719 1
1385 3417 2
958 280 1
1307 3883 2
3094 1587 1
2154 986 1
1228 3138 1
476 2849 2
1277 2860 1
7 850 1
1115 2443 2
3447 3025 2
1835 3982 1
812 2455 2
3720 1240 1
761 2640 2
2846 1599 1
2951 3197 2
239 2510 1
2480 3283 1
2738 2787 1
3716 2875 1
687 3378 2
519 3824 1
2532 832 1
113 1028 2
3299 296 1
1548 282 2
369 378 2
3002 2797 1
2633 343 1
1229 1768 2
3511 3606 2
2061 3277 1
2142 2883 2
1142 3919 1
274 3482 2
1303 2775 1
3487 2224 1
3219 34 2
3232 1067 2
1796 193 2
1416 709 2
3539 2999 1
157 1229 2
3137 2207 1
919 517 1
130 164 1
3526 3077 1
3485 455 2
234 343 1
1133 1181 2
1400 793 2
3939 3566 1
956 3358 2
3329 2135 2
2833 1933 1
3424 1513 2
1835 3456 1
3499 3208 1
3405 3015 2
2530 492 1
2771 579 2
1016 931 1
3946 171 2
2358 3213 2
3987 3370 1
54 2687 2
2148 2366 1
1480 385 2
1478 3995 2
3472 1488 1
2296 2790 1
486 2332 1
586 2171 1
3092 2731 1
291 3944 1
1308 2005 1
124 143 2
2160 1669 1
3107 2504 1
2968 1118 2
2905 2972 2
496 3540 1
3188 1771 1
2758 2895 2
3422 2279 1
3552 300 2
1812 3863 2
3637 3227 1
3271 1141 2
2415 130 1
639 2032 2
1135 2488 2
883 1803 1
1769 3947 2
1490 2908 2
451 1947 1
125 3694 1
3227 2396 2
1674 415 2
2014 664 1
1667 739 2
3890 3787 2
2981 1119 1
1357 357 2
1154 1519 2
1275 460 1
639 3328 1
2684 2167 2
2230 662 1
1283 1492 1
373 3784 1
3960 322 2
1694 1759 1
855 408 1
3333 2875 1
3375 3933 1
2133 1934 2
3396 1805 1
363 3902 1
2574 2618 2
2041 1863 1
3960 3657 2
2373 791 2
1281 3025 2
327 1553 1
1758 3008 1
3246 1547 2
2006 1173 2
1756 303 2
1445 3303 2
678 3197 2
3834 1532 2
3509 3208 1
2488 1587 2
3975 3029 2
1721 603 2
1614 831 1
2246 1049 2
1552 1525 1
2688 1670 1
2757 3546 2
1755 3887 2
541 2597 1
925 1172 2
3223 1023 2
1956 169 2
1963 487 1
3485 2583 1
3553 1841 1
2381 28 2
760 3426 1
44 1799 2
3168 1814 1
3301 829 1
1696 187 2
1720 439 2
2897 3091 1
2137 769 2
3040 118 1
2926 3773 1
2960 2829 1
1716 3230 2
3638 1912 2
1242 2702 2
2363 2954 2
36 3368 1
990 3047 1
489 2942 1
3759 1901 1
3862 2196 2
789 2184 1
1482 2211 1
3593 1084 2
1880 3575 2
2681 3839 2
1095 3378 1
2694 315 2
1173 327 2
2342 1553 1
400 447 1
3331 145 1
668 2263 1
3641 2852 1
1776 2112 1
156 1506 1
1176 1438 1
16 2108 1
2388 3210 1
2959 2387 1
1720 1936 1
2855 222 2
2666 3665 1
121 393 1
744 1090 1
411 400 2
1279 2636 2
1687 1640 1
917 2858 1
2858 2967 1
1919 2254 2
2790 1335 1
331 188 2
592 983 2
1912 972 2
770 1594 1
3801 2924 1
2506 437 1
1623 797 1
3018 2517 2
2348 3346 1
2742 2423 2
2376 3028 1
857 1999 1
2639 1216 1
2704 866 2
1880 262 1
3245 1739 1
240 2316 2
2901 570 1
1237 3082 1
2947 1232 2
3100 2028 2
1603 3748 1
876 787 2
1239 1057 2
1729 1332 2
3126 102 2
1161 1303 1
872 3044 1
1930 793 1
3051 132 2
90 2794 1
1297 1247 1
3142 1744 2
1120 3267 2
908 483 1
1520 2965 2
3232 2703 1
2385 841 1
2411 1173 1
1122 2572 2
3271 2793 2
2971 3963 1
2852 1269 1
612 2025 1
1927 469 2
59 1661 1
3398 1818 2
51 1457 1
1517 3783 1
2159 3636 1
2299 1815 2
3371 265 2
166 3317 2
3092 1510 1
179 3138 1
3018 3638 2
3935 2994 1
901 3192 1
1881 623 2
3437 3901 2
933 2293 2
1761 2285 2
3034 436 1
3409 2371 2
2341 3122 2
1956 3757 2
1796 6 2
1139 3661 1
3628 2654 1
1548 3290 2
2628 1658 1
3952 64 2
1448 2990 1
1205 443 2
3366 2500 1
2948 1536 1
1444 3960 1
1084 1397 1
1976 1690 1
1645 1428 2
3374 3984 1
1822 1260 1
1383 689 2
1929 1920 2
84 1514 2
3257 1990 1
158 1789 1
2194 168 1
162 798 1
170 3783 2
3917 532 2
3944 723 2
1668 3294 1
556 3988 1
3519 3467 2
1671 2660 2
1417 1568 2
3294 1843 2
2594 3575 1
331 898 2
253 762 2
220 3400 1
34 44 2
786 3376 2
3501 3712 1
1540 1305 1
1549 3744 2
2553 2485 1
1126 999 1
3281 2762 2
2640 3527 1
221 3828 2
3381 293 1
1827 1 2
1463 568 2
2811 2067 2
135 1581 2
2676 2370 1
3759 6 2
752 408 1
3306 1206 1
1251 1907 2
1126 1095 2
88 966 1
3465 564 2
1836 2520 1
425 3567 1
177 3171 2
114 2556 2
2157 534 1
324 3892 1
984 3060 1
3923 2627 2
97 3059 2
2021 811 1
2442 2430 2
2008 2335 1
2248 2036 1
1209 2504 2
548 550 2
3821 1700 1
1756 2396 2
1708 1890 1
514 1169 1
3873 1511 1
2780 435 2
3500 12 2
322 2916 2
2432 3197 2
260 1851 1
3877 2747 2
1186 996 1
1879 3259 2
2097 3708 2
2213 326 1
3453 2902 1
1491 3863 1
2593 792 2
760 1120 2
3760 2974 2
1825 613 1
2352 3190 2
140 3583 1
3706 1635 1
974 2906 2
2684 187 1
3822 1847 1
3895 2697 2
2215 3595 2
1984 1483 1
3754 2654 2
3843 3380 1
953 2029 2
1948 3052 2
1805 3145 2
1308 2699 2
1682 2134 2
3818 2050 1
582 141 2
1279 3890 2
2173 2618 1
3561 3314 1
3456 2302 2
873 3277 2
1353 494 1
2069 3810 1
2440 1458 2
150 3043 1
3489 1831 1
3787 2326 1
1132 1342 1
1509 3479 2
3732 1754 2
3081 1652 1
537 2550 1
2129 2031 2
942 3645 2
3467 1952 2
1723 2896 2
856 3441 1
3803 3076 1
3566 2432 2
2431 3169 1
2295 2976 1
2922 2724 2
624 696 1
3764 1117 1
3147 3074 2
3239 1234 2
3149 1325 2
2373 1339 2
1424 124 1
2239 3428 2
1314 2725 1
1663 2830 2
3461 2611 2
2400 1613 2
1677 3013 2
848 843 1
3621 1484 1
949 1284 1
1354 49 2
645 3336 1
2286 3308 2
1388 1725 1
2871 270 1
1802 1882 1
1405 3352 1
1459 1837 1
1583 834 1
461 598 2
2127 1781 1
3541 1802 1
529 1777 2
1850 1393 1
1376 1160 1
1665 3239 2
3674 577 1
3935 31 2
2863 1366 1
386 3547 2
837 854 2
73 2390 1
3927 2948 2
807 3546 1
2705 1494 2
1412 778 1
150 2167 2
988 2362 1
3291 677 1
3454 1809 1
745 307 1
3181 1806 2
958 1832 1
3811 2912 1
3820 3775 1
937 3629 1
3769 2789 1
2017 1772 1
2942 1982 2
604 203 1
1672 1217 1
1348 1193 2
1690 3287 1
3955 1213 1
3369 1408 2
3802 749 2
3423 3950 1
3996 984 2
1368 2503 1
3920 749 2
3144 1927 2
3682 3985 1
2930 1276 1
498 2141 1
1810 744 1
1555 1278 1
3893 899 2
1742 52 1
2716 3799 2
1917 3827 2
2205 1506 2
3568 3493 1
2625 3959 1
3147 2213 1
1031 2269 2
838 805 2
32 2958 1
1932 3561 2
3345 1690 2
892 1610 2
1972 3266 1
1483 2229 2
1399 3069 1
864 3689 1
91 3126 2
1303 3740 1
1718 3595 1
3103 3287 1
3186 1968 2
2172 2229 1
3436 458 1
837 2376 2
789 981 1
1831 3668 2
3477 1407 2
1120 114 2
3555 2666 2
2469 3631 2
3758 1518 1
3068 1322 2
663 1204 2
3651 313 2
3796 2108 1
2311 453 1
2447 3864 2
3054 1929 2
2853 1647 1
3566 2775 2
232 123 2
2419 3539 2
1725 2507 1
3325 566 1
511 3810 2
1023 1644 2
2586 822 1
3585 1366 1
1585 401 1
287 2729 2
1336 3892 1
3209 2190 1
3514 1647 1
2881 3680 2
1844 554 2
2592 817 1
280 1216 2
3056 1637 2
1996 478 1
2419 3220 1
488 2313 2
155 3597 1
2940 1557 2
2864 238 1
967 3182 2
3246 621 2
2721 3923 2
2916 530 1
1650 150 2
1493 794 1
408 1629 2
2555 1846 1
1445 3972 1
3967 2762 2
2175 2809 1
3074 3630 1
223 735 1
536 1328 2
1010 1164 2
1480 1328 1
2555 2794 1
3885 2659 2
1487 2585 2
3000 2865 2
3191 3404 1
43 2487 2
3186 3848 2
703 1318 2
112 3336 2
1951 866 1
3416 763 1
1483 355 2
2115 2084 1
3670 599 1
2398 2329 1
73 2430 2
2412 197 1
766 1165 1
194 2183 1
3109 1964 2
3850 3185 2
1186 1464 2
2624 3465 2
1933 2818 2
2488 1035 1
3600 2893 1
630 2181 1
2989 3380 1
3540 1401 2
54 98 2
992 926 2
3315 2456 2
955 1984 2
3327 1386 1
91 412 2
523 3906 2
521 2277 2
730 1788 1
900 2882 2
899 3880 1
605 3117 2
435 3692 1
3705 2133 1
424 3167 1
1138 125 2
983 15 1
3126 1211 1
1030 3772 1
2822 2714 1
1523 2490 2
249 3896 1
587 755 2
2934 840 2
3060 3043 1
157 2834 1
740 3066 2
1727 1774 2
935 2366 2
1089 1325 2
3900 2758 2
222 2160 1
1625 3456 2
450 2574 2
1571 1804 1
2799 2483 2
1015 2910 2
1308 2235 2
1988 3392 2
3345 2523 2
494 3213 1
3660 3609 1
1069 3320 1
1599 2191 2
1228 1731 2
3439 1964 2
138 3336 1
2615 3858 2
1628 84 2
323 3033 2
2473 3847 1
3541 427 1
685 3637 2
2308 3046 2
3542 2951 2
2808 189 2
2826 1403 2
1551 3767 2
2591 2784 2
635 143 2
3266 347 2
3138 1586 1
1361 3878 1
2685 1540 2
1825 2123 1
1049 571 1
1272 1453 1
1113 3970 1
3667 3551 1
50 696 2
2946 1674 2
3949 3567 1
3815 396 2
616 2349 1
2491 3156 2
1974 1806 2
2793 551 2
1818 1280 1
3505 1182 1
3952 1669 1
2086 3590 1
421 3413 1
3921 1502 2
442 697 1
396 2172 2
2116 3537 1
1159 1321 2
559 655 2
2822 64 2
3574 2714 1
992 1107 2
333 3468 1
3842 2726 1
2136 3220 1
427 2002 2
3953 1173 1
3469 2787 1
1477 645 1
1234 1435 1
695 175 2
1653 717 2
3996 1265 2
2149 2050 1
1694 3103 1
101 1207 2
762 1694 2
1743 1405 1
3937 2410 1
524 1592 1
3098 2608 1
2301 33 2
1215 2741 1
342 2884 2
315 1773 1
2717 1539 1
2963 2468 2
976 3281 2
3610 217 2
1532 87 1
3194 1438 1
1318 1586 1
3890 3226 1
2182 979 1
403 71 2
71 1918 1
546 916 2
2889 2379 1
3898 1091 2
3039 3497 2
1095 3756 2
3378 2102 2
2667 601 1
1883 1544 1
3612 1160 1
1517 3559 1
1796 1964 2
3305 784 2
3392 684 1
2215 2580 2
290 67 1
1268 470 2
2896 670 2
3406 1201 2
130 961 1
2602 3536 2
2631 1570 2
527 980 1
1985 1933 1
1113 3474 1
2788 2974 1
3862 3122 2
3131 3786 2
1196 1425 2
3427 2838 1
2321 224 2
3279 510 1
914 3586 2
1058 2096 1
3341 1938 2
1560 3822 2
1142 2971 1
1693 1776 1
1110 702 2
3124 672 1
871 112 2
337 3964 2
3609 2041 1
1023 1655 1
305 1589 2
2460 3096 1
3205 215 1
568 3417 1
3105 258 1
1562 3785 2
2724 174 2
123 1611 2
3108 3433 1
3976 2741 2
1862 3187 2
1860 3058 1
1799 3552 2
2788 3168 1
1110 346 1
849 2259 1
1687 1853 2
1321 3184 1
1857 2265 1
3167 691 2
769 3540 2
3639 3721 1
853 1925 2
1867 1398 2
1874 922 1
168 2545 2
3743 179 2
2033 3811 2
3767 900 1
507 2604 1
2731 1175 2
272 1758 1
862 3080 1
748 1600 1
3847 231 2
3971 1740 2
2994 1498 2
2457 1713 1
2623 120 1
3560 1713 1
578 3471 1
3326 2436 2
3137 2718 1
2332 788 2
1050 1276 2
856 1247 1
3226 2191 2
2524 3641 2
1318 502 2
900 3015 1
822 1984 2
2436 836 1
1173 691 2
3328 2752 1
3619 742 1
1651 2844 1
2387 3910 1
937 1423 2
2733 245 1
3140 292 1
1421 1990 2
1370 3642 1
1954 1091 1
1813 674 1
2288 1351 1
3314 1989 2
2190 261 2
931 3196 2
169 2431 2
685 1078 1
3583 1647 2
3978 3157 2
229 417 1
1033 2769 2
2562 3127 1
2313 435 1
1554 1892 2
3745 155 1
3043 2706 1
3707 219 1
219 2300 2
3797 2074 2
3216 3092 1
2175 1683 1
814 830 2
3967 1523 1
1813 1491 1
3024 2494 2
1753 1696 1
3870 10 1
3040 3460 2
1579 34 2
1767 1429 2
1678 1924 1
350 1916 2
207 1924 2
1575 3156 1
2444 1031 1
3963 143 2
1912 489 1
741 3633 1
3766 3223 2
1157 3891 1
3842 2870 1
1614 513 2
3144 1210 2
1864 3613 2
2411 2447 1
1967 3994 1
160 244 1
1330 1217 2
2704 3035 1
3893 15 1
762 491 1
3695 3061 2
1038 2942 2
1645 3063 2
2163 3875 2
2061 3374 2
3426 957 2
100 3910 2
3880 354 1
984 2144 1
2792 220 1
3655 657 2
183 1932 2
1119 2433 2
3550 2658 2
1795 3438 1
3132 2470 1
1612 934 1
3617 3859 2
2118 1360 1
1204 2422 2
1487 2500 1
1710 3379 1
3387 2254 2
701 1057 1
3378 79 2
738 2505 2
3537 1500 2
1459 362 1
2725 637 1
3994 2520 1
1907 3343 2
1780 1625 1
2707 355 1
1298 1031 1
688 3645 1
3739 2384 2
73 181 2
1800 1817 1
596 1657 2
1223 1943 2
1526 3913 2
3834 3348 1
2635 3930 1
1813 400 2
2628 3060 1
1154 1309 1
3524 3252 2
1632 2 2
1571 875 2
64 2362 1
299 3676 2
519 946 1
3550 642 2
3984 2158 2
3949 3272 1
3879 3844 1
386 2735 1
3822 2911 1
1976 2123 1
1020 3229 1
3933 1030 2
120 3954 2
2999 2108 2
2083 1027 2
2396 1950 2
1964 812 1
2136 2959 2
2137 2075 1
843 2666 1
3044 1874 2
1576 2905 2
3228 3881 1
184 3935 1
2752 9 1
1077 2576 1
2408 242 2
3471 3028 2
3164 1046 1
234 1352 1
3514 1948 2
830 1148 1
1364 3870 2
3510 1589 1
848 555 1
306 2445 2
166 805 2
2149 2510 1
1830 1124 2
1271 827 2
2127 3058 2
2340 40 2
1593 1293 1
3450 700 1
3820 3753 2
2687 1142 2
2727 2731 1
106 3109 1
2330 2575 1
2405 367 2
3532 1314 1
1394 3243 1
1173 2184 1
354 455 1
3493 2359 1
543 418 1
156 3291 1
2403 3891 1
1680 3216 1
1919 1024 2
1162 2667 2
3702 1960 2
1512 2578 2
1887 730 1
3485 2303 2
3494 572 2
1549 3873 1
2283 517 2
1362 858 2
1185 1538 2
281 1122 2
1616 21 2
229 2530 2
1365 2225 2
1547 2907 2
1661 3200 2
2133 29 2
397 1053 2
1344 2544 2
701 1466 1
1757 2670 1
984 1115 2
787 870 1
605 1145 2
763 3195 2
737 1121 2
2307 3587 1
3563 1106 2
1452 1161 1
3639 3427 2
460 524 2
3028 3674 1
1869 2974 1
1446 3830 2
2924 3941 2
3684 1286 2
123 925 1
699 3823 1
1439 3475 1
1097 1930 2
2770 1644 1
2498 1091 1
3362 3260 1
1903 3163 2
2256 1872 2
10 1511 2
1555 2277 1
2756 3568 2
1395 14 1
3136 2641 2
1614 3793 2
53 92 1
2742 1034 2
3567 565 2
2192 296 2
2510 1845 2
2326 2283 2
2885 40 1
1366 1804 2
2588 2544 1
3538 3349 2
591 3680 2
1598 1348 2
1390 3425 2
997 77 2
3707 1008 2
2213 2581 2
1326 2238 1
3214 2264 2
1748 3375 1
1254 195 1
3372 1788 1
3592 1114 2
3241 1201 2
3168 2804 2
2739 1199 2
3089 2586 2
165 2507 1
1519 3276 1
528 2349 1
2853 3547 1
3639 1458 2
2001 2672 1
3666 523 2
1539 2724 1
2795 2364 1
866 358 2
2147 3517 1
3494 2584 2
3214 3932 2
319 3346 1
3283 3386 2
1645 222 1
909 649 1
581 1722 2
44 3765 2
2707 2841 2
1653 2904 1
1106 1954 2
478 3907 2
469 2768 2
3891 2748 1
1602 368 1
2612 1498 2
2770 2950 2
3604 3243 1
3955 2184 2
1948 2320 2
1158 2497 2
165 219 1
1281 2224 2
2594 2679 1
2701 1094 2
3348 384 2
265 3276 2
2387 2695 1
37 570 2
1996 2223 2
2120 3649 2
2302 211 2
3595 1411 2
3100 2206 2
284 533 2
3470 2577 1
2556 2372 1
3407 3648 1
705 2733 2
688 341 1
53 227 2
628 204 1
757 332 1
850 1397 2
658 1861 2
1047 2166 1
1555 3354 2
1857 998 2
2962 238 1
2885 851 2
1915 3257 1
2889 3069 1
2192 1573 1
1674 1145 1
3719 2289 2
2392 2350 1
3722 2222 1
949 2747 1
3830 1604 2
26 1968 1
3837 1870 2
3987 1936 2
2628 953 1
2301 3157 2
229 938 2
975 3212 2
1262 981 1
526 2389 2
2753 422 2
1207 2084 2
1874 668 1
153 3427 1
3148 1129 2
920 2926 1
3372 1844 2
268 3285 1
1732 3703 2
1376 1021 1
2650 3296 1
1363 2207 2
1286 2772 2
314 1864 1
2263 680 1
2268 344 1
1647 1479 1
52 1091 1
3842 1711 2
3923 1395 2
3611 1203 2
252 2275 1
1464 1242 2
1030 1669 1
3209 1662 2
3582 3294 1
3700 751 1
2530 1861 1
3732 654 1
2471 1255 1
2006 1138 2
339 3878 1
90 870 1
3651 1845 1
3864 3145 2
1063 2718 2
120 1164 1
3393 3996 2
2713 3352 2
3818 1921 2
1131 326 2
3661 2257 2
917 2116 2
3018 37 2
784 3799 1
2356 3754 2
1065 3635 2
948 3423 2
131 453 2
3779 3066 1
3763 3658 2
2708 1412 2
1538 3861 2
1224 1400 1
1999 3949 2
3031 2344 2
1290 1644 1
3886 2968 2
3226 2177 1
1707 3745 1
2264 3695 2
1091 3664 1
82 3308 1
3933 932 1
1321 1603 1
469 1747 1
2099 626 2
2202 101 2
2425 2989 2
2671 120 1
2010 1433 1
1294 2074 1
871 2865 2
1824 1266 2
3077 1893 2
1766 216 2
3982 3670 1
2772 281 1
3184 3772 2
1744 916 1
2796 1536 2
3543 63 1
2936 1474 1
2137 3970 1
3198 212 1
3096 410 2
1627 1724 1
3117 2840 1
3553 3798 2
35 576 2
3701 3536 1
2970 683 2
1297 877 2
3653 1093 2
2339 1411 2
2348 1455 2
396 285 1
811 3294 1
3011 3705 1
2161 2874 1
1104 3242 1
98 512 1
465 3863 1
2294 3265 2
696 1178 2
3320 1569 1
746 1667 2
583 1464 1
353 2739 1
2296 84 1
300 3009 1
3250 2293 2
42 1592 2
3184 3696 2
2995 2071 2
2179 2285 1
3919 1968 2
1166 3689 2
3260 2441 2
1608 1621 2
1164 2750 1
3197 2293 1
1476 2045 1
398 737 1
31 616 2
2252 679 1
873 2007 1
1121 935 2
773 627 2
103 1174 2
3080 476 1
2094 1372 1
443 3748 2
2491 2838 1
2076 402 1
3843 500 2
2461 2720 1
276 2588 2
1476 990 2
3725 2309 1
2570 1836 1
3937 2077 1
3996 1124 2
2041 2724 1
3357 2253 1
3886 3951 2
1474 713 2
1363 1029 2
1716 3336 2
2889 1861 1
1746 1267 1
1640 2399 2
2604 290 1
3965 2710 2
3497 486 2
1094 1381 1
2882 3520 1
1944 3158 2
3621 104 2
218 1676 1
1651 3655 1
2951 1019 2
3106 3645 1
1008 1802 1
2651 3420 2
280 2392 1
1021 3242 2
3382 2324 2
824 3427 1
1558 2564 2
3699 3029 2
2392 3487 1
679 2851 1
3216 307 2
3682 1027 2
1284 3520 2
773 480 1
881 58 2
6 2488 1
3303 3083 2
3215 158 2
1128 3566 2
477 1177 1
1453 3669 1
3490 3492 1
3649 3941 2
2275 1292 1
1444 661 2
1658 3925 1
1769 3507 1
3541 1622 1
3192 2622 2
2325 1144 2
2029 428 2
1776 2874 1
3191 710 2
1584 3312 2
602 3048 1
594 1888 1
3885 610 1
2216 707 2
3037 1177 2
3127 2474 2
2600 3142 2
1530 1143 1
2147 3062 1
2301 2847 2
1237 520 1
1442 2031 1
1369 3730 2
224 3812 2
1120 3133 1
1119 1649 2
3629 2276 1
125 3069 2
3223 1081 1
2476 770 2
3370 800 2
3793 1840 2
1542 498 2
1639 2439 1
3743 2204 1
1946 736 1
347 125 2
1677 2149 2
919 715 1
3604 501 1
1763 559 1
1370 417 1
2849 1572 2
2909 3922 1
874 3740 1
3469 2496 1
2441 3611 1
465 156 2
29 2490 1
3265 1095 1
1564 965 2
3341 537 1
3595 3710 1
2580 3867 1
1734 2296 2
3086 3117 1
926 348 2
1539 3137 1
566 1959 1
210 1278 2
1094 3498 2
3659 1918 2
3256 3945 2
3541 336 2
398 637 2
745 1270 1
986 786 1
244 2184 2
227 2313 2
1209 528 2
1703 2519 1
109 2508 1
468 1317 2
2266 464 2
301 590 2
380 3969 1
139 2115 1
1991 3386 1
1209 3370 2
1407 3819 1
471 923 2
2462 2709 2
2521 3906 2
2513 2319 2
3525 864 2
1436 324 1
1496 2058 2
562 1395 2
1762 296 2
1725 366 1
3397 2391 2
3644 3035 2
1818 2216 1
96 2198 1
3148 3871 1
1422 2989 2
3066 3700 1
3008 2755 1
1497 2293 2
3780 301 2
1617 1890 2
571 696 1
1275 464 1
1563 3585 1
233 1671 1
2638 2267 2
1438 2308 1
689 77 2
2002 3000 2
1846 977 1
751 614 1
3778 2327 2
407 3081 2
111 191 1
3323 2604 2
1835 3491 2
869 3344 1
1144 1515 2
527 2473 2
2282 1846 2
586 2881 2
3628 2904 1
1913 1972 2
3611 2486 1
3315 1011 2
3017 332 1
932 641 2
3131 1511 1
1228 3481 1
780 3820 1
830 902 1
1480 687 1
163 3048 1
2514 2045 1
2133 1590 1
2558 274 1
1796 2743 1
407 1955 1
3540 840 1
2714 2038 2
1693 2137 1
2169 3973 2
1834 3600 1
986 2783 2
2363 1636 1
3734 3143 1
995 3011 2
858 3635 2
3082 3532 1
2601 3086 2
3563 3798 1
1303 1686 1
2679 1064 1
2256 2367 2
2545 3614 2
815 3342 2
241 2379 2
903 126 1
1025 3921 1
3102 3583 2
2819 1802 1
2061 1586 2
1928 1123 2
3713 1390 2
890 1372 2
1341 1182 2
2131 2857 2
1366 289 2
3172 2740 2
597 521 1
3183 3640 2
729 3964 2
2606 3111 1
1874 1366 2
1610 2406 1
1607 3429 2
3076 1772 2
1329 2732 1
3535 3270 2
2110 2144 1
2259 1398 2
2479 3918 1
2764 3855 2
1850 19 1
3082 219 2
2952 1378 1
2671 3509 1
2744 3490 1
1812 3631 2
155 1358 2
2499 3342 2
694 851 1
2622 969 1
3203 2709 2
1879 2605 2
3664 298 2
3862 1532 1
958 1469 2
3543 617 1
163 2253 1
1641 1213 1
1833 3723 2
2608 3062 2
236 3488 1
2723 1059 2
64 1924 2
366 2569 1
3625 1800 1
2322 2689 1
386 3181 2
3776 2423 2
1943 1963 1
3682 2637 1
362 3531 2
2098 3542 2
1393 1229 2
3265 251 2
1334 579 1
2802 3833 1
3510 2644 2
124 705 1
643 3162 2
971 2583 2
1410 3524 1
799 2548 2
2510 2133 2
11 3684 2
3283 2019 2
2775 1257 2
3059 1049 2
1023 2838 1
3461 917 1
787 3444 1
49 2763 2
533 3552 2
629 992 1
317 2027 1
1443 559 2
2136 3321 1
288 2216 1
229 2083 1
3015 1068 2
2263 85 1
68 3730 2
3958 2096 1
2010 1414 1
3069 1225 1
1790 452 2
2781 1544 1
1241 161 1
729 1418 1
1449 1507 2
1160 1408 2
2144 836 1
1559 3278 2
2500 2099 2
68 3661 1
3662 1906 1
3908 3017 2
2763 953 2
3997 3907 2
542 1682 2
3629 528 1
796 3739 2
2657 312 1
398 3463 2
2975 3032 2
2578 2109 2
829 2080 2
3515 535 1
3911 3734 2
3565 3077 1
3357 82 1
3074 3464 1
690 928 2
2727 407 2
1326 2913 2
2719 3869 2
13 2889 2
2591 3288 1
3839 3682 2
1744 1948 1
102 1032 1
1841 1422 2
2970 908 2
2867 2506 1
1320 1266 2
3387 1246 1
3759 2898 1
1379 3596 2
3714 2810 1
3448 3724 2
1705 3626 1
2333 903 2
2239 2966 1
840 157 1
2421 520 2
864 2784 2
1038 380 2
1925 439 2
1729 2851 2
520 636 1
2619 1440 1
1358 1342 1
1466 2734 1
2193 2592 2
850 2871 1
1471 1496 1
3532 158 2
2777 2257 2
834 3159 2
1813 1929 1
1029 3402 2
541 3668 1
2071 3667 1
1582 1303 1
3825 1669 2
1210 2606 2
3038 386 1
1542 1990 1
3070 1924 2
3629 2499 1
837 1240 1
1371 2780 2
889 3102 2
1362 1690 2
279 2058 1
104 1373 1
3918 2822 1
167 2967 1
642 1422 2
1229 3310 2
1099 978 2
10 1950 1
659 3767 2
3268 1301 2
3676 759 1
21 1846 2
728 1564 2
1868 1015 1
2991 1737 2
1928 1698 1
1468 3153 2
1 3031 1
944 1886 1
3583 1321 1
3438 3947 2
3264 797 2
1389 2858 1
3222 2478 1
2746 1984 2
2951 2571 2
3219 2660 1
3436 1463 1
3660 227 2
3730 3465 1
1070 2975 1
2012 2186 1
3283 1867 1
2174 1785 2
1068 1169 1
2468 2730 1
3643 3020 2
3849 2722 1
409 14 2
1280 2973 1
721 859 1
1327 2793 2
163 1964 2
975 1800 2
2338 2958 2
3821 1682 1
1974 3072 1
236 848 2
2331 2585 2
993 1890 2
2849 351 2
150 2203 1
3338 1168 2
999 959 2
1358 1789 1
104 460 2
3642 778 2
445 1774 1
1420 2384 1
2624 425 2
1977 3836 1
1118 1747 1
1672 557 1
506 374 1
1557 217 2
2377 1363 1
463 2952 1
597 2778 1
793 1624 2
667 3220 2
2797 2904 1
3756 857 2
1172 1869 1
1039 2042 1
2735 3631 2
3197 792 1
3890 3597 1
3108 490 2
2691 2693 2
1925 2076 2
3199 2733 2
951 3946 1
342 3757 1
3617 457 1
1290 2626 1
291 575 1
3252 989 1
2190 838 2
2783 834 1
3079 2253 2
747 1578 1
2057 1079 1
2539 609 2
1024 825 2
711 520 1
3214 1632 1
827 3860 2
41 1161 2
3766 1197 1
859 1160 1
316 2512 1
673 3330 1
1541 3790 1
845 850 2
1468 2603 2
644 1096 1
1984 2431 1
2753 3525 2
2342 728 2
3824 1024 2
2549 919 2
980 996 2
1576 878 2
2881 1455 1
1520 1128 1
1698 181 1
2864 2657 1
2132 3004 2
2015 1162 1
873 1565 1
2793 775 1
3015 2089 2
2351 1360 1
3686 3362 1
450 19 1
566 413 2
2316 1392 2
662 3655 1
1735 2012 2
3166 3101 1
1955 3647 2
2006 3442 1
2245 3222 2
1821 2477 1
3330 433 2
3299 8 1
2280 1334 1
623 1650 2
2518 3932 1
2137 3790 2
1567 2353 2
1841 3378 2
908 1717 1
1431 873 2
694 1789 2
512 2258 2
719 913 2
2520 1886 2
1914 1165 1
2586 1173 2
655 1412 1
3738 1938 1
3993 1240 1
3708 2499 2
375 3524 2
2937 2922 1
2014 1010 1
2945 3518 2
2997 3845 2
1364 2507 2
439 49 1
40 2349 1
3509 3454 1
294 537 1
1714 72 1
3181 3317 1
69 3490 2
142 3931 2
1178 1902 1
3374 3898 1
3057 774 1
3655 3253 1
3710 311 2
903 1346 2
3655 3233 2
1615 971 2
1353 600 2
1525 2097 1
2996 390 1
2658 1700 1
170 2086 2
533 1196 2
2628 1579 1
2815 1763 1
493 1303 1
389 3801 1
1573 68 2
1153 815 2
2143 3807 2
2625 2812 1
2819 1159 2
807 2027 1
2541 3699 1
2471 3675 2
620 3241 1
1068 766 1
2276 2312 2
723 3802 2
3884 3007 1
3406 2347 1
3089 3539 2
642 3359 2
1169 1213 2
2505 2232 1
3841 682 1
433 1582 2
3240 1433 2
2716 3403 1
609 3840 2
254 3277 2
2877 3048 2
930 71 2
671 2764 1
1445 2592 1
958 574 1
3737 2866 1
3014 2499 1
3076 2188 1
3895 1810 2
2430 1521 2
3109 1944 2
1079 1559 2
1142 246 1
2766 1417 1
2375 2434 1
2459 1894 2
2312 3746 1
3398 2495 1
2811 1652 1
1005 188 2
1785 1865 1
3586 3672 1
1229 229 2
459 2177 1
1846 961 2
1089 2361 2
3337 969 2
3953 983 1
2766 735 1
2750 2855 1
2110 150 1
2525 70 2
811 2967 1
3639 2695 1
1944 3359 1
3434 1232 1
3837 2143 2
3657 61 1
2372 3771 1
1239 1244 1
3631 1868 1
3440 752 2
2416 830 1
33 751 1
3694 786 1
2315 1924 2
231 3197 1
3748 2093 1
2440 2120 1
3125 1309 1
631 2990 2
2845 1468 2
906 1153 2
2988 3810 2
589 1316 1
3689 639 1
3232 3026 1
2125 919 2
1303 790 2
2278 222 2
1496 2929 2
1013 1600 1
160 2744 2
1008 3260 1
3839 275 1
2209 3139 1
1655 2495 2
3524 3390 1
2625 2221 2
493 134 1
2312 1633 2
3328 2826 2
1963 2963 2
2391 716 1
127 1393 1
576 516 2
1835 3740 2
2844 2076 2
1867 3686 2
994 1554 2
2478 1978 1
1145 2649 1
88 660 2
1473 504 1
2657 2821 2
43 3529 2
1299 977 1
3068 731 1
3823 1552 2
879 3569 1
265 16 2
2352 1665 2
488 2129 2
33 3958 2
2247 1608 2
3576 2671 2
3255 3901 2
3583 349 2
59 1388 1
83 1737 1
2538 1576 2
2918 1035 2
2128 3924 1
734 3508 2
1965 3144 2
3219 3141 2
1364 1650 1
2964 3286 2
206 2322 1
259 2448 1
2005 1628 2
3604 2707 2
1913 858 1
3283 3953 2
894 1352 1
2555 209 2
1308 598 1
3295 3565 1
1950 3498 1
1476 2004 1
2500 827 1
3589 1577 1
1409 1815 1
2798 3810 1
2973 3198 1
2658 3753 1
115 868 1
1206 2143 2
660 275 1
467 1076 2
1091 6 1
1623 1136 1
2616 2640 1
2389 1262 2
925 3027 2
2128 1595 2
3891 3657 1
3716 1723 2
3630 3007 1
3198 837 2
2869 821 1
2687 3298 2
3043 863 1
3644 3346 1
1321 1223 2
2401 2246 1
1225 72 1
41 3399 1
3228 1077 2
808 462 1
2990 656 1
1506 298 2
2013 3827 1
721 861 1
61 3915 1
610 415 1
1686 695 2
1944 858 1
2052 1005 2
360 1484 2
2519 502 1
2684 1896 2
3377 141 2
3824 277 2
3754 3525 2
1848 1421 2
1871 1856 1
3160 3328 2
3423 2744 1
2666 1327 2
2605 249 2
3516 81 1
3713 1797 1
2799 3249 1
2487 1455 1
2617 3085 1
2398 3296 2
3204 3033 2
2521 22 2
493 1210 2
1666 160 1
1286 3916 2
1282 2147 1
3188 3997 1
3195 2488 2
2417 1935 2
1918 3659 2
2091 3258 1
981 2878 1
2915 839 1
3706 1188 2
3536 598 2
3614 1254 1
3129 3289 2
1443 1729 2
510 3255 1
2562 2886 1
2736 874 2
3911 2201 1
3989 3617 2
1744 499 1
1189 2847 1
657 3521 1
591 3034 2
3986 2690 1
1717 284 2
527 2124 1
1611 2086 2
3607 3111 1
764 3592 1
3503 3504 2
1797 3562 2
1676 504 2
2904 2407 1
1340 2115 2
219 1932 1
3870 3978 1
1638 1694 2
2149 729 1
1513 3345 2
601 1585 2
2339 3601 2
949 3527 2
428 349 1
330 1923 2
2860 3335 2
635 1507 2
2081 1557 2
575 533 2
3166 1443 2
2019 1888 2
3142 1471 1
3365 3900 1
1013 3756 2
3866 1301 1
2744 736 2
2536 3180 2
3311 3749 2
2157 694 1
786 2683 2
2518 3547 1
2121 2933 2
809 2904 1
467 56 2
1020 1245 2
768 1215 1
3515 1552 1
2519 953 2
998 3785 2
2577 329 2
2800 3828 2
284 165 1
3233 818 1
3352 120 2
1973 792 1
189 129 1
3388 2286 1
1204 2354 2
504 81 1
3354 3697 2
3681 1585 2
1824 250 1
2596 756 1
1485 2970 1
2048 2225 1
1274 598 2
8 790 1
3669 1410 1
516 2467 2
703 3403 1
815 1005 1
1902 2702 2
1562 2748 2
716 3390 2
3336 2444 2
1941 3042 2
2192 3824 2
3677 3092 2
2815 1002 1
3592 2531 2
2195 1397 1
1456 1874 1
2208 2236 2
2307 3191 1
783 3423 2
2147 3933 2
826 2837 2
1604 3074 1
1010 869 1
881 3961 1
3449 1772 1
2599 202 2
904 1178 1
3063 2573 2
1482 1140 2
3689 1619 1
3967 3028 2
2772 2045 1
1786 2820 1
1415 3554 2
1508 3783 1
1219 1102 2
1623 1777 2
2399 2653 2
419 265 2
131 3460 2
3116 2222 2
941 521 1
2186 3631 2
3695 1958 1
2919 3634 1
1230 2698 1
965 1198 2
325 3927 2
1302 208 1
2016 1157 2
2434 1594 2
1090 3934 1
2020 3967 2
607 2336 1
2893 3049 1
994 3006 1
1888 1044 2
2217 1567 1
820 3824 1
100 958 1
54 898 2
3961 584 1
1988 1315 1
1539 2433 2
2546 3200 1
2446 3423 1
3881 1848 1
3357 3341 2
2083 3233 1
133 2698 2
2865 3812 1
687 1768 1
3605 1020 2
217 1325 1
968 1467 2
2358 3765 2
3381 2310 1
2186 1102 1
3900 1076 2
3086 2490 2
1936 274 2
1586 753 2
2873 322 1
662 476 2
2643 1751 2
2704 2939 2
941 2266 2
1545 2720 1
716 2505 2
1504 3378 1
2405 2738 1
3653 2571 2
1670 3517 1
2847 2938 1
1005 2527 2
2151 2018 2
3055 3624 2
1163 3993 1
179 1782 2
204 3562 1
2517 2399 2
576 819 2
803 748 2
1104 1352 2
963 1688 1
1083 3310 1
3627 21 1
114 3489 2
2248 1703 1
2906 3822 1
1656 1223 2
813 2106 1
1968 2817 1
441 1305 1
3798 1910 2
927 1015 1
231 2139 2
3957 3923 1
3859 2136 2
1765 2399 2
252 203 2
2988 2466 1
3771 2658 1
1563 2710 1
2523 2404 2
3034 2154 1
2908 3561 1
160 2144 1
113 2845 1
1820 1104 2
162 3457 1
3343 2980 1
619 1706 2
3920 1754 1
1691 352 1
3398 1477 2
2422 1824 1
3858 2604 1
2836 635 2
226 1034 2
160 3445 2
2047 3308 1
2937 3719 1
1248 1878 2
2580 2909 1
116 2558 1
1944 3160 1
1853 3824 1
2016 2540 1
1711 872 1
1181 3716 2
1493 507 2
2610 1274 1
3021 1390 1
150 2399 2
647 157 2
2197 249 1
73 2006 2
463 3391 1
2990 3259 2
1432 3775 1
930 2788 2
950 3609 2
2088 2171 1
2535 1858 2
2100 1630 2
216 162 2
2034 1568 2
526 3542 1
1117 2728 1
1889 2862 1
2536 1488 1
2044 1648 2
3097 1703 2
3711 2067 2
2505 1936 1
125 1989 1
1989 2945 2
1854 2214 2
720 357 2
2846 2123 1
1215 3034 1
2252 2108 1
1499 3572 1
2668 3990 2
2403 3960 2
854 2985 2
455 3810 1
853 3802 1
1582 2719 2
2824 3907 1
2161 3475 1
3428 847 2
3069 3957 2
816 3102 2
757 2638 2
1287 3015 1
3886 1374 1
1338 2481 1
306 3319 1
1100 1688 2
3454 1984 1
1908 1455 1
3459 2131 2
2174 1848 2
2216 607 2
714 1069 2
2470 134 1
3756 667 1
2731 3904 2
3626 2498 2
3064 471 1
1633 3446 1
1795 393 2
3265 2433 1
3510 330 2
3404 1983 2
78 383 1
3803 2688 1
2972 3715 1
3865 2921 2
2248 1094 1
1638 371 1
1257 3081 2
1845 2507 1
3502 1347 2
3822 2736 1
2712 2399 1
2381 1305 1
509 1980 2
1761 1836 1
1735 203 2
1422 8 1
435 501 2
1771 636 2
2003 1491 1
613 525 2
748 1492 1
58 3220 2
1753 2618 2
511 3646 2
2054 2941 1
507 1066 1
1013 454 2
649 3439 1
221 1429 2
1242 3539 1
3174 2108 2
3569 53 2
2158 34 1
1029 2212 2
423 2594 2
3170 3365 2
2646 3465 1
2984 721 2
1782 379 2
3755 116 1
2355 1198 1
3793 2096 2
3152 1389 2
1719 3160 1
1153 3222 2
269 597 2
1937 3997 1
1653 3524 1
1086 1159 1
3656 502 2
3736 1360 2
3281 271 1
3045 2213 1
3343 1928 1
64 2827 2
3991 1390 2
2902 2006 2
496 3584 1
679 370 1
2134 1268 1
1419 3166 2
1880 3922 1
1706 1900 1
730 2456 1
1411 419 2
1204 1350 1
605 2576 2
2861 3354 1
3593 1136 1
3419 248 1
1034 3685 1
3018 2189 2
2934 3449 1
188 124 2
1815 711 1
2340 794 1
3310 2365 2
11 240 1
2731 641 1
2030 3517 1
1942 1737 1
574 370 1
362 2721 1
2271 308 2
116 1577 2
521 2717 1
1560 3157 2
3818 2394 2
397 3083 2
643 1006 1
2172 616 1
2342 1710 1
2372 1628 2
1791 708 2
217 1865 1
2696 3789 1
3041 2408 1
1458 3290 1
3926 3364 2
2819 147 2
3238 3516 1
2899 1295 1
3190 1637 1
622 3037 2
1819 2406 2
565 1726 2
2271 571 1
1596 2760 2
3874 3379 2
2862 2885 1
2038 1810 2
2180 1298 1
2466 3727 1
2066 3488 1
833 3863 2
3291 2423 1
1760 680 2
631 654 1
2787 3063 2
2196 1492 1
1760 1707 1
2322 3402 2
482 1727 2
3174 3399 2
2023 708 1
1784 2739 1
547 2908 1
3173 1836 1
3803 897 1
1213 36 1
3659 3964 2
678 3808 2
481 1966 2
2583 2779 2
1215 2922 2
1086 257 1
221 1401 1
251 2132 2
292 2421 2
2082 3691 2
1588 1102 1
253 1774 1
2431 2216 1
2344 411 2
204 2235 1
2739 3940 2
629 2642 1
484 719 1
1577 3180 1
3186 661 2
2186 3966 1
203 515 1
1808 2608 1
1967 1468 2
453 1851 1
2482 3060 1
1735 2129 1
3422 758 1
3786 3573 1
2607 480 2
1907 2142 1
3637 34 2
2877 2233 1
1525 3555 1
1656 804 1
297 1500 1
133 788 1
3323 1946 2
1403 2768 2
2606 2304 1
678 947 1
2485 323 2
1186 3022 2
2490 2316 2
1604 1891 1
761 3610 1
1618 907 1
3906 2557 1
454 3922 2
1914 2108 1
3503 2421 2
538 1264 2
2191 3307 2
207 679 1
2878 1529 2
2104 66 2
2309 156 1
172 1335 2
3172 1988 1
2001 2511 1
1070 243 1
614 2569 2
2984 2209 1
2458 245 1
1965 411 2
2066 3130 2
3756 3168 1
1255 2802 2
2952 1507 2
2053 3400 2
3415 780 2
1550 2081 2
1124 1943 2
2677 1904 1
2030 3539 1
516 799 1
326 2531 2
2614 3821 2
725 1441 1
3229 3051 2
3732 3990 2
1437 2494 1
273 228 2
751 3648 1
3025 1052 1
3903 1791 1
3560 616 1
687 3453 2
3843 674 1
2322 3406 1
31 283 2
2289 1149 2
3023 3061 1
3370 3463 2
2457 2409 1
2540 3614 1
3641 2850 2
3516 1319 1
3838 1984 1
1170 2301 1
808 2391 2
3709 1708 1
1296 1741 1
2267 1686 2
160 3167 2
2754 1490 1
1910 1276 1
3802 2440 1
1094 2633 1
33 2710 1
3477 2491 2
3493 3534 2
415 2784 1
173 1077 1
2033 2199 2
3185 1830 2
911 3187 1
125 3757 1
2352 1724 2
1202 2093 1
93 3085 1
1061 826 2
1686 3031 1
991 2048 1
1484 1725 1
3707 2938 2
328 2262 2
1194 1371 1
291 1327 1
1746 2665 1
300 1350 2
459 1884 1
805 2512 2
1313 548 2
3622 2707 2
1077 673 1
1689 1837 1
1436 584 1
1308 3723 1
3518 1477 2
930 2163 1
2680 2643 1
562 2939 1
2587 1350 1
3399 3375 1
2698 257 2
974 271 1
640 3744 2
1131 3022 1
2600 3952 2
532 1524 2
3555 1362 1
1044 797 2
1542 2748 1
2058 1656 1
3641 791 2
423 1482 2
3225 3426 1
596 2536 2
2582 3181 1
3529 1248 1
1750 2655 2
2423 657 2
112 369 2
32 685 2
2258 3729 2
2809 574 1
2652 3584 1
911 3935 2
3043 3508 1
191 2303 2
655 855 2
1500 2690 2
2013 1670 2
1964 2879 2
2173 3026 2
2604 706 2
2421 3555 1
2056 268 2
2524 2864 2
1155 14 1
768 232 1
981 3762 2
353 1356 2
1288 178 2
3379 1522 1
3003 927 1
3104 420 1
3615 3195 2
2020 63 2
764 255 2
3919 1429 1
3981 2838 1
1414 2955 2
1215 1664 1
2755 2523 1
3479 624 2
2736 1363 1
905 3535 1
560 3221 1
1985 1111 2
983 3637 2
1598 600 1
3564 3678 2
2130 3798 2
2702 941 2
1476 2248 2
12 1844 2
2765 1979 1
76 3417 1
1502 2254 2
133 1492 2
2457 1268 2
3204 213 2
1524 2581 2
3883 987 1
1050 44 2
429 1790 1
361 2634 2
724 1702 1
2004 2002 1
1500 1681 2
1410 699 1
1077 3025 2
3277 785 1
836 2636 2
3557 3477 2
2082 2874 1
1355 1496 2
3516 1003 1
54 3716 1
593 1982 1
3313 915 2
952 203 1
3451 2966 2
1399 794 1
165 2191 1
1677 1514 2
664 1495 1
905 299 1
1004 2073 2
1520 516 2
1330 3925 1
2331 1102 1
1196 542 2
1910 1590 1
2255 2908 2
2787 3423 2
1704 3691 1
725 1182 2
2612 1434 2
853 252 1
2054 2829 1
3009 952 1
3013 1500 1
1032 1218 1
3339 3730 2
79 609 1
1511 1966 1
3311 942 1
2524 69 2
468 3543 1
1696 2750 1
3999 541 1
1214 3797 1
3685 1526 2
3156 2232 2
2511 1804 2
694 3597 1
344 155 2
2153 1162 2
3506 2359 2
1928 956 2
3585 1572 2
995 801 1
862 3484 1
3387 2285 1
277 1997 2
2888 2217 2
1383 376 1
243 879 1
3497 3091 1
1884 3824 1
2884 456 2
1749 910 2
3923 20 1
676 802 1
3879 1225 1
3333 3383 2
1254 108 2
262 1261 2
840 2199 2
3882 1207 2
1209 1112 1
2759 2557 2
218 3601 1
1959 1691 1
1184 1750 1
2315 2016 2
2835 882 2
3363 1392 1
3153 66 1
3319 195 1
3976 3416 1
3393 2275 1
1791 3161 1
2225 3090 1
1678 3360 2
488 578 2
2657 1497 1
765 1563 1
2905 614 1
3867 1048 2
75 1022 2
193 3082 1
3295 2281 1
33 3924 2
306 613 2
2177 1293 2
1428 2596 2
413 2017 2
331 1292 1
2467 1008 2
1583 2101 1
405 878 2
3115 1519 1
3915 2657 2
1123 537 1
2990 3975 1
1064 2763 2
3262 141 2
1605 3661 2
3149 1688 2
3382 2493 1
1666 3040 2
940 1358 1
3223 528 1
2794 1027 1
252 1224 2
3403 472 1
2097 443 1
1498 346 2
432 561 1
3511 2761 2
1376 646 1
1529 413 1
1283 841 1
263 3647 2
1577 1150 1
1374 1259 2
2459 1085 1
1934 2964 1
2865 3312 1
2109 2592 2
2492 2489 1
2274 872 2
1565 2666 2
1099 2906 1
1996 2091 2
152 3287 2
2642 1527 2
925 2901 1
1199 2911 2
772 2781 1
53 1157 2
1417 3502 2
2826 3011 2
956 1817 1
2250 1954 2
1634 2051 2
2947 3139 2
1845 582 2
2424 3258 2
2175 847 2
3007 2957 2
2275 1538 2
1731 121 2
3156 1746 1
674 558 2
3420 2793 2
2959 110 2
1559 3174 2
2353 2898 2
1941 2458 2
1379 1605 1
3483 714 1
1106 1350 1
3906 1168 1
1346 1291 1
1751 1658 2
3146 3801 2
3930 3593 2
3923 2061 2
3839 116 2
732 982 2
1136 162 1
3801 1240 2
3272 1139 2
3024 10 1
601 1528 2
3738 2393 2
2247 1047 1
2152 707 1
1132 1928 1
3484 3325 2
18 410 2
491 2766 1
1244 527 2
1986 3025 1
861 475 1
2750 3543 2
1278 2537 1
3858 1763 1
1117 1782 1
1701 2348 1
1321 1652 2
465 1182 2
2663 73 1
3077 3193 2
528 269 2
1348 2000 2
432 655 1
3140 780 1
521 2161 1
2288 263 2
558 1096 2
2503 2801 1
1928 541 2
2874 943 2
2613 494 1
466 3126 1
2404 3917 1
1127 52 1
1114 3872 2
2122 1352 2
2927 3392 1
3580 1765 2
754 2010 1
2645 3315 1
1345 529 1
3902 1742 2
1554 729 2
3959 645 1
1869 2526 1
3154 2652 2
528 2427 2
2998 1483 1
906 771 1
1629 796 2
832 316 2
438 2481 2
1578 3647 2
2915 1787 1
3031 3866 2
2236 3940 2
1157 2318 2
427 2311 2
2986 3216 2
2030 1074 1
206 2252 2
3353 683 1
1806 2846 1
3825 264 2
955 2103 1
2577 1237 2
2073 1822 2
649 2930 1
320 3916 2
1562 1619 1
319 847 1
1371 1566 1
2676 1032 1
3991 1296 2
917 1389 1
973 2201 2
874 295 1
943 2747 2
624 2293 1
2627 1007 2
2615 296 1
645 3263 1
3333 869 1
1891 1261 2
1682 3846 2
864 395 2
2922 89 2
401 1761 2
462 3775 1
579 2315 1
3027 718 1
2227 3736 1
2465 656 1
948 2028 1
3445 1442 1
2637 1022 2
1855 822 2
1496 3451 2
2789 1265 2
2213 1665 1
222 1421 1
276 133 2
2840 2616 2
287 2094 2
3859 3156 1
1486 1431 2
2820 245 2
3904 881 1
851 3430 2
2025 2526 2
221 388 2
1998 3319 1
1682 1057 2
1643 2600 2
376 1123 1
1165 1071 1
1318 258 2
281 3840 2
1738 1389 1
1731 1571 2
100 582 1
3352 2805 2
2633 2337 2
2964 3075 2
32 1161 1
748 3090 2
360 2940 1
3686 1146 1
2448 1034 2
732 6 1
158 3321 2
285 149 2
1065 2308 1
1964 3452 1
1919 631 1
415 610 1
2144 3829 1
3201 1443 1
1152 2867 1
560 2094 2
1065 954 2
96 1319 1
2903 872 1
3158 133 1
122 1199 2
3213 1077 2
471 2517 1
3253 3349 2
1128 1011 2
2447 2810 1
3063 119 2
2898 1259 2
2407 3713 2
169 2723 2
1067 617 1
1363 1651 1
2957 3800 1
3842 2173 1
137 1482 1
3548 90 2
2863 1619 2
2205 149 1
3556 2198 1
2099 3246 2
929 2799 2
513 3033 2
1395 1547 2
3388 3996 1
2009 1899 1
657 1524 1
1770 1125 2
3741 3088 2
972 227 2
2899 2485 1
2782 2465 1
2458 2360 1
1935 2099 2
2573 615 1
3204 701 1
217 3425 2
1782 1881 1
1986 2265 1
1778 2901 2
2206 2807 1
2711 1074 2
2616 1271 2
2619 1606 1
1071 2087 2
1063 3963 2
2036 3309 1
2934 622 1
2416 2976 1
3834 1712 2
2811 2826 2
3575 1289 1
1862 3116 1
2278 2480 2
1106 2202 1
1076 1844 1
1911 3355 2
3712 2998 2
3006 3690 1
1920 3724 1
2535 344 1
3484 64 2
1348 3239 1
2578 2543 2
3388 2128 2
3345 1483 2
233 3390 1
3006 90 1
250 3569 1
3090 788 1
1298 1469 1
889 2056 2
487 3368 2
2196 1528 1
2948 3183 1
1624 2680 2
2279 1697 2
269 1299 1
3044 3970 2
2609 1158 1
3808 1354 1
1234 3075 1
1398 1668 1
343 2992 1
1206 2287 1
3768 2661 2
641 2368 1
3073 2162 1
1838 1086 2
692 662 1
1288 2661 2
2179 3881 1
2574 2436 2
2938 2547 2
3378 3551 2
3155 50 1
1051 2733 2
2143 729 1
3139 1243 1
3428 3019 1
1913 1351 2
346 964 2
3999 3878 1
2477 2608 1
3853 702 2
990 3282 1
3660 1772 2
834 3519 1
445 3168 2
353 320 1
1040 445 1
2904 276 1
269 1850 2
3128 651 1
3470 2403 2
965 2188 2
1283 1240 2
1431 592 2
2764 2124 1
316 1380 2
1699 2247 2
756 619 1
1552 2341 1
180 3162 1
338 1077 1
1732 3835 1
3677 283 2
1441 650 1
2998 3151 2
27 1275 1
2073 1212 1
3576 2738 1
820 993 1
3151 2345 2
2729 1267 1
3822 1198 2
1936 761 2
1749 3202 2
82 591 2
2617 2363 2
1935 1892 1
2146 3042 2
665 700 2
2509 2838 1
1239 1838 2
2698 1544 1
515 358 1
479 3613 1
2668 1029 2
1059 1743 1
1589 1212 1
3716 2860 1
212 1781 2
354 1653 2
596 1226 2
177 3937 1
1459 3788 2
1659 2967 1
581 3549 2
1948 55 1
3855 2774 2
2308 2034 2
3117 3586 2
1529 685 2
1964 2241 1
2962 3235 2
1520 326 1
1853 1664 2
1808 730 1
1977 358 2
1749 2998 1
3005 1708 1
703 3693 2
1104 2138 2
3424 736 1
974 942 2
3582 807 1
73 1722 2
2901 495 2
3654 867 1
2419 1047 1
3772 2116 1
2875 1650 2
2681 2441 1
1155 136 2
1084 2836 1
693 3732 2
220 3260 1
1841 2855 2
127 1481 2
2794 260 2
2756 3513 1
357 3682 1
282 3103 1
2205 813 2
2790 958 2
1537 3238 1
3809 466 1
2420 2366 2
1144 1607 2
1229 991 2
3530 3072 1
3285 2819 1
3534 1266 1
3019 1786 2
2794 486 1
3043 553 2
2461 3738 1
2594 294 2
1654 257 2
2404 93 1
1338 2046 2
1271 1518 1
3330 2285 2
2429 1068 1
858 731 1
1870 3647 2
132 2025 1
1235 1475 1
3859 940 1
1228 775 2
2512 16 1
1835 2639 2
89 3568 2
3095 2099 1
2237 3872 2
1386 1662 1
3105 3492 1
3700 335 2
1854 118 2
2805 2971 2
2688 643 2
1991 1193 2
489 3982 1
913 2996 2
76 1164 1
1013 2925 1
2098 3591 2
1059 2999 1
2456 2940 1
4 73 2
1871 3100 2
560 976 1
2715 3150 1
920 3722 2
3605 2252 2
3037 907 1
1961 2433 2
214 2076 2
632 2258 2
2063 3703 2
3223 3058 2
1412 1549 1
2383 3916 2
106 320 2
3483 2300 1
3815 361 1
205 2422 2
3541 1299 1
3209 350 2
963 3006 1
391 3055 2
2548 1213 1
309 2357 1
3101 184 1
1972 2610 2
3019 2443 2
1270 3964 2
2747 2693 2
2983 861 1
1441 2634 2
1921 1458 2
610 3282 1
2101 2221 2
89 1287 1
809 2260 1
1109 1771 2
3733 3519 2
1210 368 2
2117 3581 1
796 1502 2
346 1424 1
1191 2608 2
1385 3372 2
3673 1303 1
2522 444 1
1350 3830 1
1418 1501 2
1716 1028 2
2665 1346 2
1948 2157 1
2749 1070 1
655 849 2
926 1885 2
623 676 2
120 2875 2
881 716 2
1068 2411 1
34 2438 1
750 3041 2
1791 2242 1
3272 3016 2
1403 994 2
2646 862 1
3101 3711 1
3017 3603 2
2431 1252 2
3524 270 2
3312 49 1
3874 40 2
2419 3033 2
2094 1390 2
2366 36 2
169 771 1
668 2702 2
2983 1820 1
1740 1862 1
1490 418 2
2335 1136 1
3142 819 2
317 836 2
3027 1666 1
2689 1644 1
3935 755 2
3481 2922 2
2369 32 1
1575 880 2
327 3702 2
674 357 1
2897 536 2
918 2919 2
2803 2939 1
1183 3652 1
1271 1737 2
946 2335 2
2425 3550 1
245 3762 2
105 3150 2
898 742 1
2188 1021 2
2504 3612 2
1404 677 2
1226 2503 2
1827 3316 2
3934 3024 1
1092 2731 1
1774 1393 2
2867 1952 2
3963 1530 1
1239 2461 1
1141 2544 2
2927 3935 1
1828 3753 2
1418 3831 1
1410 273 2
1453 1964 1
3167 2535 2
594 3096 1
796 544 2
2371 807 2
1264 772 1
1027 891 1
1158 524 1
1861 2346 2
1981 3179 2
1587 3230 2
1543 33 2
264 3380 1
1738 1481 1
3414 2398 2
2850 2829 1
2306 1345 1
2589 2092 2
1091 1879 2
2333 859 1
3462 2831 2
1722 3873 2
3885 2728 1
798 1913 2
619 1721 2
1927 1108 1
2249 268 1
1160 308 2
3461 3615 1
1576 531 2
1454 2914 1
2209 858 2
2217 1467 2
1922 2122 2
2447 2981 2
1646 1750 1
1900 364 2
3515 3879 2
3682 3314 2
564 1783 2
3780 3502 1
1559 2966 2
2971 72 2
1784 2089 1
3045 670 2
2844 3749 2
3665 3619 1
3839 3416 1
2436 2554 1
1231 609 1
599 799 1
2670 2611 2
598 2878 2
2355 342 1
1826 250 1
330 3782 1
592 1000 2
3216 3698 1
3273 3185 2
1624 222 2
3624 2964 1
2248 2273 1
2751 2241 2
3932 3720 1
2898 927 1
770 529 1
2009 3591 2
893 3889 2
2435 518 2
643 1231 2
3022 895 2
1087 3910 1
2064 1031 2
2863 1831 2
3985 2887 1
2086 2805 1
2222 3230 1
1708 2599 2
3928 3644 1
601 1769 2
83 3272 2
2557 987 2
440 123 2
92 3089 2
2291 3523 1
266 2353 2
1509 3841 1
3027 2488 2
1955 1483 1
1398 1333 2
3957 1835 2
1796 77 2
2808 2590 2
1798 2293 1
1373 501 1
2549 2203 2
2759 3095 1
3616 1150 2
1841 2877 2
3113 2449 1
454 1557 1
2792 124 2
2855 1665 2
3590 3259 1
2665 2229 1
2180 2269 2
3476 668 1
978 678 1
3109 2322 1
1112 3821 2
3916 3979 2
3120 895 2
1103 2924 1
1161 2362 2
390 3341 1
2854 467 2
2428 2493 1
2525 3025 1
3700 797 2
1529 3247 2
2 612 2
121 3134 2
2286 1401 1
718 1984 2
53 989 1
2337 2958 1
3143 3455 1
2346 3092 1
1482 3845 1
794 1488 2
1461 585 1
690 854 1
3030 2042 1
3338 910 1
2765 1943 2
75 1780 1
3375 600 2
1589 1816 1
964 2917 1
890 1628 1
3048 3420 1
2401 3417 2
238 2479 1
1284 826 1
2040 3876 1
466 382 1
1440 83 2
910 3130 2
435 396 2
1710 2645 1
2065 206 2
1308 747 2
2318 465 1
3993 1291 2
1108 2973 1
1333 2905 2
2271 721 1
1080 1100 2
415 2621 1
1597 497 2
410 3368 2
1201 1830 1
39 2826 2
2392 4000 1
3443 499 1
41 2726 2
1472 1731 2
301 467 2
1890 336 1
3972 376 2
2336 2211 1
2207 759 2
409 2395 1
711 2121 1
2236 2984 2
3765 2745 1
1070 1361 1
2520 3815 1
3432 3631 1
1874 2375 2
215 3919 2
1691 1503 2
219 820 2
1181 876 2
296 563 1
1046 605 2
3175 2422 2
1849 3831 1
3990 3482 2
589 1999 2
3076 1520 1
3052 3091 1
3190 2495 1
998 2082 1
485 2656 2
3836 2575 1
3806 1441 2
3333 3554 2
1920 99 1
1836 1750 1
2721 3228 1
911 604 1
3626 2422 2
1698 3799 1
566 3342 1
10 95 1
695 1942 1
2691 2334 2
1329 3027 2
3163 2773 1
381 2207 2
436 2200 2
3496 1832 2
3621 206 1
241 3792 1
3578 2866 2
2958 2827 1
3952 1365 2
2280 3332 2
3418 3993 1
602 1688 2
799 3991 2
2390 2745 1
2233 3994 2
1472 396 2
1495 546 1
2129 3179 1
3100 1155 1
3925 964 2
350 1603 1
2765 1721 2
1159 2719 2
1166 2814 2
1336 3782 1
3297 126 2
3649 828 1
1697 1047 1
2442 3673 2
3328 3065 1
2158 2312 1
1346 1610 1
3546 2824 1
2815 2309 2
3699 2510 2
2949 1302 2
3917 3873 2
3605 1664 1
724 3677 1
930 2007 2
2311 2289 1
1077 486 2
632 1313 2
43 2347 1
2445 1636 1
3445 1814 2
2914 2311 2
3895 1998 2
1029 872 2
105 779 2
3097 923 2
3833 605 1
2163 137 2
1095 3588 1
2240 3884 1
3880 3541 2
3549 3925 1
2308 252 2
2814 1158 2
1816 148 2
3752 3832 2
1461 3408 1
2710 2167 1
383 2230 2
2071 3264 2
3214 799 1
2030 3978 1
1232 2201 2
3313 3130 2
3429 3109 2
2251 2573 1
834 1273 2
3771 2770 1
847 2430 1
2611 2861 1
617 1843 1
1209 2838 1
3456 1352 1
1993 1208 1
3290 868 2
3056 3634 1
1935 992 2
1843 569 1
3787 1450 1
2086 3956 2
2414 2883 1
3446 3583 2
1007 3489 1
3872 2601 2
149 526 2
1431 2934 1
1149 1415 2
898 3133 2
471 1021 2
2203 330 2
1065 343 1
3505 3294 1
1130 719 2
2247 266 2
2920 3729 1
2739 856 2
2211 415 2
736 418 2
1839 3471 1
1100 2393 2
3894 395 2
3178 3807 1
244 1456 1
3650 2829 2
1849 1904 2
3788 3758 1
1803 1680 1
921 1666 1
1537 2282 2
1770 1884 1
361 1964 2
3350 2244 1
1059 1528 2
297 3670 1
2179 3298 2
1567 1538 2
2163 3829 2
237 3690 1
2030 2670 2
1945 2598 1
2855 3999 1
1309 611 2
3712 1742 2
3976 1856 2
1939 915 1
2140 847 1
429 2589 2
1361 1274 1
653 2574 1
433 796 2
906 1850 1
1722 420 2
906 1196 1
2047 2678 1
2444 3074 2
2151 1833 2
1247 2540 1
621 2409 1
1256 1137 1
2782 406 1
3137 3465 1
1502 740 2
2516 996 2
3715 3546 2
164 3585 2
3256 1843 2
388 2360 2
2268 1535 1
1373 369 1
2881 515 1
1837 1483 1
2925 661 1
3235 1654 1
1084 2881 1
2180 3929 2
1212 263 2
2761 813 1
1903 2010 2
