100000 100 8884
90020 52414 2
14336 57437 1
9499 62878 2
33313 68809 1
25399 92302 1
93610 3688 2
85432 83261 1
38860 89542 1
60150 97200 2
58985 85245 1
54314 3754 2
6941 5536 2
1 8884 2
13399 8816 2
32878 63323 2
55047 83331 2
75756 34124 1
91855 15730 1
36188 32963 2
92526 85823 1
96820 2928 1
49023 25987 1
91962 68057 2
25783 33249 1
3983 43463 2
79765 46035 2
18979 19817 2
91716 70670 2
33591 25438 2
50635 75442 1
54677 52743 1
96741 46653 1
2014 60838 1
70726 10544 1
59119 19999 2
1334 27573 1
56128 57355 1
86707 38297 2
44369 25799 2
71643 16451 2
28542 58407 1
65357 31178 1
7058 78028 2
91200 93878 1
75990 69619 1
28666 34585 1
19354 30621 2
98724 60826 1
39526 73237 1
8760 40029 1
64798 27721 2
5134 52734 2
40386 49900 1
59685 47479 2
57279 77518 2
18136 10893 2
72360 36086 2
10353 3527 2
61892 96265 2
45780 19100 2
56543 5354 2
97179 22400 1
21158 90840 2
93994 40177 1
76096 16210 2
28566 53182 2
51785 840 1
41804 77819 1
49184 89347 1
76195 59337 1
68709 55843 1
84005 42640 2
47703 30975 1
41150 84145 1
94021 83493 2
85897 24395 1
47387 76173 1
35288 53340 1
4730 4876 2
74993 57519 1
68275 4464 1
80285 93328 1
85649 56900 1
13584 52202 2
59536 47151 2
76279 41161 1
71450 29240 1
39948 81333 2
74438 85536 1
57336 23364 2
89401 30080 2
81434 82859 2
60857 26605 1
60022 49193 2
90717 24953 1
2457 95699 1
56642 69993 2
56352 61696 2
79653 24886 2
65548 90563 1
