100000 5000 87847
26245 2150 2
58968 60693 1
99962 82716 1
2244 65108 2
4917 38119 2
40334 747 2
74781 36043 2
63390 13037 2
98077 2160 1
72351 26869 2
83554 35681 1
54754 31712 1
77758 64172 1
95003 18350 1
61928 94660 1
11651 72933 1
14362 92962 1
54516 38638 1
94482 45184 2
9616 86582 2
82769 34173 1
5787 9550 2
97247 43580 1
412 9388 1
2917 66436 2
61632 42248 2
87665 85665 1
59863 80416 2
29430 28290 2
61525 88084 1
57193 77401 1
51282 88298 1
7333 42334 1
9579 66219 1
33320 58668 2
10239 2276 1
57812 98275 2
4242 92967 1
24527 18532 2
65741 17639 1
84515 32760 2
54620 23903 1
86110 74378 2
32303 42412 1
90771 68904 2
27865 4782 1
20568 30886 2
39892 61291 2
20166 81082 1
52508 50637 2
92220 17633 1
55823 47999 1
957 94297 1
41555 81267 2
97613 41157 1
84784 19551 2
23383 59980 2
65810 22971 1
83626 60666 1
57768 7972 1
36343 13662 1
28488 32189 1
93013 46154 1
5801 7465 2
58526 87831 1
71655 78290 2
27471 18494 1
23554 45701 1
56812 41663 1
56575 23284 2
82489 30526 1
22374 2994 2
93218 24545 2
88546 90587 1
40884 25876 2
36132 50985 2
8834 57413 1
47585 57888 1
35201 93480 2
58351 55971 1
88908 35155 2
93036 71996 2
53184 3651 1
15351 97976 1
14433 68054 1
24053 86505 1
51060 17967 1
62989 56866 2
74307 58006 2
66028 31039 1
70012 79925 2
27170 39642 1
39090 16668 2
85764 88951 2
186 24125 1
7176 98265 1
75568 58960 2
80939 68682 2
98800 82641 2
47694 12727 2
68381 93693 2
10261 56466 2
23389 70297 1
10279 59375 2
98138 2187 1
36241 9447 1
97347 57695 2
13475 30040 1
69481 25763 2
15089 93442 1
58050 30347 1
65075 59883 1
65354 19982 2
59717 39260 2
46173 52998 1
58376 9891 1
64798 41972 1
90559 37327 2
72724 3835 1
22611 35607 2
53703 2944 1
67504 46067 2
36167 48656 2
49638 8929 2
95750 67450 2
18824 52898 1
91737 55185 2
74768 4058 1
75770 19435 1
96345 8947 2
42953 4708 1
49348 49018 1
57830 77724 2
53876 36609 2
25113 13941 2
69009 47068 2
96491 88662 1
6153 32548 2
47242 23211 2
89930 67927 1
25449 82530 2
54506 24469 1
8925 35919 1
19807 34789 2
49089 84777 2
24583 36238 2
819 43979 1
18306 9438 1
73589 67092 1
10739 28807 1
35437 8423 2
41538 75965 2
421 31788 2
17852 40345 1
40811 11565 2
80690 31225 1
10418 51034 2
22134 23421 2
29840 2981 1
86561 22284 2
75870 39335 2
4368 20621 2
22171 77369 1
86722 80494 1
78537 10204 1
12412 23969 1
83854 71186 2
73733 79130 1
43509 4546 1
29514 89778 1
19627 24472 2
13595 80391 1
94178 75298 2
21100 84026 2
76337 78740 2
38005 80815 1
2257 53957 1
71027 58224 2
47074 35472 2
94469 47691 1
45284 87732 1
53487 65039 1
43262 22196 2
890 90739 1
539 87448 2
54066 16592 1
33576 7850 2
13799 95394 2
12184 84474 2
74252 8874 1
79104 5403 2
88475 24655 1
8827 73603 2
40144 56632 1
38 90223 1
42505 75443 2
75493 39037 1
77388 39474 2
95517 78223 1
20193 71593 2
39768 84655 1
90292 70417 2
52516 20326 1
69493 71752 2
4308 40227 1
32727 83759 2
90077 87930 2
66740 31114 1
94714 58914 2
40775 8164 2
59977 73942 2
91920 33576 2
59916 22037 2
97172 19753 1
7081 96803 2
76603 7963 2
69963 71334 2
46416 20727 1
15294 49161 1
28069 24219 1
82710 81180 2
98604 38408 1
81993 25650 2
19039 24930 1
75056 98145 2
93208 66644 2
8011 37766 1
12602 10249 2
20858 36830 2
34758 94932 2
1124 62030 1
23463 49065 1
74068 42749 2
94631 4002 1
25751 79221 1
78327 18587 2
76543 20037 2
72363 96821 2
82627 99681 1
87772 16247 2
53533 44480 1
72516 54408 2
3722 73053 2
20741 77463 1
19566 50488 1
34467 9204 1
23789 82514 2
14533 5428 1
29843 3316 2
66232 45040 2
19245 95016 2
67916 422 1
29774 88894 1
21013 88375 2
51979 79113 2
2859 85863 1
4767 39392 2
21930 62785 2
62600 10173 1
91091 31888 2
19016 53857 1
5577 48903 2
37413 67790 1
36149 94394 1
37225 96684 1
37283 29987 2
91426 10981 2
88451 33182 2
10819 41160 1
33192 80493 2
19970 90761 1
15756 91540 1
31256 81631 2
47530 21598 1
73188 18630 2
46403 58390 2
63816 68859 1
23642 36559 2
84586 61731 2
58520 16285 1
44725 69187 2
91272 63258 1
65237 63049 2
52220 94562 1
43935 31554 1
82086 13079 1
41798 25826 1
79392 45213 1
60423 51615 1
35077 12959 2
78782 32246 2
46677 4200 2
13199 65893 2
53109 13643 2
35902 12815 2
1997 37244 2
45495 74876 1
37800 34965 1
8263 57749 2
98967 84818 1
2304 85228 1
43983 60981 2
84345 29586 2
35366 84067 2
1484 55200 1
43290 8548 2
50455 95311 1
60938 32903 2
79227 36063 1
40442 35484 2
38656 52 2
68052 35608 2
57711 7668 1
55298 18036 1
35734 9962 1
80245 71983 1
62600 88102 1
52193 76455 2
3898 19483 2
35582 95268 2
6088 11104 1
1129 79150 2
99086 60816 1
6305 44465 1
76750 18122 1
24682 68832 1
53872 95057 1
53293 93744 1
92350 75500 2
24534 31384 1
36484 41671 2
32629 92535 1
55990 17841 2
49726 48878 2
60074 39197 2
32745 16994 1
71193 56001 1
3442 67388 2
56035 96249 1
69946 74856 1
85864 81573 2
23716 30745 2
37231 7910 2
44985 15971 1
21987 77157 1
96388 27104 1
39376 76525 1
54423 63436 1
79115 57196 1
3973 65641 2
69256 50166 1
45029 41564 1
8545 54946 2
2261 12078 2
84694 41099 2
22549 71947 1
21255 16 1
42472 27846 2
86428 52148 1
83927 33716 1
32574 88638 1
96909 56940 1
64475 75706 1
91643 77614 1
86629 32631 1
18486 37753 1
26164 39816 2
70452 67922 2
24544 85187 2
93299 5764 1
73383 77572 1
3474 49659 1
45421 55147 1
56982 39880 1
14999 36090 2
87303 87808 1
1775 77496 1
45840 4957 2
27779 29584 1
53570 88091 2
12262 97875 1
40561 46460 1
36974 36626 1
19702 35909 2
19892 83716 1
57451 49791 2
1431 71558 2
91826 94199 2
91033 38550 1
2095 80254 1
15840 83704 1
5033 73 1
42551 14257 1
60653 59762 1
90026 10126 1
3147 6229 1
4941 12734 2
75543 11092 2
6198 89524 2
3401 78260 2
54815 19494 2
477 76382 2
933 93937 2
47636 47454 1
88427 6834 2
50 32071 1
20376 45870 2
60670 97710 2
98196 52651 1
4068 74123 1
19343 23701 2
52438 5243 2
21403 77402 1
94727 84544 1
84077 96270 2
5839 86719 1
23648 55816 1
17674 80001 1
10865 83907 1
82457 74131 1
37220 37950 2
74751 47686 1
56318 10365 2
73060 70767 1
62601 51109 1
98966 31048 1
1043 81539 2
45539 79757 2
41039 34982 1
32161 84000 2
78514 90337 1
91623 89094 2
22807 32458 1
80529 66920 1
80924 8222 2
57375 7091 1
64131 74522 1
77590 19800 2
81234 46307 2
48958 65644 1
499 192 1
86786 47529 2
21716 48282 1
39379 29772 1
57481 27075 1
17221 37717 2
12005 13420 2
80817 35306 1
57220 33261 1
66706 78004 2
18309 32545 1
17736 61856 1
360 8999 1
6360 26879 1
53620 71906 2
62985 31686 2
33620 74042 1
11144 39599 2
64756 20473 1
69925 41494 2
13385 81647 2
10260 35678 1
29319 73871 2
31885 10858 1
89704 28464 2
77997 1859 1
83756 88716 1
94707 23224 2
50675 45028 1
96963 43258 1
79781 79514 1
37318 93404 1
68810 45045 2
90504 13305 1
19123 37601 2
16985 29229 2
70191 53964 2
15245 10907 2
86102 19690 2
88380 59046 2
18146 44658 2
54306 29304 2
98129 21056 1
52928 78782 2
1125 657 1
57529 41769 2
29827 69257 2
36086 782 2
21848 27632 2
75235 82407 2
48303 66896 2
17776 94385 2
78524 1529 2
99408 75852 2
47188 48638 2
9789 90014 1
37106 31798 2
54482 48080 1
57460 48827 1
27696 60431 2
33756 29358 1
95194 27564 1
73681 73617 1
80504 83997 1
14683 67883 2
19256 95770 1
3338 89160 1
85704 64992 2
28015 96727 2
66878 36081 1
34848 38058 2
97904 37651 2
10745 6969 1
2140 31437 1
38902 12063 2
75361 31885 1
11003 15196 2
54468 86372 1
56876 3825 2
71565 2311 1
26196 41319 1
76103 1616 1
51042 43208 1
56163 5852 1
91144 47236 1
84085 75371 2
31355 4782 1
12854 37347 1
96118 30557 2
84544 56013 2
89910 93836 2
62613 8534 2
37759 48377 1
60569 94992 2
26485 42217 2
97843 57102 1
81956 43907 1
79952 82411 2
47226 57329 1
50944 56644 2
967 78722 2
75223 37177 2
86500 15019 2
83853 35536 2
49129 7777 1
37119 9970 2
85748 43712 2
57228 94573 1
3689 41703 2
17048 35824 2
79021 95322 2
10124 84338 1
67466 87103 2
25140 60811 2
18511 5153 1
19616 34584 2
74221 69520 2
7300 59516 1
5499 53247 2
84119 5754 1
40338 55301 1
88504 41052 1
90609 84413 2
48612 41327 1
35770 78214 1
60545 52996 2
33331 16003 1
8471 6449 2
91367 29051 1
76018 58798 1
15459 11738 1
23873 825 2
65337 89743 1
67162 17586 1
28448 93804 2
20180 88511 2
86129 86794 2
48779 90473 1
33324 27234 1
98783 38366 2
61873 3924 1
19573 57901 2
48552 96900 2
51381 63661 1
37689 94680 2
52234 62358 1
53397 51835 1
53861 22918 2
48651 88606 1
95803 39677 2
29267 19025 1
54146 74337 1
18343 54318 1
72952 11451 2
10565 65391 1
55260 13112 1
23118 17555 2
21747 1322 1
94634 80189 2
33860 89189 1
57346 44565 2
54748 43650 1
17093 19013 1
94475 35071 1
41283 6428 1
90598 91452 1
68053 70895 2
88931 93695 1
75251 10163 2
50207 7889 1
68700 96133 2
1563 30944 1
16178 4162 1
20891 95131 2
29179 25423 2
90438 29529 2
57345 60754 1
59529 44114 2
83539 5718 2
6068 64996 1
66914 81900 1
64123 71535 2
8453 52101 2
86102 66458 1
56533 72120 2
52193 38796 1
57746 68066 1
24253 26483 1
41884 72225 1
10029 97728 2
76378 79096 2
99802 5961 2
91415 51087 1
47440 76326 2
21024 14800 1
831 70997 1
67079 32395 2
92410 96279 2
90115 10450 2
44955 10800 2
53102 10206 1
99485 30666 1
70981 40232 1
32929 48371 1
50604 34641 1
27050 34714 1
69736 64155 1
97729 48694 2
81442 5389 2
84625 13791 2
62507 20978 2
84107 46035 2
75026 37915 2
33572 74451 2
10288 49465 1
12883 20195 1
4445 9188 2
74419 42797 2
48311 32342 2
51143 23583 1
9282 74257 1
96145 76840 1
99331 56821 2
9625 38271 2
18980 23755 2
57580 8796 1
596 83773 2
61115 16925 1
86276 47963 1
9080 2883 2
9194 88919 2
11260 38962 1
11746 30250 2
51940 67700 1
42280 97965 2
71311 53111 2
48639 13441 1
25986 66282 2
5677 93031 1
37060 484 2
87548 53897 1
28098 15389 2
4347 16623 1
53580 92915 1
96859 56107 2
54230 40295 2
30355 22958 1
88984 92061 1
14365 33168 2
36143 88384 2
85974 9036 2
63674 91323 1
76226 37537 2
15549 38721 1
18405 52914 2
58465 54470 1
61931 54503 1
96626 29603 1
93505 12586 1
15456 39830 1
70169 35147 2
23678 52191 2
53162 23261 2
45062 81925 1
85870 35606 1
15796 16655 1
84643 65843 2
6694 16428 1
8011 41649 1
47491 12651 2
96683 57301 1
83440 54435 2
96207 86566 1
82268 9517 2
53893 52301 1
93686 6821 1
58109 95676 1
7089 30156 1
54384 64932 1
31399 15721 2
62998 18205 2
69043 5891 2
65006 95810 1
63637 56969 2
56794 35122 2
23506 12330 1
8096 34545 2
28786 43901 2
95146 60580 2
87328 7451 2
48455 1241 2
57230 72448 1
39880 85629 1
42862 1677 1
75652 25411 1
16122 49865 1
53108 14756 2
1036 98875 2
45207 32345 2
76007 18546 1
53295 74051 2
71820 21629 1
4131 62660 2
13158 883 2
34075 32291 2
5599 56845 1
49895 46124 1
71944 72071 2
57945 99598 2
62773 67491 2
46117 85691 2
14431 59205 2
43368 95467 2
37216 31416 1
12959 65561 1
30746 15111 2
47883 60164 2
65457 35429 1
14260 42288 1
90860 31398 2
15459 26563 2
49400 1539 1
12326 25896 2
70341 67098 2
48783 65615 1
55751 70668 2
78934 27819 1
98326 37566 2
48787 47603 1
8302 90680 1
23940 32545 2
94416 4137 2
61069 35446 1
71551 24736 2
54611 44436 2
95908 10773 1
66944 87106 2
2539 19774 1
75459 70892 1
11972 1210 1
9037 50049 2
88002 50506 2
94772 68339 1
72383 45650 1
92563 68282 2
63510 35901 1
70024 3697 1
70312 97175 1
95158 22136 2
49144 1008 1
59009 60272 1
27759 95743 1
42612 69218 1
58232 15005 1
42398 1049 2
41605 25094 1
16880 82051 1
44968 22876 2
18401 25460 1
89787 84484 1
50410 8162 2
18585 31654 1
39211 9418 2
63138 76977 1
54404 92298 1
90459 47541 2
90941 22853 1
58956 7463 1
97310 18754 1
71040 55904 2
65783 90829 1
78600 79774 1
48922 28917 2
35289 7330 1
36156 98508 2
46537 34321 2
63928 28618 1
2582 1587 1
74475 81515 1
40767 52983 1
92281 49516 2
9704 2221 2
35207 75762 2
56091 35946 1
5791 69667 2
76898 69704 2
95407 87754 2
63278 25987 2
75018 80727 2
9587 49533 2
50981 13277 2
85513 33850 1
77435 62131 1
47757 78789 2
8490 94004 1
38718 64330 1
90740 82847 1
19424 54970 1
45119 21943 1
34652 51530 1
4021 79395 2
89022 81715 1
3045 8079 2
50934 6644 1
38048 59434 2
856 54892 1
31324 76262 1
13212 5792 2
57493 78844 1
91262 51099 1
75111 91749 2
90783 74185 1
89589 26689 2
15042 48379 1
97574 26452 2
41136 17510 2
98242 24452 2
30708 26563 1
20697 35933 2
57344 65873 2
83964 22893 1
22503 24879 2
56642 30088 1
64256 92898 2
7909 90533 1
82921 981 2
49858 9982 2
38946 1204 2
13117 92916 1
43566 23440 2
90842 56714 1
52022 94750 2
19589 39653 2
16741 95352 2
67787 35538 1
5420 55450 2
85695 23200 2
30016 2470 1
78262 40929 1
72663 52833 1
61355 18734 2
44463 59827 1
61308 6656 2
8295 95275 2
29803 72984 2
95780 75289 2
91773 50199 2
24206 40210 2
95807 84326 1
2576 39408 2
37148 8272 1
42107 80015 2
61608 32547 2
419 23121 1
82232 41011 1
51169 5595 1
94312 23223 2
80047 62486 1
95572 67850 1
91727 44463 2
67519 16459 1
27589 41559 1
46735 18269 1
44568 53795 1
20910 53480 2
62997 78445 2
14347 32790 2
35948 32337 2
23287 57591 2
11185 17585 2
25673 63550 2
2684 82770 1
3066 31297 1
7049 50973 2
66954 61404 1
79385 24191 1
56697 38351 2
18480 60873 1
86734 87708 2
68981 32752 2
29268 72618 1
82036 46 2
81560 16325 1
70655 99679 2
72172 63739 2
24745 36325 1
5383 25984 1
92522 8133 1
47107 79563 2
38142 69192 1
51806 36567 1
71814 73307 1
60729 84867 1
55909 89263 1
85180 88946 2
48867 53977 1
95216 33420 1
77102 80755 1
82915 94619 1
67733 8601 2
6440 84303 1
67467 39566 1
81268 5115 2
92490 94964 2
18435 88693 2
80397 23063 1
7504 81498 2
58100 34275 2
67840 52551 2
11812 42505 2
86712 17537 2
93765 58367 2
47874 96590 2
79522 96829 2
30733 30202 1
65548 57728 2
33002 23123 2
52631 25962 2
96080 74478 2
21980 80480 2
29624 69760 2
69462 1803 1
41921 29061 1
25477 28376 1
93197 38460 1
57326 42872 2
79779 82984 1
62264 3328 2
40811 42353 2
80336 84170 1
69845 51009 2
35654 17235 2
64306 45128 2
68238 81915 2
32185 75609 1
80640 20776 1
1028 74154 1
85209 67843 2
24752 64120 1
32504 53657 2
80161 24609 1
79489 69115 1
11995 85415 1
31837 16638 2
38026 36340 2
89176 77148 1
50811 8465 1
45698 40178 2
19457 11181 2
39919 88800 2
32177 21852 2
47223 13996 1
16614 88661 1
47606 7103 2
69757 96563 2
38605 40198 2
26 59990 1
91871 53810 1
84706 30303 2
38069 37689 1
27743 38647 1
49563 75058 2
18751 32808 2
38401 55293 2
87445 36962 1
91258 19801 1
85975 75224 2
81920 75340 1
38270 94912 2
13774 55871 2
21033 55831 1
69765 10719 1
77946 36987 2
72936 27197 2
20823 90863 2
55359 38159 2
85066 80346 2
33944 45485 1
88930 35944 1
97377 69493 2
18192 81800 1
29872 67079 1
12587 61644 2
93531 70153 2
52108 87628 1
3808 98436 1
48563 3331 1
30014 78853 1
79904 70864 1
79034 52573 2
34330 56503 1
31356 8738 1
81516 14238 2
55695 98252 2
52835 47536 2
7908 97464 2
94353 87613 1
14415 8105 2
66989 440 1
72137 18338 1
62833 17912 2
66540 39437 2
93595 39191 1
8827 85655 1
13964 82486 1
62999 80465 2
7660 90423 2
60714 56081 1
16004 76546 1
89056 89807 2
98530 15489 1
42313 4520 1
19609 81059 2
63833 88863 2
53886 80572 1
94569 6551 2
39180 53188 1
18131 43738 2
71841 65972 1
54137 13077 2
77855 71660 1
93118 83001 1
42988 34480 1
68235 72028 1
17682 13158 1
12172 18998 1
24928 42361 2
44433 73701 1
13094 71737 1
94990 79305 2
4093 20633 2
44314 264 2
33341 70448 1
8308 53291 2
4742 47897 2
10233 5663 1
87320 72754 2
78031 28566 2
92410 69153 2
79710 67523 2
18198 5706 2
83858 88673 1
16667 81754 1
84666 66509 2
12890 70880 1
42380 47015 2
89706 66350 2
42207 66838 2
10245 32028 2
34287 60193 2
90280 47622 2
72188 12086 1
79575 37961 1
50091 66918 1
54710 24554 1
63524 1095 1
62033 43279 1
8850 40465 1
37909 61795 1
17350 63074 1
47285 8950 1
21 37338 1
4358 15515 2
96501 92223 2
63843 95177 2
40740 41595 1
86889 72699 1
57313 82713 2
28892 38544 2
18705 38763 1
39105 32907 2
84795 86215 2
82626 51411 1
23564 22917 1
25805 49845 2
42485 96323 1
83733 97117 2
29352 28993 2
29519 4065 1
73918 20357 2
99255 40854 1
11891 92409 1
45961 11864 1
97256 83496 2
21608 62759 1
6337 65284 1
68698 81092 2
6245 16867 2
72905 68057 2
57089 2173 1
33540 43758 2
91173 22480 2
64508 38548 2
18053 43197 2
4839 9182 1
3865 65448 1
65761 87011 1
15453 78267 2
40678 85214 1
68562 89827 2
15289 78094 2
63387 69522 1
7681 64694 1
88353 95388 2
22022 44126 2
18512 74618 2
31288 18544 1
84824 40586 1
51945 30236 1
26412 94476 2
4366 69652 2
69638 31430 2
30913 94769 1
25217 98562 2
36034 33132 1
14558 89163 1
37457 12806 1
80096 19347 2
47830 29120 1
23792 91216 2
12986 91011 1
40665 81819 2
17195 29050 1
54316 33999 2
88764 13683 1
38654 53776 1
71810 29154 2
49766 32449 1
31416 38910 1
37887 60684 1
17180 95458 2
53292 85599 1
73200 81581 2
22287 31497 1
6714 43043 2
62256 86625 2
48356 86729 1
78876 28927 2
79868 12492 2
32388 12289 1
61205 45851 1
70298 37320 1
32805 12489 2
50903 28312 1
53541 44556 2
88024 7612 1
33300 28321 2
46780 12575 1
42068 62277 2
79688 20148 1
51147 51485 1
82403 10958 1
15268 62991 1
7354 45481 2
10220 62695 2
70813 13344 2
77941 92467 2
53216 14644 1
97526 4488 1
47195 21804 1
60680 87835 1
28075 79759 1
67787 51464 1
50639 77643 2
72927 72334 2
45259 8434 2
57100 27280 2
64040 93848 2
72826 80854 2
25970 39414 1
88793 40266 2
86937 18698 2
93819 17020 2
14544 36309 1
32053 28606 2
18929 65691 1
24514 81417 2
26616 98439 1
16639 73271 1
1763 52004 1
69424 9094 1
19129 4677 2
47258 43707 1
22559 76286 2
92295 26780 1
55780 34152 2
62373 87573 2
5527 99777 2
97351 22933 1
17611 65642 1
25538 23470 2
68730 78087 1
98577 76216 1
52639 10786 2
64786 79790 1
3578 57513 2
87751 97231 2
99600 48428 2
23030 56830 1
85929 90399 2
24170 40131 2
11536 64862 2
66383 10472 2
39255 76804 1
17369 13149 2
66064 84243 1
88670 51253 1
64309 3823 2
32727 92775 1
19808 69346 2
10500 40205 1
27988 62202 1
8261 9128 2
91890 3239 2
17729 21562 1
90277 59486 2
5347 88586 2
34711 65176 1
99288 21732 1
62393 14835 2
40850 15223 1
45663 92432 1
71272 5109 1
2178 25715 1
94228 63318 2
45692 85031 2
18003 86485 1
65391 94007 1
58153 8593 1
29471 5622 2
94042 16238 1
467 85592 1
78130 58834 1
68920 24215 1
50974 52552 1
74750 36111 1
11921 15680 2
11865 58721 2
65344 91949 1
63713 21140 1
38086 41317 1
30930 53679 1
57089 53925 1
34285 85537 1
95059 82123 1
24501 85722 1
94306 44570 1
99923 86351 1
312 43417 2
53555 27833 2
74403 55796 1
16101 17654 2
5718 7642 1
35868 98055 1
50951 4253 2
44594 10641 2
8591 1845 2
38946 97596 2
35245 77341 2
23789 38391 2
90883 7285 2
95862 79858 1
28439 1758 1
3718 80194 2
42900 16065 1
93448 85152 1
18246 39336 2
42894 26794 1
98946 51044 2
48618 58785 2
48507 51301 2
36086 10410 2
96654 51621 1
65197 24877 1
64375 58174 1
38703 19225 1
48410 17935 2
13281 89502 1
76475 6939 1
60779 55025 2
3910 13481 1
83000 33004 2
33992 2309 1
21401 57067 2
10003 76670 2
51235 62448 2
46782 30918 2
53996 41887 1
66243 61589 1
34770 70883 1
4352 27494 1
74676 72935 2
62518 41081 1
34519 36062 2
71277 4751 2
19842 35388 2
24686 28177 2
17378 3195 2
2599 28266 1
66919 6519 2
13675 16200 1
40581 32434 1
12400 92927 1
55028 79601 2
26383 96358 2
31985 48572 2
16263 44407 1
51579 79714 2
71865 20819 1
50902 53971 1
49773 19068 1
68779 55396 1
99277 63706 1
646 97967 2
6373 46647 2
32663 85168 2
2537 63843 2
60978 91689 1
34543 41232 2
85135 7167 1
22288 71990 2
29130 42618 1
17548 93169 1
13188 54121 1
10563 99550 2
99296 49180 2
80764 64642 2
94407 71368 2
67202 54051 2
46084 29351 2
94081 69356 2
45257 17813 2
85646 398 2
68073 80340 1
51005 97754 2
61339 82633 1
66856 64007 1
34109 5212 1
66927 59762 1
42127 19644 2
3986 41209 1
80692 88153 1
6201 19679 2
46869 6856 2
60173 19724 1
27741 19299 1
91676 12042 2
40445 92390 2
57432 90345 2
88202 50643 2
65785 7419 1
36090 71311 2
17143 26329 2
15467 2819 2
37968 79772 1
36764 52283 1
43624 4292 2
69810 79914 2
80836 1077 2
3701 6981 1
28590 3861 1
31664 32739 2
66932 93712 1
23796 53252 1
11049 67060 1
76501 78471 1
83331 64981 1
74444 69426 1
53371 86122 2
55635 29869 2
66672 30158 2
16236 93575 1
17956 37184 2
39835 89712 2
61405 88131 2
45639 34589 1
61158 97983 1
46685 93064 2
73355 79294 2
46605 77965 1
22081 99568 1
18507 73294 1
24731 63751 2
90511 28368 1
47222 8604 2
14805 89788 1
42926 80840 1
12542 67615 2
50886 27468 1
31278 49514 1
28229 21898 2
21164 44530 1
57396 63273 2
88708 88081 1
55553 33780 1
81800 99043 2
71262 99580 2
82123 55723 2
30498 6258 2
80357 45163 1
99143 48302 2
52498 81199 2
11274 80715 1
83 74147 2
19311 98120 1
77579 24312 1
42171 30472 2
57762 45700 2
44504 34675 1
64390 41374 1
68084 96627 1
7494 69318 2
80834 6296 1
20085 97659 2
56983 45332 2
87053 28963 1
95374 75968 1
35017 6279 1
71365 82453 1
57577 26867 1
47422 35700 1
56082 54843 1
8863 3135 2
62092 90513 2
85170 7485 1
19138 93744 1
14406 17690 1
88485 21172 2
6924 35524 2
64170 73439 2
58842 31343 1
29319 40758 2
83564 98546 2
32346 40034 2
21342 17480 2
74818 99696 1
8275 59281 1
26404 5297 1
84529 6094 1
92391 54843 1
76707 78024 1
81016 16102 2
61461 34153 1
92039 10095 1
87324 34145 2
45704 81400 1
53996 11587 1
23795 77382 2
48223 14533 2
62565 53858 1
93365 42052 2
30589 58937 1
53006 79133 1
90783 18972 1
60146 33461 2
93717 26625 1
48777 70419 2
45544 42208 1
60740 30176 2
11627 29782 2
146 30798 2
51313 8325 1
60235 31502 1
77266 57778 2
9673 18744 1
82602 45798 1
16394 45959 2
29370 42574 1
18704 28698 2
49157 60763 1
98945 77141 2
36628 50339 1
72455 94366 2
72243 70686 1
40880 48736 1
54258 48201 2
72751 37163 1
60932 44870 2
28505 17906 2
51171 40027 1
97129 23147 2
45962 33390 2
158 28947 2
18650 78320 1
49976 90888 2
46198 57071 1
46174 9869 1
59110 33889 1
67482 43081 1
70456 66880 1
10843 62312 2
68474 4649 2
43314 54520 1
48226 18172 2
59414 68942 1
92134 65535 2
2976 65343 2
97188 18587 2
84623 39207 2
8924 24061 1
92166 76229 1
58608 75798 2
71817 16253 1
52235 6012 2
98020 43413 2
6775 93863 2
25956 44920 1
35941 42901 1
8059 17814 1
48393 64806 2
7680 42914 1
47612 96000 1
76333 47442 1
67096 61996 1
25791 78787 1
74464 55575 2
97722 85971 1
44533 39698 1
43939 31845 1
95777 96211 2
67139 1152 1
784 7986 1
77771 13808 2
57202 57677 2
94250 46180 1
34875 92068 1
38585 22222 1
64356 49405 1
79696 18534 1
59591 94785 2
88334 2696 1
95142 44317 2
72436 82737 2
26596 70914 1
70378 18150 1
43562 9094 2
42906 1900 2
69444 68225 2
87216 88721 1
58082 71761 1
89376 32098 1
73432 29270 1
39360 21587 2
53694 33270 1
52169 58491 2
24688 80538 2
71738 34228 2
26862 22928 1
69205 21407 2
6238 84775 2
48384 66238 1
82245 76822 1
81318 86713 2
64530 63957 2
57332 25562 2
48883 79713 2
80572 67248 1
88926 7069 2
57205 28816 1
45482 96812 1
60344 21583 1
5523 15896 2
39365 77001 1
35737 11470 2
77692 55230 2
29665 31040 2
45701 98703 2
98067 27841 2
71784 24517 1
15194 49356 1
16790 99371 1
43015 17342 1
41566 74287 2
90415 49879 1
21144 29573 1
99400 66558 2
69182 30756 2
34544 39770 2
98158 78983 1
24550 65689 2
22346 429 2
59151 66412 2
28375 77529 2
92210 88585 2
85665 62706 2
84796 80168 1
15798 28452 2
55582 99271 1
44999 45086 2
96778 48135 2
73354 91730 2
52601 65164 1
2426 62553 1
54919 94976 2
17781 87148 2
501 28464 1
75933 20492 2
4711 74894 2
6776 35994 1
48420 52685 2
65328 10815 1
54201 59529 1
17780 14726 1
83158 51452 1
22965 59741 1
44719 88202 1
52170 42776 1
81916 47670 1
5292 95758 1
4505 88362 1
3643 2138 1
30119 53396 1
57879 49083 1
41033 66467 1
70503 54708 1
35048 16782 1
63318 50381 2
96656 98445 2
46577 24272 1
4753 54878 2
47658 11885 2
59870 71041 1
4024 20982 2
9649 40253 2
86037 51235 2
44741 96953 2
85278 688 2
47355 35939 2
86647 72922 1
26774 34253 2
60005 17222 2
73695 50219 2
26993 78426 1
40609 54934 2
39820 33282 2
26510 26956 2
9637 4524 2
95672 59085 1
34229 93164 1
55865 32735 1
28308 40825 2
48875 61100 2
49984 63566 1
90833 415 2
10461 62730 1
4941 99211 2
3856 67632 1
14695 59299 1
52515 59400 2
204 73219 1
28613 56668 1
45165 14470 1
25191 98684 1
87772 34445 2
30175 64955 1
10610 10815 2
38057 41135 2
21484 51939 2
80065 7701 2
74601 21223 2
15018 20490 2
27790 40893 1
29226 90707 1
96226 6233 2
86027 76310 1
72626 92916 2
91132 25535 1
70126 5292 2
7118 92540 2
55562 6785 2
78552 9985 1
66654 1594 2
68116 39525 2
18375 99998 2
38143 71875 2
50052 29788 1
88317 10074 1
35929 94083 2
8690 52142 1
44463 1834 1
81354 23397 2
76082 97385 2
56818 45738 2
57938 77214 2
62396 67693 2
73123 92810 1
63487 96864 1
40572 94385 1
38549 86780 2
98332 97726 1
71644 82426 2
76576 69884 1
36022 8219 1
16943 20446 1
78184 55361 1
25198 8472 1
47358 56243 1
67628 91075 1
78022 92061 1
92120 31101 1
1969 69325 2
94469 56519 2
19221 85975 2
82317 4453 2
47117 5970 2
29707 91682 2
16535 22394 1
71679 63305 1
34869 60204 1
61166 54413 2
64429 3052 2
15936 50114 2
8233 71842 2
83520 55905 1
56024 31544 1
58528 47752 1
78603 1182 2
81874 54968 2
65209 57479 1
97168 41013 2
89563 45609 2
33332 66474 1
47984 39457 2
34273 97410 1
4442 75501 2
7544 80432 1
20544 944 1
16228 73192 1
18794 76049 2
67919 85987 2
42472 93948 2
13770 38943 1
11500 55135 1
19689 75613 1
11435 64527 2
14565 92802 2
66751 98049 2
4568 27030 1
92936 68113 2
45924 7496 2
33638 17982 1
97997 90439 2
25249 14123 1
82970 22122 1
20514 4928 2
80056 96650 1
25207 66792 1
52919 19107 2
83795 38385 2
2315 29591 2
87371 16590 2
49452 76298 1
84090 76344 1
62902 65575 2
85022 105 1
77610 35353 2
56536 52704 1
491 18707 2
93584 78464 1
33474 62121 2
52399 56752 1
85979 25973 2
16772 43036 2
68006 50227 2
17760 44562 1
37302 42084 2
94649 32359 2
40229 90799 1
41162 66224 1
59342 48956 1
46002 43721 1
24530 38583 1
35441 75121 2
89972 57235 2
88878 5644 2
15453 92228 2
1043 67328 2
3640 8196 2
16687 47256 1
12023 33295 2
73491 92516 1
35148 14726 1
18518 60023 1
56113 89968 1
79057 99656 1
36897 45429 1
61412 7377 2
60380 74369 1
9647 65363 1
18951 74055 1
91066 81808 2
26634 48187 1
81549 68944 2
91312 54935 1
9880 32733 1
21802 54231 2
69421 10566 2
27437 1853 2
6529 80768 2
8527 77645 1
59535 27296 1
68302 1106 1
18420 83586 1
29929 57656 2
34356 69926 1
66437 81104 1
94324 42253 1
27369 7983 1
24542 92256 2
60450 88782 2
84288 2026 1
5184 7179 1
49325 84281 1
6039 9863 2
65338 9665 1
83135 26759 1
92802 22232 2
63861 78964 2
79107 78555 1
78072 18202 1
86015 97000 1
45644 26124 1
77980 57858 2
86426 34910 1
62852 40049 1
31886 52970 1
55046 33695 1
56408 37900 1
5203 5819 2
27564 62054 1
78786 56538 1
67778 84669 1
76652 58193 1
44790 21177 2
80432 95132 2
29801 54665 1
11952 51995 2
55294 68029 2
71923 89296 2
46622 52778 2
88577 8898 1
39700 62474 1
89578 31484 1
54162 38233 1
12991 87822 2
43947 11289 2
80823 29771 2
78358 97679 2
34956 48906 1
23953 88996 2
4187 15046 2
90652 56036 1
4040 39006 2
62650 64546 2
23415 29333 1
10804 73363 2
92404 60563 1
22485 64814 1
85772 39618 2
76494 89010 1
52146 91090 1
34804 75840 1
11259 13173 1
67389 24573 2
6050 75011 1
45639 72050 2
10149 32600 1
17298 31052 2
52582 85073 2
15968 91708 1
27275 48211 1
89596 66423 2
30206 95908 1
84976 83671 2
72557 27984 1
9741 19448 2
16683 26245 2
59463 46460 1
21709 45111 1
77783 82792 1
47823 95517 1
41623 95045 1
37709 18866 1
18473 57695 2
39914 20213 2
83409 44265 1
8844 36265 1
48534 78168 2
26749 32278 1
23045 8131 2
76652 21702 2
91886 3658 1
39018 17673 2
92613 31756 2
2894 73713 2
26338 65839 1
78417 94103 1
59522 90107 2
79923 94228 2
64803 58463 1
39764 99464 1
40428 37131 2
15323 35191 1
51395 79829 1
94931 26823 2
49716 40020 2
89417 33124 1
96817 24680 1
77840 85404 1
76269 53680 2
40541 17956 2
98656 32082 1
40746 2000 1
8934 5302 2
61815 12510 2
78464 28587 1
94693 55277 2
97809 23841 2
79353 51678 2
37826 79598 1
6303 82330 2
6046 93066 1
43140 45131 1
16151 73906 2
37691 64129 1
37919 56104 2
44346 8046 2
67312 33041 1
28922 83147 2
81349 42454 1
9625 52913 2
31582 1380 2
71483 36641 2
96544 40236 1
48645 58333 2
13491 79235 1
27810 78028 2
37730 73955 2
67006 70874 1
8414 13705 1
20685 10933 2
43516 69973 2
39493 50929 2
9138 60109 1
98239 54149 1
73918 33433 2
34074 19340 1
98943 79208 2
63096 84805 1
21210 11883 1
36800 45364 1
77494 57557 1
93338 78334 2
26880 2945 1
96566 61905 1
26184 71083 1
79397 73722 2
86626 40309 2
88126 36940 2
83846 94500 1
40475 96544 2
56721 39137 1
71001 57007 1
76322 56761 1
23324 62330 2
54653 70813 1
7464 6147 1
50988 24675 1
93481 47121 1
37880 6019 1
3148 41744 1
66452 58234 1
82308 19439 1
74995 34954 2
4038 84032 2
38157 28920 1
95277 62107 2
17023 28525 1
99703 9531 2
99463 78582 1
1925 74815 1
5483 96677 1
68735 65355 1
57075 64749 1
45678 41636 2
20171 5321 2
80001 73272 2
47011 14902 1
95144 69556 2
2350 13812 2
73116 91787 2
15686 76777 2
50133 52726 2
6054 34974 1
70802 22767 2
45871 82112 1
91893 37460 1
21060 63648 2
87652 57418 1
28141 76916 1
81609 72792 1
68376 55444 1
43411 24136 2
8755 56029 2
16371 36489 2
97460 4401 2
75680 48143 1
14673 56885 1
55859 95922 1
34568 93778 2
66828 63051 2
56697 32053 2
36843 24698 2
80870 51408 2
63319 58754 1
60698 45526 2
66587 96331 2
38783 94850 1
12708 14048 1
31622 35409 2
68068 91311 1
61667 68195 2
44434 7276 2
88335 31518 1
86536 22509 2
73605 88267 2
87844 87311 2
47909 40247 1
73479 49520 1
90131 36020 1
24697 80659 2
16408 74549 2
25411 15199 1
87264 12661 2
65747 52448 2
58171 15153 1
82172 74565 2
21949 81929 2
70099 20832 2
65631 17283 2
64371 52297 1
33883 776 2
85466 93147 1
58739 29829 1
82954 30198 1
51338 5164 2
78665 14683 2
40137 63792 2
69793 40915 1
28380 16076 2
67777 77609 2
22291 66301 2
14522 98091 2
85410 39939 1
3490 91149 1
90465 77541 1
94420 96005 1
7308 71530 1
78447 93744 1
6979 58016 1
82739 908 1
64012 29240 2
327 71004 2
8332 84200 1
16565 5320 2
87954 81000 2
97132 3290 1
54732 42550 1
77117 3201 2
72400 3250 2
53119 75538 2
53877 19170 1
19404 69026 1
94839 46703 2
90785 62989 1
76278 72614 2
4546 22579 2
76311 6777 2
9363 99285 1
1442 75356 1
67360 58524 1
62658 56584 1
40374 6291 1
66344 85114 2
16552 47464 1
99049 12789 2
73003 42415 2
99131 73180 1
28410 49215 2
68316 85209 1
82674 54674 1
1227 54201 2
73271 90985 1
66893 15758 2
88782 37766 1
84137 16523 2
72673 52753 1
42796 80236 2
92926 9524 2
59367 73291 2
55800 5343 2
63436 20972 2
43717 53604 2
93140 75154 1
93118 95292 2
93916 22919 1
9346 5376 2
61346 61912 2
40947 76208 1
22925 75031 1
6903 60848 2
85379 61112 1
72696 5062 1
2225 43700 2
53189 22206 2
13415 87081 2
33807 4390 2
58457 91607 2
46892 78386 1
59615 92036 2
37656 34585 1
44885 4506 1
20719 30326 1
21660 43236 2
71828 81320 2
59447 93812 2
16558 32818 2
25999 15744 1
86597 40059 2
54160 94912 1
67305 58384 2
63210 62002 1
96524 17853 1
80208 27223 2
46339 11416 1
42844 35763 1
60712 85686 1
72361 60432 1
98587 46388 2
51736 30939 1
97628 41103 1
11660 7494 2
70931 19820 1
13806 66693 1
60841 76337 1
47401 29137 1
1996 46954 2
43663 18152 2
83855 91333 1
23922 45802 2
19367 26966 2
71724 39134 2
26127 11124 2
51672 10507 2
91173 87162 2
55382 24575 1
5515 1223 1
6763 21004 2
37031 87870 2
39102 78886 1
19619 37351 2
87068 45350 1
5325 35372 1
77686 40074 2
2808 39645 2
69022 7090 2
89050 94476 2
19693 43045 2
204 33874 2
24704 5642 1
22413 56456 1
9078 79376 2
25023 43343 1
44020 8038 1
48873 92841 2
32289 95779 1
61075 84829 2
3722 46367 2
21773 88791 2
68255 32376 2
97736 86789 1
98772 24943 1
31035 84891 1
39361 4200 1
3455 7920 1
52515 80269 2
66868 4927 2
29177 4140 2
25594 85735 2
25319 94772 1
63737 41516 2
73078 19772 2
33753 39571 2
82290 13661 1
48746 56426 1
80299 65875 2
27742 8285 1
34197 14911 1
10858 20482 1
42376 46568 2
65961 3247 1
14912 44853 2
76889 27134 1
69597 6165 2
68411 3984 2
81253 42551 1
10007 55175 2
39677 73938 1
39510 46698 2
85012 73918 2
40774 66277 1
67993 32889 2
48506 6214 2
61215 97060 2
39207 47457 2
67232 25668 2
66185 6029 2
21367 84705 2
82748 32037 1
89892 40425 2
21442 86280 1
97420 27182 1
96612 58938 1
79543 89764 1
96649 79745 1
63984 35012 2
95808 20488 2
16457 64396 2
52412 40671 2
66132 65533 1
61331 53401 1
15563 41180 2
64671 43020 2
94057 81905 1
3645 3093 1
12206 54827 1
10800 89586 1
17182 2393 1
70782 83813 2
83619 57618 2
79794 8824 2
63207 20719 1
53273 29876 2
50843 12268 2
42501 80136 2
19987 67498 1
71565 22152 1
92840 53168 2
73195 49675 1
46548 35941 1
87644 97741 1
69945 57432 1
90308 27563 2
6427 3641 2
9863 79753 1
50561 43485 1
13905 463 2
15768 39869 1
42063 91784 1
33520 46647 2
85908 27746 2
83709 98316 2
79957 91824 2
35287 36128 1
94445 34571 1
25146 77982 1
37882 14445 1
87911 85426 1
26046 33972 2
30305 140 2
6719 59781 2
36849 89475 2
14087 34471 2
50467 58576 2
63780 97508 2
74727 43791 1
63945 81579 1
61329 79234 1
16876 70832 2
69016 4205 1
31686 5995 2
93179 93883 2
69046 3605 2
12535 24983 2
6654 64718 2
30226 63764 1
55780 10298 1
38356 45926 1
48307 68863 2
55656 67015 2
54999 776 2
68448 35123 1
16709 41541 1
3566 93132 2
74960 91273 1
54988 79734 2
91317 23051 2
16469 55164 2
4752 77381 2
24233 8138 2
21733 15384 2
46605 23824 2
86776 91622 2
77577 41414 1
58773 88407 2
73896 44962 1
57737 36437 1
6939 40163 1
14438 14575 1
37879 14858 2
83395 69306 2
86450 97340 2
86394 36907 2
57162 82209 2
45289 75934 1
58110 89064 1
10994 97106 1
17683 36449 2
72602 78091 2
62416 36289 1
67277 67183 1
43330 95394 2
15832 88073 1
78297 78464 2
48942 78122 1
71561 87325 2
48997 47426 2
45322 69565 1
6166 75627 2
60057 57195 2
48448 50687 1
72341 91699 2
17989 67837 2
9378 41733 1
95275 32040 2
17001 94105 2
15964 71112 1
15350 38469 2
97510 35143 2
85081 67625 2
44892 80916 1
24166 15267 2
27956 51780 2
49045 48731 1
66247 94796 1
21378 64121 1
69365 83752 1
38382 86889 2
17054 80856 2
20636 58718 1
30089 1821 2
60405 14669 1
35873 31936 2
89828 7789 2
61427 11052 2
33851 65022 1
36049 74223 1
44877 67518 2
26354 45853 2
40369 33461 2
53263 20269 2
96390 43979 2
38440 91930 1
84841 51437 2
75069 76643 1
32832 77612 1
57590 25579 1
41715 52989 1
40572 91993 1
43821 75098 2
53213 54554 1
12255 28863 2
28652 72442 1
53342 49326 2
28158 7887 2
21600 56939 2
23310 73582 1
2275 37537 1
70841 30131 1
40327 92220 2
47107 73470 1
85326 65645 1
17393 2705 2
92195 96841 1
9933 14995 2
23056 32682 2
35526 18575 1
11590 52268 1
60140 76694 1
95513 74833 1
85816 79993 2
78914 76894 2
13282 64112 1
98811 82204 2
93833 85845 2
43046 68664 2
27727 58954 1
13287 92067 2
39930 67823 1
38533 60114 1
8565 54668 2
61645 16415 2
20044 30190 1
8143 13062 2
60180 60097 2
92127 24201 2
49280 61883 2
76789 9869 2
74157 30481 2
16302 57723 2
38071 64512 2
51976 25856 2
82242 10437 1
3466 42445 2
28882 65957 1
31834 87319 1
64627 3846 1
71781 6040 2
52050 92212 1
80154 44812 2
47297 32093 1
95791 13717 1
95831 52341 1
93755 35864 1
49934 21843 1
62810 34174 2
86371 28114 2
87341 28436 2
92794 20113 2
29655 67371 1
29880 29428 2
67009 94456 1
55655 18976 2
790 41525 1
50069 37571 2
88136 51390 2
95093 26089 1
31049 4213 2
38780 87080 2
35667 2271 2
18565 29909 2
13249 56133 1
57518 37933 2
31699 98516 2
3353 54414 2
86638 25757 1
69196 89978 2
64410 5206 1
97841 93083 2
37922 4502 2
98487 68793 2
58263 4733 2
18959 94118 2
16942 50538 2
77231 34195 2
85309 56963 2
46227 37848 1
74914 43153 2
53847 9680 2
51996 89217 2
32062 14586 2
90576 28196 1
91726 61817 2
96709 8335 2
11922 77205 1
52424 60636 1
32119 60313 1
92489 29064 1
41263 38610 1
83196 94131 1
62545 57078 2
45466 23779 2
39126 25915 2
23389 57921 2
46238 79419 1
40039 71994 1
54281 10359 2
39515 94111 2
14879 54609 1
80067 61829 2
88745 880 2
52969 14502 2
40789 14880 2
92669 89503 1
29365 57647 2
7605 13360 2
14368 40370 1
82376 65951 2
14480 88510 1
72499 19509 2
39587 20399 2
66228 1183 1
25275 14756 1
61138 21134 1
34718 24448 2
38514 94647 2
37110 79467 1
10115 97972 2
23569 42704 1
32372 54626 1
21954 13853 1
14168 1281 2
65982 89669 2
71721 36535 1
78721 66369 2
4450 46317 1
15559 16074 1
31460 74224 2
9267 7425 1
44818 9073 1
79947 3400 1
50453 4326 2
22937 67111 1
86744 87591 1
9356 47815 2
41612 80273 1
45077 56314 1
71622 59719 2
55115 70417 1
78876 27020 2
85703 16260 2
28364 73738 2
26664 43758 2
16054 12366 2
73681 33871 2
49180 14633 1
33638 97672 2
17833 78673 1
36883 55618 1
23175 2494 1
86597 18472 2
96711 51213 2
44782 62920 1
8126 13024 2
83397 94677 1
9314 18780 2
15940 44040 1
42257 91338 1
89608 46619 1
29290 68792 2
41365 72332 2
15569 29365 1
39312 56321 1
22191 65303 1
35874 22782 2
74129 35097 2
31356 66160 1
25348 58965 1
16461 96005 1
80959 86958 1
76046 50642 1
60410 34058 2
40407 21868 2
49871 30192 1
59975 38767 2
1120 28718 1
66943 19034 1
4592 14997 1
78695 49329 2
75240 31803 1
94185 23066 2
1492 1496 1
89681 65249 2
72708 3913 2
27411 20980 1
44236 69809 1
29893 50566 1
81220 21523 1
26880 71856 1
50024 537 1
96579 19884 1
26360 92848 2
15440 44345 1
37498 57673 1
47853 81786 2
98611 82618 1
82469 34102 2
48242 15355 1
89125 61273 2
12838 48618 1
14495 70002 2
88258 30663 1
40842 71539 2
6400 3960 1
39199 29301 1
1883 41191 1
44350 94417 1
26995 17823 2
12231 37671 1
63053 92402 1
68130 87323 2
21969 71862 1
13080 47859 2
83850 91875 2
41431 48474 1
69161 46871 2
19473 25537 2
23395 99538 1
29117 76473 1
49550 10234 1
50709 42489 2
82088 93240 2
97655 42782 2
42000 90138 2
72261 12326 2
86155 21679 1
27748 4628 1
95776 12558 2
70656 40304 1
60157 69039 1
11431 97476 2
57136 13168 1
58762 34240 1
56782 4465 2
37887 76694 2
37615 4536 1
45089 91806 1
93616 75055 1
77038 23860 1
29840 88417 2
20200 24021 1
97747 84064 1
68501 11238 2
13122 81954 1
95104 4813 1
45353 71807 2
97909 76405 2
4824 78325 2
21256 60719 1
46019 14276 1
85455 22604 1
514 13555 2
9699 84324 1
69297 31305 1
76388 26257 1
82001 55924 1
45682 72820 2
14309 8422 1
90932 10128 2
7990 22194 1
27221 72970 1
72368 64628 2
5794 943 1
99267 1030 1
18157 14734 1
61058 10764 1
76653 20634 2
97351 81865 1
23260 60553 1
44685 78599 2
14615 22103 1
27317 90324 2
73250 88452 2
87842 31199 1
40002 34898 1
37917 92031 1
74592 66024 2
30609 50700 1
4813 83345 2
55920 26916 1
87096 20414 2
33644 84488 2
59450 31712 2
63967 31740 1
5611 33711 1
88676 71594 1
50601 96486 2
19643 76800 2
67000 70724 2
24617 54925 2
61021 80108 1
469 61352 2
53506 26566 1
14829 85097 1
1206 40252 2
51295 88142 1
4842 12318 1
71840 62968 1
20020 49214 2
83272 16171 1
76784 16245 1
61556 94097 2
32890 19132 1
63299 97752 2
19221 49620 2
17242 25295 2
96743 2047 1
44352 34061 2
82746 91812 1
88962 37611 2
80221 39502 1
70032 47812 2
99073 24590 1
70622 6812 1
64189 7349 1
43524 24694 2
23083 73371 1
98271 86333 1
99592 92443 1
72302 58428 2
96472 93076 2
23765 71622 1
36991 67657 2
42141 62927 1
55849 60738 1
97490 91216 2
91555 8265 1
11140 35175 1
81023 24782 2
65255 32309 2
72149 66372 2
41043 81886 1
46620 23585 2
67492 54476 2
13269 61634 1
53882 66125 1
30593 9732 1
62779 51696 2
11653 21196 2
53645 93740 1
31181 43809 1
78524 64026 1
91911 19244 2
3226 18326 1
25412 97951 2
80729 77761 1
97786 42635 1
28947 90146 1
34148 57928 2
60483 91392 1
46720 37937 2
67881 56842 1
17264 96485 1
21770 60399 1
6586 72392 2
4782 94982 1
57640 22463 2
57281 15400 2
32809 40504 1
64722 39089 2
76142 62432 1
22102 12226 1
8910 26026 1
96166 67042 2
88706 44911 2
39293 30136 1
78473 79913 2
36027 14835 2
56422 84822 2
48517 70467 2
48957 15355 2
83170 28381 1
29657 75519 1
47743 22970 1
67529 33099 1
61900 75256 2
78879 66161 2
69405 82456 1
99728 86466 2
7179 75326 1
19190 76726 2
12848 49077 2
10801 54152 2
25998 40392 1
2913 59544 2
26249 93578 1
85806 39911 1
39624 79599 2
289 48350 2
22808 78672 2
83048 78119 2
26313 49291 1
91382 5362 1
51983 40065 1
69536 78418 2
55970 21431 1
61665 59518 2
80350 60085 1
28247 33136 2
64804 77994 2
68451 3657 1
23927 82278 2
12013 62315 2
5728 9406 1
69630 2302 1
68747 13131 1
2725 5067 2
89640 74571 1
49267 97700 1
68459 32223 1
99582 29338 2
11371 65548 1
95490 48165 2
25959 31546 1
16123 71553 1
12124 21432 2
54380 66763 2
77392 24790 2
8123 10983 1
77291 55369 2
19346 98685 1
7833 68682 1
65600 75864 1
62825 55511 2
42774 82918 1
77072 77521 1
78155 3611 2
5127 81277 2
19961 23789 1
78185 57155 2
34237 55833 2
51862 8946 1
64506 37053 1
43891 42522 2
26071 85820 2
8584 9584 2
53724 87037 2
51776 15949 2
14425 38284 1
71244 97392 1
40832 84568 1
1153 90775 1
43494 90355 2
90165 49546 2
27398 3478 1
72902 55761 2
71805 30682 2
59187 97464 1
55759 23007 1
64001 87410 1
12353 51817 1
17239 37459 2
93853 51614 2
84322 58709 1
17 55049 1
43378 30996 1
21264 20186 1
65307 59922 2
69871 57444 1
63573 17396 2
56073 32286 2
46301 97922 2
67196 18819 2
34866 79403 1
26506 22482 1
35928 40287 2
46393 2638 1
42872 23219 2
36723 35806 1
9726 68513 2
90727 60014 1
24698 16837 2
11942 88077 1
22176 84929 2
89223 25197 1
58600 54393 2
72835 20231 1
53934 86776 2
41561 53652 1
40083 25386 1
71467 3380 1
93050 90720 1
88768 58635 2
1772 75375 2
36096 71391 2
277 92305 2
39675 5852 1
11812 74050 2
99330 66224 1
41423 36804 1
29868 14095 2
82829 85403 1
2707 67312 2
54138 19250 2
58772 82318 1
66230 51637 2
18739 13639 2
43142 59509 2
78836 94817 1
64914 52839 1
33699 95456 2
58245 8485 2
67821 99761 1
5201 79819 1
21573 20739 2
18280 56155 2
35232 98153 1
46595 18010 1
81177 28953 1
33215 52272 2
9806 25071 2
34268 56556 2
94785 96971 1
988 33054 2
4792 39726 2
25578 76540 1
20157 69314 1
30480 35389 2
62878 64463 1
58015 30657 1
21710 58918 2
13291 49159 1
32898 30394 1
57581 15636 1
7670 80418 1
32991 77555 2
35718 24185 2
98083 85744 1
11669 81406 1
41341 66460 1
3657 65109 1
9428 64524 2
66668 32643 2
6517 57018 2
97453 42229 2
43632 82402 2
86781 88826 1
20665 79974 1
45843 30757 1
65384 11243 2
60168 79340 2
53626 33018 1
35740 33676 2
95149 67552 2
73167 94178 1
22376 80398 1
56392 9459 2
94769 70681 2
28562 22629 1
54453 3611 1
67354 95524 1
63555 49968 2
14611 15934 1
39697 62458 1
34386 5959 1
53750 47678 1
20401 1302 2
29614 46693 2
83568 30854 2
96698 51708 1
62640 30326 1
88061 67124 2
88918 88969 1
23264 25826 2
95022 61671 2
93838 60288 2
58437 79898 2
85177 99979 1
9486 46834 2
71571 84803 1
46271 12194 1
59926 68206 2
39601 72416 1
43485 30100 2
71075 34345 1
68296 91684 2
78934 75610 1
79804 46446 2
36882 53304 2
31297 87464 2
10689 57929 2
15714 81738 2
20143 47385 2
19344 42865 2
29392 47415 1
62336 61855 2
51130 23861 1
7240 9881 2
102 59979 2
64294 83848 1
15059 25716 1
67161 55417 2
24163 3183 2
85222 34941 1
94045 49183 2
15380 11210 2
86377 39212 2
12560 5111 2
59671 86784 1
62378 24644 1
71768 24363 1
74646 43760 1
96163 4832 2
22637 22145 2
87954 35797 2
17737 35936 2
41698 19591 1
98700 55034 1
12279 44244 2
77689 16576 1
91701 52831 1
76282 1415 1
2792 23023 1
96505 46281 2
52093 64400 1
69382 64867 1
94343 8944 2
52407 27925 2
4187 79011 1
24579 79973 1
8340 68256 2
17159 19452 1
71632 70466 1
62689 58055 1
57712 49257 2
52344 31703 2
25788 18518 2
90577 22946 1
58749 3090 1
93435 33056 1
36898 34535 1
59301 9166 2
11995 13285 2
88418 95566 2
60449 75039 2
1740 38085 2
10828 38284 2
88990 23644 2
8507 39270 2
46937 40832 2
93872 22990 1
9760 24131 1
43953 83110 1
22556 35640 2
33449 68821 1
60024 26 2
55588 89223 2
68293 40646 2
83638 76811 1
3128 50780 1
98069 99763 1
29895 88226 1
28123 92567 2
60176 86433 2
92389 33202 1
7411 5350 2
34838 33635 2
59730 41922 1
80149 41390 1
55416 13739 1
58570 37145 1
36687 69689 2
33029 36879 1
14056 18153 1
81176 80832 1
54904 95934 2
65304 99103 2
71893 37883 1
21087 48099 1
51933 77002 2
97837 3974 2
8879 11544 1
96226 79689 1
31887 69270 2
90950 97198 1
17990 98234 1
95202 29885 1
85121 3164 1
33092 74016 1
74797 12345 1
80479 582 2
54017 99188 1
35656 92516 2
53813 34000 2
75418 67215 2
21155 18807 2
37907 35715 2
24973 18998 2
8021 37215 2
34006 62910 2
87942 66247 2
80327 48677 1
21936 15137 1
52908 78563 1
82626 66104 1
71061 35926 2
49901 72444 2
37686 83998 2
3591 45280 2
93767 11905 2
92140 99099 2
8708 11016 2
28664 28392 1
36589 92320 2
46318 80070 2
63112 36475 2
79636 53816 2
36826 11532 2
37556 6309 1
20594 28782 1
60285 2745 2
13023 22334 2
51169 16195 2
93588 41309 2
2676 43861 2
2731 97039 1
11219 72871 2
21023 95102 1
94586 94709 1
93648 66167 2
66637 15740 1
14531 44427 1
90928 23841 2
23104 24624 1
71375 31562 2
51250 33182 2
33815 2242 1
71274 34707 1
81883 62841 1
28221 21423 2
91376 61346 2
95457 77753 1
73233 47124 2
95092 84312 1
97083 29418 1
72213 25786 2
82482 26691 2
32233 37968 2
6203 63842 1
63671 29616 1
72032 57903 1
21773 74930 2
90959 82932 1
65977 5172 2
1627 38400 2
71568 29494 1
13818 18696 1
78378 57247 2
33989 98209 1
79044 93302 2
21851 1799 1
73597 90249 2
6302 54266 1
30809 99561 2
96276 92476 2
89665 72044 1
28871 26100 2
81441 28266 1
46566 70509 1
90665 82657 2
97634 54935 2
21741 92882 1
38226 92421 2
11269 91137 1
82063 21070 2
75853 49176 1
1624 85741 2
42790 41700 1
79727 80385 1
73715 5143 1
64251 48013 2
44829 30117 2
87300 95129 1
73840 11591 1
44890 78351 1
22684 75099 2
44463 51551 1
98356 64129 1
86808 93723 1
18322 44351 1
7407 49212 1
32913 39551 2
78644 2011 2
18706 45932 2
83656 32569 1
1784 92217 2
50800 51927 2
64012 86137 1
26424 97407 2
1561 13736 2
61101 47225 1
21937 37984 1
65570 31447 2
61158 30565 1
71020 66794 1
99218 71738 2
40870 28969 1
61072 1770 1
29614 66225 1
90912 56736 2
13958 78944 2
19271 98894 1
65204 25818 2
46764 18890 1
67874 88036 2
24797 18445 2
9342 14572 2
40840 40690 2
43579 62174 2
69154 88829 2
26511 36112 2
6467 40273 2
39187 59031 1
90632 71993 2
94438 91888 1
50352 76672 2
46634 46200 1
52000 63673 1
68006 2356 1
18879 97848 2
53506 74443 1
25178 38294 1
98062 26726 1
83681 29009 1
63803 55319 1
41320 3721 1
2912 22799 2
28039 86117 1
78102 47046 2
61787 4748 2
16541 25975 1
46691 66060 2
29685 48161 2
67683 58327 1
45094 72007 1
45796 91553 2
36984 50961 2
81202 42083 2
46811 14889 2
99069 19931 2
1505 88031 1
16761 98890 1
19263 51174 1
25854 27284 2
42704 90836 2
83144 87748 2
9906 838 2
19511 59781 2
83174 59609 2
67249 97770 1
38260 5938 2
80828 6503 2
43589 76215 1
15364 61653 2
79879 1204 1
36539 78290 2
98829 79960 2
95475 91007 1
53740 75029 1
69158 71840 2
77760 8611 1
66287 54495 2
79461 67421 2
75983 61066 2
37118 26978 1
21544 7857 2
10289 53333 2
26853 94505 2
42408 75646 1
34513 84203 1
80049 63304 1
96219 21621 1
2816 71201 2
63448 74312 1
17512 76156 2
72545 14024 2
45830 90226 1
45681 37408 2
83862 46140 2
14568 75387 1
65275 44923 2
55339 76940 2
59771 57777 2
7489 9607 2
37281 38661 1
14103 42565 2
77978 5315 1
56029 85380 2
46744 36026 1
68487 14053 2
6162 96764 2
23022 93196 2
99970 20705 1
53196 38340 2
36485 10852 1
52899 82424 2
52831 93028 2
98135 30907 1
55060 97189 2
22479 43361 1
75152 41101 2
56440 70564 1
3584 14375 1
78882 40576 1
56311 65251 2
78881 4471 2
23754 40372 1
15437 82317 1
54068 84688 2
75522 11885 2
35987 73460 1
20193 96514 2
10793 5438 1
86605 59135 1
31036 85937 1
32015 16408 2
75318 41524 1
67283 7942 1
27525 78995 1
76681 37704 1
9532 84221 2
3525 71612 1
31889 26052 2
94046 34122 1
53181 70016 2
15763 8953 1
97087 70636 1
78977 79352 2
13337 23560 1
14542 81335 1
92177 2965 1
23330 10443 2
88530 64668 1
85801 49581 1
65769 98760 2
99474 43772 2
52072 75911 1
87379 27222 2
90310 2092 2
3138 70083 1
60572 7248 1
51325 19883 2
74025 71597 2
45955 66714 1
11184 35362 1
56569 42371 2
42101 32754 1
45991 50266 2
49956 52420 2
15160 56569 1
87338 27204 2
9149 60220 1
78969 28705 2
89355 62021 2
30632 82189 1
54776 55416 2
76753 13984 1
50594 89408 2
10898 30870 1
84744 75177 2
61453 65580 1
26127 84707 1
61031 61767 1
56670 37158 1
45772 2989 1
34434 56168 1
55306 6185 1
67947 63656 2
12849 79435 2
30573 81543 1
58650 72038 2
54592 99082 2
30781 657 1
39265 38105 1
569 61383 1
61007 84707 1
68944 68998 1
55214 4376 1
264 97972 1
58855 43309 2
63371 45205 2
4518 45244 1
34759 74230 2
86555 66017 2
72495 93542 1
79738 30718 1
76761 49495 1
32731 68984 2
93695 24546 1
23706 76887 2
51006 82432 2
46456 46634 2
57273 2609 2
18648 85121 2
74294 18041 2
9155 20529 2
81664 80606 2
51205 56660 2
68164 96108 2
89453 37798 1
83284 35857 2
61041 33001 1
47431 30017 1
45928 35138 2
17174 65074 2
32622 20249 2
47265 67713 1
50275 87293 2
79816 18028 1
4268 95902 1
45363 9654 1
60721 97041 2
96075 18343 1
60221 75472 2
8542 78825 2
95234 80439 2
98239 37996 2
64754 57192 1
47843 76770 1
40519 84808 1
42181 42756 2
73051 80992 2
44227 17003 1
30769 15517 2
25374 39800 2
25930 90128 1
32670 4972 1
94769 2734 1
97580 23792 1
2384 25105 1
1527 97327 2
44984 52469 1
592 91127 1
62237 8668 2
22093 60316 1
15832 83723 2
16329 26325 1
21987 39882 1
81218 28861 1
19680 32264 2
55258 80979 2
79443 11189 1
50903 86778 1
79203 32391 1
57348 64506 1
53309 50133 1
6573 86781 1
32817 72223 2
15303 25971 2
79955 85316 1
24805 5678 1
26043 50057 1
91652 26471 1
48486 21785 1
41568 83575 2
29042 4160 1
10781 8671 1
39014 14319 2
21823 28257 1
12360 62907 1
42194 54564 2
33765 56830 2
28419 26196 1
35660 87573 1
37060 23615 2
41587 93824 2
92332 70073 2
59569 53413 2
99349 95481 2
49026 94316 2
25949 66618 1
28135 83044 2
75557 8475 2
53379 78429 1
21 90143 2
1567 58989 2
90934 30702 1
38918 36139 2
41046 12658 2
42922 38295 2
62856 43035 2
64285 19888 1
94945 53020 2
51001 3612 2
34620 21835 2
17529 47684 1
52823 78693 2
39453 86997 2
77236 75079 1
43274 92896 1
25241 46646 1
63304 73978 1
66096 54200 2
20226 32829 2
9224 9881 1
59177 88997 2
77746 24103 2
93682 82004 1
84708 19542 1
96915 78511 1
22042 2910 2
48330 42751 1
77648 23576 1
74390 91601 2
89609 84740 2
53980 4310 2
64299 78885 2
12643 54532 1
11841 84483 2
24760 50419 2
11992 26152 2
33355 48704 1
83554 86820 1
8176 5773 1
67222 66698 2
10432 20447 1
87629 73136 2
71285 93631 1
62983 15251 1
63857 6554 1
67108 15824 2
15288 76865 1
29676 84652 1
16049 8266 1
78312 65006 1
3657 98893 1
75622 10399 1
13679 56807 2
24984 40081 2
93753 90618 1
26165 43861 2
93054 59243 1
42103 62595 2
19131 9603 2
7228 67318 2
71598 31471 2
28326 35949 1
57086 22560 1
155 9772 2
43856 22156 2
43397 44217 2
3923 60395 2
88530 50463 1
91894 94778 1
32597 80270 2
42668 73212 2
28771 7993 1
36591 48052 1
82904 85782 1
59674 52652 1
49808 81538 1
39630 26897 1
63566 47579 1
87374 15956 1
98680 14820 1
91235 40650 2
8632 54756 2
74680 60653 2
23741 31655 2
25982 83386 2
63960 50779 2
20618 1137 1
15296 64245 2
4370 49400 1
92654 2954 1
66612 73080 2
69953 24470 1
89168 51358 1
81948 15512 1
81288 85532 1
72643 79380 2
43047 77925 2
87938 82320 2
73079 27028 2
37414 6743 1
18121 64070 2
23457 39737 1
71026 72347 2
70762 30217 2
89192 41497 1
57179 96286 1
45033 42537 1
81 92850 1
43700 49240 1
70896 36198 1
54861 19063 1
68989 65852 1
3390 95932 1
91554 88988 1
80465 65151 2
53645 76175 1
43543 65822 1
15824 9575 2
97028 21049 1
76547 70421 1
42448 8278 2
73502 45330 1
3095 80094 2
48704 80151 2
43386 9502 1
75627 38116 2
54524 35048 2
17252 39069 2
98758 42799 2
16184 11880 2
70948 35950 2
35090 77616 1
92870 36354 1
53574 84837 2
70560 71819 1
8266 86138 2
6314 80239 2
89687 64710 2
18432 25624 1
87628 21219 2
96418 71057 1
19787 56850 2
25110 7852 2
55419 61237 1
91041 20799 1
93476 51412 2
99122 7234 2
37590 72153 1
47000 72978 2
90594 19252 2
42086 73394 1
67423 9143 1
92278 82245 2
64935 8186 1
65699 14581 2
55095 85400 1
73485 13871 1
93778 62961 1
48761 26533 2
74111 26759 2
75471 27274 1
77255 12193 1
21658 42938 1
60696 66218 2
94379 4911 2
2628 91026 2
21399 77453 1
55042 62572 2
42324 98071 2
96652 30863 1
74784 51447 1
62368 19606 2
22330 84122 2
1152 13344 2
40839 25586 2
31569 87504 1
72750 86034 1
17599 98765 1
26717 37205 1
85752 20579 1
78786 984 2
70125 65665 2
2546 92348 1
22292 18234 2
92101 71813 1
90472 41156 1
96024 74589 1
87879 53403 1
40778 63473 2
26995 50655 2
22399 5299 1
13842 92849 2
7616 71191 2
3567 22938 2
13465 40598 2
33110 90533 2
59226 92141 1
54459 16480 1
18871 55583 2
77460 37535 1
90024 25999 2
77402 3353 2
91977 43815 1
5101 97961 2
91227 97141 2
31693 89742 1
9153 73544 1
62689 14475 1
81412 10647 2
45300 99048 1
38032 60602 1
24883 46479 1
29429 16655 2
31536 46512 1
22630 69654 2
11746 77661 2
23485 87126 2
46883 57199 2
8245 75990 1
20817 24191 2
35919 40004 1
93709 68749 2
30766 66994 1
52319 13885 2
51291 24596 1
39920 70677 1
21313 5731 1
82350 257 1
33074 96221 2
13867 68847 1
91168 80674 1
32799 659 1
85317 30713 2
62914 4996 1
2748 81289 1
46579 45533 1
84997 15808 1
56915 75357 1
8389 69744 2
54634 35944 1
60547 34765 1
58049 38147 2
16525 71376 1
29447 34299 2
369 64055 1
97101 63615 1
29156 26978 2
87753 36034 2
42782 15032 2
30839 12602 2
43100 58080 2
14195 70884 1
97117 51048 2
4672 86461 1
63238 85122 1
4324 60234 1
1118 74306 1
15690 90993 1
92178 45601 1
29182 91006 2
98354 15389 2
46485 52543 2
41746 94583 2
82498 85192 2
14218 26643 2
69890 26320 1
86647 90875 1
20241 74770 2
36632 59229 1
19923 20558 1
41329 64392 1
59692 58181 2
46987 45107 1
33800 95104 1
51730 50327 2
41492 44937 2
44310 46448 2
65218 44688 2
7819 50975 1
15594 34631 2
3113 61323 1
35299 54663 1
75308 18107 1
32014 98985 1
31029 33629 1
59340 73582 2
64295 42563 2
77667 13528 2
86571 57473 2
52957 5262 2
62732 6928 2
28936 36860 2
63548 18798 1
59095 2800 2
59821 80796 1
10847 34367 2
26041 13886 1
16603 39614 2
21915 77439 1
62377 65385 1
1556 64170 1
95787 88383 2
1639 88754 1
1351 16963 1
63388 11947 2
32967 16829 1
82465 28558 2
24474 95191 1
55460 51769 2
28561 57921 1
98714 17261 2
43203 33902 1
45564 20654 1
25481 88597 2
48645 16327 1
65794 9360 1
30581 25379 1
9553 46432 2
36049 62485 2
69946 50983 2
95680 6513 2
26952 48876 2
68655 63921 1
36138 24027 2
69902 53617 2
35730 89858 2
28177 4242 2
71637 78550 1
71217 42587 1
27789 40140 1
33000 73747 2
97562 70816 2
96088 85385 2
47516 1841 2
45189 29388 2
71227 69859 2
78614 80372 2
90880 59323 1
82328 86839 2
78009 26951 1
35579 18356 2
12601 80628 1
86419 99404 2
10261 81558 2
83032 98371 1
89704 55491 2
71462 676 2
23952 78776 1
29502 62426 1
31726 75827 2
4131 67288 1
7498 87415 2
25182 59986 2
48109 69355 1
507 65090 1
58182 56763 1
21930 24548 1
72038 1238 2
83935 94042 1
78723 70638 1
7857 38408 2
21977 46939 2
48095 82169 1
97604 34328 2
39302 89880 2
2567 17284 2
42316 39832 1
97320 91907 1
32953 16717 2
59697 84699 2
28985 84081 1
22513 21239 2
16763 66240 2
12281 48423 1
11189 55068 1
23360 69470 1
52253 4617 1
82656 32307 2
77457 89522 2
79638 69217 1
62704 67970 1
2277 65574 2
77279 45996 1
3956 66184 2
3686 64420 1
8715 75531 1
83184 90084 1
6170 60764 2
39278 33480 2
26515 80682 2
31477 19794 2
93899 71335 2
48091 87719 1
66653 24587 1
68414 90127 1
91174 94129 2
10557 76697 2
91402 18585 2
81693 63925 2
35278 63172 1
16069 33624 1
86300 2395 1
87778 49531 2
10562 55113 1
33316 87069 1
82163 69820 2
48639 88508 2
35620 75144 2
7659 82784 1
68272 40804 1
62789 66865 1
77685 1802 2
34220 21403 1
38613 55323 1
61060 6193 2
63638 63385 1
54486 25704 1
39426 71052 1
89230 41495 1
53864 29918 1
860 45373 2
23513 17055 2
35540 53531 2
49356 95489 2
33806 25238 2
79770 97788 2
70726 3287 2
22210 73228 1
70941 16714 2
46150 19982 2
35030 52610 2
37197 22663 2
67482 16851 2
97695 40509 2
37909 3671 2
52748 69211 1
59670 7946 1
51333 65554 2
65779 71310 1
29825 61714 2
8227 45384 1
77594 2773 1
18882 88897 2
10030 83125 1
13104 73381 1
42398 4337 2
42034 60167 2
46194 25676 1
97552 1212 2
31186 83310 1
66517 12091 1
25006 26145 2
64019 74404 1
8952 69333 1
15612 64918 2
19333 74524 1
75434 50038 2
20464 21902 1
28407 9391 1
48183 74311 1
92838 91757 1
24028 79172 2
28248 897 1
21925 66442 2
3448 45216 2
20668 52031 1
54160 73124 1
17295 8975 1
66577 39753 1
92209 13832 2
29775 28529 2
66040 8222 2
23011 93441 2
40285 88456 2
6183 10402 2
20607 41345 1
93661 91680 1
54176 52968 1
15273 80398 2
30662 39328 1
98546 47809 1
6075 50449 2
95781 72849 1
22414 52933 1
77458 75771 1
40336 76620 2
89293 57665 2
7992 80632 2
83630 11688 2
83935 47266 1
43282 80089 1
65413 37283 1
85143 14528 2
57226 34204 2
71044 71440 1
36854 60718 1
41087 2270 2
9361 97123 1
6037 17762 2
50635 79107 2
93621 58553 2
23542 12512 2
33173 18757 1
56071 60139 1
40524 33835 1
54392 13532 1
95318 7540 1
29161 62926 2
51636 14252 2
32187 97536 2
5961 29191 2
91059 99413 2
79870 38007 1
80445 43125 2
10558 92343 1
10567 33290 1
47291 11043 2
64769 96772 2
95079 66077 1
90788 96213 2
68188 38154 1
92712 56630 1
5045 58963 1
64076 54016 1
31346 82053 1
83889 87796 1
97784 60817 2
83615 33748 2
54575 6092 1
77600 6087 1
71650 24816 2
1216 69913 2
34882 59034 2
89779 72728 2
58052 55818 1
91631 13688 2
62526 24390 2
17325 61296 1
20046 43031 1
32908 35195 2
46739 9674 2
2799 13816 1
4466 62000 1
24922 1547 2
2226 76926 2
99128 15578 1
87040 65998 1
37528 68528 1
49420 88348 1
85867 78429 2
50442 13771 1
94632 16723 2
12435 61822 2
51113 52171 1
22177 48222 1
74475 33599 2
47062 44250 2
850 87341 1
89910 42563 2
29602 41082 2
51592 43820 1
30023 52748 1
80121 59472 1
31022 43503 2
18456 92811 1
96618 38770 1
12603 32320 1
69072 44231 2
28537 16754 2
65339 83046 2
24239 37163 2
14665 19882 1
34491 17496 1
79995 25842 2
16868 93162 1
14137 62306 2
23664 59510 2
13452 75776 2
17131 66294 2
14307 67991 1
20327 3527 1
77166 49527 2
84630 70889 1
32806 95123 2
72530 93730 1
579 97 1
90422 46459 1
65156 30174 1
81059 66977 2
80811 3400 2
37244 31013 1
89214 90722 2
42602 83869 1
92360 38227 1
23960 8065 1
26133 49895 1
77943 6350 2
50649 75628 2
97724 36230 1
24714 19351 1
28542 15662 2
45730 29309 1
10360 975 1
71934 60922 2
90253 25335 2
77985 33581 1
36126 15285 2
49714 87322 2
14390 44927 2
17753 32550 2
54079 60111 2
4070 127 1
266 14914 2
31627 63634 2
27404 4312 2
90237 6195 2
70939 33911 1
98326 96696 2
98549 71432 2
95798 3614 1
32537 62616 1
8606 25923 2
2155 95577 1
95507 81738 1
83253 72478 2
71873 23098 2
83905 57442 1
60021 64287 2
80352 87618 1
79778 99272 2
43590 92958 1
60925 15495 2
7243 65084 1
14561 39284 1
45771 74021 2
34092 59723 1
26343 54055 1
44864 18217 2
87714 80113 2
35715 20466 1
16997 58234 1
60479 88590 1
9340 98810 1
35555 16136 2
59991 91118 1
92992 83342 1
71850 98393 1
10028 85876 1
19373 47678 2
94819 47153 1
50748 4839 1
19105 31679 1
74456 37057 1
23369 54655 1
3012 89821 1
22657 91987 1
60680 60273 1
84564 69955 2
77938 69365 1
6798 31513 1
4593 35367 2
84612 58532 2
73816 80807 1
24553 34297 2
88513 70843 2
71034 62605 2
64871 62668 2
63508 89916 2
56586 12712 1
68056 94566 1
95663 62526 1
97005 10604 2
68606 70053 1
68958 52983 1
70786 55989 2
35928 49426 2
1389 11883 2
82446 62539 1
48785 10282 2
97813 9750 2
17927 79733 1
99336 32138 2
83500 39286 2
74917 13249 1
86879 25946 2
67245 41692 2
9701 38323 2
23560 18238 2
23621 57045 2
75583 71244 1
59885 60025 2
68960 90643 2
31563 97276 2
27678 44962 2
28788 17281 1
76271 10699 2
45056 35147 1
88300 34055 2
45388 26244 1
53812 80975 2
16023 23066 1
44073 79331 1
83205 43836 2
1713 83079 1
90399 46625 2
69014 2849 2
23601 17409 1
33255 64253 2
11083 66138 1
83253 14665 1
81057 87436 2
23799 88729 1
50059 33149 2
73926 13892 1
38085 52535 1
28193 74405 1
40048 7077 2
99979 92283 2
4399 18873 2
48360 27785 2
38443 68169 1
62115 63447 2
73712 34573 1
33899 21327 1
23982 62883 1
19794 98912 2
64408 69804 1
86413 84831 2
66504 84492 1
85815 80193 2
17689 79405 2
86413 62819 2
56268 12893 2
40851 47298 2
97060 99275 2
62733 51459 1
76522 15694 2
88935 86028 1
99305 71070 1
70990 12617 2
91091 2041 2
83477 15400 2
25402 64160 1
28625 27293 1
13080 35255 1
76669 14879 1
33800 67560 2
61623 81673 1
9194 34752 2
69921 59162 2
58019 58225 1
84097 90069 1
39514 29679 2
39617 62082 1
50237 85555 2
44207 25675 2
61626 5659 2
89982 29408 1
31942 36744 2
22852 64436 2
16249 66206 1
12730 77053 1
82832 31239 2
21599 24855 1
92490 15921 1
59381 34178 2
39820 62539 2
25059 87136 2
75645 7500 2
63249 68920 2
62602 39692 1
72463 29782 1
81059 27465 1
53294 57128 1
74812 13700 1
10277 72674 1
2573 86337 2
4557 22363 2
52915 88171 1
47814 46062 1
17901 42157 2
78896 36730 2
32735 40538 2
49043 84643 1
91474 73446 1
61719 46830 1
70482 34602 1
59468 1641 1
79791 89412 2
90756 39521 2
80381 42452 2
26420 83657 2
5204 43649 2
45367 1210 2
72944 92914 1
22507 22605 1
68114 82550 2
42001 85795 1
83837 1372 2
74609 70398 1
17306 10811 1
23604 76613 2
23924 24300 1
71848 35236 1
73245 44523 1
70464 8521 2
79751 20601 2
29778 82952 1
61964 73213 2
85943 73688 2
6727 85950 1
68366 59156 1
13049 23723 1
38873 94556 1
83973 98643 2
13278 5905 1
18227 51853 1
13223 70044 1
79409 47890 1
37347 7879 1
83725 48510 2
25315 94626 2
84668 71954 2
93661 8576 1
16087 41141 1
1421 94647 1
26713 82734 1
25263 94180 2
84386 52364 2
39302 62661 2
52951 2366 1
84184 91773 1
62655 45115 2
96880 1395 2
48967 81852 1
34747 66739 1
55711 85821 2
6539 74667 1
52411 32800 2
92599 64495 1
99636 5801 2
73689 19639 2
17668 49507 1
11214 7548 1
4781 70041 1
4826 73598 2
40787 45886 1
20610 25920 1
28733 10150 1
34447 28234 2
79928 93514 1
44722 39015 1
42100 2792 2
22970 61189 2
13637 39905 2
22783 48951 2
84995 19706 1
2299 86518 2
82474 59163 1
47820 17980 2
4635 61075 1
54900 99719 2
98778 98865 2
73369 7836 1
3213 74509 2
78885 10178 2
62179 37469 2
23206 10435 1
8235 64832 1
22863 64238 1
37497 87639 2
89334 40056 1
52132 6886 2
98292 50934 1
82923 88 2
43208 68676 2
98507 23353 2
71924 79841 1
95402 49817 2
2526 64561 2
11024 55567 1
27633 32058 2
47337 39380 2
85818 34951 2
5220 70340 1
89195 2824 1
94007 1473 1
63707 86608 2
49080 19152 2
55715 37046 1
4773 60633 2
34018 12148 1
37501 14923 1
69243 22283 1
51781 14006 2
48562 54461 2
51109 15023 2
72339 35442 2
89160 96655 1
18187 93300 1
40383 39572 2
11948 53938 2
89215 70431 2
18318 46337 2
82910 309 2
22664 87670 1
89402 58270 2
23675 22413 1
79698 85833 1
81512 6598 2
49547 8486 2
25652 30178 1
79180 61034 1
98155 83082 2
38466 73135 2
25467 3177 1
15517 10513 2
22260 60301 2
99281 34706 2
93487 26506 1
63670 95446 1
82340 47382 1
11241 64264 2
79442 80526 1
25673 47892 1
9915 36016 1
26490 36843 2
29637 42879 2
95109 15650 2
20698 98883 1
14038 5906 1
96488 25702 2
6333 69978 1
89923 9175 1
13134 78457 1
19294 28715 1
65409 21300 1
40246 78391 1
22738 58998 2
84967 60535 1
12802 53323 1
26804 52331 1
31412 97252 1
62595 63508 2
44657 25782 2
16479 4444 2
79877 72090 1
47669 15787 2
74143 70767 1
21911 25458 2
58901 30996 1
412 28900 1
84382 1166 1
68126 7064 1
5238 65224 1
22522 1545 2
4765 81774 1
18548 42486 2
91320 36081 2
61840 37794 1
81807 79078 1
39130 46261 2
59309 16551 1
1439 86521 2
42948 69456 1
64146 59869 2
73286 12771 2
20072 16918 2
82189 90725 2
85180 26809 1
5907 74782 2
30348 29283 1
57403 61053 1
39417 56209 1
79430 44530 2
15755 33896 2
39615 58098 1
31403 43150 1
58640 4247 2
200 89871 2
86058 79965 1
95763 34841 1
46433 1478 1
89282 19200 1
15758 19095 1
80560 48699 2
54891 82489 2
25243 89317 2
30042 63129 1
2757 14973 2
50303 17832 2
93813 27910 2
42337 5275 1
86707 64584 2
12557 12652 1
16591 35053 2
84595 45079 1
63098 87076 2
58919 31646 2
36139 97986 2
44641 8934 1
33435 62108 2
97982 54936 2
60233 76655 1
79260 70881 2
79928 14968 1
84514 90898 2
82348 83196 2
80534 45952 2
11057 54401 2
48517 1989 1
35604 45907 2
58782 43037 2
22823 3904 1
4951 77674 2
70241 57020 1
58631 90513 2
89628 77854 2
40874 29307 2
67638 67553 1
37185 7669 1
21424 12900 2
60751 7440 1
3698 19723 1
55037 93153 1
47109 84635 2
78166 76354 2
7095 23554 2
25420 57647 2
31803 73101 1
79153 79979 1
86118 87215 2
55103 92984 2
66867 6881 2
18801 29698 1
2080 77948 2
52455 34581 2
93583 99009 1
53670 49314 2
11078 23346 1
78454 44063 1
60623 27926 1
29506 5668 1
14585 96121 1
79387 89678 2
3541 84553 1
21046 39071 2
19609 90234 1
44969 24188 1
58529 10883 2
87602 15022 2
64969 40895 1
6992 80322 1
24340 81453 1
95912 78313 2
44840 88593 2
49473 42552 2
4048 61136 2
4584 90089 1
69049 66040 1
83885 34457 2
44853 41238 1
88516 35944 1
63259 51805 1
32230 60092 1
70564 87142 2
17069 28670 2
41904 45066 1
27163 34203 1
17887 96842 1
23476 43268 1
17817 47720 2
43647 52494 2
93447 18795 1
79977 41235 2
50231 26911 1
76609 74832 1
24283 18258 1
69117 51205 2
56267 77529 2
24724 64952 1
34782 82345 2
66019 95666 1
13845 92638 2
36008 20704 1
14385 28183 2
40490 84179 2
5144 40215 2
12207 31713 1
39700 36102 1
68739 43681 1
88051 23407 1
43288 27475 2
2632 9280 1
64577 16758 2
77512 86124 1
59317 93360 2
303 41644 1
46642 66570 2
9721 7066 2
27064 40625 2
63465 88468 2
20458 96854 2
77669 32319 1
23441 9007 1
97143 27426 2
25144 97876 2
87374 32519 1
85553 96994 2
41019 34973 1
13358 88124 1
69781 77464 2
82153 76997 2
55669 34063 1
46940 72007 2
45498 78750 2
69066 2223 1
60391 65570 2
1525 83438 2
96832 54687 2
80261 730 2
97681 12221 2
81959 47915 1
77191 63015 2
86443 98526 1
91764 12619 2
31046 23062 2
71631 28188 2
24974 50230 1
25266 78227 1
46369 83272 1
96730 50826 2
99710 46201 1
4203 70368 2
91433 48346 2
16778 59032 1
24460 76545 2
22433 45369 1
2161 19814 2
34910 92015 2
65353 47462 2
64212 70153 1
25416 38148 1
92216 51705 2
34406 97475 1
23109 30263 2
21567 3661 1
18233 51678 1
62740 9871 1
73270 8590 1
15816 99930 1
78370 94472 2
80292 82148 2
57287 48533 1
58292 78117 2
7091 3296 2
39432 88027 2
41625 6935 2
79060 54918 1
18095 31150 1
26832 19692 2
7022 699 2
40728 62806 2
25621 35643 1
62157 39537 2
17158 46444 1
91474 50671 1
46376 20209 1
55024 71299 1
83139 75730 2
75346 68424 1
3399 25273 2
20618 78907 2
32901 72181 2
66666 34460 2
13268 35963 2
83948 57074 2
69390 77280 1
50891 43620 1
76528 97088 2
16007 93504 1
41565 42810 1
24869 59191 2
37052 34514 2
92045 41311 2
59190 21902 1
38410 53680 2
26873 60890 1
31022 13800 2
42487 43620 2
59467 29319 1
80359 33824 1
25850 22771 2
81955 49508 2
50872 6262 2
7625 48077 2
84036 41531 2
60955 23705 2
43715 54164 2
41215 47051 2
54716 71383 1
88671 9771 2
9949 13500 1
60233 64835 1
17204 54241 1
11632 69123 2
12342 582 1
52617 72701 2
5403 18481 2
94607 27753 2
38368 5868 2
55232 57507 2
89252 84002 1
57310 10216 1
82155 74757 2
40399 29149 2
11710 62347 2
52894 36872 2
6313 43116 2
82839 34581 1
67228 62118 2
42830 84210 2
55339 57817 1
56121 47315 2
5198 67308 2
68210 69999 2
24577 29670 1
96598 36961 2
79685 31605 2
83528 25351 1
39453 54891 2
66350 23239 1
62706 13692 2
22835 41509 1
3440 15201 2
13572 44974 1
91911 86104 1
63443 14673 2
52330 45025 2
45751 38017 1
51315 24546 1
66442 15220 2
89341 36005 2
298 88679 2
65577 72245 2
27928 39319 2
53754 67396 2
72252 80201 2
66201 52040 1
50559 74467 1
17393 29945 1
73103 7985 2
87348 67605 2
55199 31201 2
67476 77661 2
80324 13255 1
66155 13845 2
47737 87514 1
12308 14759 2
34332 6229 2
3503 94305 1
39310 12535 1
18529 21042 2
99863 50755 2
80017 52305 2
6016 65825 2
30765 19670 2
12120 16283 1
13251 74943 2
44912 33953 2
93544 63661 2
78334 36773 1
21588 26180 2
88958 57760 1
58020 27247 2
77292 25771 2
16855 19993 1
40875 99623 1
63986 65044 2
6465 56694 1
30812 6902 2
14329 59327 2
48962 43832 1
49087 24814 2
67444 18454 1
47304 40753 2
28294 58897 2
21543 30684 1
86992 62160 2
83481 48230 2
44047 60506 1
44890 33290 1
866 98653 1
2638 80039 2
28045 39371 2
52089 30816 1
44089 93720 1
1575 47901 1
53874 58557 1
64197 64040 1
97224 18232 1
54150 86481 2
86255 44234 1
56351 47595 1
5727 68503 1
62506 55948 1
8404 56297 2
32807 84721 2
46927 18446 1
48663 85400 1
43891 32598 1
84224 96356 2
52169 80950 2
42156 86204 2
92220 96999 2
32873 94956 2
93950 30663 2
42186 8354 2
13409 30230 2
12420 77810 2
89023 4859 2
12530 92371 1
76435 65885 2
92626 77952 1
97822 98635 1
72646 56120 1
81955 91316 1
80916 43871 1
69674 56751 1
77478 35131 1
39553 10421 1
40203 5783 2
84310 63522 2
87316 12131 2
97150 77784 1
2648 2866 2
58898 55227 1
90512 85306 1
72205 45845 2
40955 57912 2
34543 14420 2
92124 96233 1
82141 47656 1
34615 68434 1
9534 30630 2
59064 27930 2
37215 13479 1
75051 59339 1
25936 74057 2
2309 99092 1
3750 76269 2
6714 54025 2
63319 2967 2
76004 40033 1
67328 80626 2
84227 24023 1
72802 38249 1
71543 73611 1
51137 42543 2
13704 35262 2
52324 78296 2
56351 85337 2
49496 37694 2
69546 66566 1
34285 15933 2
43516 71637 2
91063 70326 1
47882 63449 1
25262 69008 1
27471 55881 1
88270 75442 1
11657 51455 1
96824 32811 2
58970 70524 2
39312 97611 2
55335 60866 1
16797 28391 2
50013 5401 1
61739 77976 2
18407 18699 2
94252 8700 2
65113 19527 2
17555 49044 1
44328 26401 1
26200 28165 2
54352 90097 2
71159 58103 1
43757 29456 2
6992 25913 1
23426 71102 2
31336 17723 2
29877 48895 2
57127 90802 1
58192 19352 1
82169 57143 1
89986 26263 2
94701 22408 2
64284 48105 2
88345 11974 2
25173 68962 2
66035 78774 1
57767 23448 2
64441 34400 1
85519 43048 1
42219 16403 1
9488 71152 1
17323 1727 2
58801 81619 1
7428 46137 2
75994 49209 1
52224 97659 1
77275 32652 2
55281 64417 1
32934 14875 2
58857 27436 1
85680 52634 2
6241 9059 2
94004 40481 2
32950 2702 2
88624 98761 2
647 8697 1
43493 1074 2
50425 27895 2
46907 83424 2
95155 17628 1
29467 41817 2
4802 38466 2
26995 12392 1
95862 68805 2
36598 97534 1
63779 49831 1
9433 58443 2
63521 41709 1
69751 83849 1
84269 34559 1
8878 26258 2
16934 86476 1
33056 53733 2
8848 33924 1
70419 14501 1
84052 11900 2
67729 17465 1
76958 6030 2
95401 37902 1
81566 37334 1
70572 27632 1
27016 30582 1
4145 87285 1
6932 98419 2
20785 99506 2
38686 19477 1
61899 25187 1
61287 46731 2
95106 84200 1
52018 95141 1
92506 40098 1
44520 248 1
16638 4954 2
98485 64734 1
48381 31739 1
1576 79827 1
23848 99891 1
567 53337 1
60246 42774 1
51065 8309 1
84833 15547 2
37514 15343 2
88967 23389 1
90986 51638 2
9929 79707 1
79838 66202 1
74703 96312 2
95694 37744 1
73121 2427 1
76165 94066 2
73680 61648 1
89493 98876 2
79531 77030 2
60624 23632 1
56906 45136 1
67440 58355 2
31559 97092 1
81359 49070 1
64800 10430 2
82192 84045 1
77111 50014 2
95956 36675 2
78162 26950 2
99782 28197 1
9595 13853 2
79600 98282 1
71072 80206 1
64803 27858 1
75860 53450 1
51251 16476 2
2573 81442 2
87609 57293 2
46692 93678 1
47823 7760 1
7704 90056 2
73431 62769 2
459 3505 1
82613 65345 1
97859 47116 1
14768 13077 1
