100 92
7 12 26 31 7 23 52 85 65 45 35 13 76 2 7 70 27 51 66 65 87 65 26 1 71 1 67 16 45 20 55 90 14 34 77 31 50 13 55 68 90 68 20 13 79 71 72 8 54 77 76 40 47 69 35 48 38 32 70 52 32 79 22 81 62 64 25 10 37 35 89 89 17 86 72 58 75 17 86 32 69 5 68 89 65 3 83 29 5 19 45 14 16 84 44 44 49 2 29 59
8 35 23 40 79 71 63 67 41 56 64 26 76 89 27 20 31 59 63 10 10 56 24 72 17 72 61 40 69 67 81 34 55 41 86 61 86 25 7 87 6 81 9 60 18 59 39 44 81 79 34 1 77 11 68 44 84 59 18 15 79 12 53 75 14 49 45 34 3 23 15 8 51 33 47 62 69 4 19 70 36 10 62 51 61 86 74 14 82 61 82 65 42 45 14 35 89 31 4 7
39
7
64
14
43
11
100
93
19
78
25
88
37
61
92
30
67
29
49
83
47
57
59
60
8
46
82
66
56
35
58
41
54
72
36
71
84
74
76
6
48
32
62
90
68
45
97
22
10
81
38
31
77
18
2
3
86
33
63
96
52
20
91
79
27
69
16
55
89
65
4
17
24
12
21
5
87
50
1
98
95
40
34
75
53
44
28
94
73
70
26
42
