468 395
873 662 522 508 336 621 420 390 750 238 575 444 542 390 803 720 425 170 589 71 766 748 671 572 154 44 799 189 9 775 280 701 807 596 631 573 272 570 15 126 497 131 514 484 432 256 634 222 472 502 641 328 691 779 429 256 410 819 268 521 416 420 361 783 471 414 654 417 314 27 652 102 197 532 798 861 209 182 334 189 133 699 107 253 86 194 61 588 532 195 160 158 778 272 353 342 802 97 711 790 770 545 344 626 328 650 297 722 868 749 289 695 477 19 483 138 451 798 352 773 732 138 702 655 318 753 39 280 198 747 654 111 873 343 545 743 194 668 402 699 657 200 203 618 651 616 233 39 659 642 549 290 374 574 562 893 572 438 424 331 317 622 548 605 46 129 705 168 241 586 877 688 548 327 350 709 695 106 570 781 201 838 48 375 751 450 480 226 297 311 106 251 870 598 320 795 841 351 672 293 459 108 631 730 118 666 64 304 525 255 273 438 265 671 549 240 510 695 301 440 399 37 843 846 814 789 750 736 642 650 708 563 151 91 163 516 429 90 80 508 697 229 95 237 779 883 509 130 247 244 480 358 4 851 874 618 580 329 443 35 173 292 627 761 457 850 349 302 227 786 618 228 228 559 758 687 196 336 830 703 590 569 645 625 167 361 80 477 412 421 289 101 335 151 92 899 298 193 309 89 760 186 7 540 129 873 112 301 779 562 115 398 472 410 484 195 377 475 728 310 862 157 222 476 539 791 871 161 216 632 747 184 794 687 122 732 585 459 848 216 272 535 277 96 324 3 854 378 768 717 769 230 862 634 358 767 665 610 268 883 429 852 448 31 695 339 619 168 402 754 135 735 31 693 430 619 318 833 570 425 378 516 378 743 453 599 347 278 786 258 472 782 381 360 15 582 198 816 458 345 270 525 99 731 125 879 516 121 322 131 896 853 762 27 44 420 454 236 199 497 452 370 122 133 422 636 80 545 63 853 508 666 728 516 362 86 305 169 178 108 161 849 608 900 493 298 197 773 613 561 681 425 689 467 22 256 258 124 472 573 675 67 563 155 116 319 895 590
883 761 712 720 683 844 611 489 884 320 782 700 605 579 873 773 589 610 833 812 798 802 880 622 676 248 837 625 779 797 625 710 881 817 800 627 672 820 250 481 772 736 656 656 492 724 843 698 631 619 854 356 788 879 670 410 719 836 506 671 804 785 840 828 662 522 749 875 681 93 725 102 298 667 895 882 360 830 580 410 542 849 475 807 393 343 592 612 836 836 819 209 823 320 660 408 872 480 768 800 831 781 787 669 579 691 574 834 899 841 299 718 508 224 510 539 495 884 533 887 772 291 711 745 623 879 720 851 332 770 790 630 900 800 700 870 284 866 426 730 839 710 848 886 800 818 585 168 682 854 799 617 574 867 720 898 854 713 547 531 387 845 820 748 93 400 846 785 375 814 888 817 731 780 514 756 834 120 640 865 328 897 79 483 817 805 554 460 606 873 786 806 900 873 705 857 854 690 690 501 563 353 774 745 742 744 204 521 891 708 843 864 807 781 744 619 728 711 361 727 562 546 886 881 814 871 785 759 861 783 816 762 887 701 885 703 668 254 530 605 702 358 431 875 801 884 793 887 454 365 527 500 321 854 888 806 642 520 661 313 182 687 725 792 868 851 824 399 513 794 659 864 390 635 790 860 848 442 843 868 738 754 739 826 549 669 655 599 875 573 424 449 721 399 801 900 431 773 343 530 821 850 118 691 879 900 281 574 867 715 469 658 646 603 531 754 783 833 789 532 876 466 333 568 610 844 879 573 733 683 871 891 801 724 486 750 708 547 857 232 792 666 867 283 627 290 871 603 821 721 895 868 893 635 646 835 720 715 776 891 785 873 699 318 747 432 890 635 504 847 779 820 820 884 513 722 718 855 635 614 404 619 618 819 795 784 409 625 878 346 579 799 849 883 452 798 329 875 835 460 428 861 728 853 351 887 690 781 732 589 899 871 790 748 401 736 866 367 589 878 778 523 251 289 881 876 551 819 778 873 824 793 778 797 774 160 823 463 266 503 313 860 627 900 753 600 518 817 740 892 756 857 894 521 562 702 357 633 563 900 747 208 618 470 497 383 896 821
180
420
195
233
250
11
322
62
381
396
118
247
437
51
434
125
8
190
110
57
22
162
366
346
283
356
31
399
187
221
116
52
345
5
174
61
312
156
377
342
48
131
188
287
191
97
462
148
419
409
69
37
275
307
341
39
111
336
404
67
316
49
222
311
169
347
27
189
443
238
85
333
104
55
324
335
331
143
30
76
463
38
436
351
53
320
270
59
376
208
232
181
370
68
155
328
273
20
259
224
415
276
77
192
464
2
360
426
141
17
321
184
256
353
444
130
74
412
165
465
251
58
13
66
98
290
458
18
47
88
313
329
127
94
103
340
363
306
84
317
339
349
182
121
441
263
388
150
384
100
408
301
318
355
427
1
296
332
95
230
446
212
134
178
172
129
132
240
308
101
298
304
12
354
54
140
398
50
405
44
397
325
368
440
433
343
258
139
278
194
235
108
157
198
448
442
248
413
350
193
422
348
300
461
451
327
414
7
89
449
234
391
117
401
92
411
295
429
126
282
266
153
385
239
323
29
457
299
137
407
272
249
3
203
402
468
164
450
10
170
330
418
64
225
26
417
380
364
374
337
226
387
453
379
430
40
254
138
223
60
33
119
197
217
252
352
326
81
122
438
265
42
260
205
271
154
28
231
177
445
310
435
43
277
220
264
242
280
113
207
147
91
123
291
389
149
19
303
115
159
305
338
200
393
142
102
93
160
359
281
35
423
410
432
215
96
151
133
32
199
183
4
456
176
255
292
466
390
375
46
167
416
424
56
293
262
168
145
431
135
146
394
179
171
161
227
241
452
204
186
107
152
454
136
246
395
23
112
319
365
357
71
362
358
297
36
79
268
378
21
65
382
216
400
344
267
288
175
83
455
406
274
15
421
284
109
210
392
228
371
428
309
447
128
257
