1000 406
1 18 3 15 6 20 2 18 2 17 10 14 2 19 9 3 16 20 20 14 9 1 4 10 11 14 20 2 20 11 17 13 13 6 4 17 9 18 16 17 7 9 9 14 3 12 18 17 13 14 16 16 12 8 9 9 9 16 6 18 6 13 9 7 19 9 3 19 8 7 3 10 17 2 18 6 17 16 1 3 11 15 18 9 12 7 3 18 3 2 5 5 12 15 14 13 6 3 4 11 9 8 12 20 20 17 7 16 4 11 4 12 11 7 5 5 14 1 2 19 11 15 13 15 20 16 8 5 18 1 13 19 15 11 17 16 1 3 6 2 20 1 9 16 20 2 9 9 16 14 10 7 20 11 14 1 4 12 8 17 8 18 20 11 6 6 8 4 6 9 14 15 13 7 8 16 14 1 18 16 20 7 15 14 15 18 13 10 11 15 5 12 18 18 20 17 18 16 4 7 18 2 3 12 16 4 15 7 9 11 13 14 1 19 2 5 7 17 9 6 18 6 15 15 2 2 1 15 12 6 14 5 18 14 14 15 12 4 4 13 10 12 1 4 11 6 2 3 8 15 10 13 7 4 10 20 4 1 16 4 15 10 4 18 20 2 18 6 5 20 14 6 12 12 18 20 15 20 4 8 10 4 17 3 4 1 19 17 6 7 7 8 11 10 12 11 6 17 19 8 4 6 9 2 11 4 4 16 20 14 10 12 9 4 20 13 20 1 20 9 6 8 4 8 12 17 1 11 18 11 17 14 16 12 17 6 15 15 4 15 18 10 6 16 2 4 13 14 8 4 16 17 7 4 3 15 3 4 12 18 12 12 1 10 17 9 3 1 13 17 17 18 5 18 7 3 8 3 15 18 2 19 20 11 13 8 14 13 3 17 19 9 10 9 5 2 7 14 2 20 16 6 7 20 2 2 9 17 7 1 15 18 12 9 9 1 17 19 11 6 16 6 20 11 18 20 15 17 14 18 6 5 8 15 14 16 7 8 13 10 20 11 15 1 13 3 12 19 18 9 1 7 19 7 2 3 19 15 19 4 19 1 16 6 14 18 11 5 18 18 5 11 9 7 1 7 10 19 12 15 16 7 8 2 6 14 18 12 18 2 11 17 1 11 2 6 4 10 17 12 11 3 3 10 8 15 17 12 8 15 2 11 3 15 20 13 7 1 10 19 1 19 9 14 16 12 10 13 8 12 16 15 12 19 11 14 1 6 9 8 16 2 12 9 16 7 6 8 18 6 4 2 14 20 12 14 17 9 12 12 17 10 12 9 7 7 11 20 10 5 3 16 9 4 20 8 9 3 13 9 1 12 7 12 8 8 20 2 7 17 14 17 20 18 6 18 7 5 1 13 9 10 6 15 20 2 9 13 16 9 17 10 10 4 12 5 20 19 14 8 14 12 14 10 19 10 12 2 12 7 16 10 17 15 6 9 19 3 19 10 17 3 7 18 12 12 1 1 4 14 9 10 18 2 15 15 8 2 17 18 15 5 4 2 18 15 11 19 4 19 7 14 14 12 2 13 3 6 12 17 6 16 1 19 7 20 5 14 10 16 18 1 7 17 14 10 16 15 14 19 2 10 4 17 1 16 10 20 15 1 16 20 1 17 6 20 18 5 20 1 18 2 5 7 4 1 20 8 8 1 2 3 6 17 2 11 13 15 11 10 17 18 6 6 1 5 17 7 14 17 5 19 2 19 12 8 14 20 16 18 9 7 3 11 18 3 5 1 2 10 17 3 20 3 20 4 19 17 4 10 7 1 15 12 12 16 9 1 14 14 10 11 7 17 17 1 16 20 2 6 5 16 13 11 4 2 8 4 18 19 6 12 10 7 14 13 3 7 16 13 3 4 8 20 3 17 9 11 11 12 20 6 17 5 14 3 17 18 17 12 10 1 16 6 9 13 15 9 16 2 7 16 5 12 12 19 15 9 2 16 4 12 19 1 18 18 4 14 16 4 20 12 7 15 3 2 14 19 20 4 2 12 16 15 12 4 1 14 1 16 20 12 1 14 15 16 12 2 16 16 8 6 11 10 10 7 12 10 1 19 11 14 8 6 14 12 4 20 15 12 9 14 7 20 20 20 9 18 7 8 16 1 1 18 8 16 14 11 6 1 20 11 11 15 5 14 18 5 6 14 7 9 9 19 8 14 8 18 3 3 20 11 6 9 20 15 19 9 7 18 13 19 17 2 9 16 10 6 18 9 9 12 8 10 15 12 18 16 10 2 16 7 2 16 18 5 11 2 2 17
13 4 18 17 7 16 8 16 5 1 8 9 6 9 14 18 14 4 9 14 16 18 5 7 13 13 10 20 12 1 19 16 9 10 20 6 18 5 16 15 5 7 11 12 15 17 13 9 2 19 18 18 20 17 15 10 18 17 16 15 6 14 4 15 10 11 3 2 15 18 1 10 18 5 8 9 14 5 5 7 3 17 19 6 1 12 7 20 4 8 19 20 18 16 4 9 8 3 3 5 4 14 15 16 16 14 9 7 18 19 3 1 18 3 18 5 16 13 12 5 15 19 15 17 7 20 20 10 7 14 5 16 11 9 11 17 4 18 20 15 3 17 2 2 18 12 18 3 11 14 15 10 7 4 9 9 9 4 14 19 4 8 15 18 12 8 16 5 13 1 12 19 2 15 2 2 11 8 4 9 16 18 18 18 13 1 11 12 4 14 20 18 1 14 12 3 1 5 14 9 11 20 6 10 2 3 8 13 10 15 11 9 2 13 15 13 3 1 7 11 16 1 5 1 20 7 9 3 16 6 13 15 10 18 8 12 3 19 19 8 10 14 10 1 18 16 5 11 11 17 12 13 14 10 18 8 5 12 19 11 4 10 10 5 11 11 12 13 5 10 11 9 14 12 12 17 10 6 8 5 5 4 7 6 9 11 17 13 6 11 15 14 17 6 20 11 5 15 5 14 1 20 4 7 9 9 18 3 8 11 13 18 19 10 7 2 1 7 1 2 17 6 20 8 20 12 19 19 8 19 12 10 10 2 10 3 20 2 6 5 19 3 11 18 19 11 8 18 6 18 6 6 5 4 2 5 11 14 4 7 8 6 15 13 12 14 2 14 17 9 3 14 16 7 18 14 16 7 14 12 17 16 16 5 3 17 6 14 12 4 1 6 2 16 8 4 15 14 11 5 7 20 17 14 5 1 14 8 18 7 1 14 5 10 16 19 13 2 19 14 7 16 8 16 17 1 2 5 15 18 5 7 10 10 12 1 8 16 4 2 6 6 18 8 10 7 5 5 13 14 17 5 14 20 17 14 9 18 13 14 9 12 1 9 11 20 1 20 20 13 19 15 7 20 12 16 9 15 11 2 10 13 16 19 7 15 14 14 18 14 10 10 16 18 6 5 20 8 19 14 2 5 15 4 17 18 15 16 4 6 18 2 13 19 1 9 1 17 9 19 1 5 20 18 17 3 20 9 7 4 14 3 16 9 20 11 12 2 8 15 9 9 11 18 4 12 3 10 20 2 9 14 1 11 11 16 10 7 7 4 7 11 14 16 12 4 19 2 12 10 10 13 7 3 1 4 17 1 18 2 17 19 6 8 6 5 7 10 5 7 16 7 5 10 16 20 1 11 2 8 6 18 13 19 7 20 16 6 3 13 2 1 10 3 16 2 13 18 17 3 1 5 1 4 4 3 7 19 8 20 4 18 9 12 1 4 20 8 4 4 18 1 11 16 1 6 16 19 16 6 4 12 10 19 4 17 20 16 7 9 15 13 18 18 17 14 6 8 5 16 18 8 3 11 2 6 10 9 17 3 9 17 16 12 17 13 17 5 9 13 9 6 20 5 5 10 7 7 9 15 5 7 17 8 13 5 18 3 7 2 11 7 11 16 5 7 13 9 2 4 7 4 11 19 14 8 10 9 14 3 17 14 5 9 13 15 8 2 16 3 2 7 19 10 7 13 12 1 14 9 9 15 19 3 11 19 10 11 12 12 10 15 6 4 11 18 10 13 4 6 6 7 2 19 11 12 19 11 4 10 20 16 5 9 8 5 4 10 14 13 20 5 11 17 17 17 6 15 5 2 14 14 6 10 15 3 9 9 9 3 1 3 16 10 2 10 2 2 3 9 20 2 4 2 2 15 12 17 14 19 17 15 17 4 19 4 6 6 13 17 20 14 3 19 8 20 1 2 2 6 10 7 15 10 10 18 13 8 17 12 19 14 2 7 1 15 5 13 1 12 1 13 9 9 7 14 7 5 12 2 2 18 19 8 12 10 17 18 2 9 4 7 18 20 4 14 2 16 9 2 10 13 11 8 10 7 12 4 2 9 13 17 4 9 1 20 17 17 18 12 9 9 7 13 6 14 20 9 1 4 2 10 1 13 14 15 13 17 2 14 18 12 4 11 7 3 1 19 12 19 3 18 4 4 8 7 7 3 9 14 5 16 12 1 16 1 10 16 1 9 13 3 16 6 19 16 12 20 2 14 4 20 10 20 9 10 10 15 18 3 3 7 10 7 7 7 5 12 7 13
956
994
657
263
926
986
824
642
727
785
656
99
429
557
252
105
627
741
65
979
889
212
709
353
132
490
854
744
291
622
423
944
768
751
313
546
886
729
781
592
762
738
442
297
138
340
870
445
537
426
385
395
296
454
405
163
77
669
259
64
594
494
761
130
248
147
714
935
825
68
312
20
969
676
691
127
282
681
800
914
670
338
507
144
534
191
106
955
533
689
1
483
162
750
119
51
8
933
98
342
716
277
697
950
544
207
730
811
927
848
920
314
396
530
966
80
75
254
104
506
839
553
373
777
667
226
997
186
757
702
834
386
327
547
562
133
103
865
580
358
190
983
545
539
489
868
579
599
840
89
171
217
827
619
366
701
776
178
718
253
136
21
221
879
527
111
855
391
937
574
753
814
459
911
150
301
485
197
856
837
902
412
871
876
126
175
649
520
244
411
355
450
257
778
3
745
174
767
315
446
177
636
95
10
187
942
975
280
707
643
695
900
661
581
962
899
148
4
654
39
951
25
241
262
631
139
977
76
91
376
497
874
563
310
732
967
638
717
543
324
873
572
364
78
166
474
586
836
829
481
295
188
987
895
731
218
455
273
468
795
804
682
43
286
664
194
566
683
945
131
102
34
109
880
549
693
16
202
734
491
260
160
720
946
392
601
458
884
45
846
850
348
830
322
134
596
333
466
79
469
52
284
961
639
915
883
625
331
700
351
748
797
9
428
482
433
630
949
853
410
646
799
447
270
31
309
275
887
509
145
69
943
692
299
307
330
30
123
852
437
954
146
607
407
189
833
881
87
758
117
524
867
869
375
769
235
320
679
789
265
674
242
974
708
408
826
230
415
978
319
53
326
393
261
704
849
316
897
595
766
48
832
288
328
149
246
658
192
936
626
352
503
453
516
58
641
37
957
841
167
220
984
685
808
941
449
