69 54
336868856 920763462 180912880 894426057 323070229 795813735 667710488 667906418 586430158 633591342 187318817 302539755 856740683 360616022 850966336 278980875 376171371 829363053 708879773 39971258 414215490 520926553 85603797 619392118 685153941 686315216 270080888 656117713 324111200 941372894 418300812 139695856 448512080 259965027 539420936 978658829 775881546 546514066 349441882 842413815 143982050 155641716 75260642 620897677 779391973 340462435 583957364 207631943 361553359 907155599 821626074 373554349 372053 395170172 49930576 166301149 64380381 887577986 279431174 290834185 823292673 302298956 44025250 614790135 676965648 708885338 885974715 559526783 667853197
541835903 469382751 206837265 843701678 35588707 344055950 283038252 795527390 222393346 374504124 287971560 878684475 771495467 68151379 710542445 112595992 270584321 965212463 795915386 864715389 372386686 452494880 691215071 594204578 955915755 315048299 320144899 523595128 859917930 130009930 484215134 23275296 360667244 363790439 91400192 558048625 240706107 147826277 215097097 841148790 591087473 575298135 624003631 812442862 641068927 256598855 158407227 53563083 233047592 710574257 601290124 398853043 988528131 623551237 857243282 176246402 76554492 944146472 261209172 527628998 805459155 364406259 415031019 971811138 336258971 973979315 635293700 374911595 826649661
58
18
13
46
26
62
28
60
54
39
15
57
2
1
8
36
66
53
45
23
24
5
48
44
49
11
47
52
4
31
32
3
12
56
61
59
30
42
25
63
41
51
40
55
43
9
65
34
16
64
20
50
29
19
