100 81
20 1 28 20 22 21 28 13 28 23 32 22 30 40 11 2 38 20 26 7 4 37 6 17 36 15 22 5 29 26 2 31 4 36 9 12 31 12 20 17 27 24 9 18 31 32 33 28 22 8 26 11 17 34 5 36 3 34 1 5 11 32 14 24 21 25 11 28 33 15 17 28 11 4 30 14 25 19 11 20 25 31 38 6 16 18 25 7 11 24 33 20 10 25 40 8 16 18 27 3
29 21 12 38 36 28 33 32 13 18 3 12 28 26 17 9 32 38 26 33 21 33 14 18 10 5 22 8 4 39 16 17 17 38 4 7 30 39 1 10 34 20 8 27 33 16 8 3 9 36 1 2 32 38 25 32 20 37 34 31 25 30 25 22 15 2 17 16 18 29 14 19 32 25 3 34 38 1 4 11 4 30 37 34 12 30 25 4 39 32 27 21 24 1 25 27 30 10 27 16
59
40
34
56
20
5
57
60
26
67
10
65
83
72
23
35
87
68
62
89
77
79
7
49
25
41
22
1
47
16
3
85
27
15
61
69
31
54
2
84
58
88
42
29
66
4
36
18
70
97
82
64
92
33
96
51
98
80
95
24
76
52
6
12
90
73
86
30
94
38
81
71
19
91
78
74
13
21
99
32
63
