46 16
176314928 500792341 669321060 115360212 605374412 175106879 429270232 605706508 760999695 785857 264766734 731011670 10988241 939079448 850039089 426044623 996319149 494213667 225721452 767317819 989558402 234020774 811252850 792849534 577453811 453834442 594366967 910492708 986054632 57207707 660638516 410563290 572742155 690584969 486986855 294907634 769466956 58712551 364009040 730572003 940575838 476988527 167552182 629522887 935920439 65208253
231176416 186755036 693827988 990115791 457953309 908863236 636418674 508326028 429688380 698830660 130295190 667787321 423451156 705446216 593498631 556596741 957861374 294161630 651568782 376949887 847411798 895079798 140579901 880787482 777821181 575703721 96172261 339854256 50945754 43909295 302482846 455774972 654381652 262181095 192846147 814257438 890584026 10650195 438509811 775871259 937686875 509476889 816683154 22541403 689063374 283954179
33
41
23
3
22
35
40
24
14
43
19
44
1
34
30
42
