90 69
299 199 577 249 63 418 243 285 136 364 679 684 122 302 65 147 521 66 270 275 57 235 2 690 171 693 585 465 226 350 455 504 335 239 536 461 465 1 496 9 302 332 296 605 663 59 451 106 556 297 146 545 682 346 409 148 260 113 663 544 230 452 142 133 585 422 421 669 301 224 44 281 141 544 3 246 123 108 143 5 201 305 400 96 90 14 678 427 214 532
20 231 433 137 695 203 293 510 696 646 328 443 370 250 587 579 137 228 485 314 430 633 241 629 560 359 339 77 249 542 155 137 403 407 511 663 83 96 688 202 177 567 192 527 206 611 563 416 633 82 477 352 151 189 546 74 375 286 39 113 50 209 270 141 332 623 514 509 169 662 104 523 21 432 11 107 377 488 193 200 695 84 88 670 178 365 174 126 496 17
89
87
17
71
14
42
48
7
4
30
37
23
66
52
61
83
33
22
59
9
18
70
27
19
50
53
54
56
55
2
75
12
28
46
57
41
51
77
82
72
88
58
15
20
36
8
21
24
25
29
81
69
40
73
44
62
84
38
31
90
76
79
16
78
10
85
49
34
39
