94 25
868049342 44868800 71608976 482030117 581503688 454738468 59674646 730115652 89046743 990250694 507415946 264516415 786716028 232963686 454571206 861037359 751937913 954742040 954192407 38612930 906379588 960839106 869707964 523177145 563230599 411884705 740233579 645309545 734756770 633336260 727903949 221663294 882544168 624471440 320905726 859349812 109023070 828490042 86039822 217039452 136793023 581192016 928691074 154810717 907483770 57975857 902415059 471770352 305679858 950776464 177085165 621380451 644034621 31056885 207610034 122532119 305769382 244350779 56170613 13276931 440813868 477386515 354714239 533636398 174304512 502631040 957410702 803759416 988387083 723766106 641922897 418091218 538372965 218428619 793698029 464016449 291362527 59320276 528552315 235909855 977393530 699006921 942579847 666694042 279715054 343005905 415395475 222996852 920648996 444969575 305878930 292422657 821887676 760149468
339123053 51733484 837846408 987948242 519143042 267712882 221455119 621233090 392870431 111715557 174905611 310640759 517663499 5899050 427907051 87029393 980469246 145418299 803851602 242647044 645870629 897716647 657370774 263457174 5406111 565004045 284398914 641372516 130263042 66396836 470949268 576484189 194470614 570393014 71598848 431222725 839075352 452418337 864282795 373905332 703870649 39593429 666145264 457357717 338016541 271968600 187320031 464871335 165600669 349068869 881760953 267900031 325302533 854889672 847428213 230334340 75075350 511229732 834002239 566969714 810534661 692265517 230989043 917994712 167713786 29073358 433801382 46274714 970285459 838006149 484454174 506911855 441465438 143382754 41917781 147216740 200443490 304440332 450808058 764132951 636531095 642043963 309245167 651654268 408407145 93166655 258694092 557308892 96236601 284087032 455724635 746405329 298738652 919039963
27
84
73
72
50
3
74
48
85
60
16
89
5
30
25
9
63
71
4
32
37
65
26
51
64
