257 100
923942488 413673211 807669520 322665295 27717458 570815697 577932214 913653468 341035124 614626923 551089211 964663059 136730689 603395380 953760155 778425707 312859086 746565450 404161189 834702667 371348292 485674496 729137277 410318479 259839585 314659422 863375642 910399497 961606904 529427868 841997257 251583998 199732076 340175275 930337192 727533221 569644857 568201132 605147180 180230316 119040364 514022518 639014811 464962482 437433638 242648340 589954451 765724878 393132572 791279941 239011201 451865863 968435482 695538683 876233003 220196825 631463547 988108764 779752743 961014710 120885427 869198276 881907041 910215811 677674694 165744449 778206105 318364183 605133006 35950870 337081826 768979135 278672504 506074040 123581733 592189373 408234375 730222548 529353116 995248580 968068688 185092807 590093655 241247102 974486589 490828580 681726650 171886086 890472010 189487410 203739389 742943598 803441547 52425068 651469483 859479355 393157028 810710271 551520803 506292452 598808399 66537551 830846491 286031446 248673498 422254962 791027224 520558707 687337126 134248115 260588278 94195598 97193897 538100497 120344934 831984624 988709869 750710461 40126571 899584087 516908303 725514655 36567004 392883826 338998465 766098898 376561894 180553574 74155336 692264996 278785671 464990284 15435774 981236375 418777108 139403952 865533393 679729891 425877428 797142803 48151490 675046129 172853474 983977835 569549672 253268321 111240430 80384926 725809514 528697349 772351357 393733642 17482249 610796644 507851525 811688960 325507987 163311672 465002322 212845636 11183345 554270704 345288708 759003023 153304602 44423983 630044942 145835277 414955677 759021899 2394425 357744352 909158940 693791695 11781791 237964955 937693387 57504505 606725936 531192263 725989365 505872444 864148272 32234593 420030583 951793344 646191543 483049818 437750083 41780701 963180848 975753494 599134175 79539620 908033498 296290286 316265700 283937622 815173706 337073838 413000319 754601450 992627687 537363223 420157170 624808587 551344493 183425630 836741396 354371352 734892907 440172971 387037389 483895459 171816645 865333915 804128668 963959283 305056050 374135231 857499409 158559234 929225150 768791323 235848018 299031678 622826826 821880999 30956954 625983564 321946375 282291410 547514038 696785409 478027007 22804730 462026118 235098727 594474636 984774133 849932162 4937471 960982751 114261643 134102834 959349369 740460410 712227833 724754613 789433149 318833334 919079535 926356539 568847845 994185790 834092435 245399691
985095383 918439810 913454862 434567042 116957913 957492278 989255472 929198684 851591265 867322294 796668466 986891878 226136675 956560368 968897826 970694103 661032860 887365962 612940569 922002839 733439159 670082915 869840489 929820644 858394046 781586009 974008271 971755155 994688366 853503016 953033726 943204158 831284406 936835474 988442419 858296519 814330214 834095334 847454556 269190802 475256051 734902721 795857755 812413155 477160382 475304349 858154937 803207263 845600551 896984951 399695035 729897139 999068520 891188599 883348355 906341079 863865365 999608020 877307354 984641686 535088866 897434067 909613661 957503184 876822709 935286319 900442641 740463057 873752291 787569121 883861747 795828641 819418618 631353775 369419677 993433798 785255471 791293601 543074577 999263624 977610357 202169168 852696361 313482840 977637854 993286755 755216072 549114318 933583726 377406575 900595368 795906140 980785518 389224944 977400477 933345071 499003478 874899764 647940365 992909435 662512919 690313848 954117699 525024147 835211094 608789697 999718458 660533747 896924868 696834736 332418734 253767613 342953449 607493819 984021762 904288998 995511445 881091929 269025883 998152789 614009084 954880764 836688512 681241135 497527788 801355331 805020597 367570026 788185203 709334844 673349953 709001268 318216215 996180541 867832403 350038273 916139934 828838260 519346926 972781015 737104725 942194332 626269022 990642515 887168757 370071070 508958258 558549879 974265854 611864601 918023708 633409297 130183029 655425994 651328597 938765169 418197248 468467987 472447723 389840675 629975863 924232726 360674215 995296980 205715422 131824836 892814750 869636748 522596433 795291141 843734758 772417305 988725467 712368457 774938218 677052477 960201255 662822313 925029384 567938458 763461212 762890516 978044398 879777483 658497334 957192849 818445349 685943008 546921543 498514657 979029814 983045275 922770685 485926910 935665973 420147853 321769921 794535295 858076946 874066114 845230852 868723262 993968825 646747251 730901804 627662943 580936505 844593293 885951204 962703828 865445196 889463262 705662028 609011189 947283145 993095178 834003601 998714674 505339279 976475966 956268409 638136652 999736881 794589623 786184244 514539547 665631760 918493098 417387046 991789519 552206085 749230144 751413385 755808394 829662988 515870971 824929180 926009526 969781239 991763440 934186905 828695806 968642433 924561035 609293126 996677725 851329602 852305021 939004863 920284966 602045058 979652067 969079383 964774951 996273973 928572140 350581430
10
189
47
105
256
74
191
124
33
13
57
103
170
185
169
257
119
206
172
43
221
70
123
234
60
250
100
121
254
78
49
95
171
179
220
94
101
232
77
149
244
199
93
54
5
129
109
29
201
3
238
59
91
135
132
11
99
125
223
48
227
228
20
213
154
202
12
139
160
126
50
115
112
136
118
134
92
253
22
30
182
41
73
62
166
44
158
162
138
23
188
96
183
117
214
230
217
122
242
173
