100 80
12 21 25 5 1 5 11 29 11 23 3 4 17 22 19 12 17 27 21 7 7 7 15 14 11 15 28 28 7 29 28 29 2 18 27 26 28 6 10 5 23 29 14 8 1 22 7 17 3 23 4 3 14 8 13 18 1 11 6 25 1 24 19 15 13 10 28 10 13 29 6 26 24 7 10 15 23 18 20 30 28 30 19 20 25 7 21 28 18 26 12 21 20 4 17 16 20 4 12 15
8 6 29 13 17 29 11 30 20 16 22 22 20 8 8 25 14 8 10 17 30 17 20 4 7 29 7 18 4 30 2 7 23 13 9 19 15 16 11 4 20 2 5 25 25 29 22 19 14 6 20 15 9 18 12 19 9 25 22 24 21 14 30 17 26 2 21 17 30 3 29 15 5 15 1 29 16 2 4 29 5 28 11 23 16 19 22 2 14 13 20 9 21 26 14 30 7 6 12 26
31
84
73
44
86
70
38
3
27
16
90
34
51
39
28
12
96
87
85
4
42
57
80
59
21
100
55
52
79
82
25
68
22
92
62
54
83
9
61
65
8
63
64
40
72
30
18
94
93
71
13
14
81
24
17
7
98
89
50
56
11
2
29
97
35
60
19
95
33
48
66
67
99
6
37
74
41
46
36
75
