39 28
484124492 440100642 90273704 630096398 16895323 106217589 386812054 559548175 184618069 401085856 502263216 847764074 627964016 896167650 16234212 716652966 511642357 924527021 70252152 288952512 460726467 239683368 708858242 620972712 188696267 581878957 946437231 956690371 410869906 666507851 687938941 89993834 634084018 468264260 690615104 491693418 562043737 509125776 466970913
880914563 953670856 938498393 39075290 167686377 449202645 18549629 462752763 518043078 495906409 79823376 344622185 845729974 666908675 364553687 448094425 207216201 319163956 978899405 178196057 333795972 785303841 823566754 527041992 730183008 79874052 16758839 329503833 132653386 628349355 605671459 25046036 975325602 623366392 460154417 115077205 382465852 982484319 592557024
19
3
32
15
38
35
2
34
10
37
28
22
33
20
24
6
29
8
39
31
12
21
5
7
4
25
18
26
