1000 303
4 39 25 38 1 9 28 5 40 19 13 3 24 38 13 15 9 18 7 6 26 32 19 33 28 34 4 12 28 5 10 9 37 14 9 11 12 2 8 11 2 4 35 7 6 11 34 14 8 9 40 29 7 21 36 37 28 26 35 18 5 22 20 29 3 20 11 27 36 26 30 29 10 4 11 6 1 31 16 40 13 14 2 23 10 33 15 28 18 1 3 3 3 30 15 29 22 33 13 15 1 18 30 34 30 19 4 9 10 2 8 13 7 19 21 20 10 36 35 14 29 16 21 23 30 21 3 32 15 13 17 22 20 9 6 17 24 9 6 39 16 13 33 38 6 7 1 5 39 7 8 28 6 6 40 23 7 11 9 7 28 25 30 33 12 23 24 29 23 39 10 8 11 31 35 34 34 19 15 17 26 1 30 13 11 35 36 1 29 1 15 33 39 20 13 6 33 4 11 3 35 19 14 28 19 40 38 2 12 29 38 24 33 18 14 17 6 31 33 40 32 38 7 21 39 30 4 31 27 1 39 29 37 7 4 12 25 33 35 36 34 23 38 35 30 2 31 16 22 35 40 1 32 2 1 30 21 16 5 19 35 13 13 34 11 3 35 15 4 16 17 34 31 32 8 8 9 25 17 27 36 38 40 21 5 13 11 17 16 33 23 10 24 40 4 34 15 29 28 21 20 39 16 19 24 9 11 1 16 16 36 24 14 40 9 13 24 32 23 16 39 1 3 5 18 2 20 30 40 31 22 14 1 14 32 7 30 40 15 29 37 6 33 26 22 10 35 24 24 1 28 34 21 24 7 11 25 36 13 4 15 40 17 27 36 19 2 15 18 15 4 29 39 27 31 30 35 18 6 14 5 10 2 15 23 30 29 36 14 13 39 6 3 24 29 11 12 32 36 18 3 21 18 24 30 40 6 21 14 26 19 16 24 35 1 7 23 28 20 32 7 13 19 11 12 24 18 30 25 28 17 8 1 35 18 14 26 28 23 8 5 25 9 21 8 18 10 3 36 17 5 16 30 36 40 20 18 39 1 36 28 31 38 1 21 15 27 39 36 39 32 14 26 24 9 37 21 9 4 26 38 37 6 19 27 27 31 32 21 37 25 6 3 9 29 13 14 27 13 27 19 25 3 40 28 22 25 32 15 39 23 12 13 33 9 33 4 17 14 23 6 34 10 3 24 3 28 37 20 38 9 3 7 3 23 4 35 2 27 22 22 29 20 25 2 36 37 18 3 6 31 25 4 31 20 19 10 12 5 16 31 25 38 22 9 19 37 36 24 15 14 32 3 1 17 34 28 6 35 31 15 34 25 14 7 26 40 14 18 12 32 38 24 10 36 28 7 11 35 15 2 26 10 13 37 21 32 22 3 7 33 38 9 14 12 31 16 6 5 5 38 4 19 16 29 35 3 13 11 19 35 38 17 13 40 13 21 16 9 13 39 7 1 33 31 9 25 19 22 32 11 31 8 18 32 13 33 35 27 10 20 33 36 23 37 7 15 17 17 10 10 7 33 31 10 32 27 3 38 2 33 1 3 12 15 16 30 5 25 35 21 26 3 15 15 20 23 40 15 8 35 36 37 37 32 6 13 9 4 13 37 13 33 10 3 12 4 38 30 40 30 33 16 5 23 28 26 36 6 24 24 26 34 29 17 6 36 4 40 6 10 5 22 18 14 2 37 16 5 2 38 31 25 7 36 4 40 32 7 24 26 40 19 39 38 5 38 26 14 10 37 30 30 37 39 35 9 10 16 39 36 14 16 24 25 12 18 29 14 20 13 22 3 15 30 23 32 36 36 18 12 14 27 25 39 20 2 8 25 16 5 25 40 25 19 37 7 9 1 26 9 31 37 24 2 13 4 19 22 35 4 28 32 26 2 24 21 35 22 15 6 14 35 30 2 11 16 14 1 20 9 3 2 1 6 5 22 2 34 2 34 17 37 2 9 6 27 34 40 32 27 10 17 11 1 39 8 4 37 25 17 23 10 14 24 26 31 37 7 15 33 12 12 14 15 11 24 16 29 23 17 13 10 16 32 7 26 11 12 21 20 8 22 9 20 13 3 34 3 1 13 3 18 26 18 18 19 40 19 26 40 23 23 33 26 33 37 35 19 18 37 37 28 18 40 27 24 31 19 18 15 16 9 22 12 27 6 22 32 15 20 19 28 3 10 29 3 22 40 30 6 4 4 36 21 39 24 27 37 20 9 17 21 2 10 1 32 23 15 33 14 26 18 3 34 18 10 15 29 29
23 24 10 2 15 19 16 24 5 35 35 20 12 31 4 23 40 34 28 38 37 3 21 40 22 27 17 36 40 33 32 40 4 25 31 35 8 40 28 36 23 26 19 32 28 13 28 16 27 11 34 40 33 36 37 34 23 25 9 25 26 18 29 22 38 17 29 23 6 13 33 27 22 16 4 23 26 10 13 36 28 19 17 14 33 13 15 7 28 7 10 2 10 3 19 8 5 25 5 6 34 2 7 5 2 38 14 25 20 14 40 11 26 19 33 39 23 4 10 6 40 37 21 37 24 10 19 13 10 24 38 25 2 37 7 19 4 11 17 15 28 17 12 13 13 34 3 3 19 3 6 34 16 17 17 20 34 33 3 37 35 31 32 23 8 32 32 27 27 15 37 7 10 35 25 11 29 8 22 3 35 18 12 32 6 5 14 7 10 39 29 16 26 4 4 32 27 10 34 39 24 18 3 3 20 13 23 4 3 37 2 14 17 23 26 34 1 8 4 36 39 5 16 30 6 25 40 4 28 27 29 15 1 21 2 18 20 30 39 8 14 17 23 36 12 36 26 31 25 18 20 21 26 26 12 24 8 13 30 36 17 11 34 1 8 39 18 13 17 15 8 23 30 29 6 21 28 32 35 7 14 28 29 25 9 5 18 21 7 24 37 31 4 35 8 39 12 16 4 18 3 14 18 2 11 24 21 17 34 20 6 2 17 4 39 17 14 17 8 13 35 19 30 5 21 10 39 32 21 40 31 3 34 5 37 24 38 10 38 33 5 22 18 17 9 12 26 35 16 3 33 9 12 29 23 30 10 8 39 36 28 32 3 40 23 11 2 1 5 35 25 4 5 24 31 11 14 4 39 1 7 37 18 31 10 14 10 35 13 38 33 28 16 15 40 39 9 24 32 37 11 36 28 34 2 33 37 8 32 18 29 18 28 29 12 25 30 22 7 35 36 2 11 15 1 13 22 10 40 5 31 21 29 12 9 20 20 17 4 24 8 32 28 6 30 6 8 7 15 22 20 6 10 30 23 37 7 2 38 16 29 8 31 39 37 35 39 33 4 33 29 12 5 21 4 38 29 5 37 15 13 28 11 4 4 34 29 38 10 15 15 9 22 3 25 30 33 2 31 17 9 40 23 35 23 17 14 33 25 36 27 19 17 18 3 14 28 4 3 11 11 3 33 5 5 14 4 7 3 23 7 28 11 22 26 37 15 28 25 31 19 10 35 34 10 16 28 19 16 38 11 2 25 22 21 21 2 23 32 28 35 20 9 18 27 27 15 18 11 7 21 16 2 31 28 20 39 36 22 3 27 23 28 37 13 24 26 32 27 8 38 35 39 16 36 20 32 16 12 35 21 17 2 21 38 27 22 34 35 40 2 30 2 31 15 20 37 2 16 30 26 40 12 38 1 28 32 25 18 20 11 7 4 26 9 36 31 23 1 26 11 3 39 29 15 38 34 13 3 11 39 40 6 15 36 5 40 38 6 9 25 7 4 38 9 3 33 40 6 34 22 14 1 5 37 39 9 29 7 26 38 27 39 36 15 22 5 6 21 40 5 13 5 25 13 25 34 35 18 30 9 28 11 13 20 23 37 28 16 3 29 10 22 2 17 20 5 4 16 35 14 26 21 4 39 35 8 14 9 26 28 15 10 29 10 8 4 16 13 28 20 16 21 5 4 1 36 31 25 9 27 11 21 26 6 22 6 35 28 15 38 24 40 36 25 14 35 38 10 32 7 32 22 5 29 36 23 31 32 30 34 37 8 31 33 18 25 27 26 12 17 19 39 13 21 12 12 30 20 15 4 7 34 15 13 8 31 30 31 20 6 8 8 32 30 37 19 1 36 11 4 27 23 19 6 34 27 32 21 37 15 19 36 6 15 9 25 35 26 3 4 8 29 37 12 27 38 23 25 31 9 39 11 1 15 29 26 14 2 30 27 19 11 2 18 20 4 38 10 14 14 35 30 36 21 13 4 13 14 4 37 12 16 38 23 39 32 27 19 33 19 24 31 1 40 21 28 17 3 7 25 15 4 22 6 15 38 16 26 14 40 29 6 1 15 33 40 20 18 28 25 4 13 5 15 14 23 35 12 21 36 3 21 32 35 5 19 1 16 23 13 15 20 32 13 13 24 14 31 33 6 9 5 38 8 21 29 18 39 20 17 32 13 10 38 16 11 31 6 2 36 25 38 23 32 7 24 24 34 39 10 4 10 9 38 23 4 25 40 5 32 33 35 11 16 12 12 7 28 37
96
947
664
344
42
108
30
560
634
405
983
727
74
828
787
901
953
36
229
508
872
734
90
554
224
481
479
69
514
173
505
563
857
759
376
394
393
779
33
516
517
203
449
592
309
49
355
815
831
137
468
510
348
166
353
45
323
791
501
435
762
988
213
438
774
668
562
492
672
432
236
311
662
341
531
8
23
268
930
853
917
575
626
763
830
243
856
529
605
586
649
733
94
559
840
383
885
716
284
307
842
442
682
116
864
939
603
199
979
771
674
239
960
691
879
242
846
423
794
63
148
581
641
248
862
995
956
968
288
228
471
969
718
660
340
46
411
276
478
582
569
676
852
825
724
5
726
851
325
702
365
661
456
832
380
180
561
336
324
472
970
538
328
681
85
923
521
183
788
781
866
528
4
313
59
401
537
291
430
265
76
57
494
417
755
399
28
950
349
97
103
708
145
364
805
371
769
19
407
943
623
272
721
714
796
136
574
926
967
491
982
596
927
372
688
703
488
738
977
954
251
512
709
134
246
73
911
327
566
191
748
618
91
630
992
536
7
170
666
141
446
496
62
867
506
303
211
503
220
817
342
739
886
485
990
684
350
486
345
696
493
646
552
420
82
803
133
206
728
130
752
612
80
289
768
800
663
16
976
915
473
835
806
128
333
720
756
439
168
706
610
225
715
578
77
412
972
222
217
397
678
278
362
