60 37
135 618 210 714 652 422 693 680 575 489 144 750 677 302 505 760 615 403 173 742 338 378 105 125 631 137 466 325 555 10 495 361 456 43 457 58 267 384 146 268 340 60 795 760 649 219 668 345 339 604 304 591 95 191 182 735 62 107 17 144
325 235 137 591 110 651 136 268 789 576 158 347 701 638 158 244 41 575 223 20 674 771 507 26 631 42 403 138 537 572 681 269 763 769 484 207 120 426 432 704 428 102 91 692 570 429 281 195 677 441 513 105 535 72 687 679 573 252 544 768
39
56
60
21
3
52
29
54
36
33
49
42
45
24
59
15
13
55
58
25
38
51
28
19
18
53
40
31
12
30
16
48
32
26
41
23
46
