91 8
185 335 93 339 295 310 203 299 228 278 75 181 152 174 344 116 240 47 50 91 95 239 380 66 392 74 349 373 37 284 47 213 67 136 259 389 227 164 267 110 283 219 303 347 211 185 393 94 9 147 56 313 237 93 225 182 133 225 393 144 347 79 156 247 122 135 378 256 36 353 228 115 127 261 35 75 339 243 210 282 174 205 287 290 48 328 174 380 143 15 262
229 260 48 2 380 173 172 177 70 217 395 6 107 31 134 392 294 231 123 387 8 351 109 86 85 247 370 275 373 117 83 179 341 274 383 63 68 156 248 216 390 226 164 255 68 155 221 189 58 335 274 333 168 124 68 13 146 178 26 97 96 136 93 400 367 21 316 197 45 359 314 351 385 384 251 305 289 387 395 179 121 12 151 223 27 389 385 69 202 194 240
90
38
21
65
14
54
72
16
