628 308
283 260 67 359 86 297 90 313 368 295 337 9 57 50 393 256 56 165 155 361 134 175 338 278 351 337 108 281 165 82 109 284 205 379 107 314 127 76 291 99 106 261 323 316 206 270 142 45 64 127 235 1 217 328 102 201 167 235 94 122 139 77 293 282 58 265 195 103 364 348 20 320 256 58 21 105 182 296 43 332 147 176 380 387 257 256 99 303 316 395 176 180 358 326 166 202 323 332 316 14 158 379 125 287 3 5 248 145 131 208 384 317 195 118 364 319 92 342 296 359 109 1 19 281 133 157 111 237 281 214 277 31 292 200 62 256 82 182 170 355 84 39 269 273 143 35 301 69 60 138 22 193 186 125 182 200 216 131 49 321 379 230 126 330 30 195 103 99 205 14 285 255 185 235 259 375 71 214 62 118 273 172 315 221 227 208 25 193 175 295 218 40 346 332 279 256 12 333 377 56 100 92 1 325 114 270 48 239 75 112 271 289 185 13 169 220 376 329 364 228 170 73 348 258 84 89 384 16 159 213 211 96 104 16 356 6 144 176 358 25 380 399 369 374 230 60 143 349 10 392 272 354 250 218 327 141 347 283 10 202 166 91 213 42 88 106 280 177 146 127 389 310 89 197 307 357 119 313 286 160 88 253 324 138 350 104 9 363 190 388 244 127 81 303 400 119 164 298 44 6 88 365 315 196 98 369 373 63 396 228 244 342 210 393 248 124 215 165 164 59 173 4 318 110 16 225 291 53 44 1 352 133 194 185 26 230 344 67 279 275 342 62 291 29 57 155 188 152 275 33 215 77 201 377 9 23 52 82 398 390 273 46 293 15 65 308 161 201 185 220 90 337 83 54 138 151 140 291 353 175 36 90 274 97 145 373 51 266 284 49 273 25 338 146 138 386 324 76 96 366 215 43 77 361 101 220 26 115 123 18 326 288 153 322 293 40 133 343 222 151 88 286 140 190 95 171 31 336 283 3 136 326 242 128 128 140 219 80 337 322 230 262 75 139 210 72 161 321 133 159 313 31 232 234 224 198 392 331 308 329 390 40 312 256 200 107 275 121 22 131 353 66 302 241 337 81 368 28 389 108 386 29 245 17 381 276 76 191 254 81 169 235 38 43 304 317 299 333 311 64 373 116 57 85 17 114 326 352 82 382 209 106 171 242 273 205 246 140 96 76 64 253 239 392 362 381 112 251 122 69 107 177 216 195 282 170 385 218 188 250 232 335 341 26 32 29 93 276 35 306 301 202 46 336 181 191 354 189 73 60 245 291 159 109 239 17 82 146 78 263 130 287 258 206 82 363 305 158 201 389 84 295 290 282 88 41 107 80 15 11 266 127 236 7 339 227 202 156 83 379 86 171 105 237 256 91 119 32 255 374 373 96 362 377 79 317 223 344 50 332 175 391 355 245 64 226 152 195
316 345 340 359 176 342 160 350 400 379 356 14 216 130 394 301 281 302 162 394 154 301 357 313 376 354 361 372 232 202 236 296 242 396 376 356 298 285 390 255 381 264 336 340 360 331 187 276 256 364 255 377 217 360 134 322 323 315 318 362 182 206 350 283 319 333 357 194 387 352 129 364 325 200 27 290 385 371 152 360 200 185 392 391 380 285 329 350 395 396 280 362 396 332 386 377 355 371 393 21 180 384 141 311 367 27 332 151 161 294 385 382 207 161 391 357 310 395 363 367 392 327 349 289 153 375 304 254 380 270 331 227 387 267 170 336 388 307 199 371 380 311 271 304 223 107 331 233 353 157 291 336 226 303 185 210 334 239 242 349 400 305 152 391 329 334 136 369 245 34 286 310 377 358 393 375 391 352 172 191 312 190 334 233 299 356 366 228 187 325 387 229 380 334 356 362 70 334 380 71 270 185 145 340 232 275 164 254 258 266 349 304 236 48 335 278 386 397 387 248 303 307 390 274 189 338 389 233 339 264 233 314 120 345 393 117 308 270 367 353 381 400 384 379 271 165 219 398 214 396 278 393 275 386 359 313 383 392 59 319 216 294 238 389 91 400 390 331 336 148 389 314 131 395 353 399 292 384 349 190 203 263 331 281 389 147 68 389 398 397 273 292 125 366 400 299 336 310 45 378 175 380 388 264 177 389 390 383 397 274 358 345 396 394 393 383 235 388 206 266 357 255 327 272 270 355 384 336 50 41 400 255 194 333 138 286 346 352 352 328 371 351 358 40 167 367 338 221 277 131 227 109 208 399 337 155 239 92 398 400 282 168 374 200 285 380 302 371 264 235 364 350 196 308 323 284 207 381 355 252 179 340 300 244 274 396 221 299 356 279 387 269 400 201 188 387 386 109 220 399 337 238 242 366 236 360 183 305 397 300 350 375 179 385 318 128 353 373 360 343 368 286 180 277 160 292 310 342 297 275 294 388 345 382 134 228 330 330 344 373 291 262 338 154 383 397 210 345 389 245 318 162 373 383 394 327 397 381 388 373 396 383 400 309 352 151 393 357 377 353 354 134 323 302 376 115 379 333 394 329 395 124 287 376 384 327 322 378 343 337 240 297 69 300 318 350 303 336 324 361 387 223 180 387 44 368 343 384 165 387 387 379 258 384 352 212 377 322 283 373 400 276 309 395 398 389 332 293 371 117 108 181 331 342 352 380 389 357 302 262 272 359 348 302 61 190 165 338 332 326 351 395 234 355 275 372 373 205 80 272 357 352 159 332 271 371 400 258 95 338 132 360 362 315 95 370 380 245 211 390 100 397 335 297 129 146 158 362 70 184 274 292 263 353 363 261 296 299 357 383 278 301 366 238 337 387 314 330 304 386 397 126 378 394 285 374 296 378 334 359 197 394 371 352 384 346 305 311
454
608
570
145
507
218
170
468
177
190
492
368
612
342
206
282
518
594
398
185
520
127
596
381
201
334
615
54
194
38
305
501
257
312
619
114
473
52
118
141
606
391
10
580
109
1
63
142
349
49
53
441
440
543
78
500
435
424
314
279
461
188
472
419
559
77
219
558
538
239
252
230
311
113
484
578
255
136
35
27
106
96
81
267
93
502
459
319
295
436
172
366
546
345
457
235
298
401
389
359
426
26
200
554
277
51
512
480
212
332
432
413
192
161
460
529
515
394
462
122
231
326
34
21
407
532
280
58
2
380
415
470
517
261
450
329
458
569
494
86
171
620
628
437
165
579
309
609
597
477
540
226
112
294
189
162
149
625
614
375
416
246
553
158
535
8
483
618
451
505
372
563
301
173
104
90
383
315
519
360
117
404
92
603
133
259
4
318
310
560
525
485
354
166
586
71
423
589
584
210
275
76
549
511
373
490
353
626
337
447
446
148
97
174
607
395
175
134
238
539
128
592
478
536
479
16
397
548
499
576
385
610
575
222
67
357
288
439
47
268
284
562
587
545
611
422
160
102
223
82
244
471
604
44
187
496
19
260
251
330
11
433
7
272
208
482
139
59
356
369
217
307
285
600
30
202
316
591
18
324
431
290
410
154
355
264
178
573
80
56
23
399
617
388
168
37
46
126
524
333
297
564
228
296
555
48
362
474
