499 408
419 479 497 25 371 101 237 308 7 427 406 475 413 362 34 169 450 206 366 424 419 213 341 213 211 73 489 341 495 137 340 57 130 488 129 403 337 51 437 159 244 297 18 263 495 426 359 479 42 245 93 346 134 281 164 491 377 437 148 221 234 264 184 140 383 298 111 106 61 104 330 74 120 152 76 196 407 451 114 42 328 341 283 21 103 288 436 22 138 138 41 18 287 450 467 211 58 143 152 172 359 34 354 41 93 259 4 220 114 335 367 90 497 157 186 140 426 416 87 386 353 287 200 31 11 21 15 242 228 305 427 91 51 88 384 76 86 374 14 165 499 328 79 485 188 77 184 387 379 300 113 29 459 276 254 120 445 289 102 62 324 328 344 42 470 78 369 328 476 245 427 342 78 370 477 29 496 385 397 390 375 49 256 9 310 101 158 253 358 500 355 226 458 242 487 65 35 340 279 176 457 277 370 452 472 67 493 353 184 338 387 257 81 101 182 5 444 163 136 47 140 68 311 202 150 165 361 433 234 239 88 372 32 376 35 329 55 377 300 481 425 467 300 121 297 186 314 429 56 137 392 252 297 68 160 118 453 232 397 425 403 206 475 500 361 476 374 299 377 79 172 69 473 68 335 345 152 335 36 130 350 219 311 30 420 272 428 415 54 135 255 425 391 421 161 321 488 117 160 182 161 249 439 402 159 213 64 69 493 137 101 18 239 393 295 141 105 68 94 271 153 270 415 5 181 433 132 194 146 289 48 180 476 228 168 191 435 23 96 62 152 222 491 423 29 408 438 199 373 29 426 268 10 70 314 134 397 45 150 35 398 150 398 459 265 135 332 136 366 308 81 14 317 204 252 165 499 159 308 362 467 282 337 466 146 202 426 195 79 377 350 384 164 27 95 269 340 62 326 265 62 218 445 39 108 490 328 174 22 382 19 245 371 363 238 379 215 282 54 292 260 361 457 362 476 244 261 261 73 77 350 331 317 169 475 184 414 325 421 324 395 261 161 196 129 212 345 33 68 303 207 425 463 21 141 268 403 214 382 200 372 425 460 221 282 443 380 258 206 235 185 158 27 397 165 404 438 394 462 375 298 91 187 251 124 162 304 410 456 3 289 196 258 428 384 99 54 242 275
442 486 498 411 490 185 381 377 130 475 473 490 473 368 138 340 452 396 455 455 472 435 377 375 422 86 492 471 498 380 373 292 453 498 209 489 391 207 489 162 317 466 210 336 500 427 395 491 300 277 120 461 371 408 457 499 464 444 374 332 245 372 194 449 392 400 448 458 397 255 496 219 429 351 133 393 437 460 386 221 358 433 334 194 178 320 490 231 207 464 165 352 355 485 494 364 149 429 401 366 496 391 412 80 492 400 439 225 287 364 377 398 500 255 425 158 441 430 447 406 365 327 440 181 156 214 462 250 485 424 484 464 386 307 469 274 104 418 470 263 499 448 258 490 442 239 304 466 414 422 484 155 492 346 361 462 446 445 142 498 431 457 415 352 484 174 436 473 487 412 461 482 233 405 497 391 497 434 416 475 466 485 460 56 328 187 282 454 395 500 402 366 489 352 494 374 217 450 375 313 479 493 416 465 488 261 495 495 369 444 460 475 216 149 184 427 464 291 210 340 306 209 359 320 403 195 385 480 398 450 317 396 140 487 394 350 409 486 300 492 456 494 315 232 460 283 445 460 286 320 446 404 450 394 443 273 494 273 430 472 475 333 485 500 419 492 482 473 493 202 182 372 492 389 410 372 431 359 477 474 440 408 454 196 478 483 481 425 225 260 471 482 495 497 379 329 499 475 247 287 405 293 482 452 400 467 261 205 497 241 231 269 356 434 406 500 327 139 253 390 326 365 442 231 188 453 254 337 275 468 416 240 489 488 355 293 459 187 452 82 321 348 491 431 444 445 500 308 480 309 478 289 403 179 318 318 481 100 417 439 479 445 499 476 303 278 370 399 381 381 490 288 427 407 379 423 499 480 309 394 469 334 460 481 500 222 443 401 90 489 407 434 406 196 384 316 453 331 340 286 325 391 474 41 143 500 499 306 58 465 164 415 402 410 421 443 335 359 286 439 309 408 498 411 495 261 352 381 370 311 472 417 371 324 500 279 490 385 466 390 415 470 192 415 496 224 384 149 399 376 438 500 486 290 489 437 413 299 441 253 472 467 487 383 302 453 408 378 335 287 408 413 128 453 323 429 475 486 462 462 341 384 249 385 478 233 415 413 459 293 471 347 340 470 447 364 150 291 404
462
378
70
446
366
119
287
430
32
488
76
43
77
413
78
491
285
129
347
148
324
205
209
452
67
45
305
439
133
242
318
153
64
127
281
125
42
10
47
392
470
490
420
169
188
19
60
178
65
87
195
163
326
111
301
132
277
429
105
320
408
374
344
141
466
40
216
239
383
302
198
464
227
168
97
221
376
46
425
155
165
175
33
440
229
325
291
465
164
115
359
411
203
284
477
258
92
372
348
341
161
22
252
482
256
335
478
48
27
316
135
231
498
139
199
406
114
268
66
309
448
283
217
50
185
41
142
496
130
31
343
454
147
469
200
236
219
13
384
110
428
299
211
403
390
109
5
307
183
143
282
224
317
182
228
59
313
323
171
72
401
215
286
487
380
68
225
306
254
86
74
494
426
351
51
8
424
106
456
410
479
266
152
69
192
399
56
360
371
180
310
82
322
136
145
238
144
177
300
57
296
293
52
416
4
457
73
431
273
170
257
251
409
355
112
308
353
265
173
278
404
350
18
154
415
222
88
421
28
407
382
126
190
201
458
385
102
433
234
55
75
206
270
61
247
381
138
156
202
255
442
330
342
483
250
295
21
174
137
223
436
461
386
34
123
434
233
158
486
246
151
499
437
279
249
367
292
101
427
1
30
329
36
396
120
20
14
100
473
333
358
276
226
402
37
186
397
25
369
113
166
472
294
243
146
331
280
468
85
53
212
356
338
232
303
389
160
327
484
328
377
172
121
387
11
208
363
93
62
432
140
354
116
16
264
103
370
471
150
181
417
289
340
15
220
162
260
117
495
405
447
263
210
460
58
240
134
237
244
459
361
84
463
379
297
196
197
122
12
453
475
304
17
23
271
39
312
394
476
395
248
391
288
290
375
149
393
235
422
311
94
213
63
83
187
204
159
131
261
107
352
99
474
207
315
492
339
467
