5 5 25 5
606369357 1 2
340459788 2 4
426106445 2 0
770779106 1 0
135020469 3 4
231845416 2 2
910653424 3 1
134481459 3 0
534408439 1 1
699660066 4 3
6883997 1 3
838000212 4 2
917267241 2 1
487990298 0 2
351221541 4 0
504132013 0 3
990994549 0 0
86681186 0 1
305198250 3 2
714113051 0 4
338471064 4 1
946565377 2 3
97848613 3 3
74270319 4 4
844269411 1 4
770779106 946565377 6883997
426106445 135020469 74270319
487990298 770779106 990994549
606369357 504132013 534408439
351221541 606369357 910653424
