16 16 256 100
87804637 14 4
710220702 11 3
378852074 15 12
805152056 5 7
64826355 11 9
899657818 1 9
324451915 11 15
388845985 6 13
19827460 4 9
849488739 6 9
409444206 13 8
955787468 3 3
214943454 0 13
164693834 4 7
202713264 3 10
646251562 0 4
93611662 13 13
225098883 5 11
130674929 6 15
891510098 1 3
783057383 7 6
10468326 13 7
281810455 15 6
299315838 10 6
97288194 5 12
216566064 4 0
541823371 15 0
229160203 7 13
177627576 9 0
258896256 1 8
66927290 2 1
924041213 6 14
239721514 9 4
241445850 15 7
726667157 2 2
939486840 12 5
155007290 14 11
927707559 11 5
746925841 8 11
583294536 1 0
77852687 12 15
39399731 9 5
6351272 13 12
696832602 8 2
499824533 1 5
740182574 3 0
145166807 1 7
387393857 13 11
758863099 9 3
889798188 14 3
68935326 12 7
686908850 5 0
8299059 6 4
806691621 10 2
706882051 13 5
683343112 15 15
859587189 7 1
779068917 7 9
168320399 1 15
17404865 9 12
590372028 4 14
304317661 9 7
174236879 1 13
438470142 2 12
354761799 9 2
615771136 2 0
145987540 8 10
55961095 6 6
150137626 6 7
136072679 4 10
295327156 5 15
352591045 12 4
808252538 9 6
946513918 15 14
762013447 4 3
984855111 9 11
333444981 10 9
557780244 7 12
4002922 0 8
976133182 5 10
950068568 12 8
633718751 8 6
193081087 13 6
240450176 12 2
667479606 2 13
948448118 13 9
889825515 2 9
396959624 8 13
682360168 15 13
2921941 13 2
601816023 3 12
373788916 11 14
212206088 10 14
407929948 3 8
545680240 12 3
577776134 3 2
278308212 8 9
49540177 12 6
213669351 5 14
566215716 9 9
69850065 3 15
966597465 0 12
464114802 8 3
781840217 9 1
229290630 0 2
774109699 15 2
600201673 15 9
975165649 9 8
866544317 3 4
390308413 8 12
536343210 0 0
537629537 8 1
41717221 1 14
433598941 14 0
883655253 9 13
299771900 6 0
519178290 10 12
433794329 8 8
679142160 13 3
138491455 10 11
207834395 8 7
11282191 0 5
737369764 7 11
629343974 1 6
259983324 13 15
711647806 5 3
486923998 4 5
2288724 15 1
897150450 5 6
904894731 14 5
924310543 12 1
814625552 15 5
455444897 4 1
436542014 5 4
800864141 11 6
370050114 4 15
296309361 7 10
231073154 13 14
884007472 8 0
117866554 6 3
187555245 7 15
930527208 11 10
87579861 15 11
143477482 14 13
885247715 9 14
542718564 0 1
296686815 12 14
936907879 11 0
56557159 14 1
446472783 11 7
143198897 7 7
956747115 10 10
850722767 11 12
564888035 6 10
617262133 4 11
782316502 11 13
182849144 2 10
961746626 2 3
816750936 2 8
556686633 7 8
782566400 2 6
931746416 3 14
596838539 8 4
477851401 3 5
579147978 2 11
592398548 6 11
260920644 14 10
365256130 14 6
376172157 13 1
135181499 3 1
126678139 15 8
558089921 9 15
333983877 10 4
960595541 14 14
991904557 12 10
7698201 1 10
133814417 12 13
693840822 12 9
678084317 5 13
214940671 4 6
352495891 14 15
493806934 5 2
457711118 12 11
328078670 14 8
866366403 5 8
595299474 11 11
14815434 4 2
649380868 14 9
201043996 11 2
694138921 6 5
35133214 4 8
640586947 11 8
855110622 7 5
93038783 15 3
45939099 10 13
221701713 0 9
148406154 0 14
495783773 13 0
245998039 4 12
251781656 7 3
612632809 4 13
379756527 0 15
151062250 12 12
328634023 10 7
466202502 5 9
377813445 2 4
152706546 3 13
277804079 15 4
439017775 10 5
477504530 7 4
106170511 2 14
364754694 6 12
809829496 8 14
534670960 10 15
689909607 6 8
744430632 14 2
34418999 8 15
644128602 5 1
389116067 11 1
163582897 14 12
915502857 1 4
540774065 10 0
163199600 0 10
587284836 1 11
443786188 0 7
13701688 2 7
494669184 2 5
585177895 1 12
555815459 10 1
325935640 1 2
990464390 3 11
873860485 9 10
715326966 0 6
761119069 15 10
324989373 3 6
308503594 5 5
188860143 7 14
353538166 2 15
872748898 6 1
926166635 11 4
265570045 3 7
469650873 6 2
659345461 7 0
736112060 1 1
878447317 10 8
487667164 7 2
555862269 0 3
323096119 13 4
972248684 4 4
715348093 0 11
777978369 13 10
356227868 12 0
335670654 8 5
61201564 14 7
152049039 3 9
65975115 10 3
592398548 13701688 352495891
14815434 809829496 373788916
56557159 899657818 438470142
324989373 143198897 41717221
328634023 946513918 117866554
706882051 55961095 324451915
352591045 809829496 14815434
213669351 927707559 145987540
534670960 295327156 240450176
849488739 239721514 409444206
617262133 779068917 782566400
258896256 117866554 872748898
646251562 924041213 930527208
800864141 667479606 304317661
325935640 891510098 975165649
229160203 281810455 164693834
436542014 629343974 388845985
145987540 155007290 97288194
77852687 736112060 148406154
93038783 566215716 213669351
151062250 353538166 245998039
281810455 34418999 97288194
809829496 245998039 924041213
45939099 11282191 612632809
231073154 859587189 493806934
991904557 644128602 239721514
736112060 245998039 577776134
265570045 904894731 711647806
659345461 915502857 805152056
433598941 436542014 774109699
534670960 133814417 682360168
295327156 135181499 542718564
65975115 77852687 904894731
93611662 93038783 948448118
659345461 555815459 850722767
693840822 558089921 296686815
883655253 487667164 55961095
715326966 805152056 117866554
324989373 976133182 519178290
87804637 2921941 152049039
373788916 152049039 45939099
464114802 216566064 946513918
152049039 388845985 494669184
97288194 872748898 202713264
13701688 899657818 706882051
299771900 777978369 537629537
296686815 364754694 477851401
66927290 781840217 781840217
388845985 555815459 682360168
519178290 542718564 889798188
579147978 889798188 800864141
41717221 433794329 781840217
130674929 629343974 4002922
617262133 187555245 758863099
781840217 281810455 683343112
229160203 545680240 782316502
409444206 455444897 866366403
587284836 135181499 143198897
542718564 682360168 163582897
143198897 135181499 991904557
77852687 214943454 143477482
97288194 259983324 231073154
930527208 396959624 8299059
155007290 878447317 61201564
151062250 689909607 646251562
744430632 583294536 135181499
926166635 240450176 649380868
950068568 354761799 135181499
457711118 686908850 585177895
69850065 390308413 782566400
352495891 49540177 168320399
390308413 152049039 407929948
65975115 258896256 324989373
155007290 469650873 328634023
201043996 281810455 13701688
364754694 960595541 323096119
378852074 438470142 534670960
325935640 61201564 897150450
216566064 600201673 495783773
689909607 976133182 924310543
188860143 55961095 281810455
991904557 600201673 7698201
17404865 557780244 587284836
333983877 746925841 245998039
64826355 926166635 260920644
93038783 19827460 694138921
956747115 299315838 873860485
202713264 758863099 353538166
950068568 138491455 924310543
407929948 2288724 353538166
2921941 214943454 11282191
258896256 689909607 296309361
151062250 984855111 541823371
469650873 106170511 11282191
8299059 758863099 955787468
324451915 56557159 715348093
446472783 885247715 519178290
148406154 19827460 873860485
927707559 389116067 960595541
143198897 214940671 615771136
