119 28 500 100
812570490 108 21
893820176 29 18
887230444 14 24
517471274 88 16
142679896 12 6
967890862 98 14
633298365 39 24
628479515 82 22
874140113 90 20
54805402 114 14
188708661 36 27
125778770 105 19
818347498 112 4
774296059 114 21
895026947 49 0
381780913 97 1
135482012 88 18
474296586 23 2
903695114 27 4
599426410 50 7
282434387 31 20
795741845 54 15
105474784 17 12
660201349 105 23
696779376 16 26
366578301 33 25
932232784 92 18
868327005 78 5
327831496 79 11
251189560 57 25
501316568 27 11
278948899 38 23
862154020 102 22
544665167 39 21
996834092 99 17
44024154 92 27
809487551 68 22
225259233 8 4
39438769 89 6
978198873 2 5
599118795 48 14
56085535 9 24
792563459 93 0
537814732 103 7
671766764 106 0
456978382 40 13
821621615 13 5
117336115 37 21
473270971 109 17
594783432 33 8
272619129 26 22
782574690 114 23
224663620 48 24
806957435 31 4
247169880 46 12
382774016 37 22
694397832 56 1
849042024 78 14
792749941 42 11
961392392 77 9
73828348 23 8
712153253 113 12
492826352 42 18
664316746 26 11
463412489 117 0
168883804 85 20
252777755 95 14
184390379 88 25
447119498 51 8
340885834 108 1
189631740 15 16
431351264 72 10
296693073 115 2
360024896 51 11
373145551 95 10
81786232 62 21
990631329 99 7
256207014 42 1
50058626 16 21
976575183 105 0
707924917 100 25
904991987 9 1
103437624 18 19
686346076 30 13
181839928 102 11
806755126 44 4
586217927 57 18
662376804 56 27
683010251 104 16
606498960 112 25
84771386 105 9
628395652 61 4
823299203 85 12
832655032 110 22
844534863 54 22
383930411 106 24
586341993 99 22
834962037 4 23
475162873 67 5
673817117 43 0
784112632 2 4
271361063 60 3
880983263 103 10
359403249 17 19
336540065 3 14
529512511 46 11
572259547 21 13
140422292 63 10
274249034 101 23
517968835 17 24
236406397 33 27
437855428 91 8
627639499 118 17
991286987 110 24
490090118 115 19
794370454 118 25
561618544 59 25
879015174 1 8
804007277 21 11
352172017 69 8
887098234 8 18
534888502 20 9
7013853 118 6
407689233 57 22
12936862 12 13
442216111 100 24
779071285 112 18
649341445 74 26
905394820 52 13
915675100 66 20
987011591 90 17
243548208 88 3
813623369 9 20
575519931 89 9
54384281 100 8
632647627 75 15
666790397 40 10
173640796 109 12
839188839 63 27
496969058 39 27
743066918 81 27
999492197 63 5
793585567 17 2
466842451 31 25
446186300 72 3
354784657 8 1
527325091 29 15
458684498 97 11
934489131 82 13
879618604 59 4
58144651 53 18
78577640 20 10
368407764 76 27
990854297 101 20
799816096 20 17
659407087 84 26
745073547 118 4
105207244 83 2
519955682 117 6
572627992 62 3
288481434 109 26
151804369 87 26
283510659 20 21
583857253 68 9
558292157 40 11
343068739 73 7
713741674 24 1
476766127 34 7
493510565 96 16
669826773 80 13
41879729 47 23
640571681 66 8
97577589 97 13
161310669 45 25
903170600 77 23
494263227 94 12
213102152 96 11
351686788 81 22
719487440 95 4
299190480 32 22
952149161 84 25
762335719 29 0
269709152 0 20
324260488 26 27
754386456 77 17
180487417 42 7
31982786 2 12
252426335 17 6
550353036 44 12
579978063 85 11
300522135 38 27
306694564 110 25
450159596 45 1
660120978 14 22
629571759 6 2
559871483 82 9
266261653 20 0
325675521 38 8
372766355 30 17
488173019 69 19
765253079 1 14
864845036 103 20
695173627 44 11
974633745 12 26
306464376 83 11
610576186 111 20
559711064 14 19
161069371 100 6
453187375 83 4
752788196 53 23
976227915 71 20
450359374 50 15
28149546 21 22
240352119 58 22
593388076 70 1
209517841 64 6
436051081 104 22
946084502 80 25
85573252 76 4
729797024 113 15
220311776 82 26
514207862 55 16
373460883 83 27
249455593 17 14
352651705 30 11
678034529 88 2
473891019 99 2
28761650 118 9
357416720 64 14
490795316 45 4
708744018 80 12
95575441 102 2
897727957 46 24
131699168 95 18
360489604 98 20
264410739 25 24
200701549 33 17
95142892 17 11
298110063 88 22
311253270 88 0
98846002 54 23
403906545 71 25
826358358 1 10
10397710 49 18
330695918 60 4
161865245 94 6
390181679 20 1
800328900 70 11
417548132 81 23
260332209 108 26
506010149 37 5
219874802 15 2
354030535 66 6
162850947 20 15
85131542 12 1
715323944 92 1
152494913 90 2
335355261 89 10
433361173 83 21
526502474 114 22
447064942 14 23
428145948 86 13
23498985 106 27
684389904 40 19
388514014 96 22
615400177 53 13
329311117 13 12
288573573 92 3
37528470 47 24
945373988 60 14
807410862 34 25
636976265 42 21
82269583 77 15
488916204 74 15
428624176 55 13
537728847 85 25
478357302 17 0
672673048 23 25
88022442 12 15
558617823 22 27
247673835 108 22
903105161 5 7
133155045 42 22
193191573 115 26
42478722 50 14
939769525 71 17
606088288 59 17
714266016 100 9
26686917 44 24
264262694 55 27
829760719 73 8
224261508 0 3
699229423 30 25
133110521 71 22
792610968 58 27
619617433 117 3
81956914 27 21
91274080 106 18
33412692 57 11
882761865 101 15
874010419 45 17
23036448 51 7
793742676 16 1
736774870 105 10
619096969 8 7
11815188 5 23
505655322 35 23
241343825 15 18
393668417 114 2
730969512 112 23
662455003 5 2
971498660 81 17
665464669 41 3
385297758 32 2
346863108 64 13
102721738 111 3
183463504 2 13
544238157 40 21
58732722 102 8
343386001 94 16
804786819 76 24
282195869 7 13
910387512 39 4
395507487 59 5
49780436 47 15
183635980 39 17
696731549 66 3
574230122 4 12
688364306 11 16
614780524 11 17
683157531 110 21
695701439 14 2
454599810 107 14
44997154 66 14
874011554 99 26
114402108 99 23
136235613 106 13
408953257 51 22
604516946 94 5
740617557 82 0
552621647 117 20
935183117 12 21
10368516 36 3
171750738 108 13
286458106 41 10
709975153 92 15
461393602 18 6
720143312 59 14
296135281 19 15
468274825 47 5
928770891 77 16
850404156 97 0
929740989 25 16
650502432 93 27
319357840 42 4
877980763 90 27
373833820 9 9
833665940 65 1
45158714 44 7
87753925 102 12
593649341 96 9
184888149 18 8
762077217 102 19
107115365 39 15
47483077 102 26
860223593 20 16
808241366 85 24
653124347 74 5
383183693 75 12
721068523 53 5
221073690 66 25
111941786 19 6
729196449 34 14
223779463 112 9
848273509 35 12
56075818 59 3
998504962 7 22
677650688 103 14
712148576 12 5
153030887 116 17
362606629 53 22
594081963 33 22
417924459 43 13
625719776 93 2
460266419 111 14
627167729 62 9
413756184 18 23
889995897 60 15
9875143 114 26
64397009 79 14
518211246 113 9
439400681 101 3
234807923 36 7
443601243 11 20
315975079 48 12
421020349 59 7
270383419 72 24
133837366 78 6
724383282 96 12
530209619 96 10
356838807 73 26
36190491 63 6
229865393 52 0
223412832 43 4
494629494 111 13
983003991 34 21
131223356 39 6
560898155 114 1
312392630 92 19
487149645 116 20
224954909 46 25
359479631 4 24
300176045 70 4
999357426 32 5
805679698 3 8
630765757 72 27
361907875 37 25
222007631 84 18
455030031 37 12
857288375 73 2
211581269 42 16
833479939 58 16
229558585 49 12
965910550 93 11
53280116 63 26
204655039 14 13
697284075 31 23
51491590 23 23
801265444 7 0
959752392 54 9
754696949 46 1
229325701 7 11
427883133 91 20
681258616 66 11
338702680 16 11
100532711 76 9
575979534 48 23
181738172 3 9
507887051 5 26
920707925 94 19
627496277 19 17
889637271 111 19
812389689 96 18
740169801 116 0
154266440 0 26
441143710 90 0
355781953 36 2
585003795 80 26
678746319 55 8
957886587 88 26
68857525 80 6
680052823 15 7
242297159 86 12
530316139 91 5
163971099 3 0
201031565 76 14
436261120 46 17
543525823 49 14
113873455 44 8
401409920 53 3
821185984 55 5
674889566 31 5
245496927 2 14
311310544 4 0
413828927 74 2
834350402 22 19
879787342 46 20
497118320 3 2
27291561 92 12
159286775 41 26
302291793 117 10
983644200 26 24
724613663 0 16
270344223 33 5
838508277 28 3
99207444 15 4
401323830 115 3
436524272 7 24
188972407 9 0
819407395 52 20
169131382 37 19
11874996 64 15
882758986 67 15
164787352 113 7
987144668 7 25
346382152 57 20
890455701 0 1
7467661 14 15
134355032 96 6
465325213 46 5
998605234 12 4
563733355 46 18
693366352 25 12
290439483 118 11
579428273 60 10
166867060 85 4
407423771 61 14
957040313 74 10
382418643 19 19
844911930 79 25
224663620 219874802 838508277
678746319 407423771 136235613
713741674 356838807 163971099
200701549 447119498 266261653
627639499 312392630 794370454
299190480 910387512 610576186
660120978 849042024 441143710
518211246 135482012 493510565
653124347 169131382 454599810
359479631 517968835 223412832
240352119 832655032 794370454
957040313 87753925 677650688
288573573 201031565 372766355
550353036 193191573 754696949
68857525 488173019 383930411
801265444 880983263 474296586
999492197 497118320 740169801
188708661 889637271 974633745
355781953 586217927 712153253
49780436 834962037 188972407
466842451 610576186 10397710
762077217 354030535 10397710
105474784 463412489 11815188
73828348 234807923 834350402
336540065 436261120 45158714
537814732 476766127 625719776
260332209 696731549 560898155
730969512 683010251 910387512
436051081 437855428 161865245
530209619 78577640 666790397
44997154 162850947 593388076
450359374 743066918 91274080
443601243 85131542 939769525
385297758 401409920 26686917
745073547 247169880 296693073
625719776 447064942 95142892
180487417 269709152 73828348
736774870 686346076 695173627
983003991 11815188 695701439
220311776 352651705 849042024
575519931 408953257 221073690
442216111 441143710 807410862
78577640 171750738 436524272
201031565 636976265 792610968
166867060 133155045 615400177
874140113 329311117 362606629
306464376 838508277 895026947
857288375 579978063 436051081
729196449 256207014 408953257
188708661 454599810 100532711
164787352 153030887 33412692
976575183 256207014 354030535
627496277 229558585 494629494
834962037 161069371 809487551
806755126 465325213 672673048
135482012 497118320 450359374
403906545 998605234 151804369
792749941 983003991 252426335
721068523 390181679 56085535
529512511 125778770 669826773
26686917 270383419 11815188
619617433 264262694 162850947
987144668 630765757 27291561
50058626 315975079 298110063
807410862 895026947 782574690
173640796 311310544 604516946
699229423 560898155 494629494
241343825 473270971 935183117
47483077 329311117 153030887
87753925 356838807 260332209
998605234 266261653 354784657
460266419 417548132 696731549
669826773 437855428 114402108
877980763 492826352 505655322
632647627 105207244 662376804
224954909 683010251 662455003
730969512 131699168 932232784
461393602 443601243 229865393
453187375 506010149 290439483
575979534 436261120 501316568
407689233 879618604 673817117
204655039 834962037 630765757
42478722 113873455 662455003
494263227 967890862 586341993
838508277 393668417 413828927
779071285 356838807 95142892
346863108 85573252 133110521
672673048 461393602 983644200
7013853 765253079 401323830
229325701 131699168 37528470
939769525 159286775 373145551
473891019 965910550 383930411
895026947 660120978 447064942
561618544 804786819 153030887
563733355 636976265 296693073
131223356 234807923 413828927
665464669 97577589 935183117
978198873 247673835 594081963
441143710 361907875 745073547
393668417 784112632 443601243
