1 500 500 34
631519698 0 266
472000742 0 451
391499232 0 328
205328225 0 301
568915716 0 414
622959650 0 89
477607806 0 5
999027251 0 47
271326543 0 251
135953156 0 223
979833172 0 326
919106978 0 152
590328214 0 37
755524905 0 128
423538400 0 90
484872311 0 417
676931985 0 327
534658338 0 264
701545906 0 196
512345515 0 116
662847050 0 309
332657395 0 64
848649201 0 113
350024941 0 276
643301538 0 257
318522516 0 130
721238229 0 297
625296159 0 263
931152845 0 100
709302899 0 342
548292910 0 14
567209177 0 397
439042002 0 56
286706673 0 108
885397468 0 189
894003941 0 380
641603596 0 138
230811104 0 45
574162516 0 434
599646913 0 402
251976107 0 270
699341580 0 135
592877346 0 345
355882272 0 236
291503668 0 228
150599855 0 34
665257057 0 369
563010153 0 9
968749053 0 441
23668474 0 137
122058820 0 304
381178167 0 36
137886898 0 33
559056787 0 162
38858129 0 21
976164055 0 216
688692691 0 287
892219921 0 161
869562401 0 164
358625229 0 199
903084339 0 163
607859330 0 190
328610146 0 392
216160335 0 275
434282363 0 305
720036839 0 460
533266645 0 385
382009032 0 280
775288484 0 400
19463346 0 286
453702288 0 155
122635351 0 98
178858625 0 259
424905038 0 339
79848892 0 308
324455757 0 92
353096499 0 390
553680535 0 136
462316824 0 412
829414835 0 254
330011058 0 126
98634846 0 198
484413812 0 449
130459073 0 391
441211979 0 346
416307686 0 18
937522231 0 320
772823144 0 78
826066717 0 121
71241834 0 54
65856474 0 348
583801290 0 193
349300379 0 427
3329941 0 129
293198955 0 373
58165692 0 195
962104845 0 396
577028616 0 407
717062155 0 111
983987787 0 284
891625998 0 82
950866391 0 24
276690800 0 40
207691316 0 245
427414799 0 464
117625100 0 271
551090788 0 316
412353898 0 157
928991699 0 97
735875107 0 267
274242628 0 383
996666771 0 30
725045745 0 421
391099020 0 22
564947073 0 246
46689420 0 341
8222294 0 123
788129069 0 265
363509538 0 461
598814945 0 485
194774464 0 7
188056285 0 337
49066817 0 197
861751893 0 336
668071748 0 422
813734634 0 387
483520906 0 124
877910112 0 105
218079944 0 205
747803540 0 368
139263167 0 256
655994540 0 119
118931849 0 178
906864784 0 363
252419126 0 184
800635288 0 260
807137431 0 148
169805701 0 125
683354713 0 42
829245621 0 8
975182676 0 353
384074898 0 376
907291429 0 395
487188811 0 176
25103865 0 166
601932487 0 96
677894828 0 53
698909397 0 322
154347026 0 466
701852839 0 492
37119891 0 44
715696000 0 217
998896892 0 484
374979244 0 102
90230164 0 386
813183153 0 143
60842606 0 382
458048451 0 428
547016701 0 132
853054844 0 23
733392621 0 470
537989580 0 493
244754480 0 351
999420717 0 324
772604502 0 365
373541915 0 344
310255649 0 334
374453187 0 370
464762456 0 469
813853690 0 115
113130203 0 192
255168112 0 171
551454455 0 319
253289765 0 170
532569851 0 144
557953563 0 384
270468363 0 282
843675212 0 277
157393203 0 238
127766494 0 106
936603327 0 453
522115476 0 354
205392585 0 494
790530439 0 35
886025746 0 476
345265430 0 456
547462165 0 25
271563803 0 183
752707417 0 317
523290463 0 338
88601862 0 66
325365839 0 207
769372091 0 174
984699375 0 218
489952670 0 410
727707918 0 475
57768883 0 333
896874426 0 371
572332145 0 312
172934646 0 232
826623890 0 432
472969130 0 179
529600298 0 482
523946458 0 99
498487291 0 289
855578394 0 423
966867719 0 393
551720257 0 62
204317285 0 481
706869852 0 274
58511192 0 169
244579045 0 203
292665757 0 361
564540213 0 75
691923459 0 343
923641910 0 290
171782209 0 114
502924124 0 358
229913603 0 425
354768853 0 447
883894598 0 69
406005502 0 160
746777061 0 86
871947289 0 214
347145330 0 307
803113277 0 323
808989769 0 258
151136653 0 448
808071394 0 67
56018604 0 255
480048231 0 444
330794352 0 261
51996550 0 51
38026709 0 226
774509703 0 165
241842227 0 318
134542240 0 68
742544819 0 477
653118088 0 83
245913087 0 72
775573321 0 413
509009464 0 15
974888026 0 112
641084205 0 379
96469996 0 168
894426312 0 377
314570884 0 159
507659467 0 107
908567241 0 60
183583420 0 357
668335775 0 283
748224798 0 426
403643763 0 418
454808545 0 150
569224664 0 424
646722586 0 431
722000979 0 103
816936694 0 215
363701106 0 55
782738412 0 399
934913826 0 46
116022321 0 415
430676290 0 95
257396593 0 80
694659443 0 430
929323963 0 496
403931697 0 445
871381692 0 389
811441447 0 241
918883375 0 420
410042046 0 20
258739092 0 329
883380982 0 101
324720415 0 212
553871737 0 471
97574387 0 200
526859501 0 491
370078607 0 158
428803977 0 88
359823496 0 243
138700010 0 240
168346232 0 41
908684071 0 65
941359414 0 303
592294178 0 367
696219463 0 490
875911201 0 291
672207251 0 32
68367516 0 483
458766427 0 296
149007960 0 11
517572970 0 74
505517492 0 281
974885258 0 347
360007746 0 3
707168569 0 209
342132889 0 16
782021788 0 360
153012584 0 454
309334196 0 457
18306510 0 446
79686095 0 268
666905833 0 409
158213440 0 237
443664557 0 48
199446097 0 459
64378358 0 273
643310712 0 181
919219167 0 145
972685513 0 188
245373524 0 73
331253420 0 191
960155621 0 486
336226255 0 204
964058845 0 468
645427037 0 1
605967763 0 340
337564784 0 6
548205567 0 187
259936707 0 310
208474255 0 450
846834859 0 87
163514939 0 436
979824455 0 352
386202070 0 350
771081718 0 315
568484007 0 173
57883657 0 2
621917240 0 233
539525049 0 26
568534893 0 61
621346139 0 364
235518679 0 227
829942737 0 356
184545866 0 154
698952259 0 398
904028076 0 49
535468303 0 131
328121104 0 93
279792637 0 27
448671234 0 473
613427127 0 222
54592036 0 71
124704375 0 388
743552249 0 185
377455106 0 487
225976064 0 211
741016276 0 142
207146500 0 12
832968860 0 13
317109938 0 472
427881450 0 405
508831083 0 139
176303398 0 497
474666075 0 294
507146436 0 495
652455626 0 63
71361205 0 146
993812402 0 292
546768160 0 244
795540880 0 219
688187473 0 28
163631487 0 81
443950065 0 285
44482433 0 110
146019191 0 311
968932384 0 349
64990686 0 10
171114293 0 122
474915992 0 362
516159495 0 186
735659969 0 480
706323607 0 438
324154264 0 4
602750521 0 406
197295914 0 50
542564198 0 151
965056591 0 57
978066640 0 335
429527770 0 455
135511479 0 269
666159883 0 467
883052923 0 85
511288136 0 419
492285041 0 253
692958988 0 331
613513209 0 479
851471135 0 321
135809999 0 488
532498183 0 247
107893410 0 239
473469374 0 306
14577122 0 462
194923940 0 443
419743966 0 156
784588727 0 175
701681421 0 230
695192576 0 38
758098347 0 117
562717520 0 372
29988487 0 234
556653100 0 499
745378331 0 250
530118917 0 202
772949212 0 29
288667564 0 229
437521875 0 104
724999172 0 70
316934253 0 0
64113656 0 435
297246606 0 442
716389551 0 149
793331179 0 242
345664766 0 43
523188632 0 478
14261022 0 194
769764064 0 408
337298334 0 295
226794068 0 411
878931354 0 133
49044006 0 19
624800301 0 167
982453943 0 147
275875107 0 141
925236333 0 225
68515059 0 180
756329674 0 325
464294379 0 355
62547642 0 231
697538221 0 313
454841387 0 177
83345369 0 201
560509666 0 302
653070603 0 221
415263372 0 127
447939847 0 79
960040467 0 118
253935923 0 84
213581363 0 293
824433733 0 94
122347340 0 172
383246908 0 381
436367993 0 404
17789331 0 140
139744 0 272
19177396 0 39
861995595 0 210
175413931 0 403
133195256 0 332
532330011 0 76
530446508 0 58
446638964 0 440
638500109 0 213
493309286 0 416
687924529 0 252
748144784 0 153
914726002 0 206
671133564 0 59
183625859 0 330
731818447 0 465
926827464 0 300
729958076 0 378
779346145 0 91
24535226 0 439
503374727 0 433
992737910 0 279
609448091 0 120
702918409 0 394
308617084 0 208
186574189 0 77
968101016 0 375
22936365 0 52
942959429 0 134
963785820 0 288
381600977 0 463
338378439 0 314
465117399 0 359
932158573 0 458
998601428 0 498
825476911 0 401
831923961 0 224
352203203 0 182
921016386 0 298
640708078 0 262
93710790 0 374
776825330 0 278
723948881 0 452
541657412 0 220
524542255 0 109
214258817 0 17
996971338 0 489
751499939 0 249
926299511 0 429
748354927 0 248
737150220 0 31
985456433 0 474
635819445 0 437
872136619 0 299
362580359 0 235
252586058 0 366
423538400 742544819 427881450
318522516 551090788 419743966
562717520 259936707 934913826
965056591 747803540 526859501
464762456 208474255 350024941
183583420 163514939 813183153
415263372 530118917 982453943
127766494 891625998 509009464
687924529 602750521 638500109
124704375 731818447 204317285
271563803 542564198 574162516
548205567 645427037 25103865
462316824 8222294 336226255
338378439 216160335 328121104
370078607 641084205 687924529
848649201 383246908 324154264
715696000 454808545 363701106
624800301 560509666 733392621
56018604 316934253 347145330
672207251 22936365 706323607
758098347 336226255 255168112
974885258 183625859 551720257
316934253 337298334 784588727
532569851 652455626 169805701
553680535 779346145 29988487
733392621 214258817 253289765
139263167 553871737 484872311
171782209 697538221 982453943
359823496 436367993 139744
541657412 569224664 427414799
885397468 742544819 415263372
715696000 324154264 542564198
668335775 774509703 293198955
403643763 24535226 79848892
