378 3 1082 100
507074783 345 0
946943464 182 2
616756019 289 0
678660874 214 0
900446138 17 0
605331190 103 1
780352936 367 1
535605203 337 1
337856948 275 1
220285004 170 1
606699242 266 1
458097794 129 0
666707136 330 0
848432195 205 1
652037736 178 2
199576188 205 0
64063332 9 0
492617196 293 1
104729950 38 2
461106458 319 1
875996985 240 1
858348936 109 2
691615075 90 2
431338025 294 0
675149676 29 0
749741839 44 1
562985692 150 1
710646888 187 0
947420480 307 1
575648427 342 1
194643846 10 2
745313293 151 1
399422602 84 1
163739450 325 0
590018800 340 2
258493761 208 0
829249587 137 2
426913487 299 2
440029950 342 0
562558111 292 2
732323002 30 1
998393648 53 2
804313192 218 1
482217401 372 2
668918448 209 0
370596442 123 2
754148152 337 0
505109395 363 2
951495993 164 0
648800505 126 1
643731792 309 1
429160230 241 0
257391761 310 0
79773937 317 0
504409314 193 0
316898782 245 1
617953925 235 2
858938840 315 2
466968310 174 1
50294301 47 2
393634038 262 0
766724473 82 0
490767335 2 2
932522934 29 1
216457306 322 1
228492882 188 0
846517222 48 2
532340850 276 1
693959227 302 1
633605654 117 1
843034486 8 2
952980622 355 1
535961525 311 0
589298221 165 0
893310958 159 2
592125755 176 0
165832188 21 2
809991215 258 1
320021498 296 2
42134813 40 1
338524884 184 1
564278893 107 1
837012506 177 0
546549453 89 2
288428311 234 2
325253224 135 2
520904994 24 2
774495575 257 2
734375731 336 2
865145688 169 0
461991097 11 0
371071165 43 1
990050729 23 1
424891558 374 0
240476122 167 2
191040626 49 1
926013327 369 2
385920114 202 2
839608661 181 0
549810143 264 1
459024655 194 2
394337806 111 2
588364879 213 2
236056289 290 2
721232870 302 2
519899264 114 0
379847870 120 0
284495945 144 2
635548134 268 2
781738756 125 0
724841966 224 2
589025371 26 1
711508852 10 1
525423496 362 1
65025278 123 1
666538319 253 2
403965450 346 1
889785647 201 0
801660260 52 1
68444628 101 0
285699254 306 0
750126799 246 1
841037669 126 0
438462856 139 1
936433818 256 1
397968242 15 2
903298206 231 0
311124353 107 0
655409002 280 0
327798489 305 2
929737342 13 1
911057095 6 1
713650161 169 1
357108724 260 1
898260681 280 2
584784599 345 2
368724620 286 0
710432107 155 1
836307990 365 1
413582370 356 0
990551469 57 0
442274328 60 1
713151058 226 2
197647499 129 2
956231769 252 1
220830091 161 1
544721212 332 1
162464237 335 1
141658283 53 0
173228677 149 0
761426150 331 0
671095955 166 1
540978767 361 2
191422845 242 0
82734650 186 0
672757694 25 1
88760071 303 1
27065630 354 1
468307827 321 1
991748643 327 2
394947882 270 2
627017927 223 0
851333792 59 1
270849642 210 1
968720416 347 1
69070601 279 2
289281060 370 1
91833264 208 1
574071015 56 1
795612717 96 2
341776184 162 0
53584902 281 0
25954961 313 1
180983468 88 1
442400872 313 0
535289583 158 1
82007236 54 0
705806260 260 0
797201938 207 0
158676966 200 2
472775736 200 1
177070506 263 1
400786666 370 2
367720150 201 1
149622589 39 2
768264355 267 0
486002809 289 1
581010592 97 0
266003506 72 0
795294953 100 1
883777433 91 1
397800345 365 2
132841999 251 0
57153404 328 1
970338043 304 2
427429897 86 2
976320732 5 1
508699278 115 1
843861921 250 1
725435052 67 1
516397624 53 1
813672454 308 2
134011748 216 0
251052853 198 2
288969683 142 0
621250558 108 0
963686255 371 2
65684167 134 2
789746675 112 2
29714757 265 1
927084226 323 2
470410362 143 1
780811251 279 1
516708830 68 1
761350832 141 1
85390812 321 2
40646848 178 0
762826111 45 1
679684961 5 0
936834925 234 0
975135067 251 2
594410515 326 0
139760721 240 2
682629409 136 1
864224601 55 2
536617017 358 2
162670799 50 2
196861666 315 1
776884582 275 2
870755266 7 0
913026687 80 2
603733772 189 1
649663933 130 1
512440886 276 2
508806616 289 2
295808239 88 0
392467122 44 2
582962512 31 1
100491943 81 2
384911185 348 0
275010856 140 2
740687230 180 2
471598218 56 2
773850345 84 0
66658075 199 1
894122082 47 1
441815926 190 1
693247205 277 1
536443416 261 0
547516243 194 0
391877170 98 2
637494629 127 1
67100608 27 1
294570461 338 0
92746970 190 2
995980285 213 0
416043081 92 1
479862845 30 0
6366556 207 2
977347639 35 2
999131900 202 1
353638374 263 2
761857534 72 1
162182671 41 1
256488632 145 0
788602366 272 2
812115414 193 2
949692533 348 1
104989294 175 0
853980129 196 1
850477905 314 1
738057679 341 0
465846691 283 2
691330461 127 2
349720749 158 0
12424308 268 1
984459505 23 0
890496117 306 1
452680830 309 2
815426354 187 2
501811845 366 0
465177439 339 1
475063341 116 0
48502216 117 0
570893475 299 1
530118022 351 2
393363060 105 0
500961133 131 2
240938526 47 0
458622152 168 2
324407267 268 0
652196679 255 1
473050336 372 0
428842040 203 0
202297182 34 2
87734005 212 2
299335784 245 0
269164189 175 1
234859677 65 1
112492294 60 2
734219847 334 2
267120882 83 0
338654379 333 0
810375552 79 2
476644514 120 2
540427492 374 1
319902824 121 1
855811162 122 2
468900019 181 1
821847383 87 0
482531079 255 0
31734273 375 0
746669384 30 2
116340961 317 2
40322704 179 0
550680535 149 2
620398915 198 1
839694925 163 0
320684639 138 1
191561903 7 2
397019672 221 0
875189018 266 2
87913379 229 0
190292307 171 1
417748050 67 0
493627898 204 1
210000352 130 2
655562494 90 1
984884238 224 0
5010259 247 1
404649326 360 0
220010979 170 2
210968957 291 2
815418305 11 1
837721591 369 0
702827428 185 1
420846439 272 0
522492562 311 1
990961405 288 1
771480539 191 0
972631971 305 1
788959304 347 0
972404305 294 1
226285716 148 1
651425696 115 2
955004699 244 1
766887581 377 0
634982609 219 1
748240096 274 0
757534069 353 1
340542940 360 2
564948229 187 1
182342519 278 0
428723316 51 2
697148892 112 1
653613978 315 0
730847888 304 1
630379627 344 2
944606403 343 1
943159147 54 1
49380072 103 0
772464993 68 2
585514375 52 2
979903562 214 1
803763025 82 2
641120144 83 2
8680565 338 1
524680571 339 0
884385585 319 2
409245671 3 2
594356139 10 0
998322231 366 1
23657728 186 1
62068873 20 1
743319965 132 1
196734507 204 2
374760654 247 0
235730764 253 0
456960404 17 1
250102262 369 1
502592186 139 0
542001211 134 0
959417898 243 1
129836462 34 1
924270972 115 0
756903957 163 1
287246287 233 1
637418332 237 0
896435932 165 1
879957195 324 1
573573447 314 2
707281275 242 1
338069048 163 2
961779206 322 2
625464874 346 0
601310589 70 0
627958018 283 0
110277534 15 0
709671267 221 1
952962118 353 2
608233280 286 1
430416932 280 1
774541746 330 2
448860335 341 2
632081419 373 0
405301081 59 0
479203882 362 0
334031876 20 0
767941136 216 1
398809269 12 1
429624499 305 0
810815622 307 0
786217490 71 2
203622881 230 0
938069641 74 0
422575595 219 2
163220837 283 1
404181821 85 0
187574459 265 2
53589465 375 2
33715317 154 2
384889947 250 0
802551469 262 2
224132206 99 0
211672381 179 1
269177473 133 2
920001174 132 0
323710139 320 1
909593553 191 2
415778604 150 0
901833219 164 2
445732676 197 2
612644052 232 1
938747528 292 1
821018194 153 2
168263298 202 0
322946562 87 1
32595448 249 2
629803320 238 1
2079585 273 2
892629160 31 0
403320468 218 0
132013372 85 2
816458178 72 2
953253927 343 2
313462182 340 1
494625849 62 2
641164538 96 1
473652853 348 2
197085484 211 0
477241824 345 1
115565649 4 2
455760539 247 2
283410522 225 0
912224307 106 0
279903108 63 1
269537080 153 0
425056789 267 2
780283404 151 2
596843844 258 2
43770620 36 0
918285176 152 0
408435604 101 2
471310261 356 2
109280046 193 1
41851987 184 2
54642892 300 0
760215280 82 1
473078823 192 1
310573479 216 2
869510663 136 2
490748289 228 0
236191189 215 1
806787115 149 1
356364910 230 1
805039337 277 2
963243065 325 2
674420938 226 0
874051707 65 2
480845853 70 2
346824169 320 2
243219235 246 0
10297982 122 1
375986693 367 0
451823758 81 1
338028552 148 2
956057883 196 2
290856958 95 1
621431655 360 1
606129663 367 2
312288714 34 0
436612185 155 2
30843333 335 2
413628868 12 2
109679958 79 0
125584090 347 2
430523789 252 2
516997317 96 0
634552415 341 1
711246137 97 1
183636409 176 2
980812708 1 0
584187864 93 0
7172516 195 0
449158359 185 2
883103417 176 1
277206409 361 1
500782907 152 2
437248392 229 1
451696270 198 0
481328270 183 2
679251091 349 0
1237250 329 1
390921825 35 0
756103638 314 0
867388980 209 1
317912975 15 1
448118949 143 0
55958181 142 1
560217883 364 0
476016396 173 2
653522305 21 1
23595794 331 2
637251897 148 0
153351019 231 1
998292303 240 0
399331466 309 0
443197937 357 2
490866993 170 0
227832094 159 1
313869899 278 2
852754078 248 2
491310585 37 0
882296113 119 2
700272618 131 1
652869899 286 2
905211119 308 1
767577470 76 0
814251981 144 0
252734969 57 2
933006677 17 2
872702512 175 2
590121394 37 1
410296732 376 1
301542657 93 2
798617126 65 0
714572070 68 0
604145182 186 2
658236637 290 1
560525169 194 1
684372495 242 2
747449371 264 0
957384550 71 1
114635226 201 2
713086243 57 1
778924324 292 0
46446382 138 0
102709082 293 2
306600046 304 0
103735868 104 0
227211099 166 2
998495391 285 2
851624400 303 0
944151646 32 2
322835493 146 2
278240141 227 1
146614653 4 0
840164596 251 1
273833307 18 1
39152571 312 1
762978427 174 2
73231457 140 1
580436703 342 2
8333554 77 0
691093287 174 0
190574201 0 2
408700709 118 0
930180530 322 0
640378288 171 2
288993028 332 0
144915384 19 0
160440237 111 1
11780763 332 2
409566782 75 0
33689014 95 2
651654730 182 0
23502141 223 1
279605594 301 0
265754703 2 1
291354915 243 2
714156612 208 2
377142010 173 0
245263177 69 2
326819463 36 1
813647407 284 0
208313 22 2
769453439 300 2
94050809 133 1
999018449 359 2
455200929 167 1
954654557 165 2
906119855 277 0
107814610 146 0
531760565 76 1
671339878 50 0
487947796 107 2
796531246 257 0
668248169 156 1
957700271 100 0
157428294 236 1
74804916 109 0
474818596 320 0
820932961 145 2
602619544 371 0
282187656 49 2
206193349 118 1
958882106 16 2
658285073 287 1
730668705 363 1
477102875 153 1
38733837 331 1
101115372 203 2
525203276 94 0
186632044 297 2
344189501 281 1
666997782 278 1
485554855 350 0
674745327 318 2
616296262 160 1
168836532 279 0
541670951 197 0
507575634 287 2
476260405 20 2
558762394 254 1
453709842 151 0
17601332 32 0
446158378 78 0
753960660 141 0
133334534 349 2
493295276 357 1
29801181 230 2
722345249 185 0
990117232 63 0
295285952 271 1
443757335 237 2
402810739 351 1
785812502 87 2
281472751 91 2
135952180 124 1
763776112 222 0
230661774 238 0
76834216 368 1
630956968 182 1
565991668 316 1
80940740 141 2
607896272 329 2
258527607 282 0
443780237 261 2
706782328 266 0
822074433 211 1
113394362 259 1
503908350 7 1
16681917 29 2
324983877 25 2
800373537 66 0
674135996 353 0
623746428 28 0
533650975 249 0
27463788 64 1
884396148 318 1
5945327 123 0
873193602 150 2
589069041 6 2
98833795 199 2
539379494 210 2
252706328 104 1
798835738 260 2
477969276 352 0
945639301 109 1
732460028 188 1
398376163 28 2
653625510 312 2
228551748 14 2
167567424 220 1
752797280 318 0
775564155 183 1
63416302 169 2
147144296 4 1
467263029 327 0
645171499 272 1
199657698 374 2
566143469 113 0
598448924 97 2
93683223 42 0
585476565 58 0
337531580 362 2
334699363 22 0
258612822 56 0
780677710 22 1
789738420 74 2
457380715 12 0
256038451 244 0
386906921 119 1
706496300 349 1
68653098 121 2
729883308 94 1
876799253 58 1
758254442 188 2
108605866 343 0
118620149 207 1
439230742 221 2
231774509 183 0
409063816 98 0
378674163 111 0
927591171 273 1
375738915 376 2
876002677 108 1
255980226 137 1
442054665 273 0
610590580 121 0
831187385 235 1
655250736 67 2
453144358 285 0
842393142 92 2
653805483 291 1
629438783 358 0
968375727 79 1
791519734 335 0
7530042 95 0
773341863 5 2
813926346 102 1
46159669 290 0
290919015 52 0
156369233 359 0
53054709 195 1
409387496 106 1
39023560 110 1
644503517 180 1
464339581 284 2
584200184 89 1
439381767 16 0
843108893 158 2
820098568 282 2
417043904 21 0
726677089 45 2
92342680 254 2
456130060 102 0
785676434 337 2
335756328 373 2
971621896 285 1
476541013 46 2
922725682 376 0
356785986 264 2
138824668 9 2
527369347 110 2
20685913 1 2
94102439 361 0
725218999 307 2
986266249 94 2
664805171 355 0
355905254 92 0
26500591 324 2
222507312 35 1
191928290 134 1
737951393 287 0
793519887 116 1
976623250 259 0
214062073 237 1
518864140 3 0
709513301 64 0
289459359 225 1
235687169 83 1
226969458 135 0
990642996 8 0
710313883 157 0
712121079 249 1
838810800 326 1
588416724 263 0
156838558 139 2
908023500 256 2
836777400 41 0
396063373 11 2
229185554 365 0
165126884 157 2
874266128 85 1
22484080 215 2
871976505 124 0
893379480 118 2
677915216 375 1
346203582 225 2
355062181 117 2
214891444 298 1
140442792 254 0
899234158 172 2
441155006 204 0
508476665 168 1
62500695 228 2
936828587 222 2
411729216 1 1
865120412 146 1
697536309 147 0
901798740 302 0
792405178 338 2
746752453 250 2
638363690 233 2
685503099 2 0
5786895 274 1
201908753 358 1
409687476 55 1
617673958 297 1
340221945 300 1
315538961 231 2
134772070 206 1
805693329 126 2
762738817 217 0
755086793 132 2
910517603 40 2
680249386 232 0
5012360 173 1
83122481 368 2
190920935 288 2
865288596 269 1
572050498 241 1
299217079 236 0
307857086 128 2
167110757 16 1
62515382 3 1
832259516 220 0
94112715 354 2
501664103 26 2
545181759 88 2
278305554 13 0
601810307 62 1
815286298 203 1
675392526 58 2
481752452 24 0
737006191 102 2
269797169 364 2
335224741 144 1
379148367 196 0
42471598 295 0
196979473 143 2
281888605 42 2
652191649 156 2
574166640 357 0
494390357 296 0
586478817 228 1
264771873 19 1
531947132 161 2
40269388 157 1
352986545 239 2
895360614 323 0
206363307 25 0
276322681 248 1
280704928 62 0
74495870 105 2
410857578 160 2
536091155 377 2
400381783 129 1
174737257 63 2
907047740 336 0
755816579 210 0
362426064 356 1
346858140 368 0
163004726 106 2
298077160 43 2
863036379 14 0
852435839 45 0
363620738 209 2
298416790 258 0
24670876 55 0
148518639 124 2
636037340 227 0
260662930 9 1
802221067 372 1
228289725 39 1
503211032 138 2
386213400 32 1
295724146 295 1
294339628 262 1
39075994 223 2
508638230 303 2
647728115 284 1
686349431 255 2
29905628 168 0
205498542 128 0
701777152 75 1
930153289 135 1
645982444 73 2
90069944 269 0
829997793 192 0
703604035 113 2
936650987 140 0
99253565 44 0
684318258 73 0
670162553 351 0
548080015 46 0
243843581 178 1
957819233 48 1
749086965 161 0
38136481 295 2
535499754 49 0
335923508 59 2
943706931 214 2
909555072 108 2
899705003 217 2
603800386 189 0
754189987 71 0
56971165 66 1
182293530 326 2
931442805 371 1
571001387 234 1
577671933 330 1
607282886 156 0
707700110 323 1
145307810 324 0
654140602 8 1
938694770 296 1
193042849 291 0
958976854 84 2
673018242 364 1
820376212 271 2
271458964 80 0
818025607 105 1
788705302 352 2
750485207 99 2
147548069 116 2
584272874 212 0
967962061 54 2
234988441 321 0
254748641 61 0
187689766 171 0
124946190 191 1
634837102 238 2
322002094 366 2
216888410 271 0
402533337 334 1
7089307 256 0
519958594 101 1
386162837 301 2
822210623 377 1
711695771 261 1
420314153 167 0
127650909 61 2
698666726 80 1
882717086 36 2
605278659 317 1
573558825 236 2
987866502 166 0
49915397 113 1
741264067 206 0
55358695 352 1
889055086 122 0
404433384 298 2
921386417 159 0
541439095 81 0
485962751 222 1
849907344 77 2
16355433 373 1
342181933 38 1
737769264 130 0
653109757 78 1
801822874 128 1
969761107 355 2
143388681 103 2
812748640 78 2
410241096 90 0
864940453 125 2
194337576 189 2
902953378 241 2
567779915 27 2
705360851 359 1
836403519 89 0
713434588 93 1
760493774 312 0
617060354 212 1
33171 310 2
918730205 48 0
601710544 339 2
105812043 229 2
22098559 217 1
752218792 50 1
200741798 224 1
644761915 346 2
486521327 294 2
574972658 14 1
114761591 162 1
745027666 46 1
552882662 100 2
173280168 73 1
613688767 328 2
308266116 257 1
471100664 244 2
567419495 43 0
881106125 328 0
651595451 98 1
835984592 301 1
56666114 344 1
852828996 27 0
939461202 162 2
200705707 243 0
884424448 127 0
382547614 205 2
937527707 70 1
391815132 13 2
269295132 39 0
850033572 75 2
319058523 86 0
796662854 192 2
930591939 190 0
110422263 179 2
123984457 311 2
693581541 0 0
220645785 270 1
585827211 274 2
69398930 197 1
207213125 235 0
478083316 40 0
917400870 267 1
115391832 200 0
470652169 227 2
818980704 51 0
576125670 33 0
568201774 136 0
463850086 74 1
385434649 152 1
991753656 206 2
52848798 31 2
870908581 276 0
198417300 33 2
424381153 281 2
378495395 350 1
857115556 104 2
386478070 142 2
644659321 239 1
647543599 310 1
694358358 38 0
418029979 334 0
622938603 99 1
951270566 114 2
610993726 33 1
531594641 147 2
266214007 155 0
569480033 145 1
959803896 114 1
994981914 177 1
199514033 66 2
765420845 215 0
876671921 18 0
198194478 329 0
707886079 26 0
89082057 211 2
673052330 316 0
251712758 306 2
97630494 69 1
894720107 91 0
454327992 316 2
287028818 213 1
507943581 154 1
210720316 0 1
621283015 133 0
953484116 24 1
963476064 137 0
760854743 181 2
404756307 246 2
546836931 154 0
824104222 327 1
379743694 218 2
268153069 69 0
90130329 180 0
92720356 23 2
656714277 131 0
933885116 370 0
458306438 18 2
729168785 86 1
411237589 269 2
928857849 333 2
810660714 308 0
276031320 220 2
479270730 61 1
152188786 42 1
511127774 6 0
806787115 567419495 165832188
240476122 310573479 94050809
399331466 38136481 884396148
762826111 397019672 29714757
673052330 56666114 295808239
271458964 781738756 585514375
500782907 508806616 734219847
596843844 6366556 398376163
774495575 805693329 694358358
90130329 357108724 824104222
180983468 157428294 671339878
788602366 991748643 594410515
107814610 417043904 468900019
768264355 769453439 88760071
8680565 228492882 16355433
815426354 535499754 10297982
89082057 271458964 97630494
713151058 958882106 356785986
666997782 30843333 98833795
761350832 767941136 64063332
573573447 722345249 109280046
16681917 285699254 691330461
911057095 235687169 294339628
416043081 392467122 585476565
294570461 144915384 863036379
652196679 568201774 23595794
921386417 655409002 455760539
870908581 706782328 180983468
278240141 540427492 850033572
320021498 863036379 428842040
839608661 930153289 574166640
266003506 23502141 651595451
713151058 590018800 725218999
492617196 375738915 54642892
838810800 535605203 560525169
957819233 210968957 832259516
191422845 896435932 349720749
335923508 437248392 780352936
157428294 900446138 622938603
507074783 952980622 98833795
357108724 83122481 251052853
813647407 589298221 278240141
627958018 792405178 342181933
820098568 652191649 454327992
924270972 214891444 890496117
476260405 355062181 857115556
734375731 883103417 812115414
585514375 449158359 340542940
755086793 780811251 397019672
927084226 196734507 737769264
386906921 898260681 700272618
535605203 334699363 922725682
260662930 894720107 410241096
490748289 760854743 839608661
725218999 89082057 672757694
730668705 404756307 177070506
379148367 104989294 815418305
953253927 429160230 505109395
705360851 46159669 630379627
641164538 867388980 635548134
627958018 236056289 547516243
617060354 472775736 675392526
930180530 679684961 969761107
524680571 287246287 316898782
585514375 990117232 456960404
190920935 870755266 270849642
852435839 507943581 276322681
805693329 282187656 876002677
943706931 115565649 951270566
92746970 637494629 979903562
815286298 458097794 815286298
187574459 394947882 815286298
409387496 564278893 93683223
267120882 753960660 606129663
789746675 837012506 535289583
442274328 990961405 191422845
478083316 334699363 492617196
501664103 39075994 508699278
889785647 803763025 344189501
729168785 930153289 574166640
355062181 525423496 461106458
680249386 507575634 933006677
684318258 441815926 674745327
252734969 147548069 605331190
104989294 842393142 564948229
256038451 876671921 566143469
926013327 5786895 298416790
892629160 724841966 116340961
647543599 384911185 767577470
550680535 658285073 290919015
567779915 371071165 682629409
949692533 634837102 235730764
456130060 228492882 66658075
668248169 91833264 936433818
490767335 504409314 503211032
322946562 283410522 340542940
228551748 746669384 905211119
112492294 508699278 40322704
294339628 637418332 803763025
118620149 564278893 788959304
