1 500 500 85
292579232 0 177
903566892 0 319
355981645 0 420
778800895 0 102
346247165 0 209
708680638 0 475
850388800 0 122
282920156 0 454
71801728 0 415
537796092 0 293
342948164 0 258
990721240 0 498
499144370 0 266
148538469 0 104
906289494 0 196
467087412 0 381
883630113 0 136
889328155 0 460
883468723 0 394
444522516 0 252
304562908 0 185
947342948 0 320
941074272 0 419
867374591 0 94
470912250 0 444
589730602 0 433
681228963 0 274
450458210 0 48
196300307 0 357
304870268 0 220
342093703 0 285
440378125 0 477
836678597 0 264
697656843 0 62
367525981 0 101
602757044 0 148
631004720 0 58
549982126 0 74
222879798 0 406
407849071 0 257
252023419 0 316
200590814 0 111
781310825 0 37
198949434 0 34
776749901 0 346
694196027 0 26
822649875 0 422
96938870 0 455
620594516 0 342
117331973 0 281
196729490 0 110
544679014 0 119
988576193 0 153
845626531 0 232
950497289 0 485
742402995 0 158
143051978 0 326
722055200 0 439
634747616 0 388
369046249 0 298
637028903 0 497
910607017 0 71
168403265 0 349
909573368 0 90
779609494 0 470
891105296 0 191
107740060 0 446
807584435 0 297
25669464 0 414
819888204 0 450
689852707 0 445
742811476 0 356
410954929 0 135
47284215 0 468
607030863 0 20
919099126 0 224
854167147 0 428
161090254 0 427
637861209 0 421
675039514 0 364
553276756 0 305
526202421 0 249
904929474 0 32
696927523 0 398
595408571 0 146
331675057 0 492
474121676 0 231
669619418 0 390
42931447 0 97
545723243 0 465
3224318 0 478
869573866 0 36
279384032 0 208
537319604 0 325
200550563 0 360
583749988 0 482
881496916 0 331
512961659 0 86
987255628 0 163
142753341 0 440
538555828 0 391
363992537 0 165
179318858 0 280
89528268 0 121
911663204 0 183
294576774 0 441
906027061 0 311
638461260 0 99
815139406 0 77
441153376 0 63
374224231 0 157
841880416 0 109
15149152 0 288
624123627 0 306
109021314 0 275
790222986 0 154
497017865 0 219
102739404 0 35
20932326 0 194
61654450 0 133
337671104 0 78
34475853 0 294
847930684 0 248
97047205 0 193
751672189 0 25
638674909 0 106
767641070 0 95
64299156 0 199
811274558 0 412
951870861 0 343
144320428 0 38
932509841 0 345
829634948 0 93
228574867 0 327
967632872 0 452
54558229 0 12
453715923 0 385
968687563 0 125
490963803 0 159
270728061 0 45
742767925 0 149
50342705 0 487
187594878 0 30
853522056 0 361
765532344 0 11
246676584 0 237
310157842 0 128
235471579 0 107
148504555 0 88
926200630 0 117
108209560 0 170
707903101 0 189
79907173 0 255
1475589 0 499
841931738 0 399
699934299 0 226
850051902 0 205
181733988 0 55
935391072 0 340
850002629 0 156
786447764 0 57
802871172 0 44
681579772 0 411
301412335 0 233
543003912 0 469
303152828 0 379
149207103 0 286
532487281 0 377
157721918 0 173
873342470 0 214
828688385 0 315
981188040 0 389
551604577 0 273
695944319 0 260
953501917 0 108
699087059 0 296
504469148 0 283
991312107 0 330
352878514 0 418
108354646 0 472
975117474 0 91
691434030 0 141
96872995 0 495
855933306 0 21
849881127 0 172
617312212 0 338
430866200 0 352
818525771 0 171
770900836 0 413
199945866 0 363
211996475 0 397
804472889 0 69
173073559 0 241
638257826 0 42
334630780 0 167
843691159 0 17
200669824 0 80
361048723 0 395
848648078 0 291
973984543 0 341
137377510 0 307
126608759 0 301
105360999 0 368
733523053 0 350
927311120 0 6
668526476 0 457
873733828 0 103
91104383 0 429
21215821 0 375
982942388 0 190
695782818 0 96
834504508 0 403
238171244 0 175
593340660 0 50
919877830 0 483
344108777 0 27
292975172 0 9
852074232 0 176
832552247 0 68
336898741 0 54
928598574 0 242
521491598 0 466
216343998 0 271
717603119 0 112
311417990 0 100
339761446 0 308
364128621 0 150
830090442 0 270
379250733 0 72
601906265 0 87
645281813 0 82
33797728 0 161
509579018 0 85
122858079 0 166
613665486 0 123
574776748 0 267
130132100 0 371
39848087 0 227
61837427 0 431
671873998 0 41
353277450 0 59
498827267 0 244
604494883 0 432
17779147 0 120
244132747 0 169
690680265 0 405
238752194 0 333
457939211 0 401
545781246 0 15
331117491 0 378
25430133 0 348
784799193 0 127
339143132 0 129
358429360 0 365
111507242 0 370
475027431 0 355
501900705 0 22
978484561 0 251
995650830 0 64
221015751 0 382
540494926 0 234
852544589 0 367
420413972 0 179
383554675 0 114
647400938 0 188
208799997 0 480
982745461 0 253
462055877 0 312
578715644 0 52
224137184 0 134
846318634 0 339
185186560 0 374
25896467 0 118
248785176 0 314
761606004 0 259
734954565 0 300
3555902 0 225
827774188 0 484
705575765 0 178
536033311 0 359
334951316 0 4
20270660 0 238
980757780 0 202
654995960 0 181
860049582 0 138
549657904 0 223
11129277 0 33
823540897 0 155
898535976 0 263
533044578 0 239
839979679 0 304
619078862 0 164
411951908 0 201
209510062 0 216
416091596 0 46
225078680 0 75
317356998 0 481
822301585 0 89
815193244 0 426
412818681 0 187
133560761 0 407
941903272 0 39
384760874 0 197
26476115 0 47
345768104 0 2
900044340 0 410
35398101 0 289
58488042 0 70
365740230 0 217
223583389 0 265
369295297 0 435
733945445 0 7
42908999 0 423
916797676 0 250
575738196 0 467
380478289 0 471
15664356 0 462
614353999 0 137
482827705 0 299
504408478 0 206
461738587 0 81
439279000 0 116
338991712 0 184
36986144 0 236
101914861 0 19
109769151 0 160
298383740 0 334
83608079 0 408
874519775 0 51
832783452 0 451
187852420 0 400
880840583 0 437
601891321 0 139
835442733 0 8
627756722 0 458
835149321 0 66
139466250 0 218
632839062 0 476
159695239 0 328
207492600 0 269
533947745 0 425
468726556 0 14
605078341 0 279
418627101 0 28
501188438 0 174
799993321 0 195
384017267 0 140
110695972 0 386
512449215 0 221
701474892 0 254
840985437 0 449
835903261 0 126
366384251 0 287
412942390 0 473
85905042 0 358
180314619 0 18
191149547 0 65
838580157 0 313
880505700 0 372
905020952 0 278
699886963 0 92
148850588 0 124
492776811 0 16
912527791 0 321
314564350 0 323
742681521 0 13
2935298 0 303
120053345 0 336
269823608 0 246
334142335 0 192
307654857 0 43
804152753 0 272
142821969 0 383
134140074 0 318
297964065 0 240
357401992 0 243
826568704 0 488
181848957 0 332
620443571 0 496
225351857 0 212
938653310 0 430
227105127 0 474
678775530 0 98
610393950 0 0
774127303 0 373
479385977 0 347
785788276 0 376
919814049 0 204
977997917 0 152
739385066 0 215
641354181 0 402
325397492 0 337
783859141 0 228
299428755 0 490
888325011 0 456
546983858 0 83
841558279 0 222
117748340 0 61
663317083 0 213
115139995 0 362
351762994 0 302
950179373 0 392
411261915 0 247
740275796 0 24
839882198 0 198
278196614 0 130
483274902 0 60
37989605 0 448
474115976 0 393
558710759 0 168
981274195 0 417
544808249 0 144
789697633 0 56
518447584 0 132
286594206 0 235
247235745 0 276
751561599 0 186
666980771 0 443
471253830 0 438
574802002 0 493
978666115 0 387
992547717 0 416
463694557 0 463
962289634 0 461
536013842 0 442
927803521 0 210
920379 0 491
508030927 0 49
669803604 0 335
900777140 0 229
207492604 0 290
67789816 0 404
634441080 0 31
468658658 0 295
635085053 0 180
234256417 0 105
428332590 0 147
660362736 0 261
211199203 0 115
231394420 0 322
198960171 0 40
659925352 0 10
637755284 0 84
443470843 0 230
961751721 0 453
272807416 0 292
463989947 0 277
234603303 0 353
877732068 0 211
521290483 0 486
602165832 0 489
875365452 0 131
653189790 0 310
990051790 0 329
817058542 0 256
759598626 0 369
376114843 0 282
850605732 0 354
549989540 0 317
333409862 0 207
527300390 0 380
642006707 0 203
601377573 0 53
576844215 0 67
812595851 0 5
726539997 0 464
700908656 0 447
196565337 0 494
387685275 0 151
113637416 0 73
925374280 0 436
283309685 0 79
3895851 0 200
965845566 0 479
402927540 0 3
15893303 0 162
34427796 0 142
735165422 0 143
512968064 0 245
891898159 0 351
87867701 0 76
603562409 0 459
77363387 0 1
30622673 0 409
881621229 0 29
398662149 0 424
651699767 0 324
409005813 0 262
50355105 0 113
582595646 0 396
145238541 0 284
517537111 0 182
431231420 0 434
382127280 0 23
635056662 0 268
886954776 0 384
748403114 0 145
257585502 0 309
731771506 0 366
412356155 0 344
512961659 34475853 785788276
25669464 697656843 659925352
257585502 951870861 339761446
200590814 117331973 765532344
669803604 431231420 139466250
668526476 457939211 553276756
691434030 707903101 645281813
717603119 880505700 364128621
891898159 117331973 905020952
950179373 742681521 536033311
97047205 835442733 501188438
549989540 207492600 681579772
589730602 982942388 173073559
357401992 36986144 71801728
950179373 675039514 439279000
200550563 910607017 544679014
398662149 981274195 117331973
536013842 15149152 641354181
416091596 697656843 336898741
540494926 839882198 463989947
101914861 576844215 96938870
444522516 47284215 852544589
593340660 848648078 468726556
742681521 102739404 770900836
50342705 678775530 818525771
968687563 234603303 634747616
928598574 42908999 270728061
338991712 196565337 282920156
91104383 536013842 270728061
470912250 412818681 468726556
292579232 297964065 440378125
602165832 549657904 482827705
840985437 973984543 981188040
850002629 968687563 3555902
867374591 978666115 759598626
546983858 708680638 270728061
108209560 303152828 549657904
439279000 339143132 829634948
834504508 961751721 181733988
196300307 50355105 832552247
221015751 544808249 883468723
880840583 207492600 357401992
904929474 869573866 935391072
411261915 410954929 42908999
145238541 925374280 304562908
740275796 303152828 384760874
778800895 835442733 384760874
733945445 610393950 533947745
36986144 517537111 307654857
283309685 196300307 595408571
786447764 981188040 604494883
740275796 635056662 832783452
678775530 108354646 369295297
823540897 789697633 3555902
238752194 932509841 631004720
911663204 369295297 546983858
334142335 416091596 748403114
15664356 880840583 115139995
20270660 198949434 35398101
198949434 900777140 558710759
701474892 666980771 549982126
545781246 85905042 208799997
196565337 444522516 536033311
282920156 558710759 382127280
980757780 235471579 669619418
471253830 257585502 499144370
463694557 37989605 995650830
874519775 604494883 973984543
187594878 632839062 631004720
301412335 841880416 545723243
641354181 430866200 143051978
835442733 781310825 145238541
334951316 982942388 927311120
978666115 916797676 3224318
549989540 822649875 815193244
196300307 822649875 839979679
144320428 770900836 467087412
845626531 334951316 624123627
601906265 85905042 235471579
440378125 310157842 20932326
891105296 784799193 475027431
751561599 342093703 87867701
660362736 279384032 67789816
367525981 891105296 919099126
501900705 898535976 927803521
