182 40 119 100
422082300 32 29
304955480 78 6
471354181 151 34
400188252 31 29
843561515 85 1
337687748 56 34
599906298 18 23
698259609 113 21
601551193 103 38
985933415 2 34
217438892 88 38
187943746 8 22
168348601 4 23
211150861 124 21
424420237 4 11
127237625 26 32
5237920 30 8
330372428 59 36
106813751 108 4
425744483 49 34
375002121 113 10
338469113 117 19
280634149 22 22
55093673 43 6
835102994 50 5
306001841 42 20
323519543 85 4
602413304 181 2
803876989 96 32
253152850 79 1
597991730 98 25
457247233 122 14
216861488 132 17
672131198 175 21
727682878 43 8
955921786 90 33
822704309 62 6
328945439 96 16
176866918 75 18
253585306 110 17
336275387 60 2
386427613 115 35
465879067 3 33
122278049 38 12
427158163 56 25
808464042 85 9
846913458 173 29
624917838 115 1
974447539 85 3
966598199 5 7
184997089 175 13
822130023 164 9
929500727 6 2
916252284 156 3
189646406 177 28
87820341 181 39
502775899 76 37
802104372 174 22
397838304 35 0
318181125 180 24
28688386 4 1
595363934 125 10
973037460 76 30
886982568 94 6
495517490 170 36
363183805 59 2
244324777 94 11
663951091 6 7
951561878 166 3
572640857 59 38
692846924 118 30
566949184 139 9
466837499 72 36
127224829 166 1
997716749 25 14
800565996 167 5
895506643 75 3
724464310 151 13
999522656 3 34
178704599 117 16
78580917 1 12
610579546 178 2
86653214 57 9
558261479 130 6
864740314 137 2
755160575 111 31
759101953 97 18
812775557 127 34
238895522 100 25
584676479 9 25
342772523 140 39
282139422 27 38
790457101 1 20
814277371 150 18
559817119 9 6
525326499 172 1
690115395 161 39
340861781 103 25
684650183 160 34
825819145 127 0
807333901 165 6
939538100 171 3
978942701 110 2
529677770 12 18
910961241 8 11
380809732 42 16
317742529 64 33
350493795 88 8
583272121 87 6
368399987 18 12
609604825 81 5
797781204 88 31
420210660 132 34
714493430 173 35
492099116 116 36
474200867 111 1
645057332 57 7
782498754 162 26
885818007 99 23
782498754 973037460 529677770
690115395 755160575 714493430
465879067 318181125 966598199
624917838 803876989 127224829
566949184 966598199 340861781
684650183 583272121 474200867
755160575 474200867 336275387
559817119 424420237 363183805
714493430 304955480 424420237
599906298 342772523 698259609
835102994 529677770 566949184
978942701 714493430 318181125
790457101 910961241 253585306
895506643 800565996 835102994
822130023 184997089 28688386
999522656 375002121 916252284
466837499 610579546 380809732
864740314 122278049 602413304
122278049 424420237 558261479
997716749 380809732 802104372
807333901 253585306 282139422
253585306 724464310 782498754
727682878 835102994 425744483
457247233 340861781 597991730
216861488 624917838 610579546
397838304 583272121 466837499
386427613 189646406 755160575
698259609 106813751 337687748
471354181 916252284 525326499
425744483 800565996 5237920
5237920 812775557 338469113
846913458 602413304 714493430
759101953 306001841 457247233
602413304 803876989 368399987
885818007 566949184 601551193
253585306 755160575 375002121
340861781 973037460 86653214
602413304 808464042 342772523
973037460 825819145 525326499
985933415 187943746 178704599
400188252 368399987 211150861
595363934 5237920 822130023
425744483 755160575 939538100
790457101 690115395 910961241
397838304 127237625 825819145
864740314 797781204 244324777
375002121 342772523 306001841
814277371 885818007 187943746
5237920 684650183 87820341
985933415 610579546 471354181
342772523 558261479 282139422
978942701 317742529 122278049
558261479 597991730 864740314
807333901 466837499 127237625
583272121 253152850 790457101
217438892 122278049 304955480
807333901 184997089 973037460
336275387 340861781 216861488
106813751 800565996 422082300
997716749 422082300 624917838
422082300 253585306 253152850
755160575 558261479 337687748
471354181 87820341 306001841
939538100 583272121 978942701
280634149 176866918 864740314
822130023 566949184 86653214
951561878 492099116 997716749
886982568 363183805 178704599
525326499 951561878 127224829
106813751 304955480 559817119
336275387 457247233 835102994
997716749 985933415 86653214
375002121 337687748 350493795
572640857 610579546 609604825
211150861 422082300 368399987
211150861 973037460 457247233
814277371 244324777 375002121
759101953 939538100 425744483
363183805 698259609 690115395
397838304 690115395 759101953
803876989 318181125 189646406
864740314 572640857 684650183
910961241 317742529 471354181
216861488 465879067 106813751
916252284 466837499 465879067
910961241 803876989 624917838
342772523 822130023 340861781
599906298 425744483 168348601
127237625 253152850 672131198
645057332 176866918 187943746
122278049 106813751 624917838
176866918 610579546 672131198
86653214 951561878 330372428
465879067 800565996 529677770
529677770 55093673 724464310
895506643 822130023 337687748
87820341 78580917 420210660
822130023 318181125 910961241
122278049 584676479 997716749
86653214 939538100 244324777
