1 500 500 95
946094479 0 70
615766511 0 458
60723485 0 495
969958451 0 408
742046117 0 202
885491101 0 214
984691158 0 360
337678783 0 322
387034854 0 79
426690809 0 327
80738793 0 326
591472618 0 436
85502054 0 140
4659748 0 299
585636391 0 254
744578078 0 489
937553 0 177
869356654 0 93
769055155 0 395
805162551 0 48
516961890 0 52
14043359 0 146
168527493 0 237
509846277 0 162
375083116 0 167
728541362 0 278
434387943 0 427
194027726 0 209
294724821 0 206
501886420 0 130
173531899 0 94
779842505 0 263
547610390 0 191
81199465 0 139
959891250 0 117
367479971 0 136
392460860 0 228
234758728 0 80
812324566 0 260
578927358 0 9
586878826 0 157
701007226 0 445
747305857 0 98
478465517 0 283
790261845 0 257
973717183 0 432
825199780 0 149
49946234 0 292
317940166 0 36
531800840 0 251
74889218 0 219
797330465 0 148
567106588 0 329
507987710 0 58
254377010 0 181
861127506 0 423
529515975 0 236
565504890 0 27
372885792 0 150
324111858 0 221
253376462 0 477
529952779 0 15
869948044 0 398
325807578 0 376
796396106 0 461
604752755 0 369
164049033 0 10
997850967 0 494
629065961 0 338
938459690 0 362
395363839 0 480
184547753 0 435
291675500 0 296
881538266 0 379
636027690 0 201
205593988 0 6
71105065 0 366
216829665 0 75
881472538 0 478
378528145 0 176
852667529 0 271
715626706 0 86
45101361 0 442
90930926 0 170
598399371 0 430
108325620 0 122
761352616 0 279
300378538 0 250
546875456 0 2
607067585 0 76
707463690 0 368
384938826 0 422
344358989 0 413
990199401 0 88
464635062 0 443
897139527 0 288
286283372 0 151
726616908 0 349
695578721 0 364
675739022 0 375
127404779 0 188
648431748 0 229
663785106 0 13
483302654 0 341
23164971 0 484
795258457 0 474
504402981 0 470
810646509 0 56
923919138 0 120
911257034 0 107
505873865 0 298
840199332 0 63
876839386 0 35
515195659 0 357
732077186 0 359
556497374 0 468
944874991 0 207
491028481 0 200
798375463 0 83
66191181 0 110
533540117 0 45
933368008 0 465
595788773 0 133
900595733 0 129
159774096 0 78
540449326 0 211
527508154 0 255
86556495 0 19
722574523 0 378
921570869 0 189
527747578 0 353
269734536 0 28
56493954 0 65
149208724 0 281
302853582 0 496
472532543 0 159
814466279 0 450
148207415 0 446
151950256 0 113
566125674 0 479
673832064 0 380
754002107 0 23
329437425 0 389
319008498 0 433
533784311 0 96
511505651 0 476
225944884 0 11
177808434 0 272
949912201 0 109
11025254 0 199
603434224 0 273
558574972 0 66
155318664 0 230
395404238 0 132
189315057 0 405
525496212 0 16
594691801 0 7
656467098 0 82
926654423 0 244
958855987 0 40
815681143 0 178
449467245 0 49
297210005 0 77
392034181 0 57
171503086 0 492
464786333 0 173
329028851 0 248
204930219 0 350
105289440 0 41
618288820 0 190
175572237 0 419
418333242 0 198
366558084 0 108
881861875 0 308
32349907 0 152
832905659 0 335
729199906 0 355
178719178 0 37
428082311 0 467
326852905 0 43
222966424 0 447
81206881 0 26
875603265 0 270
171195254 0 50
886240984 0 224
621220371 0 457
488817006 0 312
569190662 0 179
640276840 0 499
139066093 0 346
763022157 0 169
828993073 0 71
132586208 0 212
954433075 0 396
282856817 0 227
412330437 0 280
643099503 0 487
789150428 0 64
77441858 0 372
4483971 0 400
477479255 0 265
677821969 0 491
307323259 0 115
658157726 0 336
216982893 0 305
694456242 0 459
234472621 0 284
397545535 0 73
871901594 0 135
988192465 0 196
191625659 0 25
894457859 0 216
946629468 0 3
219693108 0 426
994356317 0 354
102523003 0 463
853308997 0 416
908501207 0 233
258400669 0 314
369308074 0 1
991907963 0 429
333511784 0 245
458134108 0 388
999488395 0 100
719616311 0 332
765203402 0 373
932422606 0 238
948043913 0 91
471321414 0 414
833783186 0 268
993820666 0 287
886390789 0 194
415547275 0 163
572748941 0 249
758201915 0 440
400829652 0 455
708554619 0 53
895402552 0 386
764915137 0 425
195602366 0 102
309328287 0 203
632121670 0 307
854236177 0 183
946699264 0 345
381634070 0 397
337839646 0 466
311801729 0 232
864485835 0 105
599907088 0 282
870401371 0 483
811128253 0 411
895313091 0 20
887493460 0 406
706538058 0 0
438998597 0 186
612934272 0 81
478448315 0 454
218936687 0 325
22710508 0 160
82182928 0 144
223925426 0 97
187838720 0 104
691876442 0 333
189090163 0 351
916573372 0 328
733614440 0 187
707167883 0 95
895464478 0 205
637828846 0 330
30921158 0 34
708325199 0 318
160669049 0 223
160175730 0 14
506892396 0 449
684120264 0 361
94145121 0 407
545702404 0 297
597091680 0 264
612736494 0 274
262942886 0 269
685293688 0 164
402567902 0 225
53190414 0 51
617991566 0 192
370915122 0 210
500804051 0 451
731404359 0 67
835619409 0 438
930205868 0 385
322793060 0 243
590239756 0 121
974699162 0 462
135710451 0 394
856062565 0 262
384871845 0 246
829371148 0 84
170903595 0 87
255835619 0 439
309297069 0 356
780646843 0 143
788731143 0 33
269181339 0 367
809142421 0 125
315897007 0 142
363050321 0 382
476952448 0 22
782191392 0 185
243782245 0 29
514580584 0 99
827152185 0 5
370730213 0 303
301338189 0 101
833976253 0 242
395246752 0 119
779631313 0 161
381948749 0 294
338832725 0 30
941627972 0 448
989506978 0 374
879360060 0 469
821043274 0 456
596888040 0 182
820604013 0 493
104448104 0 453
861928266 0 155
172750594 0 106
483233560 0 481
513796625 0 266
576979222 0 114
420642109 0 471
679216864 0 316
968845035 0 323
812295940 0 258
170609399 0 343
247021781 0 401
448892576 0 340
549772670 0 222
803490755 0 154
43596889 0 301
478359884 0 415
367234689 0 92
273762537 0 302
778531749 0 153
321462783 0 46
743691807 0 131
844023265 0 319
533513796 0 391
370611007 0 171
476022013 0 421
422632668 0 306
779093398 0 239
875094403 0 60
170665174 0 393
580102459 0 168
856489295 0 277
416252345 0 498
37380854 0 141
280922645 0 485
421123061 0 111
594289088 0 417
482905791 0 68
489007798 0 370
985739621 0 193
117128431 0 103
651150888 0 252
521461530 0 286
632528206 0 184
89999501 0 290
959351352 0 174
237303414 0 472
424756148 0 424
503692374 0 156
289827728 0 32
305812912 0 310
814627183 0 304
657329917 0 475
206162143 0 371
67510242 0 452
646460073 0 381
549076644 0 241
441378155 0 234
365678811 0 482
472488292 0 412
790159717 0 165
388010895 0 180
849892765 0 444
39858162 0 72
697542093 0 285
210319159 0 339
711531232 0 486
594205563 0 348
119267675 0 147
225383013 0 473
284349326 0 377
279529594 0 321
36126470 0 464
468076464 0 437
503653189 0 204
121829184 0 231
151044020 0 128
740933824 0 317
748021464 0 276
740081264 0 145
427080388 0 138
137076435 0 8
412901070 0 54
163686273 0 311
290556549 0 235
574917947 0 217
8501730 0 259
357520192 0 247
152774844 0 220
553475550 0 342
232666497 0 309
491148363 0 300
521538850 0 4
275472309 0 127
491949647 0 175
935988118 0 402
365061092 0 208
670281549 0 267
56680098 0 387
290774762 0 390
524427810 0 384
151178057 0 59
450750213 0 418
697696609 0 124
375879280 0 331
197019869 0 293
115253943 0 490
646485484 0 337
160927063 0 116
267301461 0 320
357273642 0 126
983242189 0 352
104578517 0 215
731160460 0 12
944075140 0 195
602188573 0 403
83629017 0 291
419636341 0 61
890346273 0 409
469873479 0 347
782009544 0 431
525835670 0 460
925694990 0 17
566332299 0 256
687495163 0 392
744169608 0 31
319459472 0 218
851041148 0 428
496831806 0 275
323246713 0 172
478923932 0 62
145028483 0 89
143651667 0 39
666599593 0 137
665376860 0 441
190540633 0 363
485532269 0 410
875694832 0 112
462946480 0 497
875388049 0 313
672666806 0 324
914163255 0 47
157743530 0 158
719847180 0 383
361114313 0 134
707502330 0 166
659175697 0 226
814315906 0 123
761884216 0 38
160896461 0 399
339737823 0 85
938508288 0 55
439882759 0 344
987680724 0 334
2834371 0 295
351090276 0 118
817222447 0 213
223096649 0 18
19175840 0 69
559628515 0 253
159087900 0 434
949119481 0 42
224199692 0 240
47724164 0 21
884724784 0 197
128809927 0 289
87115986 0 420
723132835 0 404
392647742 0 24
796186920 0 44
778481264 0 365
267692143 0 74
599025935 0 315
307373478 0 261
396110490 0 358
188168555 0 488
130773216 0 90
395246752 366558084 323246713
607067585 170903595 729199906
820604013 525496212 761884216
722574523 269181339 160927063
309328287 275472309 329028851
569190662 496831806 648431748
400829652 612736494 329437425
881538266 418333242 326852905
416252345 632121670 363050321
886240984 60723485 723132835
944075140 890346273 2834371
959891250 284349326 779842505
253376462 471321414 795258457
337839646 357273642 937553
275472309 121829184 567106588
849892765 210319159 184547753
602188573 507987710 164049033
483302654 381948749 149208724
525496212 160896461 849892765
384938826 424756148 22710508
139066093 128809927 163686273
684120264 472532543 946094479
32349907 782191392 565504890
586878826 820604013 237303414
566125674 754002107 798375463
516961890 275472309 706538058
4483971 659175697 821043274
388010895 923919138 159087900
780646843 875388049 974699162
194027726 875094403 243782245
833976253 706538058 317940166
74889218 491028481 937553
418333242 381634070 790261845
861127506 307323259 853308997
104448104 159087900 546875456
219693108 491949647 637828846
925694990 311801729 789150428
160669049 206162143 305812912
280922645 297210005 810646509
269734536 706538058 104578517
372885792 224199692 160927063
160175730 503653189 361114313
439882759 232666497 673832064
428082311 234758728 187838720
56493954 170903595 684120264
449467245 569190662 748021464
504402981 938508288 338832725
464786333 71105065 697542093
324111858 707502330 742046117
740933824 533513796 602188573
60723485 388010895 556497374
832905659 87115986 210319159
478359884 267301461 820604013
529515975 302853582 168527493
148207415 135710451 488817006
782191392 284349326 478923932
37380854 988192465 959891250
805162551 121829184 566332299
999488395 930205868 412901070
415547275 670281549 337678783
707463690 851041148 788731143
707167883 135710451 810646509
779631313 105289440 761884216
672666806 853308997 729199906
216829665 812295940 871901594
540449326 448892576 604752755
525835670 521538850 643099503
302853582 375083116 598399371
363050321 143651667 569190662
151950256 864485835 204930219
640276840 237303414 290774762
732077186 173531899 66191181
999488395 515195659 262942886
565504890 139066093 599025935
247021781 580102459 395404238
988192465 684120264 170665174
513796625 697542093 384938826
595788773 761352616 694456242
300378538 189315057 372885792
269734536 151178057 670281549
763022157 617991566 707502330
89999501 911257034 694456242
937553 170609399 307373478
426690809 754002107 875094403
948043913 337839646 789150428
861928266 458134108 897139527
958855987 780646843 505873865
675739022 56680098 258400669
926654423 205593988 427080388
422632668 795258457 289827728
897139527 450750213 253376462
875603265 632528206 835619409
559628515 527508154 504402981
673832064 708325199 478923932
56493954 94145121 914163255
