25 1 25 32
762509099 17 0
626751154 15 0
375793793 22 0
748135763 0 0
907239085 20 0
685538299 21 0
98054241 12 0
647089954 11 0
434484941 9 0
241133451 1 0
814696261 19 0
31964289 10 0
234967840 8 0
530137187 14 0
882199523 13 0
62864227 5 0
971173791 3 0
999814282 2 0
441308567 18 0
888613118 24 0
717886245 4 0
248870279 16 0
997360349 6 0
95577167 7 0
494078962 23 0
997360349 95577167 999814282
888613118 434484941 647089954
434484941 717886245 748135763
685538299 62864227 98054241
762509099 997360349 907239085
434484941 647089954 494078962
241133451 241133451 907239085
647089954 98054241 717886245
234967840 762509099 888613118
907239085 98054241 98054241
717886245 717886245 748135763
685538299 241133451 748135763
882199523 888613118 241133451
234967840 234967840 31964289
888613118 530137187 647089954
907239085 241133451 626751154
907239085 971173791 98054241
971173791 241133451 248870279
626751154 31964289 997360349
997360349 685538299 685538299
814696261 241133451 494078962
814696261 31964289 626751154
31964289 248870279 762509099
748135763 434484941 98054241
375793793 434484941 98054241
907239085 997360349 999814282
441308567 62864227 248870279
997360349 95577167 814696261
685538299 997360349 626751154
762509099 626751154 888613118
494078962 441308567 375793793
248870279 95577167 882199523
