64 64 4096 100
71349243 17 38
406967855 47 20
216402797 63 54
302768087 26 28
317064263 54 39
77597977 13 56
801777241 10 8
676944569 37 12
817841915 21 39
256217519 21 5
249978229 4 23
106107947 8 29
977956257 49 6
361567960 36 58
587452623 55 12
367519332 62 10
381480168 34 53
18982208 12 43
820113877 63 0
255711140 63 53
836200737 61 4
996399061 57 51
772872156 58 21
714779306 61 34
969278659 1 4
572789323 38 48
877911197 5 36
651909436 52 48
385715943 32 27
467590041 61 59
207497907 17 14
357848739 25 1
220328396 62 16
588220026 43 63
282468382 15 23
823533100 60 27
485003604 7 56
108449774 31 23
858474178 63 39
455020456 4 10
813550981 54 22
805491126 23 14
904832745 3 2
130505708 25 36
248889098 48 39
56697563 25 62
220135357 41 31
597420370 63 29
710925744 21 14
510489127 44 42
135567823 2 23
366745143 54 16
136558825 11 50
27043498 24 4
681115027 33 29
533134715 58 9
671101004 20 41
9563703 16 29
65149921 43 56
847168260 0 6
958388243 55 45
9571300 40 1
959624310 41 15
102488635 40 29
73228187 57 17
420907150 44 26
835986033 50 48
972218509 55 5
268168168 55 26
54609746 51 18
783744726 60 42
343033835 49 12
725712926 51 35
836124181 33 10
420823822 24 12
272373578 55 50
733329929 1 28
572364286 18 7
984006501 57 50
947056420 40 11
444537494 17 2
811586550 42 37
413092235 0 34
752476662 23 23
712049240 45 44
633707311 3 6
783376148 17 12
131435712 32 30
741985796 47 59
178674074 43 7
577474552 15 53
695354760 36 9
258040565 26 17
263219823 48 2
488075539 23 4
880887767 37 7
772288936 62 4
560809 32 22
30407334 57 48
965107002 51 32
288122433 60 38
299754887 8 13
423452884 38 27
834151362 47 4
488789765 12 27
534486797 13 59
465212454 39 37
746861700 38 35
92344542 6 19
997610113 30 49
19997192 39 57
210091034 19 37
366395354 29 49
754450670 15 49
67735370 32 55
964961569 32 57
692798892 59 14
705851812 10 61
672289951 63 27
658548409 37 28
331491882 43 59
781739190 9 19
278380833 15 62
318769416 22 1
907318733 14 59
417432442 50 41
689950923 6 3
508231607 11 53
896365108 44 12
348230925 17 61
289553150 12 9
308833907 26 33
662732449 50 56
277991117 59 40
381587709 37 3
48202093 35 44
897435258 63 46
34892509 15 54
389203056 22 2
318249947 19 11
343698889 30 23
648921252 19 45
137057765 1 37
994674293 7 44
656605629 36 31
970832206 38 17
943353162 16 3
691686904 25 45
870915367 1 56
290050633 12 63
663799925 29 53
988176295 13 62
354898174 48 24
105611722 26 35
3631516 25 7
701568965 28 40
606261467 24 59
721697606 34 24
66657245 15 1
444856348 32 29
705529214 55 29
909506041 29 45
712542135 15 38
379144825 15 19
924513095 4 34
41619298 29 27
226083727 62 38
657847085 53 15
693003965 57 22
608387013 25 59
83674669 21 42
314445198 36 11
437104395 37 45
975824040 3 29
973743420 1 60
985935988 28 36
324677758 10 25
525622614 14 43
451943373 51 30
608341692 12 44
669295368 63 6
845465951 10 35
63365332 39 0
395117512 29 60
630173888 11 34
181175062 22 22
291211178 5 8
952669693 13 26
773688928 27 4
737119762 42 55
739517065 6 15
714819909 4 37
520974790 54 13
618480045 15 2
177107731 52 62
105981835 32 23
172184179 42 31
647525768 11 7
711478988 57 27
46451521 55 61
462659599 15 7
948827653 20 46
706876315 54 58
746919900 29 37
350107875 41 22
835257035 38 54
10675789 10 39
573355095 9 47
597711965 28 34
129191750 53 25
688259858 47 52
616045996 15 3
889893776 46 13
850025253 63 49
350827518 0 13
285130078 16 63
449734065 49 25
550150362 16 58
637331849 25 21
729556979 26 62
504646811 62 19
527191581 39 45
405124880 2 34
459596658 57 42
141070668 31 12
560691306 29 35
387800914 38 29
456724969 5 21
743758438 11 1
813820286 58 17
123934451 17 48
629256681 63 10
305274543 59 26
305319902 34 8
960767740 40 31
164922120 40 61
634717073 6 34
941912400 24 17
106930009 23 54
153923166 54 15
693932442 40 54
845381983 10 33
360657754 35 30
585048840 61 15
388183805 27 14
524708827 55 8
345694258 36 16
227027625 6 9
112412176 41 60
776100183 15 43
327310203 27 9
887153124 33 19
722782668 4 25
205291946 61 60
467559857 2 22
290814691 34 54
763884112 44 38
13875822 21 48
989851314 14 0
315323347 7 62
424449887 53 17
21803396 15 55
569282116 63 2
475544421 11 42
616946397 24 60
158780302 58 11
347778191 23 34
636215119 10 47
106237781 24 20
12446836 52 38
544128671 24 33
163553993 59 50
772189814 31 39
913362400 19 55
275102947 52 19
457277201 51 3
72091537 16 45
565368770 16 2
27129777 54 30
201682919 17 47
174022173 63 24
739411660 46 58
475552704 26 61
165849105 1 34
401124916 17 30
449045238 30 51
167585964 42 18
276610521 28 52
23914771 52 51
219979259 58 3
974095733 44 16
211683210 56 8
772961182 37 33
272639451 16 12
252654336 46 45
285133814 58 14
446867161 21 16
300146007 22 30
948209813 52 9
330420979 5 12
361279600 14 10
786175608 3 48
325720159 58 12
690277337 23 11
678380848 18 19
311905033 2 24
935785967 27 59
689041414 59 4
574949771 8 63
847434520 24 42
265072826 4 56
633504602 49 5
155300377 45 29
389040505 41 42
311687318 52 15
64543419 61 8
100423697 54 33
967985219 44 10
990250049 1 31
742089362 31 1
250255316 50 31
970655569 4 61
968314842 45 5
535549261 12 12
35930979 43 18
358649026 61 28
716823910 45 6
871346651 35 31
136109284 34 41
625935737 61 51
345877836 12 55
629921331 47 38
866114337 62 21
718547869 36 17
591355097 59 0
177542605 34 35
221550600 19 9
254639386 37 23
94521533 1 45
403292199 12 24
605752108 15 50
716034079 61 10
163883916 11 49
930508097 6 59
547208258 57 5
527393695 3 46
90387519 44 23
879993377 20 31
384862117 46 53
772655056 43 40
364434608 41 49
236097873 1 40
813355731 61 13
689309358 21 38
593340961 49 38
755792220 27 17
693873390 1 52
450656889 38 59
162503606 9 23
226376020 1 10
85066557 8 37
551209522 41 25
66244854 60 62
758390095 59 35
849483176 57 45
217861154 15 40
883025998 52 33
489654501 34 61
905249086 63 51
120092244 49 44
396551566 45 33
914285492 45 61
1427123 47 55
897682198 37 44
859740778 60 63
146397148 12 51
119353050 4 32
436431228 39 52
37347578 6 58
249622660 25 20
729792304 38 47
353329117 25 29
363916858 38 58
457326675 37 53
602836049 32 25
317587028 19 17
444364427 38 49
29292535 5 43
425333376 53 62
414473536 29 3
795759152 51 17
594805410 1 63
322331172 16 34
366444484 52 0
302609874 18 33
221925511 63 8
186985029 61 20
228776520 32 33
707680509 27 55
91419490 48 44
312706323 39 43
3294454 15 6
923919520 59 47
2469101 38 36
151520351 19 31
604507198 26 22
673872273 50 43
404030316 48 46
144942624 44 27
159092562 60 1
770094343 4 7
804908066 8 61
708756720 46 1
408886443 1 22
698876190 17 43
980342745 17 58
168155277 3 14
916557442 9 60
106884951 10 0
444328799 57 39
492538968 22 14
67124567 52 31
18147605 3 53
623330307 52 63
496305625 11 12
324782190 12 23
797446688 35 13
782258204 23 30
292377401 62 28
122232397 3 4
608428838 46 62
148845442 58 43
173826502 28 3
683478336 23 24
227237941 40 44
975742483 31 25
932357747 51 9
845460437 28 8
83797827 42 32
802761776 57 61
242788437 0 40
448985440 55 42
58068134 23 36
560544061 24 5
899717927 20 37
104479352 62 61
931572636 27 20
712880676 28 19
953290183 16 30
307943800 42 40
879201989 20 58
476705747 2 19
605521591 49 56
375221503 14 44
489707171 63 11
440302521 44 15
433535645 3 55
162823281 28 5
865066529 25 54
652623949 60 44
597924547 15 31
835755635 3 7
537630985 55 24
938365319 17 40
735299991 8 30
630938994 6 0
358962317 4 42
14252389 20 19
160347436 40 19
306372125 15 39
548455359 17 60
548446824 51 63
204864440 0 8
682417127 13 40
48502296 3 10
246636052 19 51
17852948 2 16
546109830 34 47
821567477 59 45
210303347 59 15
372014143 21 40
421007223 19 15
710925589 26 40
941187987 45 39
274629595 0 52
863946871 7 38
184415517 58 26
140201987 52 4
892594350 43 14
99890187 15 25
112669204 6 39
126296410 20 43
110060835 3 23
303601913 28 62
728653031 27 46
663113649 48 47
77375687 22 29
527008717 50 6
890095590 14 19
610085667 29 0
900057292 7 37
351130453 11 62
238700357 6 1
598954068 20 23
302602377 62 17
292576549 42 36
691753884 58 37
703890151 21 29
751874039 37 1
203104276 24 41
872520296 32 36
728852999 50 4
596359222 21 53
708720317 22 25
11945095 40 12
22499551 46 46
62119430 53 16
606936063 32 13
592378560 37 14
97277218 54 21
505367118 7 46
267824510 22 38
358451769 23 47
342812548 22 46
840918169 6 29
185495072 58 22
913186047 35 62
86321214 28 9
704512404 52 58
504127120 36 36
197759106 26 10
3949454 56 60
230559634 12 38
596225982 31 29
296600085 9 51
390130741 50 30
447075592 36 62
512240476 29 47
952120178 27 12
435458551 49 59
116475153 37 48
213364835 42 56
921781557 53 7
605501982 39 15
928368618 27 58
809200012 23 40
421614940 42 8
373488120 6 63
975339383 35 33
599998424 52 47
460739533 51 46
306299220 34 10
990709181 7 10
44999945 29 40
846190800 53 12
966213385 18 36
883127654 3 38
187694630 14 24
537677713 56 44
367173488 54 18
611485760 43 6
309977083 57 29
782889631 37 8
169609445 11 3
561040318 57 15
221961110 21 1
917252208 41 24
256256585 32 5
303374709 41 16
97785036 7 33
303078363 36 56
56356227 57 24
149453728 56 1
530458802 31 0
998107292 0 45
404594682 41 8
997117853 6 21
306556452 12 4
531245011 57 19
730033949 33 20
780079214 40 18
530459713 5 1
15449733 5 49
655531739 16 46
823357753 0 56
381565676 41 63
84404250 12 39
170921515 35 34
180616137 37 36
626928973 25 33
306363613 40 23
905706886 34 14
244322058 56 25
394799182 46 31
987457664 35 4
394287976 36 13
672528784 55 38
117347103 8 27
696950933 43 46
680553682 26 16
329668113 30 29
526259123 19 19
102908182 55 1
415658955 24 43
182197734 8 9
782653249 8 31
605740253 33 5
974111194 38 60
806880143 45 21
213962947 41 6
739764781 32 43
378609294 6 46
861677868 53 40
861941114 11 39
37815079 12 30
816749559 26 27
394868996 43 16
157560168 50 39
926253654 1 7
514914090 16 33
315353090 54 7
381180372 7 61
97593636 48 49
953608896 44 0
726692403 10 58
599184842 57 6
212129378 44 43
798809943 61 3
44051273 37 24
26507416 57 26
105489092 7 1
251347984 36 1
705683227 36 20
400327763 9 39
336078178 13 33
162524431 54 6
679019043 55 57
742085200 60 40
216361017 56 63
247633919 48 42
18500606 59 58
377779115 21 52
744511144 39 33
462044299 32 26
288594928 30 12
662447555 5 30
126049780 34 11
584486118 30 58
842817373 25 41
624758972 26 44
513259972 34 60
931625540 47 29
840968273 61 17
747966459 34 59
132061861 41 56
462126942 31 53
160115705 25 24
141355694 13 45
558169735 43 2
659184883 54 17
584330536 33 34
687549506 27 37
990092606 60 35
991525953 32 60
292820179 11 18
84917995 22 43
426666242 26 14
841276816 22 63
107231893 28 27
997901855 37 56
59637999 2 42
543745191 56 21
102115628 14 30
31417115 50 18
812983174 41 11
742672725 56 39
534319354 51 42
344471389 13 44
561208618 47 26
601245674 61 16
128266885 62 29
198954792 18 2
784853156 14 37
387100091 38 40
236430071 19 18
601220611 48 45
178075040 24 27
194818465 48 14
596055710 50 51
870790458 17 4
760681262 41 21
519700090 33 54
122745197 28 44
605054043 34 0
601505857 10 37
411099559 40 21
257121658 48 15
416786363 54 60
742018099 26 29
827710349 0 12
314587518 33 53
599274735 44 22
284059967 63 5
480079380 42 10
4491608 23 13
954205523 5 32
399272198 39 46
941236523 6 51
141419658 33 18
379488902 51 39
309924619 37 40
519894338 32 49
499206842 53 26
600812780 20 53
22566711 46 60
96952782 10 45
183310899 60 10
349608491 36 10
200644181 14 28
795111880 8 46
385832033 45 14
813806510 15 44
944986263 36 52
195434542 49 33
125966424 61 57
323626789 17 8
492928527 34 42
210577025 6 61
855542606 17 44
317063939 48 48
905105207 12 14
510652230 57 38
686788381 23 28
840625407 3 3
27390314 54 61
501410437 57 18
535840450 62 49
834842260 30 14
828894568 24 37
476817997 33 35
411820257 57 3
895852416 0 44
793937878 31 41
200696110 27 48
147413566 14 33
560165961 31 44
199300028 10 18
864453821 39 17
824976965 38 51
32537267 5 27
397427973 24 25
893031443 13 34
428102531 34 55
159332939 56 10
300162306 11 46
190863439 57 9
234106410 54 40
535138016 56 49
792247527 51 0
378716943 61 26
942315665 61 47
324854532 32 32
17391693 62 51
521727227 48 33
864191922 17 27
668418191 63 41
348809647 33 47
574051899 34 5
952805291 43 29
72026396 2 5
946854125 7 28
229985531 51 34
46750781 58 15
659634315 31 59
518919115 55 62
422968302 8 51
772808528 52 13
10210173 23 58
93865587 50 27
996497096 55 3
699178349 23 59
708119515 4 4
811673071 33 45
239035587 27 35
858043458 23 52
913565008 20 55
696225456 14 57
806926107 36 45
51782946 20 6
867781066 2 52
735210250 14 27
551223698 61 2
330092418 33 23
895230461 51 21
648492469 49 43
482754285 28 51
992715646 1 27
160874464 47 6
703410254 7 29
254170996 7 9
659825233 31 55
825755437 22 45
967281107 19 58
712373110 45 51
617370336 53 24
978030565 20 32
713837355 25 25
802213315 32 37
959528496 34 39
157563082 42 38
625188252 17 3
242163248 56 5
991213548 8 1
15600100 57 31
832449875 39 42
739945495 30 24
550016224 4 1
764613885 4 5
19902944 35 3
609338580 9 8
690293120 28 0
167155749 11 13
102462647 46 55
683373129 30 61
143553122 9 37
408286254 14 62
441992112 15 17
79742810 20 47
107915967 24 40
316210992 25 43
393476999 62 59
816354930 39 7
392599798 32 56
498888967 8 32
55217245 45 56
255841789 31 14
133920522 52 55
687736272 37 47
804015157 30 2
781678316 53 23
80440095 56 13
221204592 14 9
311527800 0 33
847887156 41 54
267955712 1 42
643154189 0 57
715089265 56 15
193262159 59 31
752520604 6 35
473826194 11 59
120541394 9 57
550724537 47 1
493287813 13 52
486903343 45 11
852757550 2 11
783509364 21 18
743369072 23 12
996197847 56 54
859843708 17 23
171533956 17 62
409994167 7 47
146389697 48 54
219838362 17 20
353557364 27 30
729040346 40 5
883962088 0 18
648078536 58 25
491202256 51 53
587145977 19 1
866429579 32 42
316843817 62 32
684167081 56 31
889230428 56 33
782440109 26 19
114778693 47 28
317658132 42 48
369772524 17 13
949059990 53 54
664440458 2 43
47709611 59 20
140125879 47 33
170081104 31 13
478504390 60 36
499799050 62 8
247826799 51 61
98923563 15 56
925756335 17 0
885775699 63 19
90356460 49 48
272372025 16 43
45497435 42 2
912617643 34 18
611723941 24 10
920610514 14 5
837631176 21 60
959004347 34 19
877732155 22 32
703494930 52 18
476125525 53 38
667537455 23 46
446651119 6 6
589444694 10 36
528682567 27 49
474909754 9 1
293873191 7 14
649483203 35 12
324821062 50 50
791774481 57 46
565161965 39 56
284891583 11 2
905459421 54 63
122488939 46 10
528258159 32 6
370827382 0 14
610854141 3 9
687086600 14 48
291498880 26 15
208624214 42 4
830048122 56 41
889052711 48 38
679982870 61 53
770147475 1 21
96475532 41 52
317028365 62 30
950122442 27 2
769161636 18 49
81051984 3 31
927063173 56 52
583888219 20 11
877929412 48 16
124666437 24 6
240885339 39 28
802799403 25 48
361351538 3 45
770095056 57 60
276779744 49 13
588361920 27 62
376743921 50 11
449009592 51 45
527139433 33 3
962697797 59 23
418127817 24 8
32814250 54 4
258748624 9 27
695554310 38 24
660219716 1 59
936806582 30 10
300382193 20 51
178731511 58 20
736448242 51 20
704767440 43 58
608635950 38 34
631135790 19 59
329662501 37 15
452045392 56 2
716799724 10 3
848927077 31 61
686172022 31 9
140758898 0 31
330150676 9 32
543897209 50 32
760427326 27 16
928885207 62 43
519273875 39 54
500193773 49 3
232986142 38 16
804894723 15 14
383828954 47 23
412070504 31 22
144474487 35 6
936237277 12 61
72045662 8 60
89906482 60 26
593516531 38 11
694621745 55 34
647467801 3 16
438805691 31 58
672498170 56 45
691388209 22 34
564705799 15 8
885820693 30 5
706523710 13 58
8535792 40 39
801068458 36 22
835762293 22 40
867674672 36 49
542721254 40 20
255063943 34 16
154437558 6 56
694776456 49 63
668970863 8 21
38226599 54 8
843972309 4 30
419870145 57 58
21425227 4 43
425247767 63 59
729424246 56 43
842546842 62 23
869033760 63 47
607179624 55 44
636811102 4 8
523316886 57 33
346328563 18 42
130310447 50 20
431742199 28 1
901456509 24 50
483166643 38 37
206428550 9 35
85281743 24 61
879197401 19 62
61757614 60 4
467924618 48 63
19592473 7 52
529253498 57 49
286731034 40 38
756045019 50 8
101864490 19 8
769566450 6 53
141785998 35 39
975111199 45 37
983887101 4 16
813716762 9 16
185559430 16 5
647908734 26 23
781751984 35 56
181168523 12 59
442350562 54 45
441895975 51 26
535349765 51 60
898388262 11 61
13497191 3 18
487123402 33 40
290043362 0 16
958946189 42 53
499231548 50 33
651707165 48 9
567765969 46 4
499648935 48 53
193509743 36 21
524259928 37 42
96938112 2 45
255851552 24 29
790831982 52 21
621055416 7 19
850982466 42 62
204958182 63 36
539235470 45 50
575541759 26 39
219673485 35 7
298807469 4 50
479085192 47 30
828108530 36 19
685899130 19 46
148078956 8 19
228337143 5 52
136202714 44 60
794848329 8 15
316821214 44 46
206311643 0 23
104512004 15 59
803848154 8 44
494615554 30 11
990436120 57 7
34902849 27 27
551892532 39 40
936139420 11 63
69539576 51 25
565939303 44 18
886589953 53 36
270421426 23 63
929340325 10 54
650488269 45 55
98246928 38 18
936648719 19 60
743255984 61 37
238183891 31 54
978951891 28 29
860762819 22 9
2768269 59 11
465615192 6 49
828372191 36 50
329116576 43 36
68891668 10 2
547025986 4 28
489407342 11 8
515738047 17 22
179758850 23 22
442816506 5 18
75465184 21 26
438987770 54 59
833116022 57 59
452202989 27 45
930385205 38 63
968679791 40 26
64873076 32 10
925228556 3 41
174902421 42 39
174476803 29 17
900489573 58 24
512714572 32 59
448558536 1 39
189109980 38 61
646007445 21 22
285727783 59 51
105603518 38 28
85105894 33 2
519572404 40 50
562600730 47 57
659653385 24 9
784914768 39 24
869953110 53 55
165893925 43 12
297262174 30 18
973576204 4 13
603160179 15 47
864969806 2 61
932923672 30 59
993349714 30 52
662469351 11 40
86232606 22 36
556186037 4 35
920181021 52 60
998803443 47 31
709963298 44 20
351510103 2 21
817450924 38 4
35515322 2 48
52166251 59 12
885093699 13 41
705932291 25 58
578901701 20 30
46655503 44 47
18373477 45 0
800007528 50 21
476911744 23 27
986934182 49 23
130028235 22 54
683403494 16 20
627188667 30 22
866302925 23 61
319984934 6 14
278219725 42 50
955046185 29 58
546889126 60 49
268899404 26 54
173076528 57 63
529613796 8 5
848882006 40 4
844576952 56 53
87540581 22 56
420231655 53 21
995800710 10 38
924113416 6 41
539636873 55 40
243073171 55 14
649286371 63 30
108870526 51 50
624722169 8 8
462550827 15 30
437230751 12 49
445878400 48 27
601763546 10 40
918502743 22 8
11535085 32 0
109150489 18 15
514836883 35 8
936380325 26 13
246397064 57 11
481888373 55 21
118637134 29 9
173494275 9 0
10809901 12 45
106407785 9 42
698903674 14 22
598898247 1 1
978615068 33 8
98563304 51 37
328442443 45 40
229421735 27 57
26876315 8 59
661420687 48 37
300481849 52 12
112995905 61 11
486041971 13 3
425281306 24 1
965765245 17 50
268152212 57 20
830665841 59 7
340037868 49 46
31509911 0 32
682436357 39 29
544532710 21 32
30498444 3 60
150137547 43 5
630381916 24 52
140189736 38 44
880364322 37 58
628925854 17 55
85771332 35 53
868443919 30 47
602289918 60 9
876635998 40 3
778011342 5 31
722050168 45 36
823628818 29 57
273378712 9 53
139750382 61 29
997808582 31 48
767674995 48 22
369739424 30 20
725446909 44 41
478803804 48 40
763184860 23 8
606590988 11 52
904366645 25 40
880252708 31 51
565132586 14 17
366368569 21 7
122565432 52 37
954550539 19 52
857585377 16 26
190227909 35 52
46237578 45 52
314514818 4 57
835204517 49 42
86476819 50 63
120863506 39 58
439299071 55 49
141235138 60 51
980037578 38 20
777019037 10 56
747439994 30 45
484403878 17 11
163478614 29 22
15733851 7 32
251212528 51 43
79378273 34 33
711457638 12 46
397586528 10 23
827799012 45 19
464590636 3 54
69332332 61 50
725243684 5 40
762012377 51 24
677991903 36 61
818654240 49 30
425996804 42 45
119932377 31 2
63293560 11 31
260487933 26 59
40230335 1 13
273170673 6 13
381097371 0 46
503284675 12 15
244447481 17 18
454997682 39 30
167271437 33 26
32913651 12 35
22763707 49 60
368689330 10 29
183283512 9 11
369473110 57 55
252904689 30 46
54966281 6 8
559084971 15 36
819850615 41 40
972552427 41 41
904817109 35 63
781394327 46 8
532626468 62 0
749926876 33 46
69828534 14 34
732115794 28 32
40394993 54 50
339849566 15 41
947685458 62 44
80471000 32 20
563465652 59 10
64062445 26 52
356754898 1 36
202731845 57 28
109926922 5 14
353360743 37 35
946630755 58 10
229839196 27 33
877806545 57 47
474530194 31 32
627671735 63 7
557114371 28 38
423124908 9 31
397303446 10 17
381881473 44 52
699363781 55 6
705395075 29 44
781085055 27 42
237471485 33 32
836293711 59 33
266147584 4 36
340286652 45 8
74961765 57 52
433450227 34 20
994920978 19 26
177495203 11 26
216896893 50 45
397493032 25 16
904125806 38 31
125276651 23 21
861150728 7 36
832667911 29 29
42951945 62 41
775419952 33 25
494212944 26 4
205140432 4 45
651072159 4 46
346624626 46 20
670756258 44 59
389960291 46 49
209937968 48 31
421951382 61 1
770775503 25 15
462464968 4 12
256335485 13 21
221063396 31 15
474789805 52 36
366440871 9 7
733960591 12 36
969940103 0 4
803928724 12 3
741007056 40 63
703381297 60 39
491248144 4 26
424717794 45 7
57467317 15 63
752317809 51 41
278253812 44 35
747615607 16 41
10983659 3 1
45123363 40 59
631978249 47 41
128762938 39 50
326834605 31 4
946546782 60 20
103214349 61 45
48330386 7 17
975097945 42 29
74845436 10 51
855498527 53 31
651740909 25 61
837768944 20 40
368698142 3 0
382532932 63 22
530846780 42 13
695036826 29 21
972445095 18 53
977492963 17 63
891076213 34 28
788724512 56 26
928347836 20 2
611090505 58 7
547658512 57 56
988292977 24 19
57663562 36 7
108980518 11 9
848467339 53 44
778484253 54 37
978543232 21 47
824058639 45 59
87775718 9 61
116011741 58 62
332385360 32 61
332748538 21 27
518247720 37 30
246434825 1 2
904678899 49 15
841787076 28 35
208444888 41 26
700511008 22 31
800222050 23 37
15871406 24 3
290345604 43 1
6456644 63 57
365732061 46 63
506818268 39 23
443189310 5 55
324152763 39 6
405482856 62 7
578918869 3 59
331579673 62 40
321186415 33 61
708901193 20 14
316438790 41 47
139940528 54 9
151367279 63 43
995218060 59 18
932591167 0 37
381913760 39 18
427701868 46 11
359214463 30 35
50079540 20 59
890096394 59 9
416879421 45 47
728841014 18 14
294818813 10 22
749362962 46 15
674837595 46 14
632848904 57 36
309594006 36 4
775360866 19 49
781781606 5 39
938606096 18 24
531280480 47 56
70067367 48 8
499856286 52 29
773333421 20 62
834442398 52 25
706792979 43 0
454729834 5 25
224567810 23 57
643504889 5 63
378878938 10 30
617692117 52 10
283337079 33 33
440520957 56 47
861937077 14 32
825610252 40 51
393534006 58 35
470956953 51 33
843350882 56 48
476646625 16 27
855291054 7 24
709505443 29 15
176280865 36 24
54936139 24 28
819543060 14 52
703716946 0 27
660398649 53 6
535129316 1 23
450507485 42 19
363307458 8 11
879850353 46 48
887503977 43 30
937187654 42 49
287834996 57 4
366980503 8 23
83711038 24 54
745958860 49 47
378209995 26 32
572402173 8 12
489138663 39 61
132622772 34 17
636912527 38 50
922742518 52 3
3782544 13 1
416153476 16 42
292419182 25 55
906350174 15 52
155953287 46 47
120156552 52 59
34491766 19 36
147713551 41 0
731212732 45 41
115825742 4 38
745297565 29 8
440795757 19 0
364722247 51 51
574843178 11 27
216295481 62 31
708807899 52 45
213426658 42 25
288326835 42 61
929550216 63 61
631863876 0 11
527793515 11 45
262970180 14 54
72187690 6 4
899220371 26 31
994505060 15 42
876936060 35 51
272057250 21 57
453073466 39 60
841923699 6 25
746020030 38 25
938646488 9 56
758535343 34 27
325798370 20 42
493006770 26 2
453115801 38 5
192191723 24 35
6920736 48 55
189291202 33 27
33261590 13 63
403101417 38 56
550248766 37 27
51002526 8 49
684163681 56 30
153284397 34 6
351714674 40 25
948492985 44 54
508691955 13 35
507989306 43 26
115293079 2 54
668977609 1 38
140120873 45 46
349131803 63 55
290471852 52 32
587241546 26 37
915592130 18 43
279514843 18 3
565856081 43 44
654144252 47 22
1860451 31 28
993175821 59 44
490604621 57 14
538998113 33 1
254581779 58 29
223283013 35 36
52795146 14 3
907169344 46 25
126604991 54 12
839397276 53 29
544243479 1 35
25974821 40 36
968081847 40 56
979570224 36 57
179242405 47 58
25235422 47 7
97697071 27 51
877409185 13 53
938370059 40 13
911685887 29 6
499195839 61 24
821449110 21 46
253787715 41 39
448052831 47 25
698921700 7 35
265121078 56 40
634935146 59 16
368679065 11 33
792292220 50 44
876239791 7 6
142343747 18 1
343835788 13 57
462400590 9 58
652278451 25 46
180296117 17 28
289141212 18 28
813470336 54 57
984491766 53 2
631249225 33 59
152526190 3 62
719075359 13 9
434331825 50 35
526024109 44 58
521757680 18 59
530068635 56 55
696652834 56 19
734810931 41 23
235274319 50 36
126511943 50 54
963678218 33 15
470490194 53 37
729964606 19 41
846500829 54 19
400576045 60 58
124062756 26 12
720416950 1 44
366378233 61 38
279787478 2 6
237412071 14 18
497593968 22 27
328455833 60 0
765471824 46 33
100904573 42 24
790104685 55 13
292725923 56 17
895274350 23 31
360473835 25 37
434873967 60 48
884022111 32 54
84771844 33 38
367320797 45 30
314586493 18 4
283412473 19 27
204298347 5 60
553231905 1 8
374189667 0 39
820425985 37 63
441414913 59 61
152421415 35 55
927404591 42 28
711805162 53 39
417622183 61 48
609552008 50 42
848138933 14 36
72536718 14 46
134571841 36 8
23558524 59 60
416524556 33 63
631878568 5 56
845895226 52 26
645633122 33 11
205636111 46 22
755748696 42 59
641751805 19 7
424503868 25 34
228799198 6 11
494431395 20 34
436111741 33 13
379050032 49 21
932512602 29 41
760797425 22 15
287453358 39 59
224763912 9 18
130341548 53 13
898930317 25 0
702765833 0 35
410576051 62 55
7822270 3 8
810354473 59 37
440328972 23 2
326649538 45 45
636353984 37 41
969129559 21 43
138253752 43 47
593813739 27 52
691737765 31 46
631074321 53 63
326911249 58 45
275795082 24 38
627253667 7 51
793265457 11 55
585089186 11 22
203479067 35 16
652798903 24 53
839920122 31 20
331452406 14 45
508397505 54 34
627216927 38 38
901701261 52 27
123293472 33 14
998529987 10 46
628822750 63 20
372285301 63 48
355305780 28 14
904247049 18 9
872153403 26 7
506357276 28 59
139646155 45 16
134118819 1 53
718762562 22 53
136597331 19 61
963808387 18 48
193579842 11 16
677877569 30 17
750186958 6 33
719967101 59 24
855259581 16 23
677569100 4 19
464723622 36 46
120657886 39 19
184803726 32 44
637403323 52 7
153820117 12 52
714441038 13 42
250395731 46 39
163723687 51 29
404729533 57 30
381460860 52 56
744347981 25 57
77407856 56 29
853815458 37 54
642494615 60 14
186047460 44 8
146690361 19 53
431601963 20 16
145488342 13 11
426129953 42 15
583582058 16 19
786504933 5 50
740809714 38 8
94839090 15 20
645383214 23 29
640295872 34 43
707154343 6 18
710777321 4 48
967055091 3 19
322112912 23 3
987470903 16 15
786287422 43 42
149852140 43 27
14792845 50 10
315150822 48 60
474939081 49 29
269221522 58 33
231915475 4 18
502234239 33 60
812833608 16 16
34356767 23 10
15272931 61 39
903665101 48 6
396795167 38 7
881572369 39 53
355161888 38 12
557830179 3 17
29042387 41 27
788868269 13 12
179249235 29 18
740032725 19 22
952474510 11 60
3944314 2 10
646059816 54 5
553817788 31 37
76789663 51 47
422976962 1 57
928439471 33 55
19634359 63 44
770362615 4 20
60140308 44 9
252856795 58 55
667526692 57 40
590749612 10 28
679719365 8 62
247097862 39 36
691285355 18 18
345345657 16 28
705288554 25 18
788674923 35 54
504984179 27 7
750942012 30 9
732989791 2 62
452201387 63 23
694825259 21 15
531747704 20 63
870049091 61 19
278931529 30 38
649596419 57 37
425261265 24 11
878901626 10 57
104165678 36 26
814053488 41 58
677458322 28 42
977984938 11 44
705768741 43 43
271730539 19 23
926494506 45 34
644366142 58 30
621653600 31 21
192038387 52 22
883397290 32 8
4490726 31 60
361332977 34 25
63080838 49 7
996413769 58 23
998336021 21 0
856753490 46 36
108103852 17 34
604258528 31 26
568710018 5 57
361212638 15 34
622814573 7 42
477122159 42 23
922049959 37 60
4564053 55 56
413684693 3 47
172858006 4 53
442411077 42 60
991423068 31 49
60092535 35 9
178923036 41 7
663368158 60 34
415618555 4 47
916592871 47 63
473416300 55 25
471432762 43 35
382190365 43 24
634799167 40 62
880884243 34 52
354269923 49 10
301614355 43 17
749022107 5 34
913708868 57 2
79424424 16 47
108382481 54 29
560196765 24 14
411514964 44 57
145152798 63 17
645302448 61 31
107980777 55 43
68145214 34 4
594750746 60 24
526513771 37 61
531409834 5 46
942434079 52 49
498853176 16 51
334510114 46 56
937062924 29 43
480091835 40 30
494082903 6 52
694936985 9 17
351457727 48 62
544876279 23 35
628702747 27 26
175826682 8 24
575496315 37 31
61158493 1 50
569100138 41 44
604570447 26 55
628188022 34 12
60925083 7 8
635556080 25 50
268936969 29 36
152753647 58 44
891140 60 15
75797147 59 63
781020284 61 52
17763751 16 50
455841037 20 1
715574559 27 19
749607520 50 25
138855779 39 2
522162385 13 36
221128306 63 45
184896594 25 31
188127083 45 32
973704078 61 32
247999057 8 45
110288209 56 11
697253902 34 51
87178790 32 17
383008954 27 24
493777985 32 9
41976348 27 23
385636255 26 30
409462896 62 56
180411499 15 46
830429034 40 48
725920675 31 40
77361019 7 59
907137531 48 5
624850770 44 51
789897473 14 7
968928165 55 20
434238081 10 21
19941680 44 7
625247786 31 57
452949757 58 60
428142449 25 12
803492582 1 5
572539316 58 46
540401752 13 27
448627875 22 21
893071193 61 6
523337947 58 16
180700107 49 11
527419091 42 42
783086833 19 38
51442683 22 18
247000370 9 2
539829794 35 45
643116573 4 15
129032471 59 21
567328429 57 32
585899667 10 32
123688397 36 44
410030677 3 26
693581597 43 25
276914319 11 25
615262198 15 5
562997376 29 51
841318572 63 31
596713825 12 37
748058642 16 6
792676741 56 16
112638274 62 37
867535291 1 51
85185437 41 1
535930614 23 50
783091472 39 38
430737968 6 20
440046745 24 63
35544714 32 19
953081097 26 41
812920759 0 58
60793867 31 38
521314971 47 21
500316004 38 21
615814702 41 55
294993019 37 59
367047846 17 37
13096476 54 27
595189461 13 37
96611448 60 33
713881039 5 17
570537328 17 41
18876623 2 38
952407826 15 12
440196954 61 41
145695843 44 33
534189477 23 6
349835358 3 35
413344563 18 30
946874685 48 11
168597954 24 58
837420022 37 55
683336807 42 9
173232136 28 55
298825975 8 54
808486262 8 35
80105385 42 52
316806419 40 8
482785017 46 30
879653120 37 29
349884878 39 31
108789619 63 58
556606942 14 16
73780153 17 54
856466001 24 46
249273725 37 37
53425316 60 19
558828106 8 39
839337936 24 21
444590414 45 13
950168490 48 18
464112992 50 26
657226381 23 5
154871107 54 46
477508917 55 46
337810988 60 54
620720877 31 8
843588225 21 10
797143021 46 16
992111331 16 32
39303676 5 62
873978734 59 13
795369309 63 3
244068671 56 22
389489128 53 28
641030198 49 24
511718518 56 27
148184316 60 8
256732290 9 4
754036551 26 50
864989196 1 9
45679196 22 28
679717824 28 12
371921365 11 28
206010712 36 38
283038884 0 28
540480573 43 60
223622231 16 10
826965620 26 6
935264924 8 47
197981112 32 58
957118216 37 0
510266594 18 45
68845331 53 61
247435665 47 11
711595111 23 7
884025862 22 42
851939161 9 43
14627151 15 32
195490231 16 8
461123495 16 7
181328324 0 30
745655068 22 51
922868096 25 44
237189234 2 25
820784171 60 7
859538503 28 24
698600460 57 44
670167159 20 17
328757358 59 19
419645889 52 50
764399082 19 13
171382698 60 53
612825324 12 8
174209185 58 19
215449199 10 12
252617827 42 21
33714954 44 21
790187168 2 53
838335024 7 2
326650334 5 59
453676979 39 35
724642974 34 3
735016330 15 61
959822012 17 57
326486995 0 43
870627611 51 6
403642138 0 0
790688129 7 48
673140443 16 35
543776958 35 27
861904453 52 5
25154324 19 43
353419584 35 48
774994130 61 56
912062385 44 11
965729089 20 0
420706556 10 62
488528324 44 6
278834122 45 43
676839226 49 54
248881164 12 47
768514470 14 21
162209598 13 8
318840338 21 54
692419824 19 48
778521775 58 48
712965505 1 14
20723009 18 20
81367342 47 50
37717945 1 20
587442506 17 35
271424291 17 7
872033742 41 33
715736258 6 57
403298580 62 22
502577528 22 5
527898591 27 39
141140331 29 30
111811486 41 62
930283494 12 54
387484401 53 4
14505852 5 44
918167148 55 35
867830898 16 1
805218714 18 61
598553438 56 3
855269443 46 19
934385163 60 23
709093874 43 8
559048863 54 56
26617777 30 3
364282623 55 53
878945814 11 30
269446770 30 16
232754563 51 4
157961604 17 42
793986728 32 35
282801196 5 61
538079052 27 50
6282289 29 32
77537101 61 49
978950088 49 2
821726181 49 52
311492738 28 28
753633582 1 43
160303716 8 43
628217831 24 36
873112919 1 12
333795704 50 38
140453058 17 24
802464819 25 56
183600501 54 24
835716572 47 5
437341640 6 54
60693611 59 25
790008835 11 5
584821007 24 15
706581248 4 63
690124662 15 57
777521935 10 19
297160523 47 48
656538393 63 14
802238464 9 9
343192583 63 42
278632652 53 49
787719268 27 1
682256119 21 56
817336896 48 4
649739861 2 37
700505432 40 17
911710223 29 14
289305971 40 37
941723560 1 26
303766286 45 49
332367935 10 5
417843771 33 51
503785489 47 45
615845829 62 35
739534914 31 52
942730904 57 23
973567196 63 52
254192991 60 12
647569175 39 20
914791022 50 59
134325210 11 47
972808163 51 54
519762562 29 59
70605319 12 26
455753697 43 49
844936697 12 58
432946056 58 57
335427725 55 55
662907721 54 1
261440881 28 21
709333239 12 20
229730449 61 36
585871471 28 23
297324988 17 1
432955868 48 20
405426823 11 41
241540661 40 0
438513777 22 41
176359434 8 42
426494279 26 53
841370752 31 6
639942090 32 12
950281370 49 19
298884238 39 5
820456121 8 16
332420388 39 26
316017253 61 7
596209531 13 49
195202637 61 30
405031811 49 22
43198604 58 31
294682386 58 47
764123437 50 52
732004875 28 60
480894705 32 39
24350396 44 19
776793167 60 18
479755912 33 37
498914491 57 34
808368837 39 4
974931499 42 22
734859751 8 48
15891158 38 22
247643869 23 9
117883198 4 2
763922619 25 26
424842864 62 33
68279960 50 61
885095562 45 1
900514745 25 23
788591486 38 45
916350958 40 33
957958676 8 55
528665660 42 16
28838709 48 41
835151291 21 63
125953893 41 59
408374465 28 30
588055697 24 31
437723200 46 24
167637002 27 18
344947052 55 36
479798993 50 17
224568224 30 28
54721044 13 14
766712450 47 44
47345144 5 45
72651364 38 41
6361753 47 17
954213101 38 1
772475726 35 29
966995960 25 49
53923377 2 59
24307387 52 54
584736734 57 41
736377132 43 23
20867961 58 54
35317151 7 30
109744886 39 32
717638323 42 5
502173076 41 32
846641007 62 62
78311081 3 34
4453287 52 52
418168997 47 0
67432612 13 39
307424336 20 18
112109059 56 59
472830550 43 53
88287965 18 16
802623749 9 62
131887400 56 61
632254548 45 35
808284508 37 22
925565990 2 36
930387033 20 56
369510096 31 63
539741063 34 37
261960664 15 28
132019006 18 39
358173951 26 34
827544424 43 28
170654594 9 49
885788773 7 23
621606811 38 15
429706798 47 12
152763981 20 57
92460476 8 7
996246369 49 53
47996074 3 37
122895275 14 25
693652761 29 31
44070289 55 60
182751699 5 28
150249933 56 58
523367090 13 2
874969201 23 48
370946370 7 12
976564779 19 28
3984293 38 9
170497482 14 58
920211895 9 33
701209601 45 57
534808177 48 32
809133417 0 48
623531410 59 38
110675148 19 25
657823099 37 21
814307744 26 5
365771610 7 41
284805328 10 49
238715275 12 18
264963010 26 21
473506874 37 9
244645781 10 59
104641612 45 3
226086570 55 48
664979583 41 19
2160230 16 38
377655503 47 43
264896821 44 48
693509147 6 7
197633745 5 26
102504968 27 38
189845699 23 16
878369573 5 4
529650473 53 58
955226448 20 12
358056890 42 27
459272279 4 21
129023239 21 36
686537441 58 52
171101699 11 19
97913743 60 2
839586245 4 29
605479517 63 38
733556619 59 30
957376078 58 49
672044802 2 47
653955912 35 14
296699587 22 52
631038524 58 61
473763617 7 20
281854857 43 55
23583009 51 57
272671650 23 0
728064969 51 8
675970029 52 35
231969181 27 8
793372654 33 22
749740646 21 51
91906724 40 28
898394421 55 31
684848179 13 0
566106791 46 27
959097282 48 56
394984297 10 1
373011366 23 20
53208830 28 49
534983615 4 52
345730751 43 57
584057890 33 43
776108835 40 41
175709176 30 21
301139776 2 58
23043237 53 51
456226961 4 55
517250860 11 11
193889017 48 12
715423185 3 24
392377096 55 63
983484415 26 3
821604476 11 56
159743084 37 62
93354761 48 52
705493370 7 21
4438364 36 33
41557984 32 62
593794141 34 9
926775177 6 10
210004660 8 36
599076539 55 4
397492367 4 60
314182012 42 43
878764449 26 46
242338608 38 62
580507501 10 11
189924486 35 17
327801795 35 28
573071765 8 22
584667531 46 43
477794881 58 59
108865984 47 60
845820643 44 61
578675391 55 22
236281129 57 35
393036738 59 8
922763065 27 34
611587238 1 32
443582236 62 34
75619828 58 32
66157658 31 33
639269150 56 18
841495008 16 21
668728584 1 62
128224810 63 1
705366218 18 23
279386525 63 32
277003956 2 18
855531316 61 33
711305617 4 44
140874079 36 55
432788528 33 52
92904743 26 43
127934239 51 58
121710997 56 23
778915513 18 0
230885716 44 40
381629795 0 38
760700565 7 25
654774802 21 44
987287346 10 4
425784079 18 56
327529750 10 52
715001598 36 51
205618907 53 35
703143452 45 24
144693428 3 22
814739911 2 15
571314572 63 35
686237763 36 63
689093743 55 0
830428346 18 37
962783273 28 43
54102404 44 53
487796524 28 6
989122729 30 57
591662006 40 43
871642787 28 56
846267443 19 5
583033191 31 56
591528927 6 12
209018790 35 22
946162607 60 22
399083600 33 16
253307249 20 20
518579801 43 11
220725041 35 24
883264190 57 12
300233439 7 55
547221706 54 20
339074094 17 31
251886741 30 4
190925502 30 34
16860621 40 7
840368764 19 3
200865464 18 29
267145801 62 15
152977784 21 35
617287385 34 57
503388049 29 26
73341917 3 12
851264936 63 21
121607524 25 51
146826125 28 33
456572286 2 8
882080891 9 50
415970338 60 56
557507998 4 33
678147409 38 53
665843412 2 56
964569978 37 11
578238903 26 0
252020768 3 30
142168283 17 39
606362297 34 48
858585428 18 40
282271705 40 32
208023162 34 23
795342991 1 15
477684719 32 48
982427663 20 48
199224801 43 15
462925201 12 41
104437132 14 49
784391799 59 28
857812994 28 15
416778421 34 29
386048302 2 0
418561389 26 57
699137301 62 58
390241240 46 51
724482399 25 3
954852973 3 33
940317974 53 43
982003771 47 37
696114348 36 14
143388826 51 19
351090242 44 55
602254594 16 14
623130151 23 53
690260282 41 38
571162526 32 3
903358900 40 34
714504164 62 25
647821367 35 47
439070064 44 28
718313662 18 58
88591228 2 50
857324704 18 10
445152196 36 30
409177584 59 2
280163981 19 35
732039974 14 35
162227944 46 35
197055742 1 25
443072311 13 54
582033567 47 46
848343024 40 52
380111360 24 2
897291936 33 57
505513607 24 34
692414259 43 54
775405042 33 24
684946289 23 15
716966266 21 17
670231243 36 3
641975093 44 29
804532312 56 46
927774139 46 38
505192217 28 26
624886284 48 1
843460740 48 7
544401329 56 42
930328384 6 60
291078432 12 16
112167980 10 43
731707492 36 2
954954149 35 25
774589437 48 43
246871304 5 51
376001540 7 45
855269493 5 29
262780307 20 29
125753558 48 0
33287779 35 40
256601119 45 58
427128501 29 42
244073431 10 13
567734646 2 40
5037526 46 12
765307037 6 30
245498191 28 20
60955095 60 13
22503952 11 54
775944038 14 41
947620872 44 14
446897478 59 62
853227785 27 63
318366353 61 40
615305423 53 42
788538147 46 40
930284353 3 15
82310529 29 2
129026294 37 17
507488502 58 2
601077754 25 39
180391422 14 11
622724305 33 50
925391592 6 38
557429691 19 47
234702006 53 33
962887225 41 30
428386887 47 16
274616016 13 22
571590583 16 53
416806668 23 25
656278534 62 48
190601671 50 14
125873911 48 50
755870634 23 49
637502266 59 43
740669428 8 58
865345740 22 57
40430458 34 38
574123934 28 7
435925486 10 9
203488372 45 22
504098147 31 36
981222928 59 1
913127952 46 37
696248975 35 37
644189267 5 42
78552338 62 60
756919545 23 26
167777184 46 18
2237884 10 48
445878602 55 41
409166860 46 32
447149711 27 11
905077778 16 40
629996034 36 27
366212081 46 3
312774953 62 18
622879566 51 12
386259880 32 53
415569682 36 6
517869215 43 33
514469230 54 35
532427343 5 2
269598751 21 41
358087171 55 37
498268402 28 45
604769837 29 24
241140362 57 0
846105294 63 16
312981857 49 61
461544475 2 30
231756556 23 55
826915165 45 54
879186370 51 23
966714392 8 6
951709726 14 29
443809647 25 22
596842275 7 16
570245574 25 5
170832513 15 11
323771561 39 48
132189974 61 23
722350315 29 1
164203447 59 54
315006738 11 6
203819567 14 50
576240114 49 37
123011207 34 56
24649623 62 45
994224775 11 20
51604072 36 59
412226941 55 15
293010056 0 41
456770620 19 42
882665343 33 7
832925031 56 56
330814489 1 19
29700079 43 21
38499982 36 23
840297945 4 51
307878114 30 41
655448900 36 32
449599886 61 62
736828842 51 56
380425312 23 18
829828965 40 45
120006047 34 2
44377973 29 34
399133042 12 34
554974592 47 40
924722049 62 36
535995417 13 7
144717020 8 33
708553028 38 43
464607771 47 62
653771577 12 62
999647175 42 6
269714792 13 60
991126264 17 19
240845245 13 17
229853759 52 11
555712037 50 3
440684741 24 22
949893711 36 41
996133812 54 31
821938615 58 42
476696533 20 35
243005407 35 61
363086201 42 57
311329503 32 24
693615773 17 53
506838560 23 38
214777160 10 26
742363492 22 61
94797368 60 29
2969096 8 10
752108477 24 23
417937549 0 22
957310691 0 2
713577556 43 45
760616150 14 40
928400808 18 50
853861506 4 17
49749506 49 62
272146041 43 62
722075271 32 45
412555546 34 45
862346452 41 4
73112302 39 10
404325886 11 36
407900501 60 50
800014804 7 27
398803809 8 0
358121574 26 18
465697537 16 49
86052299 29 12
764384354 42 11
410338845 18 11
41110417 39 63
666884040 30 31
842712164 61 55
208845316 44 34
693779098 8 14
733744031 60 41
261320769 52 34
622015999 34 32
958739031 19 32
112869479 63 56
592498612 4 22
980177273 6 17
188766758 18 31
877661947 25 42
524416477 50 53
190453213 58 6
32641289 55 51
731180666 34 36
192848833 35 10
447548190 33 49
962631206 43 22
82023624 39 34
752191176 47 49
254857776 20 25
471493960 29 19
706489611 44 24
140154173 26 1
288224140 28 46
505837915 16 48
950204974 46 54
937870034 17 16
237950896 48 35
614154995 30 39
460355425 29 48
819088153 32 28
2405789 37 6
886506694 52 23
565410967 53 10
992251916 1 55
321640279 46 2
767142445 21 3
769762054 28 17
882459269 33 39
916376681 41 13
813918120 21 58
979631019 32 18
399481031 31 50
866185822 49 39
861715287 44 49
671323587 37 49
3883251 19 6
119310665 29 61
658354561 1 30
540880211 37 50
494448532 25 63
323073598 18 47
890694929 40 55
253716386 9 15
751979028 49 9
99571671 7 13
553242132 43 3
418110394 35 42
384892228 35 0
994136752 49 28
823688252 28 54
480680170 38 6
256464856 33 31
318080490 31 24
241968992 23 33
87566150 40 6
303803113 21 28
208845740 6 40
993370618 6 36
151047205 14 47
607129201 13 4
397484445 13 46
410619815 22 23
211384994 3 32
54581202 2 13
777888108 47 39
761181611 21 31
101371421 18 35
840440912 16 36
489529673 54 3
151194474 35 32
258519735 60 37
126328722 54 0
701394025 31 7
157112048 56 57
450330585 15 24
750627877 54 32
117307269 48 34
534278506 45 23
688997549 17 10
660861433 9 38
409031003 4 54
851467691 24 26
939527331 10 20
850925282 33 36
51760428 36 29
727244456 41 2
68431342 52 8
78135064 52 41
453084476 57 8
280168444 51 44
491942917 42 17
453968823 22 3
591158102 27 29
275706981 21 13
132361762 41 3
488596288 5 20
356876101 10 42
201015365 7 22
922784198 61 5
45784598 24 13
633865564 31 3
244901410 26 36
689496371 17 45
942639874 7 15
456170735 31 5
191834918 52 40
836261361 2 57
540905392 9 44
147832536 9 28
675140511 2 1
628683594 48 51
979812656 46 52
572110323 19 34
981968256 18 41
325206733 9 46
923296373 30 25
587148194 62 42
100120799 10 6
249187534 34 21
750878937 0 54
274997833 63 60
931308149 17 9
808952036 28 47
625904791 28 2
453186515 22 26
759089697 7 39
288793195 0 63
817774928 63 13
189998635 17 5
360599909 30 0
81009920 13 15
519280263 45 28
165077444 51 49
717175271 21 21
914497288 42 3
596042789 27 61
682853906 41 28
950805490 12 7
462136360 38 30
74200821 24 62
339385871 26 9
987944178 31 35
106047438 21 55
307931433 9 45
909100215 15 35
226515452 2 7
782281127 2 2
348211923 50 47
64343436 57 25
34014787 43 37
705235495 60 16
538522221 38 39
264165650 28 48
313743780 55 32
798060804 38 13
610172754 28 41
143491924 60 17
149237531 2 27
637410235 55 27
285661250 47 14
346491485 18 27
545124172 40 60
610212362 40 27
311462882 5 5
947691200 58 50
784607483 48 57
687807092 36 60
716560698 61 14
706383889 33 48
256485780 29 39
715043521 50 7
16098869 29 25
961548650 63 15
822215588 32 16
457270906 6 26
914459684 8 40
745803751 30 54
516264797 31 11
288095601 12 17
869140028 0 24
357092650 9 5
430911766 43 9
856755767 41 29
172882451 14 39
463646680 20 28
535151049 20 38
209011877 28 25
976398887 23 32
268288025 27 6
707169172 12 10
249052244 33 9
380587607 58 27
819042332 48 19
954186808 7 49
441158436 5 48
607192167 39 16
411639953 54 55
307300765 61 27
754132409 45 53
174982273 39 47
724786989 46 50
876559436 27 43
532031993 11 0
262297519 14 1
255279401 49 41
275673075 54 38
102216591 60 28
385387618 19 56
859879876 21 19
716818405 2 60
351457899 25 38
319400686 18 17
782185148 26 60
637282711 13 18
584709952 19 24
978130955 31 62
972151001 24 57
618898213 8 52
49014277 2 51
480192854 24 56
819739235 17 29
326878667 43 10
973112437 13 55
215883214 14 55
251053478 15 33
733317227 36 28
537830543 9 14
805211735 8 20
893017973 35 15
935630349 48 58
475456790 59 53
88335930 49 4
994504101 12 57
631872091 23 62
390680081 20 52
121281955 29 54
329024397 2 31
509493281 32 7
62895948 3 51
215029794 51 27
504445580 60 55
566907347 19 50
934870742 56 6
516583723 54 44
80602755 42 7
960993799 6 45
320347522 29 4
393765014 9 24
928545367 53 52
899288054 14 12
20281190 11 48
205904671 57 1
983952497 35 18
849229312 34 62
301434462 0 20
756439783 18 34
512386877 18 22
667264549 40 49
18975882 25 27
316297713 12 25
527111598 32 15
389291660 39 51
158409419 18 26
663570598 51 22
915684280 39 39
565242880 49 57
843789642 3 42
92070993 33 6
781568213 0 10
600791149 4 27
905559538 16 55
834780068 17 46
940272257 11 57
361889640 3 52
278854385 22 4
878568754 39 62
512880318 16 44
12865701 6 16
743610171 11 23
18492914 51 16
914574481 25 19
435143806 20 9
784611079 4 39
446046658 4 3
830858371 37 38
88143475 31 47
586541136 55 10
649655778 41 35
17180448 56 62
302314916 30 42
904235349 5 16
263497589 47 18
188744571 21 34
554353497 18 57
101729561 16 0
777014276 27 56
699881385 29 63
129238907 21 4
359591907 2 55
900160506 60 25
834365761 32 31
697598744 21 6
928933823 26 56
83564328 49 20
734773219 31 10
608009442 8 56
343317244 0 15
983192899 36 0
610678190 19 63
388389297 16 39
525837997 17 26
367302241 33 4
104172487 7 40
544250109 58 58
441595688 54 47
63702400 24 24
846817497 59 42
483765604 36 47
911556233 8 53
812359423 46 0
773810576 47 32
778779434 25 4
852740912 2 32
180243747 59 17
781198621 14 31
996401844 63 18
807030847 1 17
802991764 25 30
327311797 12 22
374568716 15 10
306290205 21 50
875748573 24 48
969455890 7 3
954810976 21 49
61122293 16 56
891920111 45 2
173076720 41 5
486242947 9 54
117259064 12 31
488894878 62 46
211271569 30 43
699254635 4 62
178535959 30 60
715893795 15 37
720411194 0 59
893351857 54 48
487689737 20 49
361404568 59 39
583831476 23 41
203967252 17 33
63173963 25 8
760690303 13 16
267654860 2 33
749341430 1 29
27355227 19 10
294501692 50 40
905692371 20 15
328459485 53 18
117262973 16 22
349938838 1 47
439609374 45 60
122793716 19 20
696749622 59 52
89713978 44 37
456795783 6 37
926273159 21 30
613675987 34 15
168539960 27 32
242464234 39 25
175438986 32 11
45078499 48 26
474730628 32 47
83480745 26 26
500325907 62 24
196488633 46 44
996948854 15 58
330654761 13 19
932560092 19 2
168776683 11 14
749055306 1 33
753464147 3 61
136779202 44 2
736330966 0 60
352790689 32 50
137140499 25 6
975322952 31 18
898659095 22 17
758072319 33 42
335309020 17 32
89006101 3 5
297314835 23 1
932364363 51 48
920156451 29 56
195391857 11 37
98611824 23 60
336838993 51 2
636336096 55 28
764061644 62 6
647305882 13 13
863671363 13 24
639403280 10 10
847353656 59 57
475475263 2 17
940407860 5 10
198381877 2 63
401004522 28 58
720632275 5 33
629500060 50 55
883785684 36 43
654232253 39 21
445263629 16 9
33413591 52 24
105629686 40 24
203398062 47 53
437266792 23 44
158470054 58 56
635897512 49 0
80225889 6 31
69408163 58 41
724644780 6 22
41201019 35 35
749540507 22 50
657856834 53 9
47120881 37 2
98994436 39 55
596125894 52 43
264505610 10 31
842140515 25 11
421254493 35 49
256858224 51 55
381278088 22 35
225055312 50 1
462031010 49 50
488728268 53 47
234488203 22 7
387042030 35 58
216038261 9 20
686692655 28 31
357582502 3 44
366377940 51 7
964689275 29 52
363015572 63 28
184359855 29 11
559345790 61 25
681913821 35 60
494336281 27 10
138931523 5 13
636949964 51 59
858071496 36 54
587696256 37 10
89064511 54 41
455581827 59 55
528825069 36 48
983084207 33 17
5339208 23 42
326228427 18 51
707956225 60 31
440001840 49 1
515491909 26 45
83805615 61 21
530322750 22 12
703518385 39 1
155086047 56 32
696520096 50 60
363917537 39 41
722480006 32 51
218115336 7 31
102057714 21 8
648644522 53 48
935737890 56 24
345962609 41 61
282981726 51 31
610940255 11 58
235276193 0 3
414113810 5 15
731015551 40 35
504835913 63 34
422141506 61 22
968025766 35 38
71475029 12 60
941660853 61 44
567498725 49 51
287910188 22 37
781811909 54 43
805400948 36 25
105909905 37 25
426121575 11 24
947895318 13 48
28337243 59 22
885859057 20 10
697874015 13 20
78913141 39 22
464470468 19 14
995747537 55 54
16208606 8 18
945229938 1 3
411355659 21 61
324268454 43 20
805064692 42 47
959596673 34 1
728703507 10 34
301627652 61 61
56863092 46 21
119144314 1 61
483821503 53 11
852921125 58 1
77006453 22 62
882267930 43 52
961331320 31 30
264599401 49 16
25214417 59 32
121859200 12 6
398383533 25 9
875057360 35 21
10063017 6 42
344294576 7 53
337713487 31 31
117355138 46 57
166118623 37 57
993312019 58 39
573655121 18 21
450405959 47 36
666677658 17 25
917427189 3 28
150723886 33 62
553427728 32 46
653162438 7 57
253809926 5 47
140720738 23 45
388361580 6 24
481006737 13 6
455641050 11 29
463097584 56 35
98301459 58 0
850139631 49 17
453797481 44 63
149303003 54 36
588983391 28 16
29691159 52 42
667658127 38 42
36758957 37 43
765176014 47 51
548509445 23 56
769640845 34 40
661689587 62 50
962236290 38 52
260189430 4 11
842904710 41 14
476332222 6 44
715535040 33 41
980763374 34 63
974276355 52 46
291547683 60 30
384901493 16 37
501277237 26 47
212724848 47 42
228799932 56 37
136427436 39 49
523486677 57 43
63101341 15 60
537771046 38 57
799013145 50 34
104594718 50 57
463232317 43 41
649502337 37 20
737670033 42 0
294968355 12 32
945914474 63 33
503357683 54 2
161025935 31 17
628768315 48 30
53958943 24 47
427517221 30 19
417404593 14 15
547589248 21 37
799832765 48 25
187050692 19 40
346457657 46 41
494822483 59 3
789392007 60 32
46143489 15 15
921952654 36 18
448819158 55 59
218607141 53 56
180255250 52 28
555024568 59 34
623999600 2 29
894405669 12 53
363926447 47 61
563907815 30 27
114901325 23 51
54256245 9 34
768407957 1 16
227003628 52 1
332265948 0 26
902718187 29 16
466165510 39 8
261587901 22 58
80370767 37 16
990036925 5 9
673620040 52 61
155925750 56 20
722993694 37 18
859426313 3 56
147459362 21 12
584466259 61 42
247085700 63 63
372163150 16 57
669741410 10 7
482353464 49 32
134394625 53 41
877388529 36 40
89638233 14 6
743498537 7 5
747471318 45 42
373668538 38 32
376926812 61 46
288492113 45 63
21775500 48 10
215615316 60 57
869073733 9 41
442666751 16 11
809956973 48 13
321210320 18 5
368590577 11 15
496463653 28 4
104801545 38 3
742230818 45 25
88799424 57 62
102515928 18 62
155934899 4 6
976799395 61 63
614914328 43 50
994849491 47 10
998312706 50 2
631714957 16 4
183129570 35 26
259919603 23 43
881190737 11 21
761641602 1 49
360261899 41 43
79634108 18 38
70132542 9 40
830884358 34 44
481544965 16 62
910652882 41 17
271650606 13 25
221431040 63 12
314328899 46 42
762903681 61 12
404526280 47 34
459376701 50 62
737870528 9 52
170868279 58 18
776910710 56 51
583825901 1 11
674990713 34 22
84871172 15 13
176681703 17 59
977964068 20 3
855231470 30 8
446168865 12 0
593519504 14 13
198234458 18 44
640630693 37 51
41946982 34 49
39977766 22 60
467048172 60 43
165568423 52 16
586802641 51 14
267104549 61 35
675503001 39 9
856990722 9 36
600826118 30 37
204709708 5 53
939041285 13 43
523880773 33 56
875122634 32 38
658903071 6 32
761386297 5 41
423187207 26 48
859384711 54 10
806135652 27 5
631364385 25 47
306618464 60 21
31262924 37 26
328794278 7 4
443830541 54 26
635587181 22 0
451329994 6 43
442358197 54 54
38691889 14 42
846145233 48 61
592656600 26 42
627052836 44 45
849481252 38 33
532872751 46 23
584389871 27 13
607673546 12 21
817337189 16 59
317503665 9 55
176664622 27 31
354382914 11 38
974191569 7 54
616539780 37 19
833437783 2 35
600909163 3 20
813671214 6 2
524432985 20 33
788783952 29 7
573519592 52 14
727628196 49 36
863767014 56 14
915307428 41 34
462932128 40 53
252714047 36 5
422775395 60 52
860166912 20 44
824834111 56 38
688957294 26 38
414164750 46 9
245499574 34 7
96214452 38 26
481622407 41 9
671297959 51 62
317625405 16 18
273496497 18 54
347168577 32 34
174756084 59 36
626515886 24 32
392122927 15 21
384666168 28 39
252304190 2 49
976355913 37 34
607972071 5 37
696350060 58 8
872049363 10 15
927923438 61 43
670956505 46 17
459757506 52 17
172158082 20 5
9294501 14 60
605763529 49 31
564201090 42 46
468955170 48 21
93440790 45 4
215209661 62 53
864777175 43 4
745725195 51 10
540203794 38 19
539619968 62 26
64389970 33 0
215971483 10 63
501193480 53 0
178490147 22 6
138100328 46 6
714624178 6 28
85162384 48 59
554019702 42 51
482372847 34 31
884726838 7 43
449257956 61 58
376690579 6 50
233922981 36 35
277896592 42 44
670525538 28 61
418357076 58 5
767753385 30 15
77265709 40 46
190388491 2 12
711147224 16 17
423416832 12 5
309708287 53 22
981126151 57 21
142478594 43 48
173883409 35 20
785870842 53 53
29230111 33 30
845483514 51 52
378726441 44 25
771543191 53 20
29641026 8 57
909200298 26 24
955336440 28 13
269144404 59 56
316245760 2 3
40752705 5 7
192412947 62 57
534488625 30 40
543616786 2 9
35129012 9 29
309353840 39 11
358890548 45 12
590182864 53 30
512029496 28 18
171777516 58 53
705819622 11 32
123282617 55 47
799145930 30 55
474020808 48 36
6211541 54 25
84402415 47 15
820313255 56 7
31745576 63 50
810780432 2 20
355212728 49 45
615510740 43 39
212604051 28 57
303370670 15 22
284300030 45 27
879532183 13 51
751760758 20 39
598058311 62 9
340512208 21 11
355061755 30 7
609209505 22 33
427702137 53 32
399822559 4 31
360633169 12 48
94283720 36 15
810809956 24 18
736998146 29 20
297495466 16 24
822169859 40 15
725426479 44 50
891932594 47 24
523901277 0 47
199468878 58 51
264213633 25 17
526396815 50 19
482668679 23 17
359962890 50 0
456966920 20 7
114701017 0 51
864097670 18 25
735713914 42 54
910944757 10 41
889564663 10 60
207509885 20 24
143737415 15 27
948914046 1 54
999759348 2 39
550739156 40 40
178817021 53 8
79779675 50 24
587535613 55 39
870380981 50 12
943842444 10 27
974607690 26 8
322641124 38 55
993262224 40 10
901013191 15 4
858905484 21 23
927397280 54 14
634977943 38 10
794592744 51 1
18105189 41 12
112867787 9 6
802955843 25 10
316912138 19 33
97731999 56 36
975639842 26 20
491919309 3 49
908389038 63 62
424880392 47 8
759090441 45 9
915572150 40 58
150561079 3 43
360379119 18 32
980488453 30 30
764714304 10 14
333068654 57 10
826168747 27 28
534711103 38 2
564983538 29 23
330089982 14 8
133185300 44 3
515500808 50 49
204361495 17 51
613901560 28 10
359441160 22 55
959727439 28 50
706101824 8 34
46254673 15 18
626322920 40 22
466228013 44 30
911808446 39 13
381407840 42 26
263841560 20 60
259932250 60 59
531619881 55 17
554876000 54 28
224832386 56 9
868764084 62 54
661283291 63 40
732915444 45 10
928360468 27 60
465741247 63 4
612388726 30 6
652986526 56 0
170788413 15 29
416470816 46 26
18259034 50 58
866867270 50 16
462098036 10 16
943588129 25 53
490110256 49 34
428264889 39 12
761487537 53 60
669310513 13 32
493674594 4 49
39641128 12 29
465754866 20 22
310100577 42 35
874612896 0 55
786709157 59 49
592649656 9 63
495524839 0 17
506874716 18 13
157780137 12 56
701915271 13 23
170676639 62 1
464803663 5 22
54474897 19 4
962816617 33 12
112448901 25 13
73799410 15 48
733115420 62 47
941346412 4 41
881566012 21 9
662787334 19 12
487822575 45 15
621408287 63 25
889816202 12 1
297509132 0 53
627270417 40 2
8858649 15 26
150370777 41 53
821813198 22 20
930128751 0 21
999564402 33 21
111780536 26 49
885481428 53 50
927683161 14 56
315607368 47 9
959999576 14 4
548205552 53 57
610543619 61 9
896505660 45 62
410625552 18 8
151323571 48 3
666327301 17 52
522329586 55 9
874742746 37 39
426184693 42 12
190343900 59 48
750885525 62 63
475090131 50 23
716567377 62 14
990853735 22 24
558368848 60 61
979674559 57 13
443487910 21 2
808429674 54 23
72201942 24 39
821327234 46 34
70436247 44 44
795807246 5 35
988379 5 24
556083624 32 1
362561292 55 52
779772255 13 5
973989016 8 4
941988574 16 25
554838447 0 50
375087565 13 47
374576203 6 5
972476790 12 2
994657392 11 17
800690347 3 27
174481588 34 26
80607207 40 14
811972354 12 19
31357363 3 36
493590938 52 57
165343051 39 44
869262427 5 58
888745857 24 45
914447940 34 30
347529696 45 48
158750008 0 19
302363667 41 57
492854273 9 48
670703496 30 32
359854742 44 62
993983312 47 13
749324448 41 51
766500936 15 45
902211130 28 11
303583613 50 9
593455352 35 23
57244876 20 45
571904811 31 42
379143113 17 49
773533026 60 46
819029218 56 12
73422386 32 63
550419139 29 46
197546042 18 55
754664954 62 11
121902177 16 54
970413790 18 60
202751073 6 47
651125165 38 46
555138441 10 44
410425588 53 59
127083454 9 13
72830515 35 59
148583618 9 59
295491776 26 51
127818168 25 32
42505451 35 1
441076967 8 41
133327202 24 51
22533566 11 51
342730455 23 39
179566359 12 50
306917343 53 27
872868799 3 25
320043293 22 13
565932854 6 55
374589343 35 57
872628914 0 25
249322887 53 34
515754089 32 4
66306285 51 28
58460432 5 3
20589316 33 44
980719006 53 5
581797243 14 14
629167445 41 18
894030885 59 6
662090754 51 15
619078363 41 48
852613250 21 24
754304929 60 47
223955336 12 28
148798727 34 34
869794974 52 39
345180881 1 6
985280873 61 0
445367513 16 61
709713712 37 52
775032884 62 3
298592414 11 35
435375252 0 7
191272903 59 59
931489772 31 16
707329128 20 27
46911065 3 21
148869234 22 19
836614720 41 20
786088137 58 13
465782451 28 37
369714248 27 21
879351832 60 11
552323336 53 46
142349580 49 49
651126754 58 36
776289668 34 46
317554225 51 36
594688565 11 43
33554396 38 0
454402614 54 49
48634259 46 28
867166434 22 48
495883608 27 41
723152898 4 40
427844416 29 10
96331820 22 10
18913402 44 5
505471845 20 21
659351184 52 30
159631373 30 33
934703341 5 11
211633148 19 39
811543710 30 1
422804967 28 63
545993308 21 20
39677192 3 63
723544777 43 13
239964926 47 47
775923962 17 15
626412017 35 50
278484277 56 50
936038649 0 9
421431291 4 24
469997760 29 62
915645768 19 21
818455141 59 41
15111704 7 58
841767075 44 17
903821869 7 11
973870898 24 55
34969615 47 27
832692332 53 19
379725652 49 18
385960244 8 28
615761185 45 26
359750419 26 11
204767984 0 62
11710627 3 40
712976275 22 39
499296816 1 24
608987256 45 20
700377755 10 24
544725293 53 45
504941697 16 13
896870182 22 11
532797853 8 3
422854590 35 11
663377514 1 48
494217851 37 46
623062540 35 5
486462869 27 36
790392944 4 9
495214777 39 14
240532657 21 33
633741322 13 10
611887037 32 41
416580455 20 54
932774712 6 23
671974387 54 42
440645280 54 51
985606609 13 50
980616369 58 4
48514607 42 58
530379018 30 63
186310022 7 18
398907407 8 26
172436511 52 6
895367441 39 3
325250264 53 1
224003756 18 52
163141671 10 50
760662896 25 35
458937183 48 23
336916163 31 45
365159474 13 30
879087621 29 28
199832182 62 20
657391605 0 49
493761580 36 53
205928019 48 17
434237885 45 17
771931589 49 58
144811141 27 40
430921214 59 46
13786517 13 38
824746012 19 16
958102708 57 53
752478545 31 34
656932263 52 20
942690245 50 29
268814258 35 19
75725755 62 5
968166238 12 42
230675698 60 6
604724347 61 54
683631693 27 54
564931176 55 2
845398965 29 13
963293329 27 22
914424894 63 37
644600121 58 34
457514632 5 38
134237305 18 46
189635943 54 11
464067463 8 17
916669126 54 53
520759355 20 61
443762888 32 52
395086543 59 29
964499247 50 15
28447206 24 44
408316161 59 27
977644239 49 55
501796456 18 12
333202442 50 5
971484378 46 59
506256394 24 30
969654137 55 18
209424444 31 43
58744763 50 46
394821191 47 35
177396813 11 10
855827349 58 38
469452340 37 5
659014418 32 14
496468533 29 55
719970099 19 44
106545783 57 57
50255930 27 15
592749158 25 14
759826615 41 50
252849881 22 59
117989969 36 39
708466806 26 25
430328518 23 19
395095125 53 14
43304239 58 28
117001955 14 26
702529928 15 0
939888904 3 57
303373936 35 43
794243468 43 51
230364460 54 52
214806198 45 18
235770353 1 41
579048501 12 33
969424482 17 56
262784836 5 23
689673303 42 20
119900424 22 49
951908575 30 62
631172412 42 63
773865352 58 40
973881103 54 62
819187165 26 58
115398732 35 41
229592879 6 48
529743035 2 4
628106904 9 21
570600903 9 10
484585788 0 42
584910432 46 61
551239890 3 39
398380834 7 50
881812066 62 13
568793270 7 26
425475407 3 50
389461112 12 40
307549336 34 50
843783002 3 13
458087514 60 5
718491911 34 13
142886297 49 40
273880395 30 26
154094143 6 27
692792753 36 42
898253668 26 63
982799725 19 30
472222671 47 3
793384828 21 25
375048892 29 5
123985673 9 25
697935583 29 33
475516434 27 3
404127144 9 3
230496843 17 36
272192712 35 46
328693314 55 11
939215860 20 8
707997891 43 31
218660073 46 29
602637949 8 25
563781551 28 22
993582053 44 1
976949537 32 2
668826969 14 23
843628971 34 58
968141705 12 11
785522261 19 57
238503442 42 1
364044289 32 40
254523499 62 12
29777648 51 11
916016900 52 53
635410058 44 36
1126060 16 60
765851486 25 28
42145330 5 6
859547494 41 45
456265807 42 33
55358608 2 14
768683971 53 3
906811769 58 63
813107645 9 26
164189307 21 45
193143423 52 44
145079529 31 19
83169857 60 3
720295576 62 2
252761174 17 6
56072098 1 18
529035917 42 30
98703974 55 19
629636825 44 56
786609106 7 63
752889652 24 7
586132452 41 36
896796607 32 21
444461677 18 6
148469549 20 50
163660823 16 31
250487138 14 51
214568874 15 16
128318038 22 47
553150346 56 34
439228223 49 26
153139587 43 32
88727535 57 54
901564105 36 34
221600890 51 38
871040057 7 7
373317403 28 53
912595685 8 38
553266775 55 7
397672655 17 17
875586915 55 58
848975347 4 58
532176066 48 29
188058506 19 54
342369074 47 54
40676237 2 28
90237128 40 57
736937591 30 53
645744217 0 1
422419279 55 23
761630492 55 33
382109669 30 48
780402829 1 0
234079067 43 61
33085075 49 14
461747942 40 16
451238372 57 16
185554646 9 22
490412712 20 13
578943443 44 4
601548636 30 50
610654824 24 49
373732345 13 31
809757381 0 61
351245652 7 0
376199360 60 60
537498824 14 38
992835101 18 63
650220561 44 13
570503438 25 60
569391994 45 31
148496636 14 63
826189883 33 58
584819591 30 44
596974876 42 14
743713227 22 16
51200861 40 42
542273509 22 44
288070617 46 7
852661429 40 47
985846376 2 41
767077348 63 9
506835333 5 54
363499560 38 23
211709488 9 30
526748102 16 52
542460949 51 13
113912152 30 13
730694126 59 5
766469328 7 60
535883813 39 27
769126588 41 46
103658940 55 16
461747147 5 0
26118001 1 58
737408655 24 16
705464604 63 26
38245764 0 5
24914268 0 36
269971792 50 28
136732530 44 31
244893516 21 62
694151020 0 29
441470530 5 19
990514821 56 4
810275192 20 26
430915019 36 12
233531373 27 25
890747650 44 32
541320674 2 26
684973000 44 39
52885659 13 29
352516345 27 47
27987558 36 37
548539988 62 27
659510492 35 2
990828638 51 40
172817766 14 2
420131974 38 14
207998979 29 38
95872393 31 27
191913031 43 38
673785367 14 20
481972390 27 0
684299190 43 34
14181874 27 44
916388327 37 32
611947809 48 28
948615558 13 28
578047828 42 41
802296950 40 9
285127700 43 19
37942653 27 53
858873822 37 4
663538795 9 12
906635489 20 36
253775490 33 28
437070341 30 36
74618641 24 0
773319215 6 62
854766689 20 4
410830787 51 5
471464149 50 22
402005098 55 30
628483660 45 38
148638484 25 52
646130121 15 51
703996992 49 8
495268182 25 2
443303546 14 61
209098276 52 2
952288549 4 0
205767927 2 46
993068922 42 34
558241472 56 28
528722896 4 59
952113035 3 58
200850205 8 50
278987163 37 13
786195132 10 53
426640083 61 18
92387952 29 50
246509142 13 61
28883624 49 27
850113650 12 13
662619396 14 53
998675641 62 52
329230103 50 13
46693488 7 34
422907758 47 2
309018925 60 45
179719889 2 44
564031419 21 59
735523272 3 11
101098304 41 37
993151584 1 46
1845922 10 55
491100718 17 21
891951653 46 5
902914196 8 2
902266712 47 19
12621635 4 14
266396465 49 35
745698048 11 4
890216567 62 39
393199273 19 29
406674528 50 37
28173946 41 10
347655546 15 9
350592908 30 56
45497435 25154324 599274735
942690245 558828106 221431040
841767075 968928165 476705747
494217851 480091835 456265807
866867270 836293711 219838362
656538393 981126151 756439783
41619298 351130453 505192217
806135652 790831982 752478545
808368837 773333421 330150676
683478336 878945814 560544061
345180881 592498612 385960244
601548636 6211541 2969096
23043237 664979583 367302241
928347836 397492367 928368618
903821869 129191750 578901701
360599909 264165650 247097862
570245574 969278659 102488635
171382698 35544714 245499574
423416832 715043521 252654336
909200298 660861433 141070668
35317151 428264889 848927077
641975093 192038387 845483514
735523272 877732155 77375687
980719006 389489128 168155277
764061644 6211541 203819567
656932263 942639874 42951945
640295872 798809943 644189267
975339383 832692332 72091537
226083727 290345604 498888967
414113810 203398062 316843817
117347103 846641007 586802641
70605319 593455352 696350060
677991903 245498191 459272279
927063173 498888967 44377973
97731999 747966459 645383214
499648935 174756084 157961604
302602377 882459269 830884358
778484253 185495072 10809901
870049091 863946871 381480168
885859057 411820257 335309020
84871172 567734646 318366353
883025998 714441038 453115801
567734646 924113416 630938994
72187690 576240114 975742483
715574559 607192167 416786363
162503606 647525768 699363781
566907347 597711965 511718518
766500936 411820257 689093743
72201942 669741410 858905484
85105894 180700107 625935737
656278534 441158436 19592473
361889640 735523272 389489128
833437783 710925589 437104395
188127083 456226961 611090505
662732449 448627875 44051273
46254673 79378273 776108835
439070064 256256585 780079214
523880773 215883214 242163248
927397280 70436247 246636052
409462896 657823099 967281107
813107645 35544714 369473110
769161636 56863092 760690303
975097945 786195132 954186808
441470530 607972071 78552338
411514964 85105894 150249933
264599401 167155749 348230925
215971483 802238464 278931529
916592871 343317244 983952497
24649623 593813739 779772255
596359222 733329929 966213385
11535085 300162306 314328899
309594006 587535613 145695843
629921331 315006738 52795146
165343051 179719889 653771577
662090754 982427663 716818405
649739861 672498170 955336440
253716386 660219716 881566012
812920759 22499551 209937968
629500060 593340961 887153124
618480045 817841915 441992112
585048840 19634359 117001955
998803443 102504968 875057360
616045996 505192217 706383889
743498537 204958182 380587607
766500936 620720877 606362297
28838709 128762938 929340325
369510096 535995417 218660073
51782946 970832206 952288549
80602755 151047205 317063939
608387013 376690579 810354473
885095562 763184860 544250109
830665841 578047828 457326675
716966266 423124908 217861154
148638484 241140362 483821503
693003965 123934451 64343436
372285301 459757506 132622772
297495466 735523272 117262973
742018099 749055306 972552427
200644181 480091835 964499247
928439471 189924486 330420979
