141 66 2992 100
903457203 67 29
472742224 70 22
920727336 135 10
442154664 128 61
838497956 81 25
60080156 26 40
17752878 77 61
465955552 29 18
831441046 85 64
219096691 89 12
522979326 45 6
398586555 69 62
133400732 29 38
95117422 103 46
617109693 130 56
137957812 79 49
351273740 19 65
292921610 105 47
626682387 113 65
248981609 134 40
405738498 51 23
13494439 135 0
752714927 122 53
728818972 24 38
26413534 53 2
163586951 84 33
622488513 114 38
5757491 83 36
67692481 90 22
350443605 139 26
848049535 40 11
944650424 71 27
2545685 80 44
272493723 58 48
22038944 46 1
204311257 96 3
202550530 13 45
296514378 73 9
160575972 41 22
103597673 65 30
939393785 39 41
952020790 87 54
518018698 115 4
691073373 125 4
188336429 111 34
591414680 47 49
650901719 52 41
674368593 113 0
528206869 32 52
381523082 17 17
177951638 106 19
281488641 123 59
290717676 39 16
467358606 135 53
30628243 75 22
743294672 78 29
166911793 3 60
485741064 75 44
4523551 30 61
349201732 137 18
862354728 119 6
724621759 134 55
670768015 31 36
482500231 99 24
602916438 122 62
869083488 56 27
230519741 79 53
954513384 107 58
543690504 131 27
714719483 20 44
528955013 81 4
243061848 78 1
465366477 82 20
49375364 100 4
951447113 40 56
854176494 85 4
704947192 81 55
909250131 101 55
265105518 93 32
62197091 30 62
505260063 66 55
691305381 126 1
344929245 48 63
583620247 80 65
964520607 103 3
14206744 19 41
20429187 57 24
819119370 44 10
39207445 19 33
622653747 72 44
567718609 136 65
455621475 97 49
672838630 82 18
314443484 124 3
872791612 35 11
864130285 63 30
601134264 129 48
698060256 105 2
292597694 65 48
31387669 87 40
975096567 48 0
198443374 52 28
140478803 1 34
898825454 64 21
389600081 16 60
294032540 88 31
893166461 90 5
706494381 23 15
860186938 82 31
646602465 101 40
550728129 80 21
138080556 67 37
820274025 7 16
814503577 43 16
764219688 14 58
54119787 112 56
748984409 62 51
432219525 123 48
518266047 39 43
929089547 108 61
920631497 138 0
521827144 59 10
892390935 137 30
483666129 7 37
604443196 75 26
429429227 27 45
182328261 78 18
543572521 73 15
426028922 79 32
679024217 33 59
103895523 69 21
269050784 1 19
94692109 106 40
183701732 130 38
848161934 25 39
904459881 1 2
999939525 50 58
458874302 123 53
113706086 72 61
58271706 108 0
883200821 76 28
878556033 98 37
101195537 43 18
538929132 6 5
94338099 124 52
840379816 98 49
730958775 132 9
337014206 62 24
88458588 67 34
673002771 130 12
48307079 132 65
980380689 135 29
361410957 71 25
169624199 61 18
796278321 134 39
337224141 21 16
54754411 59 16
413821740 37 44
830508651 19 3
610855548 113 8
401051868 19 22
914426637 104 25
257653357 140 64
751060682 88 20
916691340 140 44
266036123 107 54
419780212 96 1
648849163 63 18
582363498 56 31
767931435 57 2
687558466 113 33
60490165 89 57
242741800 126 43
82187891 137 65
875734684 101 60
393022433 69 47
716980926 25 13
326529809 10 59
233370059 131 45
890867662 84 30
13293031 131 12
775997444 50 64
494218780 55 23
720844126 96 28
753941154 107 55
229130033 114 34
424008544 53 31
528380056 25 3
142555314 127 60
916901599 21 59
870775917 83 63
648660516 133 4
366955295 6 33
744207931 110 35
760970138 131 31
957863890 24 34
506052787 11 18
343748053 54 27
593724231 21 63
272182035 6 2
975946878 56 29
205385761 17 47
776384083 83 3
879052670 69 34
285322835 4 14
533278712 102 46
666865828 96 41
123191629 61 54
173129032 16 26
14117652 59 55
564318115 103 34
359646685 131 56
764500538 112 46
521680023 31 47
890312381 12 22
607646258 2 56
667342919 117 63
980512132 29 49
647218147 95 24
744785264 24 42
463335762 64 60
800551749 111 41
403997194 57 50
290997091 1 41
89337986 35 65
370169380 41 17
93326764 112 58
577099000 25 53
14579395 12 52
429127121 111 21
95070022 86 26
122266306 22 5
528850755 24 60
105982946 75 3
306775000 50 60
174035318 66 6
398532598 76 36
110076494 62 34
434721128 2 41
392213103 74 33
457431059 40 43
749474290 64 47
142857087 96 26
571177515 92 50
806509205 112 7
11222284 124 45
764080042 45 49
463787211 136 29
230840508 34 12
222216643 79 3
822903290 93 61
718640279 63 11
452812425 49 12
565341340 35 34
622467973 8 15
866851448 21 17
209430341 46 60
946762502 48 11
727895267 43 63
590172797 79 24
424444922 123 27
792304080 63 27
88828593 60 3
776676950 34 33
173310456 11 10
956946861 125 60
469036561 119 43
618103260 29 44
915535186 60 32
401065399 17 33
960431400 67 49
96403847 78 45
988138335 87 15
714839017 27 39
765426591 33 61
607906038 63 23
82429753 69 11
928320932 98 15
151512355 119 45
861359467 121 44
919054401 98 53
433993259 103 20
568339942 6 61
48362572 47 52
417823897 123 63
802835751 133 65
930469659 53 24
662388644 85 37
963795880 7 38
583893795 65 57
256339325 41 14
332341919 48 53
919931546 125 7
587471888 16 32
987527625 92 3
403554321 67 40
516305630 10 0
175793091 21 4
34593599 6 30
86820592 119 64
465786534 39 18
173091954 98 4
38233125 37 3
505947350 20 26
395343210 53 7
288199483 98 62
596725316 34 1
866226304 125 30
836394597 115 43
39910558 93 4
630491497 45 7
258928209 49 60
625348886 91 62
886580477 0 40
875273189 6 41
412244176 113 56
978797505 52 37
482481443 41 4
177799950 69 30
45462309 119 7
219469292 133 60
443739322 112 25
733266876 126 32
670286240 37 11
281762018 7 64
725872339 38 14
735135948 91 22
192311347 93 53
211021875 117 38
426862691 45 0
514615713 134 65
606713587 100 62
581554226 134 47
789164224 119 52
411772062 0 49
849042586 50 20
604184694 48 60
301146664 43 46
891843501 133 22
826247944 42 15
699500121 134 46
58471994 86 60
269831355 103 22
959661501 120 27
761674108 93 25
934891642 51 16
754676281 14 41
656467041 91 44
51823681 114 59
753110225 74 47
141575069 64 2
122819389 126 26
768529488 140 52
207841804 60 46
991443935 6 23
146543551 28 12
52741907 130 34
323654232 100 32
263325692 17 62
976260346 112 43
204795449 61 43
241861068 103 15
867906935 33 46
5354019 32 20
743122487 130 0
717248224 95 58
674255571 81 54
246134549 56 1
949686466 57 17
602241262 108 57
781041178 125 20
32177870 137 34
366302550 15 47
191566008 77 58
313476441 120 41
472881648 56 46
342457778 33 34
403085537 70 47
810713377 50 30
387193665 65 44
510774874 28 39
4765810 116 54
467805448 107 60
563617323 139 21
578370836 31 22
974474071 50 25
77244454 15 59
266155837 116 58
327094123 50 22
428129504 107 44
285497241 117 28
418060968 116 18
157889327 42 61
959465025 118 35
889108225 84 42
249905858 69 65
419478259 40 65
347588370 27 49
79113988 134 34
864415879 54 12
343428238 65 16
145543631 81 24
143130059 54 13
530969107 130 33
506028955 43 45
554293336 46 5
970142083 110 57
692734761 78 57
158875129 65 32
572241011 76 24
430244062 117 19
949509551 34 64
893994571 70 45
710878277 20 11
304447375 74 16
177681967 75 48
439989368 93 36
484995805 125 10
589965009 51 61
522993240 131 35
271939628 90 13
856114858 32 21
498744289 46 40
301228412 104 39
656173910 113 24
335317503 75 55
897005184 118 21
381631759 82 52
965279400 87 20
490959766 102 18
432621426 80 6
97316654 79 47
864726554 139 11
189103882 65 1
289329409 55 7
12989717 27 20
629486440 104 28
419961179 78 20
621170554 1 11
329651112 60 41
818438799 68 21
905583982 25 52
512554414 61 41
329544171 80 16
816638036 106 28
594644619 5 21
343013747 98 5
808933770 59 1
945881277 5 4
732274909 59 43
542403105 108 23
760828242 125 52
916012949 31 23
726142965 80 33
222110486 134 53
196443062 48 44
453046508 71 0
593720136 101 23
607223858 93 20
199115083 85 22
844422549 86 64
26663596 34 65
282990172 35 37
909419340 79 41
446444455 101 0
787531999 119 53
241575419 58 49
226570774 14 56
965009149 54 59
76634624 54 46
380594045 77 24
988979629 126 12
293182902 7 51
401038356 18 52
212644819 90 3
92743222 53 56
742751413 15 60
961102722 41 2
766174963 3 10
933227643 115 55
786122274 75 21
877013912 68 61
530846805 90 39
113181290 15 9
591308775 96 37
846068484 47 3
424710519 23 46
412902294 54 21
934902835 68 9
220509787 130 46
661138521 58 27
99375541 139 36
643615739 36 0
476094613 72 4
192311810 51 52
120502560 67 63
925945716 0 23
371933583 12 12
802341625 52 49
582967638 73 29
510374554 124 61
2487944 127 49
288815052 122 25
612992377 7 40
190955437 101 5
647571620 117 42
112658828 15 8
626145999 77 34
627189679 77 54
848448876 3 37
269787727 38 52
41678658 24 40
146875623 39 17
4408140 65 63
94590381 17 44
921190881 79 55
791706464 33 16
874996756 103 5
303115588 13 32
145491805 138 64
840905578 37 57
101229432 13 31
278028085 105 20
969580173 27 42
665341464 55 48
464842128 108 47
161873060 77 42
659458794 103 9
326864321 12 38
446450008 11 58
531955771 55 0
120172307 45 64
308271744 69 55
553030961 58 46
831999143 47 35
813816138 26 36
841703604 135 58
61141342 132 35
963664666 3 44
17911798 124 56
87217024 122 30
275758728 51 20
474788296 19 48
978798623 42 55
257136972 93 63
332426811 28 48
246281322 55 47
693041141 109 39
49670210 71 18
931429223 33 42
383902398 138 47
984439626 140 18
413906642 110 11
103390431 13 42
63888132 99 2
893478931 95 27
641324078 27 65
567123933 26 47
589547650 11 6
895652586 31 58
424678095 14 65
123005052 137 25
208903682 14 31
254605199 127 63
449396974 47 53
771584061 54 40
650374735 138 49
625467235 107 11
104473868 72 5
266753155 98 3
572660924 61 14
302609899 80 17
15805034 91 27
658526999 132 11
365311900 120 50
286038867 85 36
131030418 102 26
22698148 103 35
841980107 97 60
716320488 128 52
719558348 61 3
479806780 44 62
367386147 18 36
422844829 124 22
275984042 21 33
879005905 84 10
294192136 82 55
403473031 80 60
800948349 131 33
937212349 137 64
318185437 47 58
140491105 54 65
492770524 99 30
443930939 122 22
62330509 1 52
38388489 42 36
166546468 11 54
445899755 95 0
93777155 14 2
227266561 132 4
99984115 23 37
559465554 32 16
559421105 86 39
112056047 98 23
72301229 31 55
442352983 49 34
369467405 34 49
260022557 104 0
675868151 104 23
834119880 10 48
426056464 24 64
122003193 36 30
535255359 33 53
183914451 99 19
609489845 135 31
48150678 9 59
273852721 133 11
268490125 114 20
232803968 55 29
416627754 64 57
138510147 132 22
138805102 50 26
269417204 53 19
364746894 42 39
23772714 37 46
585596371 14 10
161548316 140 48
331647425 42 2
928709219 132 54
408537211 8 24
693726979 36 9
895325541 104 29
80888491 8 47
271384843 70 21
758118716 30 4
285478721 15 54
550024327 71 49
892394378 16 0
577804635 47 16
169557949 18 41
343449278 36 10
757775077 96 18
436443001 6 56
738435689 93 14
302483929 113 50
483394412 119 16
744937908 71 36
992433782 88 21
519207594 66 3
76965715 1 33
733807276 112 19
137546555 127 36
718743746 131 34
81962802 0 55
127167496 134 24
940868785 10 44
605786361 130 26
11707526 36 62
594310383 28 22
335169016 44 29
914480106 105 56
94546478 48 65
669266063 43 31
116444624 101 45
769347188 97 18
952765678 132 42
630383770 97 3
980129057 22 25
48308282 51 47
507400687 131 20
64829380 10 19
696203635 25 34
923570212 38 62
787147069 16 5
774146118 78 17
904652662 140 23
22270684 49 54
232017480 60 35
760566366 54 30
509841788 106 35
659262802 117 37
663170148 23 48
130770637 27 56
287844858 59 30
877795129 123 10
537930569 131 21
276083543 34 27
859241995 136 11
867896711 55 26
607027091 139 30
675830599 39 14
51645421 81 16
346893049 100 25
340780354 112 54
225191912 123 11
524536193 96 8
133900428 50 11
168653372 18 40
605169421 0 58
296510159 50 61
470258693 21 47
939328199 71 2
571763082 28 7
919579264 37 22
184779370 21 49
226435599 46 39
433628088 2 47
678076514 103 16
282265735 62 20
109389990 87 53
202425845 77 7
792646120 121 63
602545515 126 64
876050174 105 33
964219170 15 36
185880743 133 53
377499880 50 41
809727985 28 23
44237603 81 29
40851675 91 10
47252502 37 17
525163834 104 33
662765410 53 21
704740832 22 16
481453520 49 50
893870586 80 1
270901581 33 52
654165689 99 63
785784117 110 19
476014387 50 19
762674900 111 44
793027212 62 18
77748776 29 21
797856848 80 18
107962092 19 42
378610467 39 37
673912785 5 42
646666140 109 4
202479118 3 5
944307052 63 59
245528347 87 10
658746566 96 20
353645752 140 33
111500795 69 29
843662132 18 9
803955555 44 40
185448939 24 5
940077443 94 65
954044431 73 32
667580268 65 6
27520427 37 29
213386593 28 31
978880741 73 19
277102524 82 33
921563011 138 55
784244241 54 15
175067823 127 1
929635475 42 42
395038974 8 62
211724726 18 58
625642670 115 50
583129622 120 30
984686127 137 61
518269590 104 51
136349924 136 5
889073356 39 31
404100138 43 61
187000732 103 30
146234520 5 50
354293282 75 38
742535048 10 39
399762645 52 63
603161302 139 3
704682216 100 3
653038823 10 65
119001075 111 9
429832429 133 1
995656658 105 61
693585256 1 4
843203277 120 2
820550895 93 0
30052345 8 63
247990575 75 35
794255325 22 9
823053876 46 28
615144791 56 34
692153319 47 43
799886528 21 39
576095703 5 28
16310606 63 0
4948283 18 26
630408378 27 9
480585015 109 56
464417570 30 35
97384798 99 42
289439535 81 40
784433272 85 7
919953018 53 12
72777092 21 32
153222187 139 44
224886016 126 58
135808483 17 10
993075815 83 35
745822939 104 34
125917690 90 2
825111373 96 39
806687939 88 37
933590034 85 62
424854742 108 26
74858124 49 47
875034586 5 62
417457349 100 47
410670535 38 63
743711704 32 60
76621296 77 27
701299855 32 13
570611267 137 48
205348429 21 61
377420496 70 61
507868718 72 54
336553863 54 32
918379628 3 35
749044293 136 25
570078212 60 62
620736273 34 42
193227928 18 55
792999074 129 55
564347031 93 42
962523428 47 20
908493210 7 53
592890171 100 0
38199057 25 29
615893319 128 5
488615710 59 45
527328489 123 45
331313600 133 20
233883334 126 25
823226932 107 65
217094795 64 1
22507671 107 14
241403696 78 25
351699920 34 20
390321023 73 44
187182508 129 37
36936919 58 19
420030793 78 10
947558445 140 32
741393336 111 52
79469395 3 1
171311838 126 23
300867708 135 5
783677082 0 28
377483775 125 49
655321132 74 24
97963611 52 20
342078420 34 25
5810299 121 31
511919289 101 1
916330554 123 39
260065036 128 34
283906344 43 11
981586029 45 20
954736014 23 1
233600653 36 42
842931631 30 59
368651796 127 16
816466768 54 20
267702212 62 29
371227003 2 36
986451421 6 40
139955839 2 4
187787715 139 24
964909114 114 29
790984158 20 46
468278937 68 48
94233537 65 40
854011487 51 46
914057357 11 19
625542694 66 56
544151 89 9
889973667 110 0
563530568 57 52
446825262 49 62
673880132 84 16
487119744 44 59
910437070 106 46
426778557 56 0
449769067 85 42
337369013 9 20
55136196 0 0
922112614 46 20
110304976 62 57
697635525 134 33
350985522 53 16
904085181 36 61
124078815 79 14
462951543 43 43
106712835 63 53
781046236 52 54
295754021 124 58
141716567 6 39
817212040 115 18
662575327 131 55
106925012 43 21
509884468 32 51
829771510 44 23
523564392 81 27
926014787 109 20
37062304 64 42
171860963 56 55
661351451 79 43
97813612 23 60
327686003 139 35
820335053 85 21
32220963 88 45
528647021 91 35
670166089 9 10
413186707 60 51
86047916 51 43
933508104 28 37
999883519 67 35
683665402 81 32
677044070 0 2
434363938 19 28
929492538 52 6
745416745 74 7
862669577 67 20
232865863 125 56
44077536 87 8
341968941 100 16
253567691 109 11
590697509 84 65
979942812 68 6
371725942 86 51
246605803 132 49
880187148 79 22
385503582 49 33
365189976 112 14
820242986 82 30
446425205 23 45
494344153 64 36
279555979 105 38
72299085 127 55
334679672 77 63
846912772 53 41
414103724 20 12
167841436 105 52
858612308 89 37
350962842 75 53
980745146 116 8
323743590 111 7
845794539 119 48
457668761 94 47
849924505 75 18
525776763 113 60
82928451 127 41
800317895 76 42
957782930 71 13
776367280 134 41
471926534 39 32
348095528 28 33
747877329 128 7
706768991 76 43
879545602 111 37
3918729 13 29
556608998 35 30
470239716 136 9
111508394 52 64
15847929 114 50
942313797 52 55
674097953 102 17
2258836 25 32
141980746 42 24
590652358 77 44
38419195 75 1
415372282 20 18
989774485 55 59
502614053 55 13
684399578 110 26
593036601 130 61
338923699 49 63
818377859 14 64
311112237 105 15
256094036 39 20
991974596 90 9
614256355 62 63
953750244 94 21
93429873 66 63
451838380 93 38
851258798 54 44
687383028 57 44
797656411 123 52
883222929 98 56
694830640 3 13
625191127 3 40
880497663 109 33
683290719 132 44
730995992 12 65
132264713 16 45
484421103 24 16
624481348 45 3
636530940 33 43
672126604 112 28
480305890 84 27
20585012 107 45
504212179 79 20
204531813 42 9
90655537 1 65
864413797 108 9
338146937 91 18
893830940 88 63
576313948 99 65
5475540 67 3
400711982 36 54
985655104 53 11
326460803 80 27
887306175 34 13
11923991 83 32
643522529 140 36
701238254 28 19
244388393 1 31
361752252 34 32
606533908 69 3
902731654 91 47
349931098 38 37
572029832 20 41
717963379 79 38
730291033 64 22
676874844 40 28
230333005 28 55
133454234 129 43
959554074 2 40
76848255 56 33
696676541 51 59
193916587 79 11
659456158 92 24
199758805 62 22
132426994 86 30
828667595 31 51
231876192 23 49
533712567 16 35
125820390 134 18
635900579 8 21
225653758 5 26
50045246 12 55
773617148 71 5
45357280 64 50
485688249 65 61
943456715 6 14
819626869 67 27
856813235 2 65
938665465 117 55
774248319 89 17
609438972 16 61
199021649 122 33
755203015 58 26
960506563 85 18
879779867 43 32
57160564 123 19
364857170 120 33
819936194 104 38
467434947 9 15
5751256 5 17
233959531 95 46
788949226 56 54
322846408 121 61
31550911 34 63
700495112 131 23
760920431 82 21
995308643 139 41
135968366 110 15
461808068 34 48
974361544 37 58
272406702 96 61
998829229 20 43
277366365 28 15
251870768 8 10
284227371 75 58
938398027 119 17
275353653 37 18
531666726 77 35
151185726 51 15
381761432 40 3
481352914 61 19
509537261 25 30
214886062 31 14
208995306 79 64
975796319 44 63
698979085 44 31
176561192 13 36
883535384 18 24
629998632 31 19
647175888 44 33
920570300 99 49
64525314 113 6
499926306 39 39
969260486 127 25
128154974 5 60
236696583 118 60
195708512 48 9
15466305 81 62
476765030 24 1
692169612 83 0
462796703 25 36
254075866 113 12
978318609 0 34
760902524 30 64
446051259 15 21
105826794 13 12
448655613 51 48
846835907 58 29
39475512 111 58
327196178 15 7
435560369 134 28
939069650 77 49
893561530 0 13
548735412 29 20
437700115 52 25
869938206 91 59
571938701 22 50
211035511 129 60
721477104 93 8
536386721 90 60
577692190 62 15
685521863 31 1
551193207 5 35
125156952 35 32
594276479 128 59
507827538 42 3
208503486 97 38
678751171 16 31
752069351 7 59
203175308 53 62
803714108 26 32
426382440 71 35
811573808 133 35
227329836 81 21
312582477 115 34
181893455 42 30
140137560 125 9
374784685 7 28
706116530 24 24
704938887 31 52
584663808 15 18
585135822 130 19
386448654 115 6
968974496 48 20
418207216 114 31
391256850 79 65
965981034 131 62
507593520 15 19
530192273 87 63
963912769 109 21
120332721 43 25
283392846 111 43
852151153 16 64
671604453 109 24
184905269 73 59
608599322 87 55
106372803 37 52
447761870 89 63
192766248 113 51
313428275 138 3
961008348 92 8
371101327 115 5
34235684 114 15
745760063 121 55
309109175 126 9
146738686 89 42
670144420 42 10
549225575 60 18
515187314 74 56
249982648 64 9
437890440 55 14
884889560 132 41
850195407 51 5
408687002 136 14
405432725 18 44
914761027 74 29
207087796 20 30
535684681 135 35
120360179 133 23
477021021 31 24
715086507 16 47
915772331 76 26
994308525 113 18
30827616 136 53
545317987 97 30
274194540 17 32
421212468 3 36
141358216 129 20
597324333 33 22
80429946 111 16
177878749 19 1
580616855 27 44
833364095 138 30
715251849 128 42
795057758 133 55
847221842 65 10
835007093 119 8
493473425 116 14
16168533 61 21
548785922 40 39
30036043 86 29
968775755 105 48
390327489 48 32
29220852 93 45
678124516 2 46
268106935 36 65
767598471 120 52
141400825 23 42
782812486 42 17
670953368 29 14
718769390 55 54
754978535 70 15
797189404 25 65
926258678 38 5
445551139 118 58
338400790 104 32
544381747 32 30
202606235 128 14
38587830 91 33
385668323 38 58
744145149 140 30
855635095 25 18
139381275 12 30
567525424 15 53
551007761 25 19
871052221 6 42
694836779 128 50
517570530 24 49
915973288 83 54
69504291 138 39
3186592 68 49
492020066 4 30
920705570 127 7
589041574 11 56
563650460 123 47
935972381 33 26
903080319 12 32
60499555 19 14
368469795 16 23
626119172 120 28
421784551 15 33
884100415 12 20
974967708 79 16
341271053 41 7
226367779 6 46
200815457 6 32
40396116 33 28
589247664 26 45
890726945 94 26
448273330 18 46
248903674 112 40
880213610 25 12
843383155 11 27
957668196 100 48
941822244 50 31
627080765 79 6
684266448 113 13
419830376 104 60
243019465 16 7
306017326 5 45
662170770 20 6
872317430 3 39
263110 31 13
441485766 70 28
946070583 49 24
172763913 26 31
106782809 41 8
696637586 59 20
47949537 34 30
44851424 124 31
959336105 107 32
332287651 22 45
951768278 87 1
831866751 21 21
193985339 101 30
622442255 61 47
209566464 106 9
245989420 20 8
155960702 54 10
780598382 47 65
57541997 85 38
583565298 17 35
163365441 120 25
334595933 105 32
393963984 18 3
550239777 120 21
33724983 41 30
415429887 117 62
433447422 19 60
268153036 112 55
151037562 89 49
647886199 117 43
679474803 80 36
232347465 3 6
561464581 125 13
47464559 62 5
6376651 88 57
100665013 18 65
999168825 118 39
347223956 4 49
463382089 69 63
384190574 36 32
125889113 127 53
868358935 17 53
375611987 139 45
497712791 52 43
245521934 59 21
342588973 71 40
779584755 132 21
278482583 119 18
462303971 26 14
332522896 3 25
660087640 116 62
428492186 94 28
925820617 12 3
476080637 114 57
153096787 61 7
22299406 108 58
977129365 20 16
460630708 139 27
374437595 130 17
560475944 12 9
192423805 58 5
427622395 81 14
881073801 68 36
203200861 86 37
689120671 41 47
298714011 107 46
359843356 30 30
835179753 127 5
140533883 31 64
64946017 106 55
943639543 66 29
56521547 35 62
902870643 73 50
73260959 29 33
923112094 8 9
963897543 15 30
988524114 37 10
346373032 73 63
818044733 78 16
416677603 42 6
754400194 106 22
919270487 66 37
842378273 31 12
979238122 63 61
774652372 65 31
153651849 130 30
828191036 94 24
358610028 21 5
904830845 50 59
945856926 14 15
406766757 140 5
732767676 56 40
339200531 85 17
518587388 117 64
319890198 1 35
683138161 19 12
936529876 11 65
74656140 69 53
59806828 118 12
980790757 59 44
469883487 75 28
984091707 9 5
625360427 80 62
518107577 51 25
246240568 0 5
604535418 40 34
780177400 73 28
589104207 16 42
605384777 128 53
996052415 110 39
258847773 23 3
322898767 80 53
20333660 69 64
523273986 73 21
511994888 7 46
334569506 111 28
720833954 48 50
679176513 21 65
956793035 64 56
584131194 0 3
693196335 40 5
827353084 54 7
134330782 112 1
611054280 137 12
441507451 122 46
409332153 96 12
70090329 46 29
55962821 88 58
677245922 42 35
975963777 64 15
892305915 73 24
665556970 138 25
963378981 128 58
774160993 20 50
579307814 70 7
44052983 95 61
794555111 75 29
534276075 120 40
620667551 111 48
629269872 92 42
41583665 93 5
553248434 60 2
925248467 107 23
431088667 133 43
191312623 83 52
320716241 83 57
672539469 57 33
335426435 28 10
219338865 89 19
176718949 8 42
505111873 27 50
781767544 37 15
89171947 132 64
51805710 90 38
623041541 114 53
479218829 91 52
104286965 110 59
424323954 4 56
639783058 26 62
857248921 11 15
842907147 54 17
280789179 58 45
549002503 6 18
3095350 44 28
158264077 88 16
339127828 25 23
873940774 49 31
600074309 9 3
390842817 11 4
256335407 131 6
34564822 31 31
455881320 114 44
439921740 21 6
961740482 115 13
795069599 74 50
224192903 17 21
866076093 87 46
711433477 91 8
493641777 19 20
620604748 93 49
673351299 122 37
524183605 127 15
741930717 57 47
565371815 33 32
704735985 9 9
586313749 81 19
890623002 27 7
112155978 63 37
750751169 12 37
595478888 103 48
901350402 100 14
985582637 139 14
412174990 92 9
751249528 58 7
12490706 24 58
443364363 39 65
912125528 105 35
221734802 0 24
6874733 66 5
939948772 10 43
918410756 27 33
53643144 139 38
600926426 116 21
682386298 130 62
279169242 114 24
329268269 66 49
827231938 139 22
946330068 90 24
916302597 107 63
18587357 25 11
432799475 139 43
740564925 26 25
219268118 71 57
922281714 103 19
741616607 109 0
321664325 17 63
372596610 15 45
804197456 86 22
175248925 117 7
140045119 8 16
140835103 3 3
197437914 5 57
501133543 44 16
798437314 68 50
202790315 75 6
275106298 67 46
786456731 1 58
904414377 118 4
135308613 30 63
87621917 65 26
133259067 35 51
971703827 19 49
193002994 77 43
769191477 95 28
646287596 89 29
675950307 30 1
644381209 9 61
814880565 104 1
305916026 129 61
305304896 110 42
120019720 130 54
64201112 16 14
640135123 23 61
4625174 7 43
566546797 92 32
326073563 103 32
669603464 61 57
795321492 93 62
70735837 83 56
910858495 107 49
516336207 24 20
635288237 46 8
603988816 128 54
814031624 104 6
673159043 107 50
868160407 96 21
301766051 28 27
590291328 75 45
34841506 8 54
798696782 17 61
966268437 87 27
208568052 92 2
887720910 120 58
588718098 123 55
718772682 12 19
408617590 81 64
606555981 108 6
630528228 56 56
75716171 52 62
626244122 40 24
857505290 70 26
859065869 93 44
547360772 79 17
724226425 103 62
1289489 55 51
929520536 129 44
88218821 94 11
584287792 96 47
719568150 113 35
449893331 74 17
963557954 37 56
438661730 14 55
470905583 115 32
307458002 65 20
431988371 61 5
353530674 51 35
778986005 61 60
588836332 46 38
167473844 22 3
64278858 30 43
71703848 13 22
64779324 74 59
163828998 126 3
328065368 18 62
503669864 21 51
673159969 121 65
745246668 121 28
207078539 60 45
121052220 59 64
422409150 1 20
312081839 88 10
456256794 29 41
271090607 118 41
735406715 96 16
554331707 104 52
717087421 121 58
681377518 128 36
90495874 46 48
444717152 119 4
415609138 29 19
824041931 99 28
687128387 112 45
20922097 68 16
768311481 110 17
960722493 108 13
704271088 102 34
497692456 94 49
40682649 73 14
862616286 26 8
981094146 113 52
828134176 115 45
506596249 66 54
441637228 29 11
863423922 108 4
781471834 139 28
443427975 125 51
642773320 119 60
690867072 54 63
68486713 83 23
750972085 36 20
238636026 67 25
69252528 59 33
82095238 90 36
536708727 0 61
419009963 0 47
676142280 31 6
717832172 46 13
621533606 96 46
857851305 57 31
960348436 66 17
864802941 83 9
593186848 21 22
581042406 28 57
329014562 104 61
245185067 0 21
104595013 103 29
383660154 35 52
677402694 30 16
437239120 4 40
861609852 102 25
568774685 4 44
164290327 34 21
885993255 113 20
138609324 66 59
928771246 42 31
683729904 51 50
381232208 101 62
407144131 15 32
455515310 123 5
859591024 115 62
42864976 137 45
209617715 61 34
743449285 94 50
149341435 121 46
161390350 34 53
758220912 19 32
417509436 129 58
292517686 87 22
195186008 76 51
338584179 14 3
420224386 36 40
646041742 87 34
775418204 3 27
525032762 72 2
684780712 58 62
741587890 27 41
839498287 109 42
30897477 68 3
160735204 13 34
414134805 100 42
13617993 51 10
780017179 6 59
28937746 19 34
377336941 23 14
184624391 140 29
412058307 119 34
601924398 57 58
715624759 42 38
441640232 6 60
988889163 46 45
502556379 97 26
104234288 74 53
666648401 16 11
441914437 92 57
714755295 59 38
611938269 67 39
208767369 117 60
669679429 4 21
707570085 128 44
239545348 61 42
464230077 58 20
803869540 111 56
991876793 32 1
423124017 66 35
311302461 4 65
154993856 127 59
413608272 91 16
447134514 56 58
829852989 130 27
541297658 95 41
147575997 112 34
936309403 68 11
549532501 78 11
63979190 13 16
359004413 77 38
559957315 66 21
42682114 81 12
212051998 78 28
919121708 18 8
429337541 99 38
962100515 124 10
565749600 36 51
886707726 129 9
855699713 8 48
185215100 102 53
344626219 77 15
286848135 1 40
741283480 48 36
274235958 76 13
723816246 123 65
20636707 30 40
371379059 109 31
971786845 112 21
45535418 75 46
50388879 95 9
620578876 6 55
29198433 38 45
177386739 93 43
534054173 58 30
408286691 104 44
757921686 103 28
874987170 53 22
915110725 71 39
873160730 76 12
96039860 1 60
975478158 110 14
55425310 43 7
742909402 113 39
203233111 76 3
741881086 4 18
18006761 63 42
9648092 118 51
206470784 84 61
236069440 127 65
576824967 86 19
4621089 30 7
20870418 32 56
22304550 136 35
401430526 25 43
726210923 84 58
453789014 114 1
630356612 29 16
804120056 100 30
891550145 18 43
734554231 16 9
86997683 81 28
639316035 101 15
506563311 73 36
789876487 85 29
337491473 109 37
174736466 126 51
749297667 44 37
329329528 69 31
137681791 117 44
218275258 79 12
440242898 27 15
863906980 62 52
932384993 90 57
234057398 82 45
550294641 46 27
990069830 18 53
971271586 62 55
724843172 49 5
509344700 94 20
566257535 136 19
683518253 22 53
794966662 2 63
346499538 120 5
955453778 71 1
380833141 85 45
225241474 138 37
454821526 8 33
288373031 28 63
837821294 88 28
812324194 52 40
71162672 81 57
2641228 42 48
168765329 108 24
418613525 64 14
628512906 10 5
180385647 18 64
892332636 25 58
570112300 60 63
870812628 3 16
446652197 92 44
217112784 39 35
680741470 45 14
821778689 83 38
419363943 110 40
729186033 33 29
768983556 75 14
899811656 43 60
878608400 74 51
70462538 83 62
864508573 90 50
957760931 134 50
280093792 57 59
600967782 24 56
697632844 42 20
500170067 62 60
920955772 43 30
8408408 132 18
767754069 27 12
988582490 59 62
544304107 22 54
995746868 133 10
782614179 74 23
545860095 61 62
700170522 84 59
641538452 36 50
446320197 139 56
282789198 37 36
731715545 69 13
370059284 66 46
834354157 44 30
571552149 129 24
40569052 119 46
933501653 64 54
667665264 25 40
105285353 39 10
929565500 61 30
727583742 43 33
122808136 99 64
139301535 78 34
726630131 65 14
383003958 138 26
65526037 122 29
71029203 33 0
51675491 73 46
569623084 78 37
130812439 95 7
841950180 93 58
726870480 38 34
357512463 90 55
350636470 125 11
7806710 39 23
460988897 99 14
921868567 105 60
404776443 107 25
198826606 86 38
214456355 29 63
108197114 91 30
543532564 21 27
155777402 6 16
146115206 47 46
951779191 88 14
720163028 110 43
357128071 0 64
599404766 139 46
4759503 126 46
681472816 9 41
673580233 87 21
532188515 105 16
263117894 81 5
845833923 84 43
342961334 54 9
774826801 67 48
591093415 83 1
790153803 115 53
619433611 28 4
934045385 77 64
548289213 131 14
165378601 92 63
711542214 60 28
896001678 85 59
191727323 43 47
592719589 110 50
309852842 37 21
101693257 99 26
74884693 106 39
823342504 103 52
976892094 60 4
340063398 123 13
891770885 2 55
526824129 3 62
312672078 15 27
274014645 46 19
374656711 78 3
612296737 134 58
512018921 110 48
335919978 48 27
778477565 50 52
279797726 109 54
158988513 0 9
167815452 107 13
170516491 73 27
400332468 99 1
96569806 140 3
499109130 123 36
328016604 89 58
792616063 11 5
157245451 40 53
726990033 116 48
357499995 40 37
605989570 67 24
828549943 58 28
791336439 95 55
478765819 129 65
171412771 53 8
150050742 100 37
356003940 109 28
45296688 81 15
652138476 71 3
425226542 113 31
534402276 107 22
808032500 55 40
237581964 41 60
764146954 124 32
718270374 3 33
994678851 113 45
882342932 27 4
279111930 12 13
390253248 103 31
435741599 20 55
165755835 88 7
650341745 134 54
908861608 43 39
129445772 91 60
580774235 137 1
114894374 78 9
994103996 32 25
962038293 11 46
790960625 125 32
216232084 129 53
183404475 87 56
928044357 96 6
968181792 84 12
153705593 102 14
282526282 131 51
400106927 43 51
27323567 47 22
100258907 59 57
381594481 103 1
769357543 93 29
30392070 56 24
446205438 74 2
232070939 23 33
421965831 74 18
225161653 101 21
255689455 96 15
553777305 110 37
734942251 96 49
231441646 101 20
945854205 57 35
212732192 110 13
293475061 117 4
95338246 84 47
258827450 71 22
965802566 99 54
751175946 135 49
41625336 25 17
76624894 43 24
716390025 75 5
636096658 77 55
615259361 78 43
260550756 70 31
179505608 51 45
171059644 116 4
490727045 128 64
657593292 53 36
662146504 10 10
985210680 31 29
735189961 79 62
149049559 69 32
66460336 12 29
714400443 45 5
523690295 112 9
245675886 1 51
478883213 106 43
407281534 51 29
650581629 32 58
747792188 55 65
677417167 40 33
782655680 39 11
789873902 14 19
184081967 69 20
546276042 130 50
693704255 115 37
939066367 128 1
622967547 1 36
837738550 136 17
844497091 86 40
393990603 109 46
116138391 46 21
848412848 97 39
495785620 56 62
83435920 85 13
48695229 125 6
806717751 129 5
660724222 44 15
254049840 38 23
564828014 13 38
382086319 54 41
951828436 91 57
14011569 101 49
575329132 13 40
764145761 44 57
548041707 24 15
814322877 124 8
286754239 42 56
547202681 111 63
391313306 30 20
254101283 40 54
825967153 108 36
614148743 13 52
347900992 77 46
565225556 66 41
216005842 70 62
964975103 1 26
145614270 87 32
793354983 116 6
374432884 93 39
518073017 98 51
890743033 37 20
633375253 31 38
454462767 49 44
996531569 126 7
218061402 17 11
865043005 36 12
244601567 44 26
317715016 76 0
929479245 107 41
46741345 56 60
663005601 0 27
856216385 76 35
633678789 20 54
356797864 7 2
549586010 81 10
837938373 132 55
453670582 5 54
712200154 135 18
84842800 26 46
29744672 140 25
765269146 118 50
926290407 13 57
247214606 127 30
459903489 132 23
200348397 126 31
902333280 83 41
339047205 67 30
615752958 74 62
119297969 75 41
172328444 84 3
195298661 2 35
604406798 10 35
281087467 24 54
200176661 70 17
270361864 71 50
378964749 75 60
95506980 15 13
457125161 57 51
760012808 34 26
157435707 122 36
601456872 91 9
878979161 62 28
327229604 14 35
54567357 124 47
121750346 90 17
947752173 109 3
660710367 67 38
480449051 86 61
648402783 11 33
470395085 11 14
683578369 123 4
400683200 25 4
629162686 51 63
452942601 135 28
122853652 84 6
843444094 127 0
758248711 111 50
955549267 108 63
717909352 81 49
562013703 38 21
463197273 76 11
364443008 58 41
846680079 59 31
775083125 138 16
900640729 106 31
238120971 7 32
691656545 121 22
174642626 125 64
174555186 5 39
772610706 59 37
954013050 94 62
764519505 71 58
792256016 104 36
469720919 72 38
369287863 81 58
452727907 74 35
732204196 95 23
765350080 92 27
43911741 123 44
336753315 17 55
435235363 14 28
110610391 104 19
372408434 72 34
723488411 94 17
741263431 64 59
506754250 100 39
200768898 55 43
730061116 124 5
585365708 88 43
304455532 38 38
177267675 4 27
450876250 77 16
698914804 122 31
379043763 71 21
796340401 11 1
948789806 103 12
781836548 39 12
909939256 39 64
775382651 117 29
656926162 131 32
264437957 9 42
566910138 115 48
912127348 110 16
767128008 37 14
146854403 123 37
759505051 122 45
77242395 65 42
55670644 31 21
171777553 40 58
364843361 49 39
892475827 12 33
650570909 69 56
120521540 108 14
65320246 22 36
129401028 113 29
166844400 136 41
904725876 64 17
328973161 77 36
524583832 38 57
492504445 66 12
649293438 45 38
380939499 40 35
435538623 24 6
640801080 28 16
271723716 14 18
693470419 5 53
698062219 82 50
715915129 31 11
772881835 17 48
840811226 119 15
445772437 16 50
635850109 2 39
176331804 40 22
460474336 106 2
964923958 137 20
624981986 0 14
480124675 7 22
432908389 99 62
173678863 106 41
605966127 72 37
456421843 2 42
482401041 36 39
503722625 112 62
26606154 26 7
645516033 116 1
411352876 131 26
447893814 19 0
488315648 114 12
830561413 77 17
754216230 45 55
599303062 72 47
434775680 39 61
113974876 10 28
874294033 131 29
212119123 62 48
870330848 32 46
491666184 59 8
253841186 107 20
119290590 61 25
248371863 19 46
556019726 66 22
158656051 88 1
297555951 15 51
828063489 75 23
541893751 97 1
866455620 40 2
726373889 57 43
138843871 71 51
424262991 89 13
485573878 65 13
895966675 3 11
229175764 124 29
415975466 45 53
436167694 43 50
872722664 88 59
646636521 20 37
813880218 115 56
327025144 115 28
854619144 43 42
505075721 127 43
4241850 121 1
82531394 92 30
770581437 109 30
207734918 17 0
417531046 37 4
514131484 78 41
795905751 121 23
743949202 7 15
328808704 75 0
317674719 128 35
639058664 76 44
980731335 126 17
591364717 129 34
952639107 138 13
680672969 17 65
763365024 120 32
165998614 104 7
251880999 113 54
724538643 23 11
508645629 55 53
459788584 3 22
743655564 2 43
639959207 6 20
417007523 49 48
13210452 97 57
925336730 3 50
757837095 135 60
137294266 73 26
784028495 102 6
852394971 57 4
131355514 65 17
857477965 42 52
149150035 130 25
939409147 23 39
596461644 116 11
979179981 120 22
890935709 87 50
790032974 127 22
783138955 107 40
752140943 90 14
553791725 37 59
734578250 131 52
872104427 40 6
265750345 41 40
339135753 34 29
653619208 73 45
582521187 90 28
399902873 117 52
722645306 69 48
895988167 130 57
263073198 80 48
653445246 70 58
22745805 110 63
373606762 79 4
914611659 115 64
61066973 20 10
934983571 119 38
38331637 28 18
584464254 66 48
335419389 93 55
221318241 12 39
160501523 78 61
82830797 75 34
828978443 6 13
163979665 137 8
512720787 70 9
315515267 134 43
283619479 125 18
394146687 112 13
14366694 30 41
259957680 8 35
952183061 134 63
214016782 54 64
423993251 117 65
486962214 59 5
754512734 0 11
695516193 108 34
412821252 24 50
792502270 64 46
15647020 100 21
871472673 97 11
772078438 114 25
212200978 49 46
908309921 63 34
969869949 91 39
912612813 109 53
825394048 117 51
817458625 13 28
863081254 140 9
89536861 117 12
615133741 46 22
772002035 71 53
729525007 115 20
961779170 61 65
63885119 84 34
576124292 133 0
164689075 73 4
928236617 50 1
49255330 49 13
246578979 72 19
5576846 65 19
637896997 132 60
221175429 13 41
982179686 73 52
88745379 10 6
725792555 70 46
263218138 96 42
331860548 3 42
983184373 1 29
467220406 7 8
935519449 55 64
339095706 17 9
23574798 8 34
14785348 38 4
81718397 57 45
919144102 44 9
622524539 116 31
873895414 43 48
479644677 119 3
500894351 79 50
37638221 42 23
288209940 15 12
18059125 99 20
881626843 76 54
264861081 109 57
746677895 17 36
511152659 80 39
618245366 31 57
262501113 73 25
411248990 129 49
520055530 97 17
785693618 100 63
688970506 100 20
280970313 130 59
822743882 17 12
127817665 34 37
560288492 51 30
77477153 75 42
491934534 135 27
378424893 21 54
957526213 17 4
487469662 96 64
984830516 88 41
74984225 47 48
768047166 120 26
602476447 109 19
689959217 94 45
956620750 103 27
910673668 34 35
805765158 28 30
754406299 71 43
162746247 109 1
3437896 21 15
131120985 72 6
752808853 14 29
496072181 42 64
420720192 118 63
34308931 91 64
732053126 10 1
330777507 90 34
261181604 140 24
716317456 63 43
743462298 139 7
919367298 103 36
336587569 121 5
785789332 2 12
624559679 78 13
766048871 101 2
533397801 78 40
750737861 40 36
611408554 53 3
388495241 121 30
42425041 36 58
119253309 119 40
771888208 56 57
609862915 21 30
388023794 48 31
369267385 131 5
307595373 32 28
788414808 81 34
311378010 48 39
393469596 28 40
502328448 110 34
105834729 98 48
356212824 127 10
194981741 16 1
469533901 91 19
89905793 62 40
971857218 5 12
925095508 38 15
519939289 46 26
781754826 10 23
864686578 20 57
145173921 48 59
816023026 50 50
772933077 59 22
296880965 105 18
656158022 35 47
788701093 31 42
511679895 97 27
97966235 36 18
958299480 32 53
917626950 75 36
524004966 94 27
976116826 68 22
816595089 24 47
228326763 62 12
309116032 47 12
797323883 97 62
257776337 11 57
222047345 128 25
519804292 41 5
204268731 9 21
342276505 85 23
279720694 109 7
647932150 92 60
165358012 121 4
90399886 33 23
308160349 110 31
328310976 66 33
605349601 98 2
39388156 56 36
834015565 104 40
775284652 43 65
684471077 121 48
495606096 107 26
383427122 128 65
423020011 107 10
817202053 71 44
120299933 2 15
7685563 72 53
47018897 1 46
947356545 105 6
935157784 5 51
741138522 7 65
996179222 138 21
137977247 68 27
651065500 53 50
166668743 112 24
6519254 9 49
960972776 76 30
825556519 50 5
955712894 125 25
105546386 128 31
329181802 133 25
989422427 29 15
45986108 30 51
62122989 5 29
210130868 71 12
157904638 85 14
452941701 53 23
378072304 44 50
638621021 60 7
781173370 18 33
464193569 97 54
776024455 117 11
102461053 81 7
304420958 138 35
867019419 59 36
851880194 125 38
167437873 95 21
867076827 11 22
526737089 118 33
937346709 91 55
906421788 37 28
965589575 9 38
176203559 140 37
240200152 16 12
453192929 47 10
582268830 22 6
511767460 35 29
645933895 134 35
837873834 16 48
738590972 121 16
255505874 74 21
30191299 130 53
341083044 2 54
577679396 107 52
452989330 18 27
193576975 108 30
822974080 51 39
663528700 38 40
377868166 45 33
95044435 116 24
76115188 26 19
899762191 30 47
230149014 110 60
474807709 77 1
948130872 33 2
267264777 39 58
697845100 13 30
23458140 32 43
346051466 107 19
945507135 130 52
807821559 14 13
219823331 18 20
979551402 34 41
219130404 46 14
563177708 95 3
962104556 123 1
64223838 52 17
256506325 71 20
806128448 87 16
926632722 24 4
880276207 79 9
527503247 116 57
91432879 140 12
770250325 0 6
243601579 49 51
836558387 106 54
329356857 50 35
89878938 108 1
623765601 139 1
189322440 37 39
434357663 99 31
994981417 42 11
847345128 127 32
104818425 23 4
237618154 135 13
92441133 55 60
290678936 28 9
15168915 58 31
358156005 126 47
412589368 113 38
940384206 92 29
929125641 16 59
721239198 22 51
471749820 115 25
108268909 52 24
663992816 53 20
258331625 29 55
546657938 118 45
412331096 53 45
271238019 7 52
566994141 86 58
134520183 115 33
876411641 135 15
460372512 125 43
455718740 121 54
114152330 132 24
898765757 89 16
291140040 46 52
74399087 13 7
610270416 102 8
839484310 79 8
92270755 58 42
473591825 28 32
772124080 25 15
157027960 86 46
263170938 35 40
212134751 68 12
618730872 100 44
527676892 42 50
450016827 96 59
689883462 70 39
220268758 98 55
971895103 85 27
284313209 33 57
990007797 109 40
322034271 130 44
446461604 67 59
960902634 32 10
704663134 127 61
387169035 6 63
218182414 94 57
855635175 73 20
101695674 83 11
862773431 33 60
76048135 71 17
329689327 16 17
51352834 77 21
719927970 100 24
690113821 102 35
734205220 105 25
417795958 136 3
208735216 103 21
374097503 134 60
331986124 92 55
167859482 79 34
793686570 47 31
245285092 71 14
712849361 92 49
309109812 11 60
484168636 134 36
381215300 48 38
266792770 69 25
417006288 86 5
768169078 90 47
6241309 80 13
904051664 18 31
41298748 117 58
170259468 115 8
125509775 79 13
177953362 62 33
843484812 139 64
36054166 132 58
481420480 101 39
103409729 113 1
589352215 113 4
413415184 89 62
932204378 37 8
110037564 111 12
281627896 30 46
339650011 110 64
538011400 109 23
563685510 69 19
653231758 100 11
848752442 15 11
177047292 47 62
504497027 65 2
237890300 38 8
778730966 41 11
731751788 11 63
991085118 38 11
479200938 46 7
892348731 106 34
86587920 25 56
22701286 22 44
712839618 65 62
23939673 45 1
334154918 18 10
72213325 90 51
311621299 81 31
303146499 80 45
750055791 37 61
378931048 140 1
354561202 97 23
955261299 126 59
99404719 123 12
698555858 51 0
996257844 67 57
216962244 66 20
686476848 137 33
354566728 63 56
108011382 72 25
32442231 2 1
727568320 134 14
380436014 89 8
883461365 71 8
176865519 24 61
683420590 100 60
493084424 106 36
865195510 87 58
333324021 108 62
130518097 3 31
356836098 90 45
272366847 96 55
776077364 22 40
134140289 44 21
340347753 109 29
843526236 92 15
651049662 64 37
216203548 105 62
47023920 102 27
387200667 137 28
603078277 120 53
339102595 48 22
998012268 0 41
391283472 104 21
91962851 105 51
735731226 48 19
243695576 109 14
463092306 36 41
394285587 13 18
27288523 13 60
733675858 5 16
540746940 13 19
993917365 21 52
208379267 139 51
601071196 61 58
948433645 87 26
636886350 125 40
987503284 29 13
38665116 115 47
383693896 53 13
144031173 59 50
315361746 10 21
305779804 31 65
923332469 50 0
305758952 95 25
712251094 20 36
171790090 8 32
344841950 72 41
288827365 97 63
458669502 103 4
210359225 34 47
734290739 97 35
191232977 113 16
140850955 67 55
199399071 116 47
663532007 10 26
724495908 122 40
827332673 96 48
146107541 53 54
949441456 118 47
152158011 31 15
173266026 105 42
665581978 80 43
345476362 23 52
194314453 34 2
283241620 133 44
169329488 110 2
620649653 136 34
413887127 87 48
972919886 80 35
395766142 117 3
382022195 63 15
267814024 137 42
772860463 19 51
451070092 30 17
366257739 53 47
510755221 8 22
323538511 99 10
631436810 68 26
505399689 15 62
912333838 50 55
677892300 50 43
440593705 93 26
294806715 31 18
793825831 134 17
349626951 114 52
370127680 127 46
115611509 14 34
712342648 93 33
9794148 57 6
820430408 12 15
896393358 80 38
898897534 83 17
12350030 41 58
980646241 24 31
604637345 46 31
347135768 96 33
157674288 114 46
670859083 61 37
463377037 61 1
632757514 108 54
296661693 132 34
671205614 20 52
970032630 24 13
160718205 43 4
889261993 110 36
693654994 9 6
324102593 32 17
256582781 61 59
79604781 16 34
604774055 58 38
434381980 98 42
631540602 111 62
31916167 130 64
122698175 43 44
902088564 27 48
796814280 119 41
704698743 47 21
930439055 119 13
815068668 33 10
826563871 12 11
489329348 38 19
529502514 39 13
26827053 80 32
975552539 39 25
835978165 17 1
840884454 32 15
994438080 6 37
583435453 10 47
298404249 104 50
743590028 99 40
421010614 27 43
573062888 24 25
559009343 129 64
392082476 37 43
802156497 11 21
802964709 14 42
342795390 115 42
399507055 82 10
345003032 105 65
307082719 128 60
606184623 13 44
882256163 61 31
888533079 62 43
48190568 96 22
174802222 7 57
180932027 44 24
716246428 89 5
801665778 93 31
217748188 28 53
512038349 45 16
700536251 67 21
31411799 74 49
377099168 61 16
512637330 17 23
86955467 52 33
46930514 36 53
686684385 59 15
675159657 62 14
690043047 2 53
469277188 122 9
868406286 68 59
91597652 8 5
516999535 4 11
647062128 128 30
346306838 24 41
888759161 115 10
362596356 118 55
217537278 17 50
991019760 72 39
487981730 113 17
744905615 22 33
817124860 21 0
207728661 32 50
992203710 40 4
850879226 123 20
973016344 32 18
452568321 135 17
839162718 118 19
579052917 23 51
495055847 54 43
667133621 76 18
638304312 92 38
754973939 52 12
403191906 91 28
806890808 124 15
216946600 114 43
311863978 94 48
356440420 21 25
653596689 43 10
44465706 17 27
978185111 50 44
631202093 109 65
114009295 134 10
347097569 83 34
869336312 35 15
724526050 130 55
577740673 25 0
686882067 10 24
653939408 4 52
699827722 120 6
868133182 8 29
374951595 137 47
484543590 43 57
983205650 15 55
13292191 101 32
555233462 15 2
757242054 25 44
608757194 22 46
247984704 41 43
92243174 79 28
505640766 108 32
74474726 126 38
464560451 62 41
217098002 64 6
880041954 60 58
502872959 101 31
775017932 95 29
99016116 30 55
412312586 59 29
473847183 45 19
739174790 118 38
295090281 40 20
647731919 86 16
763142264 56 25
41563676 122 41
798998645 2 13
468318097 123 16
61047166 6 12
557770689 78 0
211557693 17 2
898440307 10 25
902057032 136 42
270885289 8 40
251578058 108 53
822242013 2 3
592504675 38 55
50121357 33 49
896617037 138 44
944797690 117 6
226707135 100 57
311193899 53 10
582935701 69 6
183113016 140 22
298413616 16 8
69509828 19 4
436105370 114 56
852434122 33 17
344656878 89 24
401717661 9 56
482314742 12 59
554893865 125 48
218995477 41 19
499383166 27 63
450124647 29 28
791824015 12 5
911732262 66 26
924783670 25 57
868933455 77 10
812715386 124 23
722893189 31 54
296683028 106 14
109464116 6 38
344745263 22 64
902633464 25 31
77966960 63 64
316387648 64 48
971241781 112 49
458349358 85 32
660408352 109 48
155451585 8 52
264554710 53 43
130079798 43 19
325045763 82 63
648160938 90 43
678261153 116 40
431996932 12 21
961350522 46 55
31474961 96 23
359426027 56 53
463077359 72 43
846365929 74 54
224190127 7 45
39692105 45 40
394501174 114 63
877290043 95 22
838525795 8 41
803438871 78 6
942996086 15 65
788876124 32 31
765383343 44 4
707115252 37 27
454445621 45 29
868532412 45 15
66618937 90 64
701321028 44 47
529188699 106 26
885630930 72 50
739494476 128 56
481638317 69 15
693886132 56 26
269366167 73 40
778907733 60 30
3243418 89 30
426072687 121 47
275500295 88 62
224541542 2 38
741243067 79 26
675601570 66 50
713611172 48 30
177135286 16 37
679822723 94 51
592627651 87 9
629745651 79 40
977317918 113 5
624229289 39 36
899888432 138 4
290963452 93 7
264405149 113 2
218199207 118 43
398011304 65 15
855505358 50 62
289940182 53 1
392508478 58 58
774947280 32 12
612697081 104 53
691805581 67 28
56770800 137 29
30539952 122 21
384940050 39 24
815729710 47 33
173090949 9 39
662164531 20 56
812527922 86 44
839001926 72 62
937491591 55 55
722884522 37 33
806348407 93 48
15774471 107 24
802243269 17 37
872761418 43 26
545482626 15 48
857986505 124 33
169355220 66 18
618254761 72 11
163297528 115 0
272788099 31 61
882056073 20 40
149731909 117 41
618319617 30 14
512573782 139 29
524042624 70 6
555555837 56 43
861228492 83 59
131074051 86 9
669345177 73 34
228892822 34 39
866622473 137 6
84563055 72 14
952905845 88 18
547962935 92 36
554627437 102 45
12329766 90 41
462534653 99 18
730670061 77 56
527922482 7 21
187575254 76 40
39693276 128 18
347996200 88 17
680611988 56 10
942920143 27 58
990727680 110 20
342826812 110 58
992050005 98 19
380784778 56 2
452615965 137 60
482170849 14 6
81932345 81 51
75015199 4 4
34235684 638304312 749044293
468318097 726990033 883461365
111508394 364857170 977317918
114152330 83435920 734578250
758118716 13292191 549002503
493084424 518266047 872722664
42864976 878556033 88218821
467434947 246281322 495055847
244601567 266155837 522993240
861609852 403085537 792502270
889073356 168653372 724226425
862669577 741930717 614256355
624981986 3437896 857477965
14206744 374432884 189322440
434357663 332522896 51805710
494344153 765383343 647886199
741243067 509344700 251880999
13293031 571552149 378931048
524183605 207087796 606713587
871472673 599404766 222110486
783138955 388495241 232070939
572241011 822743882 920631497
938398027 219823331 81932345
585596371 472742224 600074309
469883487 769191477 359004413
457668761 193985339 64829380
775418204 163365441 768983556
712849361 994981417 518107577
839001926 177878749 322034271
339200531 667342919 782614179
335317503 32220963 781046236
106925012 246240568 183404475
173310456 650570909 530969107
770250325 919054401 401430526
416627754 453046508 891843501
896001678 128154974 289439535
511767460 965009149 51805710
828063489 915110725 465786534
595478888 588718098 200815457
441485766 823342504 891550145
817212040 485741064 846835907
788876124 88218821 218995477
564318115 202425845 49670210
638621021 141358216 837873834
536708727 472742224 275984042
327094123 177386739 132264713
922281714 525032762 599303062
255505874 527922482 964975103
358610028 878979161 554627437
600926426 693470419 271090607
48190568 122808136 996531569
623041541 364443008 687383028
176865519 344841950 61047166
921868567 129445772 960972776
28937746 741881086 841980107
679474803 841980107 430244062
245185067 100665013 14011569
811573808 945881277 780017179
794255325 329329528 647731919
765383343 405738498 463335762
160718205 577692190 434381980
174555186 107962092 437700115
948433645 77242395 368469795
337369013 328973161 618730872
612296737 935972381 801665778
63885119 797189404 858612308
744145149 348095528 615752958
256094036 772610706 462534653
97384798 74858124 264861081
381631759 346051466 221175429
82095238 580616855 971271586
120172307 460474336 184905269
499383166 282265735 149731909
808933770 871472673 697632844
758118716 621170554 60499555
830508651 795069599 523690295
345476362 781041178 450016827
772933077 219338865 282990172
231441646 429429227 245989420
477021021 202479118 810713377
909419340 583893795 704698743
505111873 228326763 399507055
143130059 153651849 173090949
804120056 841980107 339127828
551193207 435235363 305304896
100665013 458874302 839484310
721239198 182328261 169355220
435538623 870812628 875034586
218995477 862773431 939409147
264437957 593720136 528380056
163828998 374437595 61066973
64946017 988138335 279720694
914761027 199115083 778477565
936529876 29198433 959554074
508645629 44237603 753110225
288199483 263170938 204531813
111500795 103597673 535255359
237581964 172328444 724538643
693585256 471926534 401051868
441914437 800948349 300867708
