10 10 100 3
868473185 8 5
400061243 0 6
356485909 1 1
478674480 3 8
907703734 3 6
478673532 7 4
411950921 8 1
388064686 5 5
768373422 2 7
551120837 5 3
809445397 1 2
189594303 9 1
580154032 2 8
236813167 8 8
122322346 9 9
29679507 9 3
545305687 7 8
166688549 1 3
45988267 1 7
580966129 1 9
377358064 6 7
375532647 6 0
980171699 5 9
321570994 6 8
332080383 5 1
413242632 0 2
586436045 8 9
439577668 2 0
402691258 2 6
101699505 9 0
539378426 7 6
397060391 9 7
533480588 0 1
648180316 5 2
176035247 9 6
419199859 5 4
809567124 8 0
172383449 8 2
71539796 4 1
532268625 7 9
867941411 9 4
908815692 5 7
68429254 7 7
642250877 7 5
208442946 0 5
366517933 8 4
742608341 1 4
52519627 4 5
167194153 1 8
801181511 0 8
324103623 8 3
76025503 6 2
744061129 2 5
595541817 9 8
849805523 3 0
274669683 3 2
42288196 4 9
18245880 4 4
704108711 2 4
479269973 9 2
223845999 8 7
756855755 7 3
66870243 7 0
984535142 5 8
141451607 6 5
514608718 3 7
298284700 0 4
530494300 3 3
264410553 2 1
324153584 3 9
445630682 6 3
139272449 2 9
574621064 6 4
690805876 1 6
289042714 5 0
808159921 4 7
308648554 8 6
370791540 7 1
371117260 3 5
518053856 0 7
206001212 7 2
57221593 0 3
597937366 0 9
222084242 4 8
460165514 4 0
986848612 6 6
726799375 3 1
390832097 1 5
531076631 1 0
785851433 6 1
13410245 6 9
62743675 4 6
11624795 2 3
744132622 2 2
784725560 4 3
713404194 9 5
711400704 5 6
106803281 4 2
525583132 3 4
714920746 0 0
868473185 784725560 388064686
595541817 460165514 711400704
375532647 419199859 801181511
