1 81 81 99
171569122 0 16
181611980 0 74
818598855 0 53
7602544 0 52
817497150 0 24
63259105 0 28
776657733 0 10
715298017 0 62
202547016 0 23
750520085 0 78
681598883 0 61
342484528 0 51
192449380 0 34
968671568 0 37
494800982 0 75
181193639 0 48
15264314 0 69
303630174 0 25
95568471 0 73
479388341 0 45
20990773 0 76
16204654 0 32
167461028 0 77
25733739 0 0
844186115 0 9
22107029 0 36
269757630 0 3
764480512 0 80
730101016 0 1
145033292 0 15
957769002 0 59
587473230 0 19
436006954 0 31
432242926 0 8
335254000 0 14
567288658 0 26
991530166 0 68
434980411 0 46
613087007 0 72
359645871 0 79
969859706 0 39
740906712 0 12
46680903 0 63
519367724 0 11
309407737 0 42
853446605 0 30
200355325 0 47
793503537 0 20
421107962 0 2
206724357 0 65
973459546 0 66
789257806 0 60
162665225 0 67
682368977 0 54
456670077 0 29
543353781 0 58
596036085 0 17
403880806 0 57
69903108 0 13
320331195 0 6
766688848 0 38
358097242 0 18
800343959 0 5
779922267 0 40
691105267 0 7
17287211 0 50
954303326 0 21
762224306 0 33
944366711 0 56
131094456 0 64
550539909 0 43
288157572 0 44
72901052 0 22
439700422 0 49
677823423 0 41
606629814 0 70
810672230 0 4
350384764 0 55
351909568 0 71
280997330 0 35
116490331 0 27
613087007 200355325 303630174
269757630 969859706 20990773
403880806 954303326 335254000
342484528 434980411 46680903
200355325 494800982 613087007
944366711 991530166 596036085
359645871 17287211 202547016
479388341 15264314 350384764
202547016 171569122 957769002
181611980 550539909 335254000
613087007 358097242 606629814
269757630 817497150 434980411
436006954 968671568 320331195
762224306 479388341 17287211
192449380 762224306 800343959
691105267 810672230 351909568
288157572 167461028 16204654
682368977 456670077 288157572
72901052 116490331 303630174
351909568 587473230 25733739
740906712 764480512 991530166
280997330 519367724 359645871
494800982 22107029 740906712
677823423 550539909 613087007
762224306 206724357 779922267
403880806 72901052 162665225
22107029 793503537 202547016
303630174 17287211 145033292
853446605 740906712 359645871
764480512 567288658 844186115
320331195 25733739 973459546
973459546 335254000 456670077
167461028 519367724 200355325
730101016 69903108 779922267
16204654 303630174 456670077
342484528 494800982 776657733
202547016 15264314 587473230
853446605 810672230 351909568
973459546 181193639 69903108
789257806 766688848 269757630
519367724 613087007 403880806
973459546 335254000 817497150
550539909 288157572 613087007
269757630 309407737 844186115
131094456 145033292 15264314
519367724 206724357 46680903
95568471 351909568 844186115
740906712 691105267 543353781
403880806 145033292 715298017
691105267 677823423 95568471
818598855 969859706 991530166
403880806 269757630 793503537
145033292 280997330 750520085
359645871 192449380 750520085
596036085 677823423 303630174
63259105 439700422 202547016
162665225 309407737 432242926
202547016 789257806 181611980
750520085 954303326 131094456
957769002 95568471 200355325
359645871 342484528 192449380
145033292 181193639 677823423
335254000 434980411 853446605
817497150 479388341 800343959
766688848 335254000 691105267
69903108 351909568 20990773
677823423 116490331 543353781
479388341 421107962 681598883
789257806 817497150 543353781
288157572 793503537 269757630
421107962 793503537 269757630
421107962 973459546 192449380
403880806 288157572 800343959
766688848 954303326 192449380
587473230 954303326 72901052
844186115 269757630 766688848
20990773 202547016 968671568
131094456 25733739 957769002
844186115 181193639 309407737
303630174 63259105 200355325
22107029 403880806 456670077
991530166 844186115 145033292
350384764 171569122 206724357
944366711 762224306 167461028
351909568 359645871 944366711
844186115 69903108 303630174
72901052 116490331 789257806
681598883 16204654 730101016
818598855 206724357 779922267
519367724 69903108 25733739
677823423 162665225 403880806
20990773 944366711 818598855
25733739 17287211 766688848
750520085 280997330 15264314
181193639 715298017 280997330
342484528 280997330 730101016
991530166 793503537 320331195
359645871 715298017 206724357
800343959 351909568 677823423
