1 1 1 100
787914266 0 0
787914266 787914266 787914266
787914266 787914266 787914266
787914266 787914266 787914266
787914266 787914266 787914266
787914266 787914266 787914266
787914266 787914266 787914266
787914266 787914266 787914266
787914266 787914266 787914266
787914266 787914266 787914266
787914266 787914266 787914266
787914266 787914266 787914266
787914266 787914266 787914266
787914266 787914266 787914266
787914266 787914266 787914266
787914266 787914266 787914266
787914266 787914266 787914266
787914266 787914266 787914266
787914266 787914266 787914266
787914266 787914266 787914266
787914266 787914266 787914266
787914266 787914266 787914266
787914266 787914266 787914266
787914266 787914266 787914266
787914266 787914266 787914266
787914266 787914266 787914266
787914266 787914266 787914266
787914266 787914266 787914266
787914266 787914266 787914266
787914266 787914266 787914266
787914266 787914266 787914266
787914266 787914266 787914266
787914266 787914266 787914266
787914266 787914266 787914266
787914266 787914266 787914266
787914266 787914266 787914266
787914266 787914266 787914266
787914266 787914266 787914266
787914266 787914266 787914266
787914266 787914266 787914266
787914266 787914266 787914266
787914266 787914266 787914266
787914266 787914266 787914266
787914266 787914266 787914266
787914266 787914266 787914266
787914266 787914266 787914266
787914266 787914266 787914266
787914266 787914266 787914266
787914266 787914266 787914266
787914266 787914266 787914266
787914266 787914266 787914266
787914266 787914266 787914266
787914266 787914266 787914266
787914266 787914266 787914266
787914266 787914266 787914266
787914266 787914266 787914266
787914266 787914266 787914266
787914266 787914266 787914266
787914266 787914266 787914266
787914266 787914266 787914266
787914266 787914266 787914266
787914266 787914266 787914266
787914266 787914266 787914266
787914266 787914266 787914266
787914266 787914266 787914266
787914266 787914266 787914266
787914266 787914266 787914266
787914266 787914266 787914266
787914266 787914266 787914266
787914266 787914266 787914266
787914266 787914266 787914266
787914266 787914266 787914266
787914266 787914266 787914266
787914266 787914266 787914266
787914266 787914266 787914266
787914266 787914266 787914266
787914266 787914266 787914266
787914266 787914266 787914266
787914266 787914266 787914266
787914266 787914266 787914266
787914266 787914266 787914266
787914266 787914266 787914266
787914266 787914266 787914266
787914266 787914266 787914266
787914266 787914266 787914266
787914266 787914266 787914266
787914266 787914266 787914266
787914266 787914266 787914266
787914266 787914266 787914266
787914266 787914266 787914266
787914266 787914266 787914266
787914266 787914266 787914266
787914266 787914266 787914266
787914266 787914266 787914266
787914266 787914266 787914266
787914266 787914266 787914266
787914266 787914266 787914266
787914266 787914266 787914266
787914266 787914266 787914266
787914266 787914266 787914266
787914266 787914266 787914266
