500 1 500 88
679290977 464 0
8995037 30 0
373153505 72 0
243034082 335 0
54860816 251 0
251643826 70 0
356927998 63 0
917965888 353 0
85379394 425 0
80847437 494 0
28254799 342 0
13381847 265 0
917671435 19 0
213306318 470 0
178398626 381 0
813736461 87 0
700269974 203 0
936777863 97 0
575577114 96 0
641326785 67 0
267900064 133 0
837331071 71 0
752688304 328 0
366518978 363 0
191595003 198 0
171291633 301 0
347867056 467 0
338713429 222 0
3408141 329 0
615396810 78 0
872020792 436 0
164060083 237 0
667247182 3 0
170897966 365 0
729513916 23 0
576078728 68 0
398510542 141 0
862568691 356 0
171332741 26 0
836510070 367 0
422275500 318 0
102107172 382 0
495205933 82 0
33274768 226 0
724286624 189 0
122870911 242 0
944189220 454 0
992168415 402 0
379276402 298 0
997694456 357 0
469730862 65 0
95712993 54 0
410117248 396 0
972382772 159 0
133808355 28 0
570175492 252 0
488512060 75 0
437114127 452 0
246775342 220 0
702211120 11 0
92730284 453 0
696644886 167 0
462592719 162 0
316849722 270 0
446222825 282 0
791784462 221 0
697045977 116 0
346524018 217 0
592555936 12 0
482998635 299 0
40141108 491 0
106545174 85 0
88362900 123 0
63822042 413 0
156941340 49 0
287698908 40 0
28994330 106 0
880918199 263 0
593626528 397 0
943002732 55 0
180090011 43 0
872855191 79 0
573730596 155 0
77466596 235 0
489198101 450 0
219779008 153 0
720766175 80 0
478055250 460 0
950706587 458 0
732468140 93 0
19112542 0 0
957859133 466 0
119422416 316 0
139036810 205 0
723234559 308 0
204853277 238 0
248026224 472 0
210688445 362 0
484359799 463 0
254722270 431 0
660936392 405 0
366209627 209 0
830542669 190 0
619232610 448 0
12295225 181 0
282381743 461 0
157688668 428 0
743935228 112 0
721664185 210 0
968701367 366 0
77535317 200 0
860103413 279 0
699270993 2 0
655986086 346 0
830443578 489 0
865340682 331 0
289155744 333 0
869296739 493 0
853131237 240 0
242099180 412 0
731020118 459 0
664128777 187 0
595966335 228 0
473761727 476 0
908878522 375 0
590156645 64 0
544364297 370 0
876816027 304 0
480520997 50 0
70642299 9 0
110193366 281 0
508577550 102 0
172979845 417 0
364606210 358 0
201734159 355 0
801018521 4 0
64453339 285 0
102111715 490 0
122328366 471 0
773184558 224 0
210127037 81 0
168198333 103 0
987687555 129 0
615872185 157 0
51357141 377 0
651191908 288 0
229465266 151 0
578841492 372 0
150299999 257 0
748092766 305 0
681039155 77 0
526247184 15 0
78132911 202 0
14404709 360 0
806642897 21 0
661752051 384 0
607350185 236 0
382371047 22 0
435713068 307 0
620234485 144 0
522735943 414 0
364713353 147 0
325022263 327 0
808196418 207 0
902535191 230 0
582739104 403 0
135016634 184 0
638544635 18 0
297451706 41 0
594576054 293 0
517374673 429 0
158498997 249 0
4946535 225 0
399316235 415 0
406653803 395 0
269213432 195 0
237204837 449 0
215156754 339 0
420958156 407 0
764730049 16 0
742095764 297 0
383068655 255 0
871392267 272 0
833713664 387 0
863752933 295 0
402030336 61 0
203187093 258 0
497683483 239 0
314166749 309 0
935114321 259 0
175972264 284 0
432416873 115 0
444659735 483 0
929144358 485 0
610997209 149 0
744235704 73 0
396994751 214 0
462095477 254 0
617267342 66 0
675558344 388 0
870589207 140 0
90680681 130 0
938416005 499 0
350985166 371 0
343354613 326 0
770991072 92 0
263236171 332 0
421362418 336 0
381549891 437 0
181747694 247 0
375567046 31 0
741277137 378 0
695316094 345 0
282852696 111 0
684074412 24 0
818580987 244 0
687689016 14 0
404956698 135 0
270248201 444 0
667806838 52 0
637133975 196 0
334917346 340 0
881543869 341 0
440329273 32 0
295881939 440 0
465289106 334 0
478355196 497 0
523737266 253 0
200135099 498 0
428091330 267 0
757071564 275 0
128820801 33 0
391277873 42 0
258409275 178 0
979071114 383 0
453634746 25 0
514319785 171 0
689258621 481 0
812037221 419 0
346923495 424 0
13363886 456 0
649988410 320 0
837970658 482 0
580654596 416 0
565313886 208 0
67026137 246 0
462131030 344 0
619100225 104 0
261321961 423 0
646372084 192 0
500265583 136 0
654895428 291 0
677580053 177 0
770831322 188 0
975255724 99 0
951046564 211 0
652431037 1 0
846858509 194 0
509658848 495 0
507674735 170 0
601627725 125 0
86947269 411 0
907766963 10 0
487889317 376 0
759659592 20 0
881073004 352 0
579300641 347 0
403099834 113 0
942256067 122 0
888772129 321 0
654142713 164 0
786877208 134 0
412487911 488 0
103151413 330 0
616514399 169 0
343230107 418 0
278280562 278 0
362140592 274 0
338588746 58 0
68362259 46 0
647357751 105 0
967200973 34 0
558145287 118 0
990063557 445 0
36489881 404 0
526028409 292 0
265655988 294 0
36404715 451 0
693913876 389 0
212652504 48 0
291331270 462 0
626757935 379 0
985522101 199 0
76650944 264 0
733867395 400 0
533115700 386 0
345228701 427 0
965791549 62 0
314972809 435 0
737502989 276 0
147214977 433 0
569493003 271 0
47365445 156 0
863598020 312 0
499505453 83 0
686631199 51 0
586913661 137 0
968961237 447 0
831182844 302 0
920400159 219 0
425642951 426 0
722974384 59 0
423646562 457 0
740814565 201 0
931317263 337 0
648034618 442 0
625707107 430 0
167966208 120 0
11244565 121 0
669930060 185 0
726252825 277 0
378360114 148 0
323215340 91 0
135000115 57 0
804814641 124 0
77938419 29 0
673376381 53 0
869151278 306 0
779615342 409 0
170423276 319 0
95369218 290 0
493789428 311 0
453793061 166 0
959397246 475 0
556645515 364 0
283307819 256 0
837700800 322 0
307454521 468 0
957785724 35 0
971463666 142 0
151099451 6 0
936288357 261 0
612474637 351 0
613957976 7 0
672270506 432 0
102769276 401 0
934124745 218 0
314022626 182 0
182043569 478 0
764159405 349 0
887682063 243 0
519980553 350 0
48210954 76 0
94097499 173 0
156203924 126 0
779375801 248 0
713911299 8 0
491412636 241 0
409138399 280 0
762457044 193 0
364910589 487 0
42207419 234 0
322589388 323 0
619698605 38 0
150775022 260 0
505393079 212 0
633035274 438 0
986871438 45 0
533476064 434 0
751866306 37 0
353299869 204 0
381238578 143 0
625832816 131 0
880827074 150 0
534785884 88 0
85011787 446 0
188551760 36 0
904272595 158 0
543775860 441 0
144763901 127 0
49861573 89 0
583332034 138 0
219839971 56 0
366579297 287 0
283715881 373 0
842172564 229 0
519325950 269 0
359343107 317 0
288899434 84 0
237910525 110 0
417630699 168 0
791413093 17 0
171961225 314 0
540210410 315 0
64512040 176 0
491796090 391 0
35235101 410 0
1861112 86 0
935993602 484 0
397439275 117 0
288017613 227 0
915001082 186 0
533963807 44 0
498486742 165 0
769200857 69 0
256888694 289 0
785694709 496 0
708215754 119 0
840422802 374 0
431821097 325 0
364062800 191 0
814859212 393 0
175157726 95 0
505234047 286 0
767634128 262 0
981034132 146 0
690082741 421 0
388083995 465 0
608626024 154 0
565382993 5 0
179592358 132 0
376875605 39 0
24223969 268 0
198448161 324 0
827127891 303 0
204059063 359 0
964421461 455 0
688689818 343 0
817439472 486 0
971097983 348 0
251639988 369 0
270693956 108 0
287168968 13 0
532504353 197 0
79752514 399 0
445852445 47 0
804988344 183 0
734447554 216 0
442066455 474 0
278062611 74 0
641867186 175 0
490827454 394 0
630638494 27 0
442611597 152 0
152367420 107 0
903169058 469 0
216890902 422 0
451773923 163 0
458705646 231 0
674689330 145 0
155504660 179 0
484294625 354 0
70541560 310 0
529798373 296 0
236397311 213 0
483796808 266 0
506025881 392 0
340749412 480 0
198835603 390 0
931177805 245 0
69875113 380 0
196784015 408 0
788822623 300 0
272724249 385 0
903902992 283 0
676551543 60 0
840028231 443 0
977589831 473 0
628712268 160 0
385866469 368 0
23298 439 0
451776360 223 0
28824048 98 0
660966098 139 0
436564380 215 0
792136834 109 0
49123615 273 0
817589485 114 0
907322102 233 0
198648205 250 0
948852757 313 0
237636632 420 0
603512385 206 0
423558901 232 0
442597791 338 0
294618859 90 0
364832647 398 0
288817691 94 0
465986205 479 0
763732528 406 0
311817250 361 0
462587348 100 0
817159303 492 0
89363813 172 0
94359875 128 0
469914344 101 0
82613221 477 0
172920125 174 0
682059372 161 0
355893908 180 0
720766175 943002732 792136834
248026224 182043569 672270506
340749412 493789428 480520997
258409275 102769276 578841492
992168415 451773923 236397311
210688445 200135099 887682063
740814565 94359875 519980553
612474637 353299869 314166749
269213432 364713353 356927998
975255724 935993602 638544635
381238578 340749412 422275500
307454521 278062611 674689330
869296739 198448161 453634746
35235101 863598020 804814641
497683483 693913876 935993602
731020118 473761727 283715881
603512385 79752514 957785724
243034082 171291633 533476064
860103413 70541560 944189220
594576054 437114127 929144358
686631199 723234559 507674735
931317263 436564380 212652504
729513916 648034618 483796808
288017613 908878522 808196418
570175492 506025881 491412636
741277137 462095477 473761727
355893908 903169058 243034082
881543869 484294625 741277137
446222825 543775860 19112542
837700800 608626024 708215754
353299869 70541560 85011787
519980553 406653803 943002732
139036810 500265583 462587348
616514399 556645515 79752514
881073004 806642897 404956698
36489881 103151413 870589207
723234559 992168415 907766963
654895428 171961225 171332741
615396810 265655988 421362418
270693956 917671435 729513916
959397246 702211120 314972809
689258621 311817250 70541560
917671435 272724249 488512060
607350185 152367420 272724249
219779008 863598020 840028231
763732528 696644886 965791549
498486742 592555936 507674735
465986205 979071114 964421461
311817250 590156645 987687555
862568691 722974384 70541560
366518978 213306318 404956698
49123615 633035274 402030336
171332741 295881939 957785724
269213432 178398626 167966208
151099451 915001082 484359799
254722270 630638494 462131030
198648205 90680681 338588746
76650944 817589485 110193366
487889317 661752051 764730049
580654596 733867395 219779008
258409275 135016634 364606210
529798373 498486742 881543869
732468140 156941340 388083995
402030336 36404715 770991072
628712268 345228701 507674735
619100225 870589207 36404715
366518978 646372084 270248201
630638494 135016634 917671435
837331071 495205933 364910589
237910525 660936392 388083995
779615342 888772129 381238578
721664185 122870911 508577550
103151413 601627725 102111715
23298 170423276 77466596
661752051 263236171 544364297
812037221 607350185 396994751
880918199 398510542 830542669
462095477 458705646 484294625
813736461 791784462 484359799
675558344 175972264 579300641
675558344 902535191 633035274
936777863 325022263 76650944
64453339 497683483 726252825
63822042 743935228 70642299
282852696 403099834 261321961
478355196 147214977 565313886
586913661 630638494 229465266
362140592 533476064 625707107
