500 1 500 20
364716196 16 0
160196564 179 0
998896547 312 0
183436560 436 0
586763120 280 0
134336567 318 0
144811943 50 0
579314356 254 0
969671083 298 0
790109784 305 0
487157690 59 0
341016207 345 0
157656379 448 0
964171476 220 0
16300634 24 0
699254886 39 0
226521302 325 0
452336443 353 0
362843673 100 0
83668533 21 0
708752520 183 0
860977811 487 0
432810012 367 0
206697641 389 0
164846129 373 0
761272787 160 0
634717342 447 0
475014567 494 0
80027653 339 0
527845993 255 0
541749099 101 0
656459459 419 0
413454602 159 0
671372469 409 0
655020133 5 0
247826890 84 0
647653277 104 0
563653772 2 0
638203395 70 0
712005433 158 0
87372781 496 0
100441525 337 0
340777421 34 0
910691523 68 0
225528447 161 0
594720879 182 0
489279201 199 0
505232334 238 0
175309480 266 0
49370602 333 0
221933169 355 0
679560694 271 0
835673366 216 0
463643337 157 0
478097987 96 0
980179337 175 0
87880264 349 0
468861862 261 0
743451951 18 0
441757194 47 0
742438161 103 0
924294542 450 0
921254821 321 0
502169775 482 0
84109081 171 0
907068545 430 0
771296293 468 0
730682083 470 0
294068060 81 0
564002291 8 0
803512260 370 0
44632772 439 0
975546025 394 0
752413006 406 0
600762541 31 0
966369190 361 0
605953060 300 0
362993262 472 0
174470814 359 0
539113614 288 0
512209348 483 0
550830627 446 0
718075751 30 0
411962039 471 0
332010709 444 0
382536883 106 0
46678895 128 0
245467153 397 0
524865144 244 0
491609685 328 0
937313839 154 0
861754301 251 0
859522590 278 0
6943158 37 0
697022644 185 0
70912146 415 0
628880401 239 0
206324344 99 0
210875937 112 0
417746843 429 0
425157612 138 0
668644270 153 0
853513771 395 0
48653975 64 0
856736541 7 0
459524194 362 0
204376475 456 0
50675320 230 0
871960938 435 0
88286736 62 0
991128272 221 0
576379364 146 0
842444649 14 0
677113640 115 0
663313466 455 0
500756919 495 0
352503046 169 0
871430031 365 0
123298016 147 0
69690239 481 0
537478657 120 0
623849758 23 0
344211675 12 0
139950591 424 0
122208877 107 0
158409250 121 0
205409753 225 0
373202348 428 0
976026419 289 0
896874970 347 0
721708955 248 0
749613363 42 0
235417741 388 0
267486461 40 0
856332407 269 0
424088561 208 0
202348683 286 0
123710001 92 0
653732822 212 0
181528697 83 0
216510353 260 0
798271125 307 0
710765751 243 0
489085202 236 0
807517911 46 0
151684152 491 0
386447914 87 0
245166647 144 0
354734824 306 0
143953055 73 0
114724822 319 0
388400917 10 0
921711139 135 0
993979715 166 0
707558005 110 0
389630480 363 0
928276797 119 0
888985105 434 0
496266834 350 0
809400638 461 0
440447421 140 0
453235688 377 0
272566738 476 0
975391466 190 0
353893503 246 0
636718878 0 0
411210728 268 0
398002195 479 0
361957426 22 0
85108220 460 0
454932638 348 0
435525354 209 0
189842906 181 0
65711421 317 0
906873747 213 0
994261336 464 0
928216398 247 0
175080083 343 0
445236344 285 0
270676341 132 0
305989563 284 0
823977250 176 0
496148882 188 0
453048850 108 0
158504991 191 0
831108099 11 0
556799547 375 0
200056624 133 0
571821519 258 0
759530179 287 0
206584673 52 0
928789639 214 0
81445617 94 0
959410657 270 0
963317254 265 0
59613184 58 0
811664131 324 0
424595283 114 0
112157630 497 0
549041723 156 0
219733842 442 0
445636354 378 0
895851828 340 0
481615114 151 0
624859012 277 0
77337417 326 0
700663973 478 0
870504436 416 0
713965583 372 0
490359674 6 0
387676771 332 0
386365619 304 0
896128191 386 0
332732505 474 0
676608851 203 0
344732598 281 0
6162228 217 0
704412319 314 0
801569648 207 0
63333024 163 0
678863713 459 0
702378360 413 0
465154118 65 0
167563975 137 0
68635151 276 0
503198981 88 0
354922359 165 0
726830006 338 0
831852376 102 0
650326747 412 0
98074938 54 0
868191659 32 0
882502956 235 0
723687043 63 0
585313495 27 0
734838810 400 0
795083215 162 0
831368184 463 0
849983276 189 0
102266920 267 0
184641625 330 0
526876204 441 0
958622507 66 0
685104944 170 0
134925620 346 0
623612802 126 0
464900185 219 0
822082370 329 0
424757922 228 0
104778325 1 0
357473105 341 0
507807135 402 0
638440757 229 0
959293296 256 0
105481791 226 0
134577982 488 0
190950997 113 0
444858517 148 0
705425254 404 0
208230219 399 0
607583422 431 0
310098167 433 0
646566810 385 0
701419938 334 0
682969855 193 0
636591039 272 0
981097159 194 0
379017048 53 0
115868667 29 0
481767050 61 0
505602664 36 0
295012659 192 0
430660460 57 0
480787945 200 0
341041680 167 0
641626669 384 0
259437659 382 0
840160223 480 0
449623525 368 0
165242869 180 0
395731369 475 0
292787815 125 0
558863135 335 0
18464109 411 0
108125834 242 0
426476524 210 0
410162830 390 0
872992557 89 0
242140933 67 0
53658575 465 0
850099474 252 0
874664447 282 0
355329141 222 0
340697829 293 0
414036000 427 0
410913121 218 0
221490699 224 0
197010422 432 0
863721028 405 0
411414534 55 0
376790345 356 0
379997759 240 0
610161561 357 0
150624853 391 0
875086984 249 0
853835249 33 0
164067923 109 0
663457000 178 0
530788723 48 0
920709296 204 0
445510453 75 0
752889615 173 0
959891338 323 0
121985556 344 0
675553307 374 0
911512907 303 0
187809440 98 0
563903019 206 0
129751666 196 0
50506707 274 0
523749214 130 0
773531125 438 0
666126267 38 0
715409170 245 0
329088446 458 0
676269543 74 0
463659532 205 0
413238310 91 0
119520656 279 0
289306217 316 0
279654542 201 0
1066339 123 0
877015800 79 0
323763288 403 0
643912704 301 0
93176014 320 0
191956206 117 0
334399364 371 0
947342642 134 0
627672227 352 0
232535996 275 0
421177139 376 0
33759115 308 0
417199568 85 0
377163652 294 0
636201117 105 0
771811204 90 0
389460599 257 0
58392248 387 0
319719789 426 0
425698603 414 0
777800304 498 0
386376864 486 0
395331142 15 0
774380705 253 0
310461380 383 0
623953368 131 0
986883900 127 0
686860444 467 0
9903411 342 0
677545678 76 0
241387095 41 0
500481254 469 0
651552943 380 0
984298056 195 0
424918036 309 0
704598236 186 0
961862623 56 0
745239005 168 0
134703075 51 0
444703215 358 0
613206173 453 0
337295991 72 0
899168426 129 0
763100711 164 0
774720888 366 0
524953815 86 0
96786240 20 0
875382427 143 0
25215027 398 0
598770705 331 0
738588915 223 0
925371898 291 0
87707716 4 0
93022731 489 0
685238787 410 0
798013701 202 0
513272150 313 0
919422979 116 0
58877476 44 0
636351250 443 0
290838983 187 0
961155334 462 0
596009216 139 0
764534923 124 0
240258347 69 0
828648570 493 0
898433203 401 0
422519661 111 0
809112775 477 0
872039573 295 0
428665421 43 0
244293578 77 0
896492567 197 0
110106339 302 0
277879380 315 0
59530311 263 0
437625672 407 0
582439108 174 0
487433023 422 0
598756510 45 0
83506622 198 0
564756459 297 0
763456508 241 0
654450205 473 0
913947792 499 0
479341792 283 0
233432682 35 0
899431974 149 0
634542855 19 0
408611711 393 0
944995808 145 0
420935853 122 0
244862755 364 0
896153463 392 0
526856613 237 0
873311421 273 0
777104918 457 0
682967244 336 0
848349557 421 0
354963187 234 0
193112262 152 0
140185686 440 0
828301314 95 0
511773697 232 0
84181071 449 0
884125248 310 0
309149553 259 0
53459245 215 0
18867327 420 0
489802377 369 0
128952281 485 0
742357199 177 0
678391385 3 0
921638790 322 0
996651464 484 0
807521494 155 0
939692691 451 0
142698590 93 0
182527165 211 0
834910020 233 0
434101783 311 0
236051853 25 0
689407919 28 0
74260654 60 0
383257221 262 0
754152290 227 0
201281924 71 0
337145021 299 0
882496688 150 0
121007744 327 0
463795611 290 0
692780719 466 0
769816861 264 0
493114465 141 0
216578627 418 0
729629142 408 0
614361223 250 0
229827022 381 0
913264961 97 0
858841112 118 0
153019997 360 0
515919720 437 0
285014094 425 0
319848557 80 0
545408322 13 0
526560291 292 0
892137879 492 0
554833253 417 0
501869965 17 0
852647365 296 0
160598588 78 0
259867551 445 0
50403271 379 0
587189100 490 0
847244497 351 0
891314259 82 0
240717615 26 0
156685829 354 0
40618463 142 0
880623049 452 0
381248057 136 0
391982293 423 0
354204772 9 0
268850656 49 0
711120650 172 0
970867700 184 0
943913551 231 0
151438472 396 0
477706750 454 0
742357199 646566810 204376475
627672227 564756459 81445617
83668533 233432682 961155334
201281924 623953368 242140933
856736541 420935853 241387095
831108099 871960938 85108220
68635151 993979715 206324344
530788723 128952281 479341792
235417741 627672227 638203395
487157690 627672227 842444649
410913121 959293296 998896547
874664447 651552943 241387095
395331142 453235688 289306217
341041680 742438161 828648570
623612802 245166647 58392248
68635151 651552943 413454602
424595283 323763288 445636354
395731369 382536883 175080083
413238310 206324344 425698603
895851828 65711421 623612802
