1 25 25 56
176557523 0 20
807518364 0 19
918229978 0 5
861371832 0 22
736272759 0 15
461414250 0 17
190296745 0 23
660820055 0 1
477229741 0 10
150185004 0 21
770836384 0 13
868551137 0 9
376954473 0 11
795115584 0 14
395991765 0 0
686165672 0 3
472406018 0 24
790936590 0 4
772152577 0 7
160523332 0 18
157211575 0 8
125657469 0 2
928170499 0 16
250261520 0 12
88501541 0 6
861371832 918229978 250261520
395991765 125657469 150185004
477229741 472406018 736272759
861371832 795115584 772152577
160523332 686165672 770836384
250261520 795115584 770836384
660820055 176557523 736272759
807518364 157211575 160523332
472406018 477229741 770836384
736272759 686165672 477229741
160523332 176557523 928170499
125657469 125657469 88501541
461414250 157211575 868551137
190296745 376954473 190296745
88501541 160523332 150185004
150185004 395991765 88501541
861371832 250261520 772152577
770836384 250261520 376954473
660820055 395991765 125657469
868551137 660820055 376954473
477229741 477229741 928170499
461414250 918229978 250261520
807518364 736272759 772152577
928170499 150185004 160523332
807518364 160523332 88501541
772152577 125657469 250261520
477229741 772152577 157211575
125657469 660820055 770836384
660820055 790936590 807518364
160523332 376954473 807518364
736272759 861371832 250261520
795115584 770836384 790936590
928170499 88501541 660820055
190296745 461414250 157211575
395991765 790936590 790936590
160523332 160523332 790936590
160523332 157211575 88501541
660820055 395991765 795115584
376954473 807518364 736272759
160523332 395991765 88501541
250261520 660820055 686165672
190296745 686165672 736272759
376954473 861371832 160523332
250261520 807518364 160523332
176557523 807518364 861371832
461414250 795115584 660820055
395991765 395991765 928170499
770836384 250261520 795115584
160523332 861371832 160523332
395991765 376954473 795115584
176557523 157211575 686165672
918229978 150185004 376954473
472406018 772152577 861371832
772152577 477229741 250261520
795115584 660820055 157211575
461414250 472406018 461414250
