100 1 100 44
974166742 78 0
40734888 15 0
675666016 30 0
368162466 99 0
613788405 7 0
116638541 91 0
63733895 14 0
286900584 35 0
934768348 37 0
672185729 54 0
300969929 81 0
371525950 73 0
725285536 55 0
67332602 67 0
271495398 3 0
33981587 98 0
794759753 74 0
45680769 82 0
167095760 4 0
295548459 61 0
236545108 63 0
564639861 97 0
931370030 8 0
92982685 57 0
755544625 95 0
433822023 88 0
547993050 1 0
363810773 86 0
401564870 62 0
260787452 10 0
139804003 2 0
917540244 28 0
30606570 46 0
753878702 66 0
441704588 9 0
5485547 77 0
734340075 75 0
425644811 19 0
240376523 22 0
742810820 17 0
874661897 6 0
341369044 43 0
201681867 51 0
139633497 76 0
696564472 70 0
340430176 45 0
72328170 12 0
46906555 31 0
640374882 5 0
552943382 25 0
848255676 13 0
345828940 33 0
419450467 65 0
59656694 80 0
199739270 24 0
705929285 27 0
708884491 60 0
69529617 41 0
3868612 23 0
393508913 53 0
676602336 71 0
788452876 20 0
295295395 52 0
59060080 64 0
935451737 36 0
770702242 42 0
85377671 47 0
774509493 59 0
508108900 79 0
821667871 11 0
878803335 84 0
225803145 90 0
521516000 21 0
176259301 48 0
167000556 85 0
263192261 56 0
598310436 92 0
794465259 34 0
898056630 94 0
978050844 68 0
242255991 38 0
189782073 96 0
99012119 0 0
720751759 58 0
907709589 87 0
900986477 50 0
475730933 29 0
613891062 83 0
691433776 44 0
86553913 49 0
238256748 89 0
843632510 69 0
792261229 18 0
831055842 39 0
670265674 26 0
895083302 16 0
193332323 32 0
518538947 40 0
857600402 93 0
990687041 72 0
199739270 475730933 167000556
792261229 300969929 675666016
92982685 225803145 92982685
263192261 598310436 974166742
201681867 238256748 86553913
742810820 613788405 63733895
978050844 295548459 676602336
725285536 85377671 363810773
59060080 670265674 260787452
990687041 225803145 878803335
340430176 433822023 86553913
774509493 552943382 990687041
934768348 393508913 238256748
425644811 670265674 341369044
672185729 821667871 676602336
116638541 990687041 167095760
720751759 201681867 263192261
857600402 705929285 900986477
85377671 201681867 193332323
725285536 240376523 99012119
5485547 167095760 300969929
670265674 286900584 340430176
139804003 978050844 917540244
564639861 770702242 898056630
46906555 734340075 676602336
189782073 46906555 199739270
363810773 236545108 340430176
931370030 419450467 878803335
613788405 99012119 59656694
878803335 5485547 907709589
788452876 86553913 831055842
40734888 5485547 139804003
86553913 263192261 725285536
794465259 295548459 167000556
236545108 30606570 45680769
821667871 742810820 874661897
978050844 640374882 931370030
774509493 770702242 734340075
691433776 240376523 848255676
300969929 263192261 898056630
271495398 425644811 521516000
345828940 345828940 85377671
236545108 167095760 720751759
425644811 508108900 935451737
