1 36 36 33
721850594 0 33
156316119 0 4
425224339 0 30
156883348 0 31
462067927 0 9
615613197 0 27
596620738 0 20
33271740 0 3
676201813 0 21
43074733 0 28
292176347 0 34
674462600 0 12
773727382 0 8
104890318 0 7
889882267 0 22
455523937 0 23
470501882 0 26
894747466 0 11
208381729 0 29
100641718 0 25
68312193 0 16
967209026 0 24
326213233 0 32
494905208 0 5
792205139 0 6
906581144 0 13
576052212 0 14
894118042 0 15
154864696 0 0
160999283 0 1
456613878 0 35
120282007 0 10
849713185 0 19
19115967 0 18
957116455 0 17
877883627 0 2
676201813 425224339 455523937
894747466 470501882 721850594
792205139 100641718 894747466
721850594 100641718 792205139
160999283 19115967 100641718
596620738 156316119 455523937
43074733 967209026 877883627
674462600 967209026 957116455
156883348 494905208 33271740
470501882 68312193 470501882
154864696 326213233 494905208
721850594 68312193 674462600
906581144 792205139 100641718
674462600 615613197 894747466
849713185 68312193 462067927
906581144 792205139 33271740
455523937 615613197 462067927
43074733 576052212 894747466
326213233 425224339 494905208
43074733 967209026 957116455
676201813 957116455 615613197
208381729 100641718 156316119
792205139 494905208 877883627
957116455 721850594 894747466
33271740 676201813 120282007
326213233 120282007 104890318
425224339 326213233 676201813
894118042 792205139 33271740
957116455 894118042 120282007
43074733 894118042 156316119
877883627 156316119 156883348
615613197 455523937 957116455
326213233 894747466 576052212
