81 1 81 29
902146632 59 0
227611688 25 0
991206159 39 0
127133872 55 0
527629461 5 0
517715042 3 0
173967439 49 0
622170213 47 0
72754558 72 0
177230117 71 0
835035061 37 0
959731833 18 0
825819544 38 0
454154759 52 0
964617189 34 0
28959719 80 0
353782968 20 0
187593606 8 0
345319178 74 0
539254988 23 0
587900026 40 0
759417729 61 0
147332944 4 0
533770988 46 0
849445566 12 0
710415805 60 0
577186152 36 0
872484908 77 0
70698021 63 0
400258657 64 0
766915847 26 0
828337430 53 0
9210008 32 0
840903802 16 0
741874534 21 0
840499032 33 0
589686210 19 0
929277048 31 0
386792899 14 0
225934405 73 0
274879377 78 0
897628847 70 0
780176351 17 0
743880530 11 0
298349753 43 0
64946647 58 0
944555647 1 0
282432666 50 0
745942320 75 0
941739917 10 0
731790316 68 0
217344347 62 0
615571123 69 0
246656208 15 0
61502578 6 0
572382327 79 0
380335424 66 0
30032516 0 0
242446052 57 0
953758452 2 0
540180890 44 0
495734770 30 0
356400406 24 0
779180668 9 0
837076937 41 0
658972998 76 0
23102562 48 0
348195294 22 0
435692951 28 0
747741200 42 0
483272740 13 0
265826187 56 0
831360275 35 0
149269956 45 0
229167166 51 0
707200538 67 0
900411666 7 0
177404474 27 0
901430165 65 0
24989892 29 0
88365481 54 0
897628847 587900026 658972998
944555647 849445566 743880530
345319178 707200538 72754558
780176351 745942320 173967439
356400406 229167166 400258657
731790316 747741200 282432666
759417729 147332944 177404474
9210008 849445566 849445566
70698021 72754558 187593606
540180890 356400406 28959719
64946647 539254988 227611688
149269956 274879377 282432666
127133872 622170213 265826187
540180890 901430165 577186152
835035061 400258657 24989892
849445566 356400406 217344347
187593606 265826187 825819544
587900026 345319178 840903802
495734770 9210008 766915847
707200538 840499032 849445566
483272740 743880530 835035061
386792899 454154759 902146632
707200538 147332944 587900026
386792899 658972998 28959719
766915847 533770988 265826187
70698021 710415805 274879377
348195294 710415805 229167166
747741200 840903802 779180668
30032516 70698021 348195294
