100 3653
3 50 730066958
63 70 802533739
42 63 655041348
12 44 335516572
75 82 232992291
11 30 416372802
50 57 979768268
12 36 754381332
45 72 992310380
4 89 772359261
76 78 251955481
44 90 527568113
13 18 276154080
20 78 572033375
2 84 685545246
30 47 999761251
3 30 701807374
13 88 392596126
40 89 464995491
27 71 927871880
38 84 545632920
7 9 314778021
70 94 902950340
23 72 534152950
10 61 796639666
1 89 933941426
51 72 614249073
71 72 637535541
20 86 867491751
49 69 180233016
73 75 738154220
21 43 214390850
26 61 601916244
52 87 956040286
33 63 273226317
38 54 179313422
23 67 875853740
18 68 621307263
76 90 759102209
36 50 985000957
34 41 688389682
14 46 595093673
3 31 929392455
44 69 408489320
18 30 268688770
43 56 100176158
31 61 899613618
18 63 885793307
14 92 282894792
34 65 893621205
18 99 560292778
11 19 795769815
70 93 633783111
20 74 19794425
65 97 21370346
34 90 868690385
48 50 425023699
39 67 591843689
14 37 994657539
21 75 95017777
35 87 509489751
46 70 482227511
48 63 238300120
44 96 345489813
45 80 792965969
72 100 406736425
15 20 746767392
86 88 300201867
50 72 810036561
21 62 872254267
5 15 168462568
4 19 968537370
22 83 642974333
4 47 239306267
54 85 574912782
50 75 74604090
20 90 820752912
2 32 681052588
76 92 422264263
10 48 690144599
16 43 657348823
11 79 531075716
18 96 365749530
16 51 23966162
17 76 940925362
2 30 115291501
47 83 864168034
10 67 936239232
45 83 769092121
44 46 646618599
61 66 329036495
30 84 642016297
12 13 435995284
85 94 926910629
16 46 63401958
6 9 822590986
68 89 239258946
8 37 396451340
25 37 262451197
58 72 349146196
42 98 171600979
17 46 142703287
58 59 611538624
85 95 649241258
62 93 336913550
3 40 730499061
8 84 190924719
28 61 195370151
15 70 91352524
24 94 649009737
22 57 878218397
68 91 105203798
17 38 987477371
7 83 952042985
11 13 950397490
13 73 85246648
1 78 850414364
50 59 245246785
70 85 161285226
16 29 689663042
34 44 831265476
72 77 575490925
37 75 68019989
22 35 973533020
10 52 621080991
56 65 850445506
33 57 601032277
45 91 905254115
31 59 827529321
13 100 777118021
53 72 991686946
14 81 526502567
71 84 610188275
28 98 929033522
24 43 111918537
46 82 425646062
55 90 414031780
24 47 225594743
25 59 725074537
67 92 513925615
50 80 605806581
78 98 676934710
3 71 254617973
14 57 699002456
47 77 434912500
23 33 813927239
3 63 990627381
86 96 405823945
57 71 976185538
38 89 642852019
78 97 11932996
1 65 495671383
29 62 710064149
50 78 444152634
8 88 788995859
13 41 129588746
10 53 61469879
53 99 50689230
33 79 144049253
6 59 778213215
83 88 813728773
25 34 374095638
51 88 606912721
45 90 54518726
15 46 816209776
81 96 566111724
3 100 504879428
19 63 761237540
31 41 603797247
9 33 523675615
65 67 771107964
81 84 818593107
20 75 411214284
75 98 626739890
21 66 905482126
60 82 908903582
45 56 194544258
69 78 293753307
35 77 386764384
19 82 620444742
12 80 877210598
33 97 11191557
93 98 261522991
48 68 720635391
17 18 446708555
53 66 273030798
32 92 93271563
24 60 443998579
43 97 463325468
38 83 437473802
1 71 626446166
22 41 52906174
1 35 809511766
8 61 366680254
71 82 47160905
26 67 604025584
14 16 637970442
18 90 144606757
26 58 784945775
40 66 257022094
8 60 29955040
36 83 346526319
10 51 761756456
27 84 196413458
1 34 450955407
74 91 928024317
18 48 848118312
16 49 727385190
10 54 986721638
10 78 861420262
74 76 580157429
31 95 230030701
25 74 244664263
5 7 713682806
17 41 241968748
50 99 723456123
25 30 487261094
25 92 804583082
46 86 583074108
6 40 817621719
27 35 368346126
43 83 744645556
68 84 706001513
12 77 467568192
32 85 215824796
3 61 429381501
30 59 704233163
45 77 76967269
19 73 47543042
36 42 332168990
12 94 718289036
65 72 965722732
23 40 103688581
13 81 179604070
47 86 17905582
3 36 100165996
15 90 854837632
15 41 293878872
42 59 692263555
26 59 129895154
57 69 883584735
89 91 209610665
48 69 375850035
8 50 406049920
7 11 499775397
30 56 190462278
57 70 684324665
47 76 673082633
12 96 539770470
66 96 191646412
47 99 414927846
9 81 933484407
19 71 34600141
84 92 345152270
34 87 865004765
28 64 276675878
21 98 809870360
94 95 210343059
67 95 228048789
36 54 133127782
62 89 772511127
1 69 840896534
13 91 25479899
11 96 940690172
54 99 621638448
2 98 426939140
32 51 517240141
23 26 172254881
13 90 913188318
23 95 195063809
19 36 506848223
26 60 784735618
9 92 470147117
63 79 221976419
63 71 988803162
5 35 411936446
60 81 136762048
24 31 96992693
80 95 517833176
16 42 411219180
6 35 640523980
26 81 11498038
14 87 567721802
69 71 155228306
52 77 61557402
21 84 917893464
89 90 483249650
12 99 443952815
62 75 552610313
10 68 162588993
22 89 432915433
13 24 427915570
29 56 33153289
80 92 587783757
59 74 902890650
18 79 778788736
14 59 148963361
10 55 723928970
23 48 743961413
49 53 476535538
19 62 361863913
68 85 74751290
38 69 520447357
55 64 597522260
33 76 215373457
59 60 422186325
17 28 646913963
41 59 198972776
31 60 446324825
42 100 516478980
4 36 142921096
10 63 469294433
54 98 116633111
74 75 866219559
60 89 899543719
33 40 186324840
12 88 738229428
17 80 43155408
30 78 683575529
74 94 290629659
62 85 776208559
5 27 284272838
77 97 622903046
23 54 718480649
1 31 313385112
84 91 758147331
37 100 856253195
23 24 915010359
6 37 2879894
47 75 65125174
6 91 501734102
7 99 461399966
14 79 362366946
30 76 494596930
38 49 930804892
19 26 260781482
73 97 289473866
12 31 692333757
31 78 151858020
12 30 547805116
36 100 382239151
47 91 438631794
24 99 971430794
8 94 116175785
6 83 632703879
1 51 197306848
18 70 285586237
11 43 443979066
53 89 422054491
12 47 234337720
25 55 9858304
5 78 532681386
92 95 557368138
14 48 367520866
19 55 858471981
7 21 962300203
14 72 492945797
23 61 545465209
2 68 677315949
16 41 60806497
90 98 715557585
3 8 387894091
34 70 753746753
7 56 603174885
19 41 180970504
5 45 762560346
76 94 726408317
37 98 557669315
25 85 278769560
51 95 847626461
44 61 872591559
5 89 872814844
60 93 655131138
22 46 16385343
16 63 437787932
21 35 445934853
12 22 668041820
23 30 188532895
48 80 611716172
31 50 117865286
81 100 385974992
49 94 403227215
53 82 587101049
3 88 935112605
19 46 219323163
24 62 505472342
75 84 946209436
59 80 83139288
27 85 637922063
2 8 349482734
3 75 186404608
55 88 692747070
14 75 2595601
57 64 561004806
79 95 800534981
77 80 957635335
6 68 223949467
42 67 564357312
48 52 746678366
35 38 481921247
2 96 313017531
21 99 339731188
3 13 971443475
38 45 599855207
4 20 835291282
6 25 560167596
45 89 335262592
26 76 714503860
13 82 357226967
64 76 637797286
26 97 300738836
44 87 640434382
32 53 168702802
57 84 86656725
58 71 185389459
28 46 158781491
65 71 523800417
37 78 565293792
17 69 400833429
16 45 418830673
2 94 284184182
30 43 81885346
12 14 829758725
43 96 941587983
29 70 625439126
38 98 732068264
91 92 280329122
2 69 523498565
56 89 636870875
31 53 387310262
20 22 556883329
43 53 761223231
11 74 931525620
37 96 176138819
28 85 621788553
57 58 951040830
15 68 180102816
8 71 215227640
52 94 902452213
11 87 78246903
3 56 189983542
23 37 164613172
20 28 781422806
37 53 504021778
24 84 287116577
6 58 447486603
37 52 839755919
43 68 520126380
14 40 319741788
25 94 475567170
36 43 359614039
29 55 22943189
61 65 72141562
15 24 648827861
4 25 907473082
8 69 755217683
15 42 515624352
47 88 676482674
51 77 896141849
28 29 641181918
20 55 29794825
30 93 60803195
28 99 214867749
21 77 928340769
30 68 679288449
54 66 287871496
6 86 514043752
28 57 120907967
36 94 717273451
80 94 368983907
21 73 118872508
16 52 155674636
46 47 449221052
2 78 81337738
14 100 140406481
89 96 656726864
56 86 350305661
5 100 460593328
24 75 762885548
6 46 767193416
61 84 340263500
49 88 949082300
87 94 789636642
29 84 713040293
87 88 314601947
65 87 447020488
20 26 605000545
75 91 523502474
22 51 96968304
32 58 715225251
64 93 866851432
24 100 893510674
14 39 826786660
26 73 10807120
2 26 935352458
7 65 778212551
69 77 487721892
56 66 980036485
74 86 844651504
29 60 237173292
28 45 672742451
62 92 299731757
44 51 921601555
36 88 729864245
15 64 481256614
71 91 520825062
5 46 5188165
16 68 449682122
50 65 662007206
73 96 963559044
71 88 226808873
14 96 114748488
16 78 934844274
46 72 430068620
73 92 652888631
12 100 780907519
23 79 77743706
58 64 506101690
26 90 911063098
33 60 436165301
50 64 659592005
8 10 438599035
9 86 114062801
72 85 135080737
73 77 690125356
68 81 614440564
62 68 781348081
3 91 124530289
19 97 87917213
35 74 819558905
45 50 755798625
23 87 582083269
16 79 513242169
37 88 30208406
1 66 110387260
30 48 986587057
41 89 601161013
72 76 407691658
52 65 402127987
79 82 132967615
36 92 251184349
71 73 143652679
72 98 794676041
11 16 766007787
64 78 492370445
55 75 217396212
38 86 607053781
34 40 721742885
24 85 858047926
55 71 93797099
4 78 920021123
7 35 806638546
26 86 252462943
8 67 253742139
31 58 902716819
5 22 364346700
4 74 196415393
47 96 260450087
75 89 223901081
63 96 806984029
52 67 818897578
69 70 789261988
15 28 480167931
7 37 47591368
77 78 979202747
38 55 168220127
72 83 650769782
6 16 975988160
20 77 544975530
10 20 691410613
35 49 722903706
28 79 143036527
35 91 832695393
52 89 957914682
2 38 636615753
56 61 766374257
35 44 34125149
13 32 336492339
13 40 176624188
23 90 754858326
18 28 708459824
17 89 835078811
88 89 804011390
51 73 171126819
41 68 521710591
5 33 3820578
25 33 654037231
22 84 187150801
5 54 864905476
44 55 958067881
49 81 963668418
5 13 227302605
6 80 327420685
75 94 86727879
59 83 565523967
44 88 387452535
32 54 547923195
26 42 572806471
47 98 637934850
11 90 310487459
48 51 31269956
45 76 571874216
20 53 414074874
13 51 2669851
20 54 13841266
74 84 964813468
6 65 698244715
68 99 775833626
52 91 134883490
64 87 963534985
58 76 618500780
21 90 41882322
38 97 715869702
16 91 216401931
13 44 240958570
69 99 717013735
39 56 429324899
23 47 765315696
29 86 230301475
41 42 973234163
1 18 832981396
2 23 462882362
1 41 659988652
7 64 707818496
57 88 720910597
28 53 88851873
13 72 512995756
4 59 611529233
55 62 306188856
9 22 303940366
12 29 469675038
26 48 687330457
3 90 369127748
19 80 678261153
18 49 423513043
21 78 609908225
59 65 419840849
25 68 280037805
9 98 246103790
5 20 68534055
35 71 762048285
68 93 270255926
54 61 667976806
54 97 597944794
14 58 476468602
22 47 874188922
68 73 721463431
47 54 256282463
1 73 530157005
1 32 922471525
3 59 783051633
11 62 445407983
18 57 385547409
51 75 845912859
6 42 702748568
11 60 330894390
60 99 881295826
70 81 939201650
7 33 844387906
9 35 38434774
17 23 172702131
72 91 492662389
34 53 691245068
60 79 311103970
6 44 98650856
35 51 873989602
15 67 508520294
27 70 841533027
47 50 509894972
5 39 983024813
33 75 969890066
15 26 184058839
78 91 552583693
35 37 354603131
60 77 829466793
27 60 90157484
38 43 844095691
66 87 664899880
75 93 425424662
66 93 275489482
1 37 76582269
44 57 988683073
57 60 57447192
26 54 146095110
2 25 145138491
3 57 578809995
14 29 131867588
57 67 362878128
18 59 669774517
40 76 988914298
53 64 538886914
63 98 914897670
31 85 562210986
63 64 983763131
46 84 872736779
38 39 240317630
77 92 54199410
36 71 810385834
31 68 983251953
37 90 882668416
10 89 233850485
86 95 506918620
50 54 863530519
9 14 626900842
81 91 219490994
55 67 586606487
24 76 107426997
53 96 472526219
14 15 629764921
65 81 853481813
2 5 161657173
20 41 782655592
33 34 815526577
30 54 32263237
20 100 285665113
7 51 896340089
53 74 6229203
15 57 83348426
47 100 99134067
54 86 299624621
58 100 594365676
34 64 523254522
11 35 324543274
46 51 657930978
91 96 811909727
10 29 487328032
20 80 263521116
8 72 126594158
31 82 165183777
35 78 792508474
14 99 686678710
88 95 220745881
65 90 496944700
20 34 756156283
40 63 973700926
90 96 253512992
40 79 881462860
60 92 961156042
19 75 837310922
10 14 521096372
2 59 544944645
68 87 428698178
16 95 182755462
25 80 492807033
37 92 911753899
15 87 321861808
33 72 172184434
16 26 922194311
44 64 130413720
63 88 161302552
41 99 631921378
13 14 294350701
14 60 119228345
65 98 443252017
61 68 406932476
14 25 784226985
27 65 240569873
9 84 398276324
41 50 235456829
1 90 115034161
29 41 239399990
21 60 31824592
69 80 185263861
24 46 84179181
15 89 851733455
67 82 956199881
50 94 344164294
4 93 841621562
80 89 719137308
7 49 501107285
2 58 60651305
54 100 403475048
40 90 52333678
29 47 255426862
19 57 204546025
27 100 744775485
59 72 941950122
28 59 227687875
8 75 225871525
45 46 619237489
50 96 510432202
52 79 160100022
34 100 140213330
53 54 123322928
27 67 68877916
60 69 636421215
21 26 934481079
24 48 223122843
65 70 149812481
26 51 418842439
29 49 952395504
40 99 573749575
28 54 842768623
17 48 168245934
5 63 755988460
41 97 802092476
63 73 849243760
37 89 135998727
28 72 920058095
9 34 201891319
14 55 312283489
4 14 5061750
45 78 772106257
31 48 87447016
58 79 303115700
29 53 341168985
6 48 81751740
15 65 547540213
48 56 116877806
24 87 326702268
5 31 870906929
48 72 173381237
56 97 96399273
11 54 940798691
12 18 711508996
36 98 329289270
8 96 666638867
13 45 574045636
7 34 831681692
27 31 875712760
75 83 184231534
23 73 775510922
46 93 747112884
54 84 554655984
40 93 3723406
79 99 161560340
36 38 847844573
41 90 501811270
21 89 679068510
36 39 886724211
8 80 412398586
71 97 347717527
42 73 438267227
64 97 303741807
26 43 659417538
90 93 737540211
42 95 387256599
22 75 353223171
70 80 786774081
16 48 410549728
57 85 725308343
29 31 613870301
24 53 678835543
3 16 245556437
4 84 768389494
59 71 544802783
60 67 646467895
76 97 35917504
17 72 52452896
19 31 881348769
9 96 680509674
36 41 101657601
51 76 851804567
56 77 393774828
28 62 887217354
20 49 347036780
1 60 368335442
4 82 969236288
49 92 656301319
40 62 580676043
2 11 850750425
26 52 285929807
1 56 406338085
51 70 485767770
48 90 834365258
10 100 9277568
55 85 554426748
95 96 642779977
13 85 306910167
23 82 323879533
92 96 980803511
50 95 566033214
29 93 110917446
31 46 997837669
39 87 994112854
30 63 902547152
46 58 497929840
14 64 432706283
25 60 409139500
5 8 417826573
72 73 719346626
4 77 95065652
27 93 78182625
34 45 579289589
22 37 143719359
44 71 189498541
32 72 766186864
45 95 469524220
3 83 603709307
1 21 927753844
67 86 159669674
15 32 171830668
43 62 130350370
23 70 995555034
26 57 487497906
66 74 57738113
4 97 434915951
16 65 376579303
48 53 738867328
66 89 747934635
40 77 211652405
45 58 724389846
1 27 233342046
27 97 349473871
56 58 562434010
7 23 686027156
18 24 497273709
12 98 17254823
20 64 596857815
2 83 129301829
51 60 532890913
5 66 919065181
10 23 543733817
81 88 739195328
53 67 408616897
69 94 653222932
59 64 640819235
91 95 152678926
49 98 825045736
42 55 627703775
24 92 132497738
32 94 214388718
43 44 657417223
11 69 801043144
8 81 955483767
30 60 1078356
36 51 378845408
40 51 999636043
38 77 844691465
15 38 127052262
81 85 935607308
16 69 626458840
39 79 626184304
10 74 779678078
30 100 181741943
57 83 56156756
73 95 395089587
4 21 536596651
11 58 243556575
51 57 633698456
86 94 632667371
49 74 137949743
1 30 380223064
25 84 298014705
93 94 467142342
4 73 696607874
17 67 805184714
6 50 687989662
36 89 742946309
14 47 234767950
7 26 262539889
83 96 76377686
87 92 238317822
16 40 520497905
24 96 842684253
46 52 103159487
43 100 942241562
16 27 664332030
29 45 611772400
34 93 482544120
10 31 984607576
60 72 359677116
52 95 753640291
44 48 397703696
82 89 30241481
20 69 536285349
2 86 945660480
25 81 37218956
43 95 600026898
59 61 402865640
31 35 192933609
12 82 206991589
10 45 17523437
34 58 156826856
38 64 315045904
4 32 411701512
33 74 903443112
18 74 709925307
77 89 531687229
1 80 490965460
82 90 124581028
58 80 497823916
60 85 882385740
56 72 577788319
39 66 824366551
11 42 657021626
15 71 69732076
7 68 904052914
11 100 349934666
28 100 747078167
74 99 79062817
22 49 694053832
35 96 327368092
66 91 265651881
46 96 455157186
63 99 848096915
78 83 357163390
28 34 122853516
7 84 43464699
75 99 636031543
3 35 760943157
2 90 680205453
55 70 478312141
21 58 739652557
8 65 233638172
26 50 816438961
54 80 820726665
7 46 369772770
37 61 228038431
84 98 583803564
18 23 335595097
14 76 296610293
13 20 460729152
44 59 535416427
56 74 343671991
27 79 622557436
54 83 927396117
17 73 747794571
15 54 521975284
57 92 686412255
62 67 768503112
77 96 636161247
1 8 760198066
16 98 748354300
44 100 186448918
55 99 228998381
71 77 919675498
64 95 504121250
51 74 79384529
37 72 303450738
38 61 891039208
62 91 174289558
16 96 124108126
13 79 186173402
51 87 578838986
73 99 655817873
42 84 752516792
15 39 281834184
70 97 302082564
19 98 573993151
4 27 972083051
80 84 475199124
7 81 954663774
27 53 609116481
28 69 761437977
49 87 88195272
51 55 707116020
10 39 594004908
56 75 353699833
13 67 725087651
30 64 485455285
41 74 482165128
35 54 773673811
3 92 874172054
32 89 484938982
54 69 311897811
21 49 441641989
49 56 180846793
66 97 421655196
44 78 755000955
6 77 650651393
5 75 612412823
62 80 981525829
70 89 408419559
14 66 760266700
14 21 586279693
43 74 545925408
17 86 807391343
32 87 960228609
14 41 590594159
72 74 371247808
62 97 18063839
51 100 45325004
42 65 866073780
4 100 528919949
42 60 271002361
28 41 817779056
3 11 519022341
8 85 166327362
15 47 153894127
2 13 866487746
39 86 243014978
58 87 704273264
69 90 913137901
13 34 822858667
6 19 711199869
82 93 3306490
77 95 533070477
27 77 679802537
49 63 560843132
11 14 310204823
10 75 198052960
46 85 576450638
31 62 237900091
42 91 500735828
33 41 585578604
2 87 48622272
10 82 399763816
52 74 449811471
9 26 868283049
6 8 116435768
35 69 659087590
45 53 542099709
72 80 266248067
41 70 120739971
93 96 578275914
38 60 502279204
2 62 46944347
92 98 427291524
89 93 3412065
45 97 809197282
4 28 831879174
37 67 862542768
55 61 393615016
67 73 911373412
20 65 743322444
53 71 526473104
70 95 975652818
64 98 623521328
4 13 694971242
11 36 453088066
26 95 340315206
14 45 195256476
38 52 793005713
32 59 92447481
58 77 561666207
28 78 552078676
5 91 94994021
79 93 438330745
43 92 845970986
62 86 85565400
36 66 636144766
40 85 880143003
28 33 875645803
24 79 236221435
44 49 178318570
5 38 63467471
26 39 531112088
93 99 296361061
32 100 617055401
5 92 453112981
49 89 535852060
6 53 548613394
4 87 105738800
22 27 279692035
46 63 104750870
23 81 293048786
29 58 225047527
27 75 144312898
15 96 260246487
35 47 898145479
9 59 53197995
14 97 156370705
58 67 605247080
10 76 253357801
25 87 422483532
69 86 848949313
41 76 112524034
42 46 145888389
35 59 949090832
10 57 74695479
2 88 203841683
6 62 549809082
43 91 656186158
8 23 587794541
21 33 372276544
5 18 119096059
9 24 723376980
53 98 908392432
57 90 812580573
8 64 980404112
19 84 399332130
56 81 166914531
22 76 777961847
28 89 168272404
67 83 630466221
8 93 57442555
18 54 790801355
64 96 214656760
9 90 384898045
9 41 475427074
25 89 68209612
60 84 346374911
49 66 409679759
50 55 864866645
10 25 398069536
19 90 928466368
30 88 254814419
19 52 274794854
75 97 966915492
31 83 315279400
49 85 534866607
5 80 654052154
14 88 723678180
25 32 722546421
11 63 542492154
57 75 870021099
68 69 847416740
10 13 583918395
54 72 164574722
47 65 765424167
55 60 509245530
9 37 609443555
50 91 564640519
21 95 955824815
40 87 667417520
50 70 895162663
94 97 639696573
69 79 880533721
64 69 110918663
33 35 695669016
54 95 922163406
20 27 710333199
65 68 788658415
41 84 715052568
22 32 564498262
3 73 81387342
40 97 606145968
53 65 842739296
48 75 481370981
60 66 272361896
12 79 585772997
58 85 689382267
29 71 289951105
4 69 944522434
50 60 547948892
62 94 688120521
26 91 77294625
31 67 564860503
35 72 818064343
20 59 828973053
36 99 83546675
17 56 897113011
21 38 175485517
3 5 66564000
6 27 118866326
29 88 675909176
18 47 619823625
14 71 974440332
62 64 840046497
22 45 384388572
39 92 105100042
79 90 509301105
33 99 642993563
52 66 255500201
20 88 369472130
82 83 56799571
91 97 805367104
18 64 934326332
9 66 228691288
45 54 622969866
48 89 808652098
15 85 349753927
2 24 921628326
31 94 20771264
63 85 554016198
13 49 117241616
43 51 246128187
43 79 26628727
74 88 17670371
9 94 738544879
59 100 607337241
6 49 402317441
48 92 508779815
9 39 198800852
43 87 746833400
28 36 954860294
30 80 437039121
17 36 360599998
29 95 131612610
56 83 615826049
12 75 640203928
1 50 653407045
43 90 202223637
39 51 244484419
76 87 638751650
25 57 531336721
36 52 712644
41 45 229643247
67 97 664964750
32 80 739903328
30 33 399937878
62 98 104838140
32 93 819584427
35 100 671646340
8 44 244929925
19 56 167259191
32 46 995057342
8 55 176115043
85 91 921395137
33 56 976063806
49 90 799810432
11 51 78695670
48 73 915673259
13 89 77583365
1 14 757165086
1 59 300338634
16 32 828736666
17 85 613534293
62 71 586223031
24 39 726931586
5 52 534193689
1 96 685085512
81 83 892511970
16 75 616830546
13 39 345576039
41 46 703475663
6 89 21162533
27 40 46452102
4 6 678427125
80 87 476210988
5 67 998841983
64 90 239933945
42 81 521374444
27 63 570919288
30 55 337568223
30 98 752787870
25 79 680799141
25 70 924836382
42 50 159810986
33 95 465015035
50 92 630994222
9 61 752348766
29 46 429183801
10 81 601448873
65 91 940675532
23 80 503214027
54 63 715121752
24 72 167360213
53 92 141086067
44 67 681749709
39 42 529409481
35 61 620635586
24 74 65663568
41 94 585036064
75 87 111514559
65 88 476238917
28 49 481749824
3 7 414564435
5 50 90121315
25 77 169418568
81 90 693135446
63 90 643454027
39 53 479419987
39 91 389132103
4 56 569335129
1 84 564450749
85 99 961622814
45 79 157527254
5 81 930793539
12 93 904911543
7 17 726192073
29 37 6540056
6 94 371810755
26 37 383372055
7 47 216439117
19 59 218494025
30 40 555703740
13 83 370220306
2 61 391207190
78 90 452778038
54 77 505983428
8 70 138829743
78 96 513798021
42 88 566677696
23 66 144093606
23 63 316422474
22 30 944673904
21 59 966734941
42 47 55566304
27 59 715133458
37 43 639194525
25 93 994543255
6 96 388565030
23 45 375876746
14 67 518129482
8 48 577816715
84 97 823198173
9 17 556987915
89 100 159565992
30 74 7420266
86 90 144413345
9 10 706519873
7 95 398386779
44 77 353886971
50 53 486555839
53 57 476745386
8 22 947472636
32 63 714178583
50 86 926263227
21 96 50873627
11 50 173140375
3 17 767825708
59 87 122945228
34 77 293240378
46 83 623883309
29 54 769023675
39 72 30681435
36 77 219724548
7 89 567772723
19 40 235176923
32 67 398937992
2 57 813630537
13 48 258108690
46 88 628249779
26 75 899916453
53 94 576000811
1 5 833836709
29 79 784090371
2 60 837337528
60 63 682337187
55 89 34862014
40 83 792841884
28 86 186497533
52 75 569392892
24 29 434675360
20 63 131186659
15 86 778615650
2 3 500055638
11 27 908272006
1 24 593338450
30 61 818757386
40 92 55404324
78 79 148709147
32 42 398429943
3 6 482242507
16 33 692626862
15 62 204999937
4 37 871790324
37 55 382942384
11 65 910390672
21 41 923041866
55 56 415912445
24 51 646400887
7 82 908780089
15 93 392992258
74 80 549268701
37 97 372371731
21 44 347816301
14 50 736227235
66 73 162309617
38 100 624576043
68 71 889592260
29 76 414663070
1 43 494628779
42 48 412326810
15 48 14977833
21 31 741088729
23 77 20056336
44 92 539803373
12 35 114456411
68 70 586172972
3 70 722764859
9 38 950529256
4 71 125949039
42 85 603534051
27 42 971255512
35 90 463247873
19 91 802766668
21 81 107266367
9 15 533883049
18 26 96223971
55 83 625643053
4 15 941605877
12 17 763308037
35 64 818465517
51 98 985207587
8 98 739861421
23 76 790465108
44 58 970226353
76 100 711542929
24 97 154005380
30 51 154593428
2 73 737209973
24 28 581551022
62 74 310258570
80 98 124825047
78 99 146521269
11 80 265411334
40 80 380536645
32 47 543069123
17 61 583249055
48 87 68068089
57 87 43897389
13 60 454420240
24 61 120251029
7 62 489279035
53 88 211814446
22 50 91130382
31 98 518641839
16 31 483439698
32 61 367945769
64 99 85592860
12 69 118725942
1 72 780390940
75 88 291711090
6 7 617966386
42 87 47179562
23 38 587975750
6 15 448579923
3 14 514162264
51 86 50208445
24 70 972209621
7 90 531426184
19 72 504421933
12 67 987057110
65 85 572819617
46 57 340754114
34 73 785059937
68 78 302375056
45 61 44826069
54 76 766499364
23 55 542331194
2 66 596863928
69 74 545519729
16 36 191162569
52 99 171388947
4 44 61421906
16 30 35100616
15 100 245150268
95 98 125201369
47 82 924009236
44 53 871351298
32 70 781102334
2 80 657017229
2 55 247825641
61 67 513487003
40 42 689155843
1 7 165341892
49 78 169579375
6 10 658879202
17 63 262047797
71 90 619097642
59 99 144384634
62 88 770053243
4 29 353925872
34 83 537469946
61 87 985367439
76 98 383554014
53 59 999475844
33 100 266039432
57 93 485952617
10 50 612359894
21 28 546069943
62 77 217248439
52 61 836961144
32 69 597056770
19 69 933660992
17 19 186034819
39 59 663754845
3 33 228627031
43 48 646683725
85 92 256449913
38 41 400730736
24 90 780687260
19 93 459726078
37 48 370364730
22 69 739002682
20 97 993862380
25 41 327337703
24 49 374844412
62 81 358180091
38 57 5469240
63 66 765350290
19 21 194623240
2 10 129579301
53 77 408427971
43 55 854240507
26 84 296329021
7 42 993032414
48 100 457267364
41 92 271694354
7 55 236085132
42 56 905252739
44 60 133815111
14 35 825278268
18 25 862806906
44 97 858400
89 94 506777580
60 68 524503763
47 90 237131169
15 18 956835576
10 47 974329639
36 85 40469921
22 38 158774831
44 76 825352707
65 79 177477726
18 85 150204777
52 81 218597733
63 91 637871979
38 56 776369742
33 64 992751455
3 74 525245977
26 82 484849934
83 93 447378823
30 92 569248426
17 88 458780212
40 75 610689023
6 95 769523947
43 86 156590825
67 79 836404021
26 74 331221765
6 30 699830835
53 58 445774507
33 66 821043885
14 28 659311899
6 41 990052970
39 69 375720437
36 95 378276033
39 62 670720494
68 97 656794736
17 39 403169985
47 89 22254763
55 96 650577506
22 82 467638648
9 57 871895929
55 63 168618809
16 58 63093006
40 91 39925642
1 42 770347904
2 29 567767373
90 100 814236859
52 83 828014082
7 36 53338537
18 69 778020955
38 85 5597416
84 90 855699983
19 23 270385854
15 92 457758446
24 80 758983241
27 94 627213621
31 77 18952186
51 69 764675363
28 68 454876484
41 44 207381451
30 44 211761039
13 42 632539435
20 39 247847026
17 79 103463806
13 36 285011234
67 71 34108878
56 68 871612708
11 53 977430988
15 50 702718538
9 83 753661667
26 89 684714460
45 70 154210442
30 79 654779156
38 58 230917593
27 66 17367247
22 98 831264351
45 75 847375490
56 79 255308338
31 97 283577962
5 25 709951814
23 51 310650119
49 95 277624322
53 56 284662730
71 94 78769424
27 45 18618636
2 81 818076788
24 98 966285122
33 89 437128160
50 52 841672047
49 91 550658629
27 87 630580441
75 76 9292973
42 71 526755327
15 58 393071175
28 55 849814729
29 66 851359171
33 54 109186561
34 51 986670560
11 82 654542338
50 85 463692610
48 98 48067246
98 99 537925512
42 97 168776868
46 48 997718942
84 100 408260018
18 80 671205199
51 96 422624393
21 39 600826397
71 93 967070127
26 94 556666196
21 47 806940089
39 47 812210524
15 77 563068088
43 75 270464591
46 69 839662323
31 79 976408011
63 84 748088534
9 80 200783368
32 68 152083499
72 78 945977388
25 88 955372679
6 64 515902429
7 79 743705862
34 60 682491928
34 71 774372154
42 45 424039232
6 73 143084383
33 39 1958522
30 99 247770580
25 49 914977335
20 45 669575110
18 53 751994897
55 57 822464302
33 62 861017051
11 24 536582140
12 97 147168242
36 53 508897940
82 85 425986265
16 72 224991609
19 64 313183237
10 17 196702791
11 22 315224564
32 96 711358438
18 41 405526915
5 44 126849532
31 32 369100929
11 34 945584547
56 92 226708350
55 79 784335708
66 75 235011305
5 99 939864642
9 44 385666393
21 74 759729794
12 43 394726186
22 74 315554058
48 83 433697612
52 62 888932480
3 64 15658839
62 95 563415413
82 100 873040609
13 55 996143066
30 72 635460115
31 33 310191538
11 97 1511802
48 71 932628744
27 36 381907738
71 81 201787684
59 81 565928648
12 42 791926521
64 83 799778233
20 43 963538144
42 68 892861781
51 81 883379083
35 81 718519121
22 91 255649331
23 29 483189500
48 86 884728340
36 63 262656984
78 86 44740378
55 92 709468523
15 95 984374748
46 56 81251927
30 95 621942473
81 95 251940520
51 94 209939104
37 95 48332653
60 61 217997349
7 48 23768457
15 79 611323665
29 99 720940490
18 82 113586249
31 88 833763898
43 72 55286611
14 33 497963189
10 38 644635397
69 88 15646907
20 82 108360575
17 50 448394375
8 47 376743770
29 89 623734112
66 79 849566241
4 16 265836334
50 77 502239743
33 71 183201615
11 49 167962298
21 46 281434283
48 65 350801375
27 52 880660229
55 100 73307199
47 93 859894676
19 74 370341017
29 30 33075410
66 85 145243544
24 44 24754067
14 30 776600831
90 97 615106392
87 97 936800290
23 52 741122532
10 33 813249431
45 65 105126416
42 76 987106350
1 82 839196123
33 90 77626141
34 98 457292741
35 65 384702847
15 55 711565660
27 90 406627071
80 93 133927190
43 69 83771856
61 98 46471009
53 78 393296352
10 56 300589816
2 93 285035340
28 60 242777720
30 75 430824469
35 40 851872562
37 45 952744724
66 70 534432578
34 86 509675563
56 90 863120096
61 100 330152893
22 33 864947957
54 79 892156255
47 92 543137009
28 83 34119119
11 77 259336667
3 25 329327140
43 89 482586281
26 32 393027143
16 83 319099345
16 38 4144801
7 97 275377183
9 20 52022037
9 54 126109897
14 94 955586352
3 51 802965696
2 42 787474847
86 98 255199560
4 60 485901537
73 80 412219850
7 96 847188796
26 45 405025513
48 74 121231349
18 37 559117522
20 32 302817210
7 88 140565720
11 33 141412451
12 50 130079807
37 68 280690649
58 60 666594903
41 77 684000854
62 84 336088012
52 82 876190670
10 18 935459644
41 72 245603500
20 67 959325962
5 82 530518977
27 95 60178545
23 98 472453497
65 80 649865691
3 62 192983631
7 19 256606835
31 42 764392578
12 74 886558457
36 93 617535752
16 87 587274708
12 26 766200259
4 75 899153005
33 86 26518258
1 4 433048506
17 49 758634473
19 28 15688728
8 57 505708292
39 94 305568861
47 80 800065241
8 53 707863085
17 53 947608236
30 90 767738764
31 45 359522855
4 65 942252469
78 85 552885834
80 86 772152105
34 94 802502560
66 84 290754826
3 45 633595827
20 92 913639848
43 93 85965249
80 90 48374364
83 92 697087150
48 96 773726356
48 93 338032189
51 66 437849135
9 72 514178426
45 49 649726731
11 28 143666810
57 95 51445723
10 65 677945671
44 89 626948157
25 97 248002068
75 86 84170763
8 79 346378936
12 84 298992
28 87 779556697
17 22 563817278
46 99 552288359
13 38 227158271
55 66 36879820
6 26 344881737
59 68 838303073
18 46 636210646
27 49 401201827
19 44 634704596
36 69 538385318
20 21 25601272
21 50 583797065
19 51 336682968
12 89 362998954
26 80 8503674
35 45 322989532
60 64 412166695
40 68 897694679
3 66 49230213
83 86 442021296
33 47 169006308
45 87 506909961
52 63 213308119
25 43 612853194
52 88 474507783
74 90 782847760
10 49 368258883
12 58 177049957
59 63 251410650
60 87 109509682
59 86 904433452
20 29 855514225
50 97 8745598
60 91 943312550
49 86 560610318
3 24 387447311
56 57 954254439
32 90 233098521
10 58 169048310
2 56 553667350
29 100 427404508
4 38 495259437
72 88 387123460
53 95 555381905
62 100 691885944
3 81 621090294
17 64 772632560
26 66 750492735
36 70 705480108
56 64 281303675
2 72 368878211
47 85 192354066
34 61 500687674
16 22 300758587
35 46 528662297
46 80 143567280
52 92 657663675
6 23 390018469
6 13 236128806
65 74 531893493
77 87 473789979
41 63 846243998
76 91 520054446
13 95 413995631
21 36 554277656
33 53 102345471
16 64 353902794
15 22 630337761
10 83 645703110
16 71 433247509
78 82 705166890
29 59 847056577
35 98 880807181
23 60 127101984
20 98 947025038
34 37 629421753
23 43 154213161
21 30 237981396
21 52 679414348
40 54 150798889
2 52 342117930
61 93 781957082
73 74 755674830
28 48 428640675
11 37 49507442
16 39 544392784
35 57 85781264
62 76 84589934
8 68 610114873
9 78 450887237
54 62 62346278
4 96 142415365
47 63 248262412
52 56 298125630
10 98 559502772
28 63 215891093
25 28 554687562
19 78 781676724
32 84 591777908
72 97 572215170
64 79 826422182
17 33 742721684
4 40 442885300
22 66 150647522
41 54 447658664
13 22 843275197
55 81 98460373
10 16 517628160
18 71 507520044
34 85 49751173
17 96 969643469
25 31 639919323
64 82 85057761
67 96 741841717
2 36 276461990
5 51 258343588
24 58 440235978
3 96 396998280
46 62 242090493
11 40 805093956
1 48 686832321
15 56 294607920
41 64 438911108
20 66 284446163
5 56 57003247
63 92 381403985
47 94 300150144
4 67 713475618
46 55 199630678
30 58 115784452
24 45 260212299
37 63 7395634
14 42 45247815
43 82 36771542
10 30 318979027
7 85 229029563
33 96 206175980
60 80 345135430
39 61 264825113
10 42 688491174
10 36 508115903
41 52 490286666
65 94 538791348
34 63 890102675
2 31 737521937
25 64 490668491
45 93 571434571
8 99 597985620
14 18 231175300
35 95 822824996
4 17 2838814
52 60 336983408
55 69 665658513
16 54 608533671
66 81 992432766
24 91 582903201
31 36 905381124
23 59 56519704
31 96 502548817
37 73 405379670
28 50 680803706
21 45 629609776
12 71 115919759
3 43 722594610
10 95 124262890
69 81 377800987
18 65 895883463
20 58 369513867
81 99 615821593
33 77 431910906
20 33 152312987
26 92 460078316
22 72 729619236
74 93 520886626
39 40 853515583
37 59 762450323
33 43 95876602
27 46 350181084
10 72 821453822
48 57 870126324
4 99 777157088
48 76 532908131
38 94 626138037
85 96 417641524
38 51 1885163
33 87 551865577
66 88 918850902
32 52 612430510
18 36 448977033
41 49 545897170
24 36 323175015
72 96 672421490
49 76 519511033
16 73 119682678
63 67 516725120
42 75 996711617
17 51 128608462
33 49 448360099
27 55 728252625
3 94 826662034
70 84 350518384
71 99 481486106
45 98 204049049
37 65 997936401
7 25 336397722
27 43 234152718
43 52 328829872
29 94 267637786
25 78 603044573
68 74 127057832
28 56 587593214
51 78 662680770
7 38 909658908
13 75 734869637
52 85 123448577
98 100 472426447
55 80 871438
17 60 101003830
79 87 636266572
13 71 670376507
19 83 841586368
8 86 253138110
9 18 383827970
34 88 787902389
56 73 406725136
93 100 659383832
19 38 765938527
69 75 906570015
26 70 902128947
22 52 106148527
51 82 419487535
48 62 801016081
22 67 629295663
38 92 181851620
12 23 91261525
41 51 413915733
8 91 457486946
2 35 375033996
3 37 814965830
2 79 649265769
9 23 970285817
42 49 683254127
23 62 609126795
21 91 141472768
88 91 75187578
14 69 948997066
5 86 103234115
25 75 787580289
40 64 686657083
79 100 759156174
75 77 330206878
18 45 71922566
40 65 671824616
24 73 982320415
6 69 328534883
36 48 469015903
36 57 964819201
29 72 538816341
36 86 172306539
18 72 389522829
9 21 958236761
19 42 7421566
53 91 401372963
33 98 432891463
45 73 350496664
15 17 565671834
30 85 28216078
3 65 882182648
9 77 774135994
21 65 946224414
4 51 959479873
9 32 260228542
24 25 910444430
57 86 793780594
62 79 166732262
22 54 305513453
49 51 726453305
15 74 298271603
83 89 913215161
23 88 802755210
40 49 805255600
78 88 40888049
58 74 382285198
38 95 408441297
1 67 151285825
11 21 769826098
32 36 457896393
3 48 522266800
1 28 695194123
29 38 220359534
15 51 904486884
11 61 516053833
41 66 89985409
77 79 183700816
97 99 457910765
20 56 301132660
73 85 6333930
16 62 713115003
5 71 927750149
27 37 884774202
19 88 164592612
63 94 151323139
5 93 563953890
59 93 8815963
1 58 111048669
8 100 942103792
39 77 241723982
81 89 363403209
28 97 463765657
1 68 339509951
45 68 708194725
23 89 918158891
4 61 747494319
2 41 696350432
4 8 524095067
16 55 472342619
5 37 185828364
4 18 401001017
8 56 280853620
33 55 909499624
8 41 98243182
6 32 814248353
6 72 740969226
9 64 482474389
79 86 100646889
12 63 442515558
7 86 614029515
2 85 477777368
3 21 622164582
70 71 545680584
49 62 731270265
58 68 496935772
5 97 412772127
50 69 266579579
34 47 460721512
59 75 778321023
48 82 740374309
46 92 132735273
69 84 578263554
7 73 768958165
31 90 371980762
73 94 73488110
3 26 441949766
38 65 477937571
12 95 608659831
4 43 441976538
55 94 447245893
43 81 560621157
77 88 210020231
45 100 410420595
84 96 428937893
2 97 968189256
17 75 575789930
24 67 268223280
18 93 974257950
6 71 706667952
21 87 690057427
49 61 535554303
14 70 644354815
11 76 55431860
5 70 147388491
15 30 69255872
79 83 874316713
43 77 177421213
73 89 70569388
51 62 329756615
44 54 235332371
39 60 880673387
13 70 413013158
36 87 436854110
64 92 108940357
1 99 953450576
13 59 848235325
57 81 311790912
5 30 590381533
23 35 762328626
43 64 614794313
44 75 293782560
8 40 315488909
54 87 149924141
66 100 61367284
6 81 284000288
56 80 644329370
82 84 902597903
40 81 121405504
23 94 793401690
39 64 17075039
34 96 607779035
10 64 208408447
42 78 539824219
31 71 597042632
54 64 92862279
52 72 953025753
8 19 328230562
25 100 297492696
24 93 478958909
17 70 693197513
72 82 856107302
38 72 793248035
10 46 46399581
32 34 193986464
40 52 469258445
8 38 715989588
7 16 949663610
1 76 31397377
15 43 164784886
39 46 354021289
10 27 695658265
56 91 153721187
25 51 98613232
28 82 16520818
12 32 979559413
8 54 781619859
14 89 445085568
51 67 108072085
42 93 198997886
19 99 523839023
83 98 598673247
19 77 979943181
8 20 115923028
8 82 398874411
75 100 289137594
28 76 112136294
19 60 62535889
48 97 912584528
60 88 202336689
61 89 85872963
15 82 849096061
64 80 386950584
58 78 807142360
7 100 41636057
19 100 704412567
10 90 699880788
27 80 204854456
14 74 821678961
11 70 160283027
52 59 382147430
46 97 110487887
79 96 90113257
67 72 213295510
46 49 165190151
55 86 181991820
26 83 808789812
26 34 472266236
22 55 600073890
54 74 659645140
14 52 276883157
26 88 357568979
38 40 316150903
6 79 792914048
22 44 873348456
66 83 667008349
38 93 86013721
20 31 782384733
9 82 356971546
20 81 705215122
64 88 106621168
6 12 806979882
33 36 200028716
22 86 215022492
47 67 112326072
35 36 171926813
24 63 945965428
2 43 295559001
47 72 838739200
29 36 155502687
9 11 754524379
45 47 936762844
46 64 411296428
6 18 437352843
34 52 135800032
80 99 564722411
73 90 132119924
40 61 629587507
1 13 452175891
32 48 721707139
33 68 519744355
35 89 19348315
55 78 583775643
88 97 121726800
20 42 438916696
30 41 827427324
20 85 350129585
14 17 987831606
14 77 548114056
24 78 353191810
35 48 527415331
20 51 513650123
7 80 542363386
23 49 864950863
19 27 621017810
2 33 478903514
24 41 164003850
33 38 660462134
40 78 712863284
43 65 703658209
56 59 260391398
80 100 25332480
28 93 280930770
6 90 547168147
54 68 219196692
10 35 371883242
42 89 225142475
54 59 186956888
23 44 351745258
43 54 800385317
10 94 335658576
26 49 577601224
19 25 951472149
1 15 370859093
32 64 4001318
51 92 319980340
25 56 45642515
4 72 79089427
17 92 866970407
82 88 965257501
65 95 126646456
14 31 134546027
49 52 644071873
70 82 221409210
46 74 181857453
22 100 911824479
32 82 280860789
17 100 919821943
48 78 968387052
27 91 235274850
72 89 221511769
19 85 558505329
29 81 786314566
22 34 274440157
4 85 260349847
61 91 110879226
61 90 570860509
22 26 937507501
5 96 131816940
60 76 985028379
42 43 690638250
14 53 947422627
27 47 762878249
58 95 600077325
39 78 734263800
4 79 698434819
37 39 219965878
26 79 160650431
3 29 860457447
47 68 598301957
39 68 727781642
23 78 706699348
53 61 7169770
15 29 432423512
28 65 589229108
5 29 626727842
64 73 949027145
26 55 901767322
28 40 803490901
30 70 787020723
28 77 522910880
59 69 140436193
23 84 845260067
24 52 186048583
10 84 400190046
21 63 738052149
2 100 376372072
13 66 616142417
37 62 643860039
37 41 331972627
23 57 262104449
77 85 352131190
96 100 41749747
33 73 771629292
34 78 70147040
3 52 678389649
16 66 400003148
10 59 474273443
48 94 167589771
56 85 88790322
46 54 567438356
25 50 720757523
66 99 525097626
47 57 159520794
26 68 104170077
34 91 970762375
11 84 747296444
37 81 621565632
26 78 897019919
10 40 773294144
67 90 223728563
57 80 211945423
48 95 438842725
22 48 166803187
41 86 448854995
27 89 122893990
39 80 78172784
43 80 619870536
5 41 168811143
52 76 989454294
42 77 554181523
31 92 536440412
61 70 356333773
28 52 135550888
76 84 563923973
41 47 567108672
4 42 16564149
6 67 730086549
14 34 533060178
35 53 260764279
76 81 891193061
34 66 770873803
74 77 729617114
61 64 192318588
18 55 233166104
15 37 276070319
20 62 698247249
36 47 560676922
21 80 852225178
61 80 770196053
25 39 209240637
63 97 911357586
19 34 764382670
18 31 328156682
36 97 336289148
18 20 186619864
6 93 460718504
25 38 760971211
44 93 503175355
17 66 997644374
2 82 507486260
1 61 807601099
77 100 473520383
3 80 541631688
87 93 348218125
6 61 574858225
29 90 223292960
78 95 780115679
74 95 826711526
3 58 390522455
17 47 695733577
4 26 345258430
22 92 831040261
24 50 146648012
45 57 163242362
17 32 813921920
3 78 138357187
40 60 88337491
27 41 319448070
52 64 399657648
19 65 232056589
16 89 173457314
74 82 928012565
4 68 481402063
25 99 724550118
59 76 11922340
22 39 111167011
35 52 164461265
14 19 149195235
60 71 116335352
26 28 661928575
74 85 49724064
48 64 595686829
1 10 543899503
37 91 371155917
52 98 658942616
66 92 60273027
32 39 944248465
83 84 854428293
53 93 340232201
53 100 711817653
9 53 141674009
36 46 297960049
3 20 977443257
16 17 685756714
28 80 988693109
3 10 60756787
32 38 132291167
5 42 549301211
4 83 528312135
2 49 839707325
79 80 785974569
60 70 397526357
1 38 707185638
18 43 569646551
67 78 251810871
34 42 467331387
47 95 191655902
22 73 45787292
22 78 570711325
60 86 950014402
91 93 544629100
2 74 28076797
21 61 32456549
16 80 719340084
90 99 278729730
20 84 885099836
13 84 775208715
1 57 668150638
53 76 590770377
15 78 220873843
50 73 432353023
43 84 226115169
76 93 507233562
16 56 987049227
29 50 355432359
7 22 816477844
4 70 729216772
12 53 41471813
10 70 915516250
8 30 755917472
14 91 886479818
65 86 336598965
77 93 897851622
35 58 665932979
5 14 846683234
11 56 944099265
35 42 259078666
9 27 238221070
46 90 765365238
69 91 215025190
12 66 193055741
25 90 692829319
43 57 729536615
68 76 524114804
20 68 915298789
29 68 343866632
53 90 165428421
61 81 989543053
47 84 768375137
7 41 341830670
32 44 246434264
12 91 750585130
38 50 999311616
71 96 973899050
51 90 535138459
22 71 472203862
73 98 366596296
65 100 970066563
10 93 394415291
1 44 533360880
6 82 907030704
54 71 514493779
2 14 838276380
15 91 760648750
31 49 463568165
76 88 724754022
1 91 979579476
55 82 238853653
43 58 479009161
2 99 556863646
8 42 904065838
50 68 342606850
79 85 65466543
39 65 213102449
25 71 233439529
29 40 745153316
27 39 663724385
33 84 624733033
7 40 497547511
57 89 321258751
69 95 644149978
51 91 199854243
49 50 251448062
72 75 537716202
38 71 324340044
47 60 681461073
25 27 703722458
44 45 240854418
35 97 528463452
41 96 421433912
61 77 372522201
40 58 984021365
45 63 237926305
21 25 962413363
20 71 772422269
36 56 629760360
32 43 239640872
39 52 245857710
68 86 676515582
20 24 959700498
55 73 502431731
3 27 605796651
19 68 398876870
13 64 627889006
96 98 63674485
42 57 495179201
41 65 595831027
30 53 320377165
45 82 145203480
17 94 933954711
26 72 173240792
16 77 956122066
48 79 804944055
36 62 469653102
30 66 515005820
6 21 627323380
85 98 61870884
12 81 492576277
56 88 508799001
5 19 531416063
17 42 141122467
8 74 967622898
69 98 667237534
22 23 253011987
3 54 764839789
30 37 732951936
23 96 162052398
62 96 759792803
27 33 865932335
49 82 848640459
68 83 562307999
9 100 384014072
32 60 721018504
59 95 448362486
43 49 859880444
58 90 865480620
72 92 109538958
9 43 311905461
81 92 953880836
48 49 292579119
15 81 235252810
39 44 710804947
1 47 567590568
13 77 411926086
32 78 607133751
50 83 192005294
25 52 876216464
66 94 622149767
11 18 231568839
63 69 50981558
41 43 790422167
28 37 585330909
30 86 132606942
46 50 350033393
36 81 514527051
27 99 582074378
30 35 232489301
21 68 769969530
25 35 513730158
32 62 755016480
27 96 145269112
7 39 549432317
41 60 473041272
12 60 826008071
2 92 368764552
36 58 625940541
6 28 428093970
32 56 542888955
56 95 841835578
18 21 904296335
62 83 835337884
12 41 803205131
67 94 84660279
2 45 802423388
40 72 768304296
87 91 303778203
37 54 89774234
39 76 502487715
41 62 973007740
73 91 272840419
29 73 298840693
37 42 856733300
37 51 784262292
51 64 780112237
58 99 29922380
9 25 263569014
85 100 218454559
2 16 313182875
45 74 147268760
97 98 22098018
61 74 947066237
12 92 304524318
21 22 901562949
46 66 739697541
18 89 461911495
41 83 341914752
8 15 812358964
13 47 180926786
6 88 429583943
19 50 710363036
22 31 920661178
16 21 870931854
9 55 195185915
30 73 972950816
87 90 175826975
2 18 500419442
38 75 266665751
18 95 131782930
76 82 477635360
3 34 774616973
16 59 7982464
42 69 484248136
2 37 833229422
29 96 253169808
78 94 57883473
8 63 460777198
43 85 840582189
25 26 169345471
11 41 436862554
26 93 648151812
30 34 373950582
54 58 493654391
20 70 290463132
2 95 616335582
51 61 230809045
66 98 171147682
18 40 210616270
23 69 442963874
4 39 556513739
46 78 405215300
21 93 666828763
72 79 828761549
83 100 242966861
24 54 251665906
17 65 613473634
15 44 332509615
47 78 579447619
75 80 126740054
2 7 208294709
48 55 557117930
71 87 519431434
49 97 467135661
71 100 118385114
60 78 450394103
1 93 189402867
33 78 982720072
36 45 908919821
3 9 228659360
2 53 854309569
45 52 212840206
34 38 921688380
46 77 937037959
15 23 729375791
68 88 873438201
35 70 30129161
37 38 924421278
87 95 673756520
5 34 702239637
74 100 190966476
26 77 901484205
4 23 61891981
5 94 767661700
23 83 788409359
1 100 388730832
23 39 566031155
16 25 888845820
42 92 500408080
47 69 445859574
1 55 475144930
13 46 64247879
35 66 795156034
37 50 230387043
2 46 279799191
6 24 961641794
11 67 721348556
32 65 286859566
10 34 735900482
45 48 679447774
91 98 885262344
25 42 702045124
62 90 813515593
30 52 461729187
84 87 370478597
40 47 67465315
4 10 589700868
63 83 514848552
53 60 755017222
70 92 172586144
66 82 981526079
56 69 109444764
11 26 831016961
24 42 644370658
32 97 218360763
92 93 561642304
12 83 855757345
68 96 428341476
15 69 459658156
58 75 449262827
64 71 180592965
24 77 12905527
36 40 964945980
47 81 238035077
47 55 115709822
13 92 220452029
28 90 149421575
72 93 489709196
19 86 78792853
60 73 274819375
30 38 384872605
51 79 995212690
24 82 797270658
39 57 619979161
18 61 144648452
71 89 915033788
53 80 10936822
12 25 478529497
20 44 888128052
24 56 814903365
14 98 226962130
57 97 626935331
5 40 799268248
19 33 579449849
11 92 776713390
44 70 79211391
21 64 173463443
29 97 343505338
42 86 266628947
46 73 423132746
54 81 854335481
6 43 155654143
15 21 993568065
38 70 657572017
63 86 596929170
74 87 866097232
22 77 681600554
28 44 954871097
8 89 986199962
2 48 441453515
63 65 422132597
35 88 248174394
50 90 412268100
28 38 710769058
66 71 504307388
10 92 958739295
35 73 689986354
44 83 760539547
17 30 608206414
6 70 264812071
22 80 318111999
54 89 900895374
28 42 784949166
17 26 224118887
32 71 916274357
28 95 18476267
15 73 923342866
78 84 596384198
67 91 321179223
16 47 744936241
31 76 247425253
7 67 288242496
65 96 82304345
44 52 600164472
68 77 581130309
19 53 759579044
82 98 445048098
10 77 591452904
32 35 93001093
55 59 82896918
34 43 89226641
38 48 906688064
14 24 809130412
3 39 338647693
3 89 502193013
65 82 243372624
84 88 792269813
3 12 909999702
67 89 553022228
39 54 997978495
10 66 999710285
5 65 244511887
5 9 760737445
7 94 427008326
29 74 635790809
30 57 429057709
24 64 413927126
9 89 786108594
38 78 111347053
21 72 286554359
10 44 504309574
16 93 250677990
12 40 102378517
62 99 783958280
31 99 221747468
4 90 329117591
10 19 79757712
95 97 623980625
17 37 352874286
12 62 970988942
12 64 765715152
5 79 610847380
47 58 896752939
12 37 434225450
51 63 201289851
19 35 237274730
5 10 916292466
29 98 888040155
52 68 829005677
45 81 187719102
20 87 639843304
44 66 407505832
29 69 341048628
25 54 945348688
79 97 703059047
45 85 702670762
57 78 67981970
13 31 948951604
88 92 986607929
70 88 79041679
48 66 287933951
51 54 102614608
26 69 944491937
48 81 922911768
4 12 649520165
10 99 541948129
4 52 567506514
36 55 996634267
39 70 222036066
59 78 610920438
35 39 486751222
58 62 673857409
15 98 295528777
35 56 415909364
53 84 274710952
8 13 532363209
19 32 381580065
12 54 639394320
3 15 368784250
34 46 978355843
34 99 117160036
45 67 50605784
35 67 941694704
15 66 917697878
25 29 116294210
60 98 905903275
66 78 220149635
6 51 914300668
31 64 577570588
48 60 794087996
70 86 240009504
64 84 654365120
7 54 679233801
16 76 831480083
25 40 563584166
42 74 451350022
70 72 881438804
22 36 96010252
20 57 465169516
56 99 215751364
28 88 663762939
46 71 661896149
29 63 101687992
21 71 920612865
25 86 742108722
58 81 824713588
28 35 913689160
38 88 473374557
51 52 708241630
19 47 856571072
84 86 915936461
52 96 64466057
18 27 904401947
75 79 829545187
41 69 114016620
11 94 158825418
5 62 304943287
39 50 437350110
32 76 728190267
72 99 846606458
31 38 21141684
1 45 489281029
16 34 690849738
66 77 570036103
76 99 154993610
47 49 476567679
15 53 269516695
55 68 733899251
36 44 779681250
39 93 529870791
47 48 701954200
2 76 90472786
46 91 676815260
65 75 914008366
33 80 498553526
31 55 60042319
99 100 111464650
30 71 124125782
66 95 618960460
45 64 154351399
11 39 870098675
8 90 145869240
57 99 551196844
54 56 58822700
74 81 671978961
19 45 785258783
57 74 974141082
85 89 900760643
38 74 61092307
17 82 554514987
26 53 262992079
44 68 476739430
41 81 618171036
19 95 367889104
17 97 596373111
22 90 996148516
1 40 612234626
40 48 39177684
6 34 87263667
19 96 847806236
12 86 165923856
17 81 805913428
1 87 385984536
13 96 692974469
34 79 589845124
61 88 365423935
41 80 874323247
2 91 920317865
17 78 270452305
39 49 634239961
14 51 445629171
17 74 981529190
42 64 846460062
1 81 267548218
11 86 763551830
94 96 177956524
56 62 329810630
16 35 510089421
2 22 437054908
26 29 116350977
7 15 775834839
86 87 552600530
62 73 415968125
41 67 899564800
7 10 68745235
37 60 678699996
46 89 802815080
11 59 965949909
61 75 889211249
54 75 52222547
22 53 149108795
5 17 213342915
35 85 808328220
76 86 367788018
31 43 61788716
37 69 734854302
5 28 530855411
12 49 876476746
91 100 370270563
50 81 564189521
43 88 700102152
52 58 973023038
18 39 220361597
46 75 831165018
11 71 608204577
73 84 359081861
17 29 493900555
19 43 333479753
7 29 839723066
20 25 61045548
5 76 857328145
45 84 700117573
57 68 181566721
2 15 589049617
32 37 994100871
59 97 167073414
92 94 994600537
28 58 35716713
12 51 721634011
56 96 748425436
61 71 428972760
42 79 184751930
79 94 1585774
6 29 225683495
17 57 964188488
17 93 81669346
3 49 804708882
11 88 315203548
32 95 984500009
46 98 892989582
31 34 61412498
17 54 295462535
42 96 489069358
6 39 310683588
23 46 290568490
67 100 483126851
12 34 906231740
2 44 687786202
12 20 643705867
25 62 400459076
69 72 664839534
6 76 461621628
24 26 458408153
22 56 584968781
3 55 223969683
70 83 814054186
31 89 445813548
67 74 532720954
4 95 52943022
63 75 283414967
4 66 651305746
7 24 217869176
19 20 618450677
66 76 431893451
25 65 350484875
10 15 19068040
82 87 183788244
5 69 401686882
16 99 591583500
23 58 581312640
27 38 904054631
39 45 863465547
55 72 420791805
62 65 5631113
14 68 901955331
93 95 829248682
38 62 351647035
19 76 207857506
52 71 238894509
48 99 329906551
33 92 444446359
12 61 722010075
35 83 483812257
23 74 469966077
34 35 651334484
26 36 282535771
45 60 946664397
7 77 27733851
37 84 150655149
7 59 826547291
44 74 962284115
24 66 363506950
13 61 554104397
88 98 856185577
50 61 347466507
7 69 84254021
9 70 647697621
17 24 838976294
61 83 308302334
20 73 851410100
16 67 879650393
62 66 761165768
8 16 97266668
32 45 562888642
28 66 98308323
38 82 708531865
25 53 878339271
11 68 205622579
6 52 561039599
55 74 744709366
64 91 834495030
62 69 417663646
6 100 28025837
22 24 662093392
75 78 921004563
73 93 890288367
81 82 828909251
33 85 823916719
40 53 728070381
44 72 21258983
37 94 749655624
62 63 555797802
93 97 861520007
49 70 968697239
65 89 648763338
59 98 919378032
43 59 712695383
77 90 616868073
35 86 120646537
15 59 784584002
27 62 721376776
79 88 229948439
23 25 983254330
5 98 740680950
3 95 420285432
33 91 713885234
37 77 579046020
2 71 107516918
9 19 21709243
29 85 72669852
57 66 274478470
35 76 173331519
49 80 138742934
27 82 464627598
52 73 456068943
70 73 521680867
3 93 613548548
74 78 240991891
19 30 643741797
34 89 369921415
61 69 955444789
63 72 988770059
38 59 620905279
1 95 762410725
13 17 145353866
1 11 949673129
55 91 425871051
18 33 143376715
14 20 335933466
1 79 570614262
6 54 514898153
21 83 562382363
31 72 44531761
37 66 78373580
13 16 856720109
37 76 444511561
7 76 417809099
41 79 935723227
61 97 963610657
49 64 260268512
71 95 576342813
20 79 376631847
67 75 977162816
63 80 282487933
5 16 922893325
1 23 196673415
6 66 169207293
34 67 30680530
77 94 292846773
15 34 46499112
1 64 27477370
29 64 683004197
68 72 497963748
94 99 152923913
59 82 839627473
18 51 505084110
51 99 432891804
35 68 920039805
51 56 715987599
4 63 839730876
18 88 223829909
34 55 674372524
23 50 809043508
41 73 324150513
8 25 326983097
78 80 50625553
25 83 395744948
45 86 180077570
39 73 566722982
57 100 486596861
29 83 886160121
90 91 66138008
12 65 827809839
54 91 853272851
67 70 493333598
37 86 106694385
82 92 576272859
91 99 777319882
4 92 167624501
46 100 39044447
4 91 136940389
8 58 340578286
1 29 158811459
3 86 10768584
24 34 895380538
31 75 597422624
36 90 703466047
7 45 722788388
15 80 669412606
47 51 861874513
15 19 155776086
3 99 658676227
32 33 160582151
60 83 66597195
27 73 280898218
72 81 373260548
32 74 961584608
22 58 608624936
50 79 546871246
11 12 431445087
38 67 781566408
39 71 481367001
19 48 339043916
36 84 10794588
86 92 25626161
75 81 635074720
31 63 757163295
3 44 638824666
63 87 563611969
9 47 909551510
17 55 419672121
20 91 989111753
10 43 225924948
71 86 422460966
45 69 168169214
31 74 174060976
60 65 830487928
71 79 287562128
41 71 408134855
84 99 570102824
14 32 704480239
3 32 480883559
17 91 870154593
85 93 153638494
23 28 783688369
41 53 393373203
14 43 758090635
54 70 490155925
10 97 320866279
13 29 706221904
15 75 43045243
32 81 884289442
54 73 23047281
40 82 678147757
51 80 426027354
5 95 373660014
27 78 731923041
1 26 887670286
84 94 993711043
38 44 988314488
1 92 852251006
19 29 280809515
7 8 527795272
12 90 421709392
76 95 985315778
22 81 900395279
58 96 535367149
63 82 871084829
61 76 793231836
46 79 687627929
68 80 831521195
43 70 740501528
48 70 507305391
1 70 112948990
44 47 914326766
35 82 438859535
4 34 385201873
27 72 540089669
66 68 844549144
8 39 962243555
76 85 585611021
59 91 816933321
12 24 212097276
33 59 435795210
35 94 148184290
31 84 128706747
6 63 377344355
22 79 897242126
49 84 544649729
13 80 406493854
1 77 244553099
49 68 758130187
59 62 191109586
45 92 44134089
36 73 541188770
40 96 672666165
1 86 250980336
19 87 197985257
28 70 689738575
7 12 683534928
21 54 952694952
38 99 591030396
83 85 946000426
69 96 28873526
6 97 151910783
36 76 748166998
5 87 475072063
20 52 534248789
38 73 663896489
60 94 707788832
7 70 40929168
80 88 69659438
27 92 32585874
13 57 837543892
2 67 974129040
12 57 12636631
81 94 379622489
30 89 883092291
6 92 463208872
5 57 334726010
33 52 422142032
73 81 729557391
67 81 807553973
26 96 667264980
1 75 527348606
35 60 948606129
70 78 298135688
22 95 769396919
32 86 462725405
70 96 988227572
7 63 102283877
21 24 26998408
4 62 922132764
31 93 158310008
52 54 596514181
29 78 162783937
78 100 496785053
47 62 273032112
7 61 832801940
46 59 918455408
2 50 995332216
4 50 906224612
32 91 105780531
10 24 65452727
20 76 933027767
89 99 993213616
3 97 153450103
78 81 732127050
20 36 520651800
10 11 419494275
24 95 562650984
19 39 839403252
2 9 640421006
16 23 77889057
68 94 353937795
53 87 373924370
3 22 83763136
59 92 651164450
7 50 438114617
58 65 928852758
92 97 983526537
16 20 288279152
37 79 870732910
51 97 82661125
17 90 555641974
12 55 942204877
52 53 897821946
60 100 310767098
14 90 608733259
70 99 744253771
83 94 504104235
4 5 913502625
47 53 194564735
16 28 216105938
9 93 831299137
12 87 125643708
8 43 894601659
5 6 338545053
60 96 391612145
10 79 359841954
64 86 927978846
8 17 260886717
49 93 612735971
41 91 612298171
49 99 302768636
17 95 253176213
10 60 71585844
11 38 207095301
53 75 126763994
18 98 691279196
20 72 733594101
58 88 696351890
25 47 234369396
43 78 749776030
66 86 826758313
16 24 451235080
34 72 587554296
80 81 295051195
5 88 912544203
94 98 748781599
24 86 259648968
36 75 500779367
29 75 907325766
7 92 22726695
1 94 731984124
40 59 259560744
13 26 779295739
37 56 40465791
43 47 65397726
53 97 484327899
31 37 500015679
75 90 796480799
38 81 658961772
32 99 373256240
14 95 363294810
18 83 666398479
9 56 517565913
33 83 733972265
28 39 338903817
36 61 705308397
1 39 340244236
18 58 587635871
12 76 82557948
49 73 675232364
2 65 692285727
3 72 473696701
42 53 686871641
4 48 885213647
85 97 854233313
16 92 724969347
70 77 24313143
38 47 277506162
55 93 374465621
50 63 448154948
32 98 990497316
40 57 890282818
9 97 414064945
9 87 609109800
92 99 627300256
6 56 743813951
17 52 101088096
25 95 558379691
10 91 816148383
17 43 713852929
27 30 203641728
67 98 232980252
39 63 239221259
2 27 64835120
32 41 272744805
5 21 172931103
30 91 751514944
8 24 777854475
36 65 345288852
13 56 173166124
16 50 560395407
49 60 61572578
19 70 855869641
18 56 470006029
12 16 743546043
8 45 393534620
63 95 119362673
20 30 236986980
7 72 690243710
20 50 35525170
41 87 77193009
7 58 570069539
51 65 142175493
23 68 888862258
64 74 830907485
67 88 3833617
32 88 534248048
34 80 519106109
88 99 598501249
26 64 631297868
65 93 228085844
9 51 108016777
56 78 810340572
20 37 539604674
25 72 96708664
43 71 889082975
89 97 782951392
45 66 628581302
51 85 806671387
34 50 553577118
84 93 40902580
65 78 441953602
23 100 692330732
25 73 26156086
32 40 868512178
4 80 802749903
44 63 291497745
46 81 733095086
76 89 515395049
40 95 349955998
40 67 228049633
8 62 739767968
16 53 179538843
58 86 257904962
1 53 124879146
64 68 529933879
9 88 941471680
54 90 696587812
54 82 540811179
39 83 458822583
34 48 17589634
55 65 358232318
11 32 405087643
51 84 735814646
40 56 265006783
21 67 23518817
26 87 220227105
48 85 958002395
54 93 840340619
3 4 286731567
48 67 20944601
35 41 522507238
17 68 249361835
11 72 168687905
16 100 520376405
12 70 96436392
