1 500 500 45
430259137 0 260
184200360 0 131
96241071 0 432
101518485 0 256
964714669 0 449
650027009 0 482
611910164 0 205
613594390 0 173
586559669 0 33
24847873 0 24
717623802 0 305
79666868 0 314
471653194 0 288
316678888 0 355
397852594 0 344
57330273 0 71
794239425 0 368
514686837 0 316
997197746 0 359
872985550 0 152
730021840 0 405
959166318 0 308
76102422 0 235
287463923 0 226
252505109 0 74
162365980 0 465
474397210 0 34
518608779 0 348
734610063 0 304
761094860 0 257
529474209 0 381
761449365 0 254
149973795 0 352
80314703 0 26
182795441 0 341
658726868 0 38
403059736 0 342
620620410 0 280
603798773 0 176
65692496 0 209
437088411 0 216
904790695 0 116
704096570 0 427
785141460 0 84
305015612 0 386
430121011 0 56
817550066 0 265
221050221 0 277
666094703 0 227
438137342 0 384
218548 0 85
484086513 0 491
716417293 0 479
516385262 0 121
342737849 0 328
799921270 0 233
75156688 0 326
735669612 0 96
457957473 0 223
313690838 0 460
814399194 0 214
227205093 0 273
325122220 0 60
927361842 0 294
451068974 0 493
728651594 0 343
439832514 0 472
572275564 0 306
523909174 0 15
138034832 0 43
864246124 0 88
859338923 0 407
354546492 0 338
964191793 0 363
108845720 0 104
610950619 0 399
570034416 0 331
609419946 0 105
855671256 0 164
973094954 0 114
924369128 0 474
437802235 0 224
919552995 0 458
379238285 0 486
444202779 0 397
192958250 0 80
634818579 0 77
258358073 0 188
35043430 0 141
277810368 0 391
624871654 0 98
99166250 0 175
414275335 0 454
46144330 0 125
262316158 0 410
516779423 0 73
71924005 0 278
495716569 0 322
425385249 0 313
222006171 0 220
625699141 0 287
90081410 0 452
910900153 0 144
451722598 0 234
833883862 0 68
323339487 0 337
854499412 0 174
144347659 0 146
37771431 0 2
500946061 0 140
405892261 0 320
994985688 0 495
586735979 0 154
282171052 0 133
188002945 0 307
107931104 0 478
456079420 0 425
176418146 0 312
876111460 0 388
753094780 0 442
240900373 0 161
86948440 0 27
796924906 0 22
370333125 0 443
930949463 0 127
420541755 0 236
393131094 0 187
459975964 0 455
984155717 0 62
717503548 0 142
522690318 0 156
993219235 0 239
785982344 0 207
532531345 0 231
442415644 0 25
218609602 0 139
22663595 0 147
54358258 0 448
904149679 0 373
974900130 0 123
466055327 0 215
232958492 0 272
754166680 0 10
362740661 0 358
938580025 0 208
571794258 0 424
888649166 0 453
496022060 0 53
250721967 0 463
346485975 0 18
972536042 0 340
566367871 0 232
929084191 0 243
63875189 0 184
292389291 0 245
638745065 0 345
805482505 0 20
82524665 0 81
243312756 0 380
812165098 0 57
172691407 0 61
774520244 0 276
860384713 0 145
385009859 0 247
696070972 0 414
830142716 0 50
639820502 0 426
192120317 0 92
117362682 0 444
118608553 0 45
19822568 0 301
692313315 0 429
71440666 0 466
734174616 0 55
56128241 0 165
986739459 0 480
349974929 0 404
31082283 0 415
937629704 0 126
641232048 0 28
184452277 0 13
616921031 0 406
984122855 0 14
665600899 0 206
922385604 0 196
904463189 0 134
165221483 0 296
22228694 0 221
622083421 0 17
317186499 0 354
374786328 0 95
54918727 0 129
138950148 0 302
300874624 0 303
438178707 0 285
296347196 0 496
910263970 0 58
914910722 0 376
96093221 0 63
58209881 0 374
311949828 0 135
24182340 0 434
436595263 0 470
298838027 0 356
788159063 0 1
321699648 0 19
887415024 0 51
448096000 0 75
909778866 0 180
712119929 0 360
849321329 0 263
9565101 0 371
411189389 0 333
190892661 0 64
61369242 0 153
827280327 0 3
732116034 0 335
854318395 0 475
655762026 0 428
682145482 0 396
947203987 0 327
482866905 0 461
433277570 0 228
153832565 0 167
50310947 0 433
638620640 0 132
227540650 0 0
564057420 0 492
195109371 0 103
992928230 0 346
388395596 0 259
328611605 0 48
252932103 0 393
487917571 0 365
769303028 0 70
67895132 0 297
712964759 0 23
38290772 0 481
505938902 0 347
474674159 0 201
586399967 0 309
937271164 0 438
369853512 0 110
570004321 0 93
528938615 0 194
541585694 0 467
387620419 0 150
59430283 0 111
552627675 0 241
282675812 0 66
454033894 0 21
858738695 0 117
951994091 0 219
657693051 0 248
456524531 0 298
639405236 0 497
698548589 0 148
352356116 0 441
241017680 0 202
643905589 0 32
618344326 0 394
596540645 0 435
142330248 0 106
357899377 0 310
963831877 0 266
159171110 0 69
978611016 0 477
450014484 0 290
165521945 0 289
725667349 0 436
977081314 0 115
234221581 0 171
167403349 0 409
582827634 0 186
476385997 0 370
311540750 0 118
69006003 0 246
994171907 0 494
335964706 0 113
231957264 0 457
489042382 0 193
255676178 0 181
276084001 0 420
464163532 0 82
103159718 0 49
647365610 0 42
450962090 0 319
684285762 0 471
395004704 0 378
248514909 0 78
44492229 0 402
463127862 0 89
229276036 0 94
621437761 0 8
183563803 0 155
311461038 0 403
195679485 0 120
510523118 0 271
237051002 0 86
677162357 0 329
673476892 0 39
847155650 0 484
91287380 0 107
447634332 0 210
165979478 0 252
631130013 0 447
251363136 0 439
683380724 0 170
363026817 0 270
576254309 0 267
951841144 0 311
43870356 0 157
311031387 0 418
814675331 0 250
872984666 0 398
497154393 0 101
224103427 0 169
959806053 0 11
909660648 0 195
194696801 0 130
713003134 0 212
709476602 0 490
790351431 0 498
752319119 0 483
291439667 0 362
129030457 0 367
193525315 0 274
488072203 0 330
619343984 0 440
687192218 0 218
205123530 0 437
854574783 0 108
740890595 0 412
165109403 0 225
244002413 0 357
312695515 0 213
464077601 0 143
706119996 0 124
801957346 0 400
255692625 0 222
722149666 0 489
563687299 0 190
523012740 0 361
27540057 0 178
986055619 0 47
566709242 0 31
375472593 0 459
931311 0 119
170719299 0 99
259159340 0 151
109993707 0 364
612296784 0 255
608079302 0 100
343463467 0 122
394993432 0 349
593341057 0 317
498686933 0 468
513703693 0 332
239462467 0 159
381260488 0 411
283592412 0 91
28344682 0 253
361627000 0 137
503326512 0 291
381068971 0 204
629831904 0 389
743749483 0 299
329904138 0 488
300833526 0 383
378077071 0 102
73452274 0 229
845264999 0 446
998553557 0 423
790794398 0 179
264637830 0 264
202256543 0 295
67381828 0 286
850717876 0 324
858858951 0 422
163317964 0 473
638236324 0 413
804733567 0 112
236574197 0 421
691053903 0 72
401135928 0 353
473531185 0 46
572615799 0 242
69390667 0 450
513355433 0 392
649868541 0 281
325586008 0 275
2498341 0 325
310876803 0 262
474811807 0 76
810948549 0 476
273731338 0 300
33232310 0 366
81097425 0 387
481451664 0 258
893588841 0 487
273935125 0 12
59527895 0 162
634006192 0 419
216923509 0 200
510334938 0 377
863563508 0 109
972709055 0 30
977566116 0 401
417736224 0 240
513904626 0 464
228782202 0 211
474099250 0 395
557109096 0 44
205107871 0 7
727742789 0 269
993596831 0 83
293674773 0 40
17043018 0 138
836752549 0 283
964157741 0 158
445692144 0 128
129124170 0 485
809534147 0 189
838013283 0 230
275559332 0 261
736685943 0 238
602849008 0 9
332142732 0 54
734988099 0 385
912015023 0 323
39058459 0 192
176482617 0 430
633561535 0 334
836652883 0 149
58387805 0 382
53420731 0 251
967901042 0 499
242681031 0 183
164379246 0 97
821892522 0 191
197799319 0 203
758892021 0 41
268486188 0 172
61360737 0 282
418999502 0 372
672064971 0 90
259305243 0 59
333338495 0 166
439824284 0 4
625466296 0 198
74289120 0 315
922881127 0 197
458300136 0 279
277148723 0 217
15894469 0 293
986973633 0 163
500178048 0 431
780871988 0 244
119144249 0 199
883940855 0 37
980254610 0 379
700640953 0 67
758389325 0 79
825390521 0 52
459717939 0 451
423941443 0 339
778129719 0 284
867467385 0 237
188242651 0 351
877336662 0 87
2266835 0 177
206543600 0 350
99960039 0 5
777869564 0 268
622214429 0 390
172433303 0 29
273146134 0 36
199827523 0 408
836723640 0 65
896025391 0 336
817409805 0 249
62783930 0 445
258057322 0 318
64140602 0 469
306433235 0 136
602362872 0 417
119973277 0 182
17376383 0 6
748221269 0 462
13746454 0 35
574865632 0 168
476867465 0 375
291255011 0 321
439676207 0 369
369785700 0 160
287462185 0 456
340014001 0 292
715694311 0 185
818977408 0 16
120746224 0 416
259159340 37771431 619343984
854499412 17376383 439832514
99960039 799921270 57330273
439676207 858858951 909778866
62783930 715694311 774520244
71924005 909660648 602362872
794239425 117362682 967901042
277810368 379238285 417736224
863563508 79666868 46144330
54918727 54918727 74289120
75156688 586735979 86948440
974900130 361627000 118608553
790794398 439824284 922881127
993219235 450962090 205107871
618344326 59430283 804733567
188002945 618344326 216923509
930949463 951841144 329904138
523909174 574865632 927361842
163317964 717623802 505938902
473531185 586559669 255692625
753094780 845264999 259305243
197799319 250721967 618344326
37771431 234221581 909778866
639405236 323339487 311949828
50310947 863563508 39058459
255692625 195679485 22663595
458300136 838013283 700640953
195679485 388395596 825390521
19822568 743749483 393131094
243312756 725667349 860384713
418999502 144347659 972536042
887415024 937271164 61360737
228782202 165979478 332142732
361627000 306433235 596540645
682145482 633561535 361627000
752319119 375472593 912015023
437802235 258057322 27540057
639405236 259159340 393131094
896025391 31082283 194696801
736685943 361627000 937629704
227205093 420541755 58209881
959166318 919552995 59527895
849321329 138034832 876111460
311031387 24847873 476867465
328611605 872985550 796924906
