418 50 1588 100
572521069 36 28
687096460 196 27
481698903 322 33
480181827 148 43
72743968 416 25
799802349 24 29
130643708 276 40
137974111 146 24
382000362 216 16
674254416 140 16
826692649 250 6
455581923 43 40
113090537 94 49
571496837 9 38
768861254 54 44
51694073 221 40
269255025 317 35
200806832 341 15
864658479 272 31
882889565 46 31
85115783 261 44
713419209 136 47
918478263 164 49
566350819 251 20
348280935 350 15
782897178 96 24
325928993 39 38
687948527 326 37
410103039 414 29
17335493 159 20
505046181 207 11
924844283 194 23
114055537 358 27
366399548 391 1
844878577 382 9
326433301 132 22
531091349 249 20
124070343 43 47
442326949 202 29
501755486 364 40
389682036 172 22
867311617 182 26
627245270 113 2
414044300 39 43
782423502 54 28
198124379 4 25
396070028 308 6
37735528 365 41
845749397 5 14
38429848 374 31
654923587 226 2
762361681 77 0
698106736 100 43
94694223 222 35
666136686 72 6
572412088 130 36
635993657 336 35
183790189 118 27
200802543 78 17
3608738 146 4
274317695 30 45
511205552 309 40
575221665 373 8
897066537 224 24
740041477 32 20
324399405 389 20
290573263 283 11
85485563 317 2
2644033 112 21
347698122 182 0
172412857 136 30
372084953 40 1
102066910 310 47
165021637 347 9
12735254 105 30
767222297 331 33
900452154 188 4
591935531 349 22
950488461 361 39
509558309 375 14
490892521 386 45
952700513 246 47
756042554 270 9
769182458 71 15
332378928 286 24
918582943 138 47
994089776 253 47
767132842 8 27
581937547 329 11
145359473 364 28
594686961 31 42
467044314 90 5
773402663 341 40
156882740 365 16
865679352 157 35
621129285 226 40
818655336 207 30
452365471 336 44
384333871 211 35
268890423 269 8
964322149 416 49
931537719 18 48
325579897 310 36
438572562 368 0
632190567 412 45
128360153 362 10
246068777 356 2
72083149 27 8
590517102 245 19
903604532 70 3
619906697 35 10
859693168 288 16
180121516 171 39
686622284 179 2
939611477 374 26
869585305 145 39
581992967 280 23
108645625 345 29
993384765 290 1
46354682 72 21
56137627 30 14
129904998 84 19
249691750 37 15
374427608 6 41
412348982 235 6
600796562 296 17
361284330 256 26
571852430 400 28
91466459 329 8
92195282 343 6
590738259 24 32
108289800 272 8
461533760 330 7
438717261 183 6
143296804 199 15
275554632 95 18
545638223 324 41
536478335 382 33
274967888 88 1
780720613 86 46
586818472 134 42
426054070 145 12
129432769 126 35
540619911 116 3
827871262 217 38
101580696 16 33
875323602 37 9
774358636 74 21
206085942 292 32
384184219 251 19
689288150 77 35
24182502 149 38
114182059 239 27
522903692 180 39
868294031 329 5
70654427 228 22
379528429 374 36
153230089 72 16
67611575 222 18
573892676 56 33
44566941 394 17
723309063 260 24
483719291 191 21
627007150 181 45
431580178 139 38
370868556 99 39
24798458 321 41
283113916 268 13
179021015 259 39
719951349 352 12
626929098 235 34
982401186 272 38
509686570 414 35
193022194 318 44
967159668 356 4
525611948 299 36
876096895 389 0
989127045 244 31
782242035 106 19
771956405 116 29
209276924 6 31
183082439 74 35
818677817 146 41
346546608 134 31
537609978 27 11
543388963 352 33
984330411 74 23
32918819 345 22
526243722 381 3
390652633 393 48
917679008 31 32
945160359 271 40
781651437 338 35
632974972 403 46
389552869 46 18
545326442 144 21
707993115 145 28
450571381 375 48
653538108 187 34
236109996 358 13
108195390 17 24
774409854 122 17
799487704 326 13
395388485 73 17
170091316 5 30
585779751 233 32
630301666 45 44
589979934 299 4
193713936 278 35
943014228 351 48
33377016 245 4
510394291 342 20
337275800 277 5
671124156 222 22
906034088 43 31
740542616 195 15
346566857 372 36
894007916 47 32
318482170 21 37
359215345 338 38
293558095 3 17
156686403 193 44
650060771 319 2
203057400 222 41
516270350 241 37
221758067 246 24
17795539 327 16
943524474 7 21
713335196 280 39
968568838 309 28
732268840 138 13
226705754 343 49
900905668 74 11
169173847 117 27
3926968 199 14
653734925 20 18
988630788 327 26
441797781 403 43
707143500 302 37
155755549 74 15
869090831 93 28
416239683 134 27
941638687 394 33
335941799 42 46
181389645 36 39
153845691 63 39
596740451 296 19
278285532 177 0
936152150 73 7
36277158 62 27
830642620 196 5
854926467 188 33
876852603 89 2
512746117 99 9
836743619 343 36
933396086 381 0
24300093 127 31
628656428 294 36
464629892 22 20
161124640 327 23
469562323 184 44
910443329 414 5
889843712 246 21
246536454 275 25
164393897 291 49
236269505 365 6
757118892 267 10
869458747 295 22
165360604 398 22
116719484 298 22
988496624 135 2
180058089 219 27
179398078 352 45
621701012 147 47
101079466 366 16
633320655 362 39
483718232 203 37
391365634 64 2
949095080 133 24
91499454 18 24
643301603 10 8
608937489 394 15
530656817 83 18
637929243 77 38
553064270 223 3
916749537 326 12
605471869 172 7
524369505 288 40
279914172 392 10
367668709 287 23
227641400 61 28
620216476 334 28
251041283 77 14
258642790 366 20
726327555 362 25
805649134 380 25
709614125 4 0
63486205 411 41
214548979 25 4
609305357 191 7
933976314 315 42
317642269 394 1
159164944 290 7
768075715 358 32
13705565 400 12
629909127 229 1
21597399 104 34
811571053 63 19
427554811 358 6
905683155 298 19
505782969 156 27
89738877 404 7
777693615 210 8
255486702 21 27
614154650 405 31
120628729 283 37
364381705 186 42
607036054 7 4
122858323 322 19
613354489 266 31
874914762 315 33
246391264 153 10
749390384 75 35
529777196 156 38
583480681 246 39
565373363 331 20
439005554 37 38
54898260 108 29
631980945 303 29
703489098 71 2
912519117 37 14
797080773 376 5
332121505 292 40
594737078 395 11
89889260 69 32
926751978 243 22
241852970 94 12
625482330 275 19
45050089 173 25
868421056 218 20
667196277 208 34
139739501 152 23
796501717 406 2
331190361 115 24
554395131 17 1
715934588 280 31
164217654 338 15
993497691 61 10
386737386 119 8
475565797 53 30
288109443 234 49
764529791 0 29
849636007 306 28
349386332 112 19
373442986 263 45
348633874 104 37
267231046 206 27
458595690 86 15
429697163 246 20
613374071 181 14
861548308 190 3
932196073 25 24
535338619 111 37
239677346 68 1
560124174 354 33
686473 359 36
912652226 278 10
294371486 298 47
267708263 63 6
24441423 12 15
255343389 335 25
929936137 264 38
658126854 192 33
754172177 90 48
625454140 168 33
184097939 134 37
545377541 11 35
734169851 2 45
857564741 278 40
687971715 373 14
92309811 277 48
723591948 377 15
78443599 174 3
400172337 337 27
76124307 22 5
195394201 185 38
836109800 18 11
346067085 195 1
698296539 22 42
840116170 26 44
647847824 180 16
807402647 146 45
869843958 32 21
972509720 168 31
318257980 174 26
770147556 113 30
105017987 333 18
337044694 21 36
839292628 79 0
606810656 365 48
592970323 305 21
494482341 150 12
964897973 392 3
167095430 219 8
732904686 301 33
48205053 80 11
832790063 329 25
454430826 262 46
986076687 149 16
786964139 401 20
95866375 238 36
165056688 165 1
593914916 88 24
378134093 383 21
979481335 230 42
603917650 160 21
839263439 93 42
230801880 316 13
13987882 374 34
237729757 275 40
774143335 357 28
556389395 369 32
779358656 238 16
346724852 398 4
457775992 354 6
653102873 157 30
324760400 240 48
858082764 68 28
202326335 171 47
782043355 277 46
820719713 335 30
608498863 381 33
30271022 98 37
9006492 337 10
84511471 376 18
154065785 308 3
714881390 9 43
160886387 148 44
857484269 298 46
195989278 265 44
606229080 296 35
918417356 42 27
556161981 136 1
573156130 390 41
936711931 241 23
478839271 114 4
606048953 204 40
422338591 249 27
315471002 55 22
23006552 294 39
170440110 114 31
612458051 109 40
465376811 370 6
257340293 149 31
720726620 66 13
424297423 4 22
169006296 390 9
56835371 19 35
398759927 208 4
958782361 105 22
321947266 152 15
279163098 105 14
380590505 73 13
473480075 202 4
828292665 316 27
896013172 375 28
128963342 213 1
214425377 33 48
679539397 193 49
900538034 369 43
223392950 380 43
853135343 318 36
543554849 93 15
735309215 2 28
28713126 175 27
726648345 278 32
648106234 172 38
939130651 59 19
536608983 236 15
807404762 167 29
279465780 187 16
897602137 113 21
376537526 235 40
39126781 126 40
432607845 140 29
76823393 402 23
330695330 404 9
262310759 295 6
16985944 189 5
44415887 54 5
102623858 176 15
442700683 12 18
16789388 354 17
928717842 324 20
229335020 327 46
996278260 286 17
102396851 98 23
488089710 15 45
503411279 225 24
345271487 78 49
408811571 148 8
216859898 15 22
813189578 70 8
452344350 309 23
88115624 46 44
152672611 347 18
876423682 129 11
18010838 295 42
429863776 97 25
722524455 181 0
389318288 298 21
538740929 286 45
565775837 236 2
787067419 270 39
929876353 150 20
680861005 211 28
61535063 323 17
840639206 56 38
490429908 136 20
641637372 13 37
924554808 143 41
452970371 252 12
563929600 59 34
699356898 125 18
658434974 131 45
596078531 412 13
544050283 229 41
233498410 288 22
71827420 144 19
681404361 172 43
297494516 136 40
279020945 63 43
816781049 154 0
776082060 309 41
53428842 2 3
452980969 117 20
200995119 409 44
812148312 324 1
682279698 7 31
407385240 401 15
576965485 33 12
89743181 408 24
116231973 131 26
241401622 364 11
87661526 268 34
58365919 148 42
209686607 369 14
804425331 308 33
620924992 164 1
342953300 195 39
730412850 313 19
543365838 321 45
685073078 307 12
300635721 77 9
894348769 204 18
123134175 180 46
314395639 216 24
330370862 271 8
931719781 312 47
333447278 311 9
419543028 357 49
319348933 411 5
492783419 41 14
585880793 159 48
54806613 234 33
537623207 403 15
88447444 235 5
564936595 36 0
909462773 407 43
743205311 1 0
829892884 53 18
810157215 159 31
240074338 84 31
863904460 245 6
550298068 44 0
866431769 180 3
993112158 21 40
261598948 308 36
474082145 250 44
123569069 264 47
837920865 317 13
209637356 195 42
535878138 57 16
727957278 242 10
211607572 111 27
103238944 170 25
69542741 317 8
280454337 174 25
826057175 216 33
984749458 310 13
612704026 190 2
183759615 279 8
49445692 319 30
258000546 175 7
36787047 204 33
121613270 62 33
880870281 221 37
88502411 75 17
496616778 348 28
109505881 414 14
289946683 67 27
937263830 411 11
530260810 203 39
43052 42 19
390022526 174 12
439019237 410 7
933657567 370 15
974988808 372 22
777159861 31 45
32033386 243 4
97502197 250 42
482259517 32 33
460062968 36 47
973111788 371 28
437112174 87 45
396361259 354 22
388990353 187 37
759822665 112 40
959688605 355 11
166443464 45 8
894424190 265 40
632082991 40 28
141713355 411 34
405825053 208 41
686953715 98 29
353874593 309 1
834382261 359 17
589779913 192 17
590858709 360 39
870803320 46 25
197896204 134 43
36475260 52 7
433549887 236 29
327983839 312 19
292350196 395 13
716765309 392 6
384902657 297 4
958702295 130 45
889767557 336 27
814863141 206 11
835891228 390 7
964396977 328 7
852454733 297 29
104636258 141 18
585338183 366 47
547328662 15 16
996707021 252 38
270234933 269 1
867750509 209 30
85344770 376 29
54493687 254 18
228388660 331 30
207772973 17 8
324427333 156 20
479212983 262 25
17477385 197 21
494018649 165 49
715280897 151 14
478033255 412 49
204639728 184 49
932656247 113 45
450695855 284 13
185148760 303 30
970450237 159 4
234091075 306 46
606128410 101 7
435237712 366 45
805360852 59 41
574197547 118 10
150826465 399 41
752250119 188 20
757355951 168 4
556166609 391 20
159067641 305 47
265068713 284 28
93237340 394 47
160935565 68 12
207098154 313 38
154158423 235 9
717351292 171 14
46333929 236 35
399730317 30 41
397318053 166 16
219869766 327 48
963687715 366 29
899194132 279 1
213458461 315 9
972166913 267 31
312353454 170 35
158887938 227 16
783966139 233 22
213610381 14 17
796686001 334 3
691673455 307 38
783014000 200 28
187273691 16 37
997782406 236 26
809368773 3 13
578275232 248 8
963499120 219 20
731191356 218 18
530334022 92 13
561116323 196 1
909507303 276 47
850049814 233 36
217492099 143 22
459039559 198 35
52867692 115 9
517265930 280 32
412265702 100 49
527668300 96 2
736302145 56 40
923780931 149 34
715895849 408 29
51373031 91 24
985601084 181 11
671000992 164 0
668714973 128 27
126319168 112 43
926203719 378 10
292625202 371 40
671693285 280 7
67133940 161 37
104911840 197 29
656672706 257 25
17549560 246 33
912806035 340 33
466308246 32 7
792585032 305 33
356799778 147 10
77915427 221 44
690376850 15 20
581784181 110 23
684626499 63 17
992093851 132 14
667578379 41 10
866094378 223 23
747704974 358 26
995674729 198 44
488790225 145 31
860692223 53 41
257975052 91 14
704515821 107 42
578450115 349 26
578489789 264 18
224247319 351 37
318266875 148 32
861195865 284 43
661285860 309 43
745548255 112 45
810316125 204 46
724590363 101 28
636620582 41 23
528318696 411 23
991940431 109 25
315034663 277 10
588289770 110 14
515785866 220 11
707224833 23 31
431730863 227 12
871992522 26 46
739667312 52 32
764023577 178 15
23492217 199 33
602666773 176 9
251317786 232 38
773460526 414 30
277446237 267 8
966977358 245 27
674296667 119 25
206851406 324 3
636689611 312 40
629186219 262 0
23460059 236 3
716703865 100 13
290933826 118 14
920859287 380 38
85702037 76 15
804682019 277 1
986184154 128 28
421985072 413 36
742587482 354 32
244989622 114 17
696441275 360 7
527431113 267 20
216385613 373 1
148197646 29 29
845830052 187 23
536078185 394 46
376458086 83 8
824962299 384 6
108341605 307 15
184673611 267 2
775535855 287 45
305906882 393 4
814139237 184 19
94880604 37 12
847785482 390 46
989286044 308 9
368504092 310 29
501656769 353 39
70532136 174 2
935914294 192 2
650249114 52 35
564449358 255 3
103169427 385 1
883607088 301 25
584766463 83 22
200672015 176 1
695647205 305 9
40442014 152 39
670638592 383 17
871681731 50 44
963688079 39 5
958682506 254 17
266457705 176 6
1779804 54 41
355246419 279 30
420988015 9 20
802653077 235 23
351675520 376 11
229680331 215 26
24743360 126 42
469840888 73 1
552996363 381 45
138728672 201 48
497890655 342 43
727516822 138 35
240808587 13 13
905206099 64 31
716804902 144 13
959385481 121 38
272904898 12 12
521658423 297 31
170738530 201 47
591401598 126 45
967534376 76 6
588697204 284 7
325275986 322 26
747236152 19 38
406023783 405 28
261828678 146 37
675349933 257 46
617195020 246 10
224417245 120 23
533423037 367 42
949583129 280 47
705601636 314 27
23924253 307 33
435465531 150 10
47483573 68 16
256711997 91 34
340639086 296 18
564988921 290 14
631181456 176 29
778617768 254 27
953093706 89 0
104394881 101 17
422264879 112 18
379024204 375 12
239493601 343 10
711698229 222 15
574917387 91 25
21371618 415 44
999435412 253 0
856988359 209 15
919307536 378 39
627563192 101 33
165968506 87 7
221614783 388 39
490535712 313 37
900487983 122 44
525447646 392 45
625105401 51 43
552509838 409 1
237970237 329 15
549385150 393 41
987231012 327 28
212384932 295 34
697381612 215 32
29877326 282 12
487772484 312 43
800913693 290 35
948017625 120 13
981606771 365 5
878353456 391 35
683691179 18 41
328959414 329 19
63670089 402 22
759881492 311 30
963550322 65 3
340395208 112 8
297351838 66 36
67994865 250 41
585733515 180 36
425369705 43 27
798499700 241 33
134775064 261 39
508025730 144 16
346358663 182 8
754312067 131 40
469819827 256 45
86380761 158 27
403823907 280 24
381009588 264 37
79584828 15 12
599653763 202 5
371001044 326 27
539732903 343 15
877514756 369 7
400513385 24 1
573907266 405 7
944957998 296 10
948185262 179 26
352895721 366 32
551772843 113 39
826833360 147 26
286492849 215 19
721411921 96 48
357192032 346 7
694303815 116 19
747294169 202 23
401092457 170 43
838814793 48 0
474549250 181 25
718944710 259 47
179215846 75 11
968725341 121 32
967082148 200 4
448723563 196 34
211149816 81 37
389146667 14 30
341185923 51 6
89884816 216 9
369852349 151 34
926390357 398 42
421621290 75 32
960168529 244 34
92876491 249 13
688159247 38 14
872804567 102 33
922091422 206 24
821596842 406 44
171117220 413 5
207986429 79 43
995844793 217 4
472465751 310 30
152632049 208 37
201769411 328 10
940233914 352 14
886931395 276 19
23529 347 41
496666244 135 19
181408270 121 29
814254674 11 8
328887055 184 4
649488718 375 23
924831476 269 32
628707677 297 41
902478591 306 9
956521315 230 25
501293567 403 36
935953328 370 1
225518565 84 23
305336762 60 18
289884311 340 6
18687244 117 35
295694852 190 47
50554238 188 14
412979575 191 49
322904230 42 37
71434288 79 9
19612814 312 7
696769328 355 32
724892070 357 42
711120468 88 31
119953404 189 0
44224165 37 45
967799722 197 39
795513838 206 23
876020366 293 12
192610701 34 30
417748288 51 44
878972046 346 15
811308352 402 6
561554677 399 32
629823087 342 47
902809690 149 6
216062400 330 21
783802299 28 12
40512815 36 41
779813517 335 9
182324977 250 18
706684692 8 20
601492460 104 48
995312628 129 42
586966377 62 14
444499207 83 7
37230599 234 12
884842863 341 26
898726898 138 30
46172911 270 36
83887701 141 28
324234358 160 35
718673420 260 34
718408188 65 34
931878814 25 11
271459729 80 36
456643690 379 4
658353587 303 31
796372255 8 1
824293087 304 23
582437233 77 5
776001642 97 14
804222729 274 16
414547088 3 6
214073788 100 32
943827917 328 2
192005887 52 14
621601643 176 3
243071130 246 42
656456540 208 19
295892636 417 39
190915913 378 1
53018254 209 24
214874858 29 24
177483755 238 32
339465112 294 26
744789454 397 41
109607199 300 21
581895661 74 28
266122201 175 38
817468614 411 12
932065271 280 5
854290199 21 18
269890081 194 39
90988690 132 10
251087682 401 14
578939857 77 43
562898844 403 17
903783815 121 49
890261282 131 22
130194680 52 36
478690054 327 9
108685226 163 19
73276559 234 26
650434140 204 14
430260016 35 27
313177399 401 26
34347478 312 17
769611587 94 47
294672769 129 5
665895196 181 39
754621718 186 34
39139556 234 41
822924402 13 1
421726587 296 34
362912450 96 40
239926509 312 4
547535889 382 38
806108716 3 4
377029666 39 3
87615998 337 11
58013311 376 40
141262648 157 8
722237905 20 4
415841836 238 21
192089202 60 12
970164063 402 1
796220480 8 35
637995391 268 23
613819316 150 27
459051155 13 30
573125170 317 46
112260724 368 43
153128354 267 1
890762363 27 4
738137918 91 28
757703803 95 13
226064813 405 23
15714033 138 45
470538833 209 33
781373049 226 23
996945884 275 7
357041796 367 20
730748457 176 7
715090248 38 0
619916617 399 18
374283511 324 6
474783707 67 38
173899315 121 34
712146591 187 18
829454272 240 0
518839629 83 40
863727995 140 14
713453731 366 40
155965578 310 35
604477372 149 19
580060372 270 16
162957480 83 29
285245363 60 38
508237368 112 49
68629480 225 34
862556953 151 45
386360015 399 34
565716515 385 16
761497299 235 2
786641395 195 49
449243427 191 27
925597622 7 11
200585893 119 7
234201927 257 34
784510506 27 21
44555900 145 36
258380259 354 34
397690813 198 40
346435604 234 20
965693909 131 36
867229447 45 14
541867788 216 13
670269506 40 14
661899125 147 12
574301435 145 44
297115779 237 14
90296267 124 21
767237090 384 32
714841506 23 18
77906308 51 16
141898235 249 38
313324281 7 27
821381200 242 19
223790083 398 29
426986703 379 6
798292073 59 48
408633420 368 13
707118347 205 9
469633913 10 10
890783286 69 22
373371733 59 21
63871801 170 37
398889186 240 5
833371448 42 43
575196186 82 40
151384895 352 37
484024867 320 34
59877273 364 14
383953601 261 26
368643682 267 47
77860619 3 18
784202587 337 31
194785121 137 7
995503357 319 22
917084317 288 10
349700816 104 36
954230919 167 22
242189052 222 14
317084558 120 42
743723808 120 38
85986741 169 8
902238306 185 46
896292043 100 47
251820230 62 44
433325534 172 17
643223491 389 36
431236593 281 12
601709587 315 7
782414316 103 14
877421770 233 15
991192531 268 7
755322794 81 21
335970619 135 46
534111413 193 45
993963256 48 40
912773890 87 15
534976539 257 10
319258836 200 17
313611291 110 7
184446184 37 49
615920209 154 36
756932365 173 10
553935529 189 44
782472698 274 29
616736150 78 2
202774107 184 1
685273414 63 37
401735980 8 43
105055767 339 5
435658058 186 27
164397128 257 19
193789511 310 42
474995955 383 44
394764413 356 1
286480442 14 13
276998245 98 35
843449537 27 2
672838441 51 14
549175899 26 24
300759159 330 29
405060103 16 21
444787095 46 22
274466077 304 29
284037567 338 3
614960068 1 25
702340518 204 13
473478822 304 44
254344278 290 47
314408935 178 40
242551622 406 36
822744402 371 47
972072871 249 32
121933269 212 6
968207614 278 25
637744687 407 31
123471090 87 16
183064295 77 42
176454246 204 12
572640127 310 48
576355274 100 16
765009129 149 25
834153646 267 44
811730746 213 12
307013784 362 11
841872541 36 11
299959574 94 38
162828681 325 45
756239637 291 12
792726070 59 25
50591092 103 31
970930508 11 33
682072276 320 15
96329693 140 47
960080561 85 43
219178133 137 2
289829814 386 38
934540848 170 45
113003852 312 48
301004075 8 23
83164787 359 11
334688958 252 34
19240405 315 28
252843272 232 36
55730968 51 30
621844108 182 39
810364787 92 23
362619611 195 2
699693443 331 14
614217363 44 30
654450271 89 29
245144199 18 22
861400553 264 5
229038655 23 26
996136039 67 35
441787298 315 40
791021393 137 13
236305905 308 10
311303020 282 38
252081655 394 34
324144663 412 1
460967806 259 1
66446308 255 11
790811653 214 22
164927082 381 38
124874415 329 45
552076632 396 42
833515901 87 32
981031117 5 43
563401151 138 8
981276391 414 0
789813191 303 20
115866778 155 6
837400032 137 47
818032578 161 41
130379902 261 23
734349946 340 26
632608182 22 11
100775854 393 24
149416944 395 45
422453998 8 21
231943130 238 45
125107077 79 46
900535199 227 4
660036810 41 42
933048664 204 15
286041013 323 38
375859394 92 8
160839092 150 11
76879409 377 8
733900479 68 27
944651460 361 45
232350377 321 11
301533658 312 46
615073209 241 39
96692164 236 40
453154937 192 10
677039035 139 32
340988109 329 17
673796884 108 13
168188486 202 6
114226098 365 34
102995384 264 33
613558203 164 11
995077641 299 10
739965069 254 30
194940492 160 37
56426227 171 34
771109133 34 12
505589395 60 31
865849582 305 30
944849579 146 0
561502322 79 2
244455420 316 14
391234328 204 4
708772357 271 43
866623915 262 34
173709684 301 7
141422552 220 47
871184857 214 34
924936448 378 20
32882332 174 48
446592591 58 34
322645297 164 26
386305549 365 3
741623433 135 7
597115956 109 7
454385099 414 25
889067073 129 19
566403139 293 40
782087247 388 35
921384602 410 42
255717216 137 10
390521672 189 42
528102654 145 5
190679621 412 26
451494914 405 35
224131590 378 3
649709235 87 27
15339431 86 40
149555218 380 24
356916836 216 32
447200883 379 25
349892685 212 45
113259855 83 28
311504442 55 42
640601688 370 46
517285627 235 14
311364558 353 40
951516628 107 37
554609681 383 34
231344168 40 35
222889590 400 0
360757363 293 36
296723293 416 22
597958781 71 39
507687810 291 48
621981900 193 19
71924371 222 27
866858841 206 0
574172419 83 16
166874503 323 8
833976606 40 15
878707536 390 28
968712540 261 14
671504833 415 20
278657017 99 33
30272167 244 26
718751172 310 33
772798858 25 25
466935863 124 5
405049306 231 8
971931335 378 11
529917544 372 20
117301629 9 14
358593559 284 9
899696326 29 38
199825363 103 45
354640518 159 35
494478272 147 6
137168498 225 11
901212598 52 46
493492126 271 1
308028653 241 48
681190741 396 9
318607604 373 28
355709224 125 43
180974056 370 20
137420873 134 13
561555937 51 21
528663577 258 17
939547567 15 5
434162174 320 37
393096901 404 45
957534842 59 40
490266229 234 45
999927161 274 32
142836829 346 17
380508649 241 1
190923297 409 29
155261583 231 41
726870618 70 35
243877400 385 15
374363341 314 36
371062894 154 32
139508703 217 36
439947085 161 6
74905928 86 29
202913813 367 39
63785479 368 32
299104993 176 47
101335445 255 42
648340695 319 14
526217820 191 15
368114113 182 18
207397738 313 24
317259485 210 35
68477793 195 32
114356976 258 18
711600306 87 0
285597600 255 22
578574090 43 15
434046979 298 49
8891403 212 3
580367986 231 32
152681791 107 33
928349091 18 9
353271625 351 35
200875254 177 22
982062173 27 25
386379279 163 16
52594673 290 23
353577380 61 17
807462836 338 47
70839191 12 2
294951871 413 28
133301319 130 20
480403466 382 1
161292066 173 2
427398944 319 35
623282814 61 11
884812310 58 47
118224553 94 46
524312505 170 39
287924286 21 11
947677958 76 19
781691322 250 33
831630046 152 13
350063182 165 31
281274618 217 28
968009718 137 41
274702363 335 11
124466889 345 20
744145798 412 48
848121234 395 4
677929391 270 4
857114528 289 46
401931316 332 32
956784090 377 28
269397260 326 23
909741846 266 7
684787968 313 7
943244202 366 5
815243609 294 29
538062402 233 20
943622874 123 19
613653491 94 23
951922672 320 36
775216016 59 13
881533479 300 43
205441084 403 38
41859808 20 9
659799360 23 29
207295297 67 20
990614814 400 18
456530284 167 30
616549862 396 21
957517554 195 0
222262983 287 10
929955977 115 29
427715304 382 16
558186237 83 41
481773432 126 4
540214116 351 19
586523395 54 39
378212501 162 43
978024455 78 44
338954714 351 32
50421959 400 14
573969124 412 21
899935838 57 44
135181567 194 41
956592406 268 20
434546054 390 1
989700090 1 38
850095000 161 23
154220969 35 19
458899723 307 43
359457901 371 21
841962144 345 15
646512523 113 33
689126264 165 41
264491996 35 9
184692679 211 17
711938972 53 47
208618694 40 38
46573441 70 37
562295790 28 14
595289871 230 49
76012386 183 31
683547690 6 26
180435372 201 45
739088364 168 34
366721196 309 2
352006328 107 3
253952460 131 0
434421135 196 45
469050744 344 4
697367713 182 42
980861389 178 16
240426279 349 13
158120592 178 28
811348079 288 39
118978657 127 48
827363384 95 43
268685103 183 36
264601151 210 49
533900270 228 17
149770009 167 7
68388231 46 3
744363075 18 39
268393744 191 31
407133047 274 12
110583612 276 46
221504 8 28
215799061 310 24
405716688 3 26
240131048 383 38
431043857 405 8
231183999 67 11
797716729 348 17
232435093 172 16
396378402 18 38
435922310 340 15
157059225 124 9
395850566 393 8
229847285 411 35
863111315 404 36
553551787 11 14
163571566 366 44
756205217 367 47
560550086 357 0
368313856 96 22
908391542 198 20
488603470 118 30
540816498 334 43
162602939 34 27
189416764 308 26
737635770 250 39
264571803 109 29
61397971 350 29
541642127 369 25
354042039 128 26
730316415 388 12
670401172 42 24
908616884 151 39
568738730 354 42
652212746 414 48
870926366 105 6
155994084 224 25
450044686 165 18
714452576 168 38
609291493 380 22
452345035 111 49
576087791 223 47
790779735 14 31
438993967 19 14
562843147 214 27
483254128 288 41
936279290 345 40
486250649 350 0
371830711 129 7
730063173 328 4
880183815 101 37
824963219 388 9
843458008 232 16
572304441 208 28
534728306 225 14
602393311 4 33
588523756 93 46
73660842 148 36
230801880 332121505 807404762
137420873 841872541 613819316
481773432 167095430 867750509
166874503 783802299 627563192
973111788 588697204 652212746
123471090 341185923 184097939
374283511 804425331 909462773
897066537 451494914 900452154
2644033 412348982 254344278
85986741 154065785 768861254
932656247 834382261 826692649
435237712 396361259 558186237
995077641 231344168 184673611
699693443 202774107 630301666
13987882 739667312 705601636
207295297 889067073 821596842
438993967 137974111 163571566
534728306 286041013 397690813
460967806 565775837 311303020
435465531 496666244 899696326
667578379 101335445 112260724
408633420 671000992 295694852
239926509 163571566 294951871
695647205 401735980 854926467
207772973 867229447 650060771
153230089 943244202 54806613
205441084 275554632 243071130
737635770 777159861 246391264
224131590 861195865 36475260
114356976 139739501 183082439
165360604 187273691 989700090
783966139 431730863 602393311
606128410 207772973 661899125
377029666 573907266 451494914
289946683 773402663 730748457
973111788 232435093 561554677
878972046 456530284 13705565
993963256 368114113 124466889
912519117 342953300 232435093
732904686 240426279 232435093
755322794 17549560 434162174
959385481 379024204 159067641
715280897 965693909 631980945
988630788 164393897 141262648
371830711 951516628 377029666
207098154 257340293 340988109
658126854 675349933 108341605
358593559 366399548 953093706
952700513 699356898 681190741
201769411 687096460 591401598
836109800 812148312 853135343
354042039 321947266 683691179
826692649 585779751 313611291
779813517 227641400 286480442
986184154 730063173 36475260
421985072 926390357 401931316
616736150 713335196 796501717
948185262 33377016 534728306
901212598 989286044 515785866
594737078 717351292 63871801
996945884 155994084 796220480
580060372 905206099 246391264
629909127 934540848 903604532
632190567 207986429 606810656
993112158 219869766 723591948
137420873 389318288 156882740
3608738 490429908 207397738
483719291 627563192 757703803
159164944 965693909 901212598
490892521 726327555 547535889
234091075 232435093 581992967
405716688 390652633 863727995
754312067 929936137 796501717
677929391 918478263 573125170
475565797 267708263 139739501
104911840 265068713 882889565
193022194 588697204 805649134
735309215 993497691 715934588
573892676 331190361 405060103
442700683 105017987 300635721
381009588 318482170 789813191
373442986 814139237 939130651
32882332 478033255 378134093
493492126 856988359 903783815
854926467 539732903 673796884
242189052 543365838 830642620
470538833 621601643 999927161
524312505 102396851 525447646
621601643 431580178 660036810
585779751 244989622 164927082
868294031 162602939 257340293
318266875 834382261 925597622
36475260 71434288 490535712
73660842 581784181 526243722
123134175 714841506 427554811
207295297 488790225 826833360
804425331 620924992 697367713
357041796 108685226 501755486
108685226 619906697 596740451
718673420 227641400 861548308
