36 1 36 77
184593174 17 0
514069736 33 0
340584085 22 0
418894200 14 0
90722810 4 0
414940701 21 0
871003500 31 0
950827441 35 0
206003740 24 0
438900933 3 0
805319850 27 0
168276639 1 0
99812295 11 0
700266117 23 0
267662106 12 0
54149948 9 0
565935719 32 0
894640331 30 0
326542574 26 0
765592708 19 0
177478417 15 0
500385092 28 0
496911416 20 0
185905657 2 0
570702072 25 0
801068644 5 0
709892466 10 0
614683167 0 0
743391737 34 0
127903201 16 0
592618487 13 0
282813185 29 0
940277008 8 0
686437176 7 0
748739207 6 0
456011946 18 0
765592708 565935719 168276639
805319850 950827441 805319850
700266117 184593174 496911416
438900933 340584085 168276639
168276639 185905657 950827441
940277008 805319850 871003500
894640331 592618487 414940701
686437176 801068644 185905657
282813185 748739207 414940701
614683167 801068644 565935719
940277008 570702072 894640331
206003740 570702072 418894200
282813185 340584085 282813185
185905657 765592708 765592708
184593174 177478417 438900933
438900933 592618487 418894200
184593174 282813185 614683167
748739207 940277008 414940701
326542574 940277008 168276639
871003500 206003740 748739207
418894200 894640331 743391737
54149948 871003500 418894200
438900933 340584085 99812295
177478417 438900933 940277008
592618487 686437176 184593174
940277008 871003500 709892466
184593174 340584085 184593174
565935719 496911416 99812295
99812295 267662106 414940701
709892466 414940701 514069736
185905657 90722810 592618487
514069736 950827441 456011946
184593174 206003740 801068644
805319850 805319850 496911416
206003740 686437176 743391737
90722810 206003740 709892466
340584085 950827441 185905657
99812295 99812295 206003740
592618487 340584085 500385092
765592708 267662106 614683167
514069736 514069736 765592708
871003500 801068644 700266117
177478417 90722810 282813185
950827441 99812295 570702072
282813185 765592708 748739207
748739207 805319850 456011946
496911416 496911416 614683167
743391737 168276639 686437176
686437176 743391737 801068644
592618487 414940701 514069736
514069736 340584085 592618487
709892466 340584085 565935719
168276639 326542574 184593174
168276639 801068644 614683167
438900933 765592708 801068644
514069736 54149948 185905657
326542574 177478417 185905657
185905657 743391737 765592708
99812295 177478417 709892466
177478417 496911416 570702072
168276639 894640331 418894200
940277008 206003740 418894200
168276639 894640331 700266117
700266117 99812295 340584085
565935719 206003740 496911416
185905657 871003500 282813185
871003500 765592708 206003740
206003740 686437176 326542574
805319850 496911416 177478417
709892466 940277008 282813185
54149948 514069736 177478417
592618487 950827441 206003740
54149948 340584085 805319850
127903201 514069736 340584085
90722810 709892466 592618487
801068644 177478417 940277008
805319850 326542574 438900933
