500 1 500 38
723264148 472 0
872396183 78 0
408671091 61 0
374594116 255 0
277529368 409 0
311147030 24 0
984147005 168 0
339105687 54 0
284904209 67 0
973971797 233 0
814882911 80 0
941767585 415 0
598789871 241 0
820292754 64 0
990614828 424 0
831521360 464 0
198604550 281 0
287140750 123 0
953462809 196 0
444308568 466 0
775927310 362 0
782454030 13 0
660263233 16 0
144136623 239 0
774049700 225 0
900083547 337 0
387876322 309 0
368327186 421 0
738260679 385 0
19829441 490 0
227963102 463 0
995923839 456 0
829419099 22 0
759947795 314 0
247385403 445 0
867325625 135 0
114142121 340 0
808238885 216 0
227648163 9 0
28307912 59 0
567452381 34 0
600857937 84 0
451996645 112 0
190207606 201 0
239040391 335 0
579274739 327 0
786796402 17 0
313015506 381 0
727430939 40 0
758806765 392 0
540284385 177 0
932212145 419 0
119236465 142 0
980780324 245 0
781977707 45 0
803936552 360 0
474344261 167 0
607278848 376 0
626814319 184 0
542046995 298 0
653753016 188 0
543640304 75 0
917766895 492 0
918403986 108 0
395862989 12 0
915683300 85 0
827605266 333 0
625981319 373 0
897464557 278 0
682573777 115 0
509023392 412 0
486369049 319 0
856266595 164 0
586667057 222 0
774983561 399 0
693055539 170 0
822890977 487 0
418732672 60 0
713049438 396 0
242602245 300 0
956824314 198 0
300063424 480 0
858247638 401 0
365773954 420 0
335001509 205 0
304411638 331 0
38942539 31 0
436034785 171 0
733841856 224 0
403210923 15 0
641553210 27 0
672086557 349 0
924497547 161 0
605047147 72 0
666139847 467 0
824493173 414 0
33666857 145 0
274755401 471 0
214166326 219 0
655765228 402 0
14006563 251 0
807859290 497 0
927914611 65 0
587652554 267 0
823014116 193 0
370271285 380 0
802752395 166 0
77636377 348 0
980740669 36 0
558390393 484 0
827810609 338 0
869665577 350 0
704134883 122 0
422961479 429 0
286369338 126 0
416774412 431 0
800360172 223 0
554686404 372 0
195708449 211 0
223970074 443 0
733347670 236 0
817709209 389 0
92069764 494 0
798274927 345 0
680053889 74 0
619992179 413 0
965276837 293 0
395459688 440 0
887326383 450 0
866574979 250 0
105136106 301 0
86838058 315 0
757244043 306 0
747928830 305 0
486520413 477 0
842062875 460 0
417874847 102 0
8262558 76 0
19751980 19 0
181959015 292 0
2350300 397 0
57220127 423 0
852608298 437 0
954571644 137 0
310928662 253 0
416513219 35 0
302234956 242 0
42279310 23 0
156142470 481 0
228777679 384 0
904916782 140 0
384296980 191 0
997122630 446 0
682875660 94 0
909717132 341 0
775000905 227 0
818140888 25 0
513461318 391 0
47338697 316 0
328319404 326 0
319937696 202 0
689766352 344 0
888196971 66 0
360980608 371 0
277359973 0 0
93319679 212 0
445808284 88 0
775477837 138 0
309524948 30 0
240119978 128 0
506849195 69 0
432479069 355 0
709829117 311 0
546596273 403 0
575656329 295 0
423047232 475 0
857979860 272 0
362487155 370 0
225472845 207 0
79109192 230 0
848805809 325 0
213750102 158 0
979911856 48 0
623086606 307 0
899897553 302 0
835016258 70 0
174558866 20 0
245688811 428 0
441197522 180 0
553426214 304 0
492769139 438 0
658342527 41 0
745990971 289 0
275585906 478 0
911543290 28 0
628252462 200 0
664159218 498 0
442631580 176 0
340951410 186 0
434316958 220 0
559835587 206 0
291816859 44 0
362655304 129 0
846441275 154 0
769306592 321 0
103267183 240 0
766435471 361 0
471912883 405 0
564651356 175 0
905675159 454 0
33262716 217 0
446318971 218 0
454843311 98 0
254052249 141 0
605863145 254 0
103146823 92 0
861463349 96 0
350773885 42 0
667609558 136 0
685676949 275 0
742173103 110 0
74207058 120 0
856687332 418 0
449449252 282 0
626576576 131 0
633673640 238 0
628249048 189 0
990007669 82 0
628955761 151 0
587236373 33 0
446613790 247 0
425817425 97 0
788471213 287 0
173577905 57 0
139915331 488 0
415667522 452 0
373505734 90 0
832146841 106 0
553060986 252 0
775738392 386 0
140692462 404 0
660170607 178 0
208363801 148 0
203959653 162 0
712618431 190 0
565739480 229 0
537949721 179 0
373853186 132 0
773851060 100 0
908903421 209 0
143171224 160 0
618321032 234 0
37047981 308 0
867210507 150 0
138005850 284 0
272484824 134 0
167498607 280 0
685310643 127 0
582741828 485 0
924173204 323 0
996046626 194 0
790616490 459 0
63253473 461 0
656698531 426 0
952142289 286 0
161405482 199 0
410552285 165 0
957649841 483 0
469949165 8 0
583518320 4 0
512833420 248 0
565462444 296 0
564939723 144 0
33862460 359 0
408780132 109 0
705849928 329 0
801584161 83 0
609477716 364 0
61816958 265 0
597185148 262 0
746073741 353 0
115276544 366 0
781038873 351 0
686492419 277 0
913958670 26 0
377622671 417 0
130437911 99 0
885071068 406 0
568778121 436 0
138374354 390 0
600359551 271 0
820219339 486 0
79087685 195 0
987250332 496 0
237592057 77 0
15205589 231 0
75037295 416 0
220479048 118 0
652792149 356 0
484275400 493 0
31960727 228 0
2243122 147 0
329510404 455 0
290302641 116 0
597401905 53 0
840808764 320 0
56085405 62 0
703527011 387 0
384661781 68 0
964469579 55 0
711786586 439 0
170539255 427 0
45925888 58 0
600434632 479 0
879446424 474 0
58207558 187 0
216010513 317 0
186144288 244 0
931398235 332 0
985266801 11 0
323245388 434 0
490948676 465 0
292962759 441 0
637646938 213 0
234326043 111 0
34218282 290 0
943476648 86 0
843426856 266 0
821980103 73 0
582197578 124 0
916243179 330 0
939327687 276 0
527611907 310 0
658929953 197 0
113434659 342 0
706919270 107 0
457038434 114 0
505051057 453 0
421178885 243 0
43763703 38 0
211047132 117 0
226213119 264 0
207212524 46 0
320035250 430 0
914634318 203 0
680231060 79 0
776083542 394 0
944342930 283 0
876740854 125 0
895653373 482 0
363806564 71 0
816991446 268 0
190657786 442 0
152425804 263 0
399740766 139 0
251431810 358 0
470184674 174 0
724193684 449 0
227477805 185 0
699171547 149 0
460564506 143 0
581544304 2 0
993444064 374 0
710929391 261 0
320884594 155 0
908730749 81 0
334191143 51 0
77032971 495 0
729734045 408 0
37864155 379 0
561804507 411 0
17778498 378 0
629525941 448 0
365808560 476 0
984796532 3 0
484714221 7 0
199514549 336 0
687480229 1 0
901398929 433 0
348939814 354 0
246719742 181 0
22386791 291 0
424117364 407 0
267473483 18 0
147097811 274 0
465810983 357 0
52083587 285 0
585967489 95 0
446711516 363 0
31023643 89 0
589202632 63 0
379676463 246 0
697646503 352 0
140738299 297 0
450706802 468 0
729400959 313 0
305423650 435 0
844146564 393 0
735807570 383 0
139984096 347 0
821018915 32 0
521474808 105 0
132921439 104 0
878264454 270 0
702267872 37 0
707551132 303 0
739941682 258 0
395225321 457 0
683241079 324 0
937223993 208 0
680035211 173 0
841216322 451 0
33567080 491 0
772642716 14 0
859004362 388 0
893283601 133 0
708285205 172 0
913177367 410 0
509390454 119 0
14736537 294 0
249970249 43 0
599062781 299 0
542983354 400 0
807000930 157 0
511317678 10 0
195027497 163 0
719830755 369 0
939920567 103 0
355407701 260 0
62826360 249 0
644212963 159 0
991282214 183 0
213237554 447 0
11883594 237 0
154898129 339 0
99727363 47 0
41728926 29 0
738086149 328 0
149481319 50 0
871101924 489 0
565254356 256 0
654340498 273 0
574475395 146 0
721962790 395 0
45531252 49 0
649539038 322 0
614896550 346 0
242841447 21 0
859393026 226 0
835471963 469 0
378752632 499 0
55568138 215 0
55851879 259 0
473247356 121 0
402230594 368 0
767310262 432 0
339604335 422 0
456244540 169 0
977696114 52 0
329586391 210 0
174434890 56 0
139511192 269 0
261758491 288 0
425447964 87 0
449457676 235 0
942749456 382 0
43534962 152 0
483942903 318 0
814485294 377 0
458803242 398 0
893006930 232 0
896435744 153 0
672920330 444 0
248840943 93 0
560462009 182 0
114621970 156 0
334589026 204 0
159806828 257 0
97988169 221 0
572418445 425 0
838133209 334 0
430987827 130 0
596908488 473 0
33644306 113 0
94878840 470 0
818006231 39 0
437081760 192 0
716436586 375 0
380364843 312 0
545138803 365 0
458517344 343 0
401582880 91 0
902161986 367 0
750558756 214 0
901486137 6 0
158350594 462 0
675062257 279 0
787471242 5 0
312868225 101 0
196123812 458 0
680231060 682875660 486369049
553060986 45531252 154898129
672086557 820292754 93319679
738260679 772642716 687480229
807859290 267473483 446711516
773851060 664159218 195708449
513461318 913958670 208363801
37047981 387876322 469949165
774049700 139984096 55851879
149481319 943476648 33862460
582197578 43534962 579274739
339105687 442631580 395862989
775927310 237592057 900083547
997122630 33262716 774049700
909717132 721962790 540284385
436034785 924497547 379676463
680231060 829419099 198604550
384296980 446318971 702267872
565254356 704134883 952142289
775477837 683241079 213237554
707551132 553426214 707551132
509390454 597185148 911543290
788471213 846441275 848805809
422961479 484714221 944342930
56085405 693055539 781038873
579274739 757244043 114142121
846441275 105136106 465810983
772642716 991282214 198604550
727430939 492769139 505051057
931398235 814485294 423047232
943476648 832146841 776083542
421178885 174434890 19829441
707551132 373853186 781977707
869665577 666139847 158350594
572418445 401582880 277529368
904916782 373505734 181959015
310928662 990614828 174558866
234326043 973971797 17778498
