77 62 4430 100
50334326 29 44
827439703 62 27
888428960 67 34
643269263 50 60
338476622 11 24
69940253 22 14
416348183 71 48
890057231 70 60
594392147 40 14
917657441 60 29
412444875 69 16
917818071 16 20
464676271 31 9
121755661 30 9
356290252 69 59
888831948 52 2
288863229 67 19
183540638 31 5
772962530 56 43
589072035 69 17
326295504 43 5
40773541 44 7
249739271 21 35
921944682 15 8
507157290 7 41
721032778 44 54
901853163 65 13
350743552 47 25
253681157 11 3
6700740 19 52
417410927 1 55
744712856 66 52
783756494 45 1
178618338 61 21
347265322 21 41
554093626 27 28
187564772 39 39
279547525 71 50
601779687 10 59
777998402 67 28
880720670 50 16
500231203 74 31
501633829 26 0
205757407 64 5
419049538 50 44
991067462 5 29
805497238 58 46
937629333 27 44
731342735 58 43
910044683 0 10
927248800 13 27
179984572 16 30
25970484 19 22
707427492 24 44
202220511 25 42
644353534 76 2
49478870 5 10
94591446 21 59
73557921 52 53
552608221 6 39
158812174 33 2
256255356 47 37
475646824 35 14
650369579 66 26
578353385 54 61
499735810 46 49
25050476 7 29
121062287 62 34
239072358 71 14
694431722 32 34
568907799 24 35
855610887 24 23
817070843 67 9
166757963 14 34
933015687 24 5
37074785 10 28
816822033 9 57
567492429 28 46
884064015 39 50
441035712 40 9
816302467 56 35
239318446 63 21
374134198 7 37
67979805 49 47
467293219 32 45
615406144 37 61
15393462 1 25
513806532 38 9
567717430 53 32
330228328 33 19
30379262 61 53
974590419 43 26
159314675 56 30
965632673 16 14
268604593 37 9
718409150 5 12
993829383 42 41
342579447 64 23
694571429 10 26
780391374 74 9
394354707 67 56
157134221 46 35
772507109 39 33
984844957 54 38
988400940 65 26
336425751 29 47
914103855 10 32
464295579 3 50
999458651 67 8
650280288 36 19
737151095 26 17
718471820 0 56
967205659 35 49
681506246 65 8
995152482 66 54
38504968 40 40
337400798 30 29
55739321 4 24
984035788 20 43
322722810 5 51
450437256 39 59
862142271 66 47
24295235 60 2
618147618 48 27
513064946 68 46
905735539 62 6
977924233 10 20
979070611 24 29
667403624 47 31
529750786 49 23
854912789 12 40
22734901 36 59
751832364 35 52
182688428 62 37
264087699 36 23
409422660 8 24
17570033 39 24
814155209 39 10
318786400 73 3
438051023 27 47
104750176 65 38
846478529 66 29
507377423 50 43
315737658 2 60
956473238 74 61
24843155 17 10
737413862 75 49
987661756 73 5
769582500 32 32
897788495 65 11
920074849 34 32
829171426 70 13
932350222 47 54
16687516 4 47
736149422 27 27
577848586 1 27
461183565 46 31
551656243 11 11
960017968 36 47
676480489 31 54
944747597 73 57
147310177 27 57
194061053 60 38
424344582 38 21
260113135 27 61
115660425 56 19
295681888 9 44
748817212 70 28
419626376 34 29
346751392 74 44
14430039 35 56
466516284 6 18
427160417 56 7
274910896 51 58
378597397 18 1
31929352 58 47
332585525 33 31
349253717 13 47
768438401 74 50
910436474 43 45
107734197 35 45
228521283 22 11
887907766 17 23
131543227 10 19
553735943 2 32
868764862 58 52
771326849 54 18
607554764 56 18
334219587 19 42
527085856 56 50
799638246 9 52
506318080 68 1
127970805 28 38
294287446 40 25
428435612 74 2
350123648 57 50
271079070 16 48
877743203 75 45
92687756 1 29
841601990 43 22
447326259 20 1
920239580 6 10
238692182 34 45
990425378 60 20
511206812 47 13
818801259 13 2
888419019 42 29
665832760 42 40
214185526 7 31
947447117 56 61
316440180 43 12
533091712 45 35
151674450 14 50
62582227 55 3
692955914 59 39
423162053 22 48
98330036 11 47
727311333 12 61
339817980 58 25
871608743 43 0
905719316 52 7
823046266 4 31
886483948 18 45
759470873 70 56
206593440 67 13
285940769 11 27
736873266 57 4
294816995 24 49
707627896 75 7
681593211 24 19
271761495 2 2
689721889 52 4
785135153 39 18
296435134 63 24
241174172 38 60
988282306 76 45
596160595 27 0
925268276 27 34
897553009 9 53
528220938 66 42
881986779 2 16
319821242 14 59
844742654 72 18
272776720 28 35
390410170 12 28
984579905 36 3
461216669 18 10
312729665 55 30
768321107 6 36
181217361 48 54
9204317 34 36
341690587 75 19
628571649 60 36
204641921 12 23
193383041 3 6
99926387 40 21
505053327 70 53
328839424 7 25
214194687 74 16
840362095 5 35
79546046 31 14
127618831 51 60
693495042 31 47
505812365 48 14
105804483 3 57
585664645 22 47
816001641 70 14
302555226 61 43
189401798 31 7
697662026 3 3
518491717 60 39
322927804 69 14
88383331 18 14
999154396 72 51
338279519 6 34
295047529 26 45
838893613 42 4
284286157 15 44
578553519 52 44
603037805 27 43
265956902 29 55
304912194 22 7
537478118 43 13
888162728 67 22
935237193 48 24
163444342 60 15
551906277 75 38
181757774 6 60
573965825 33 55
137200693 35 13
589612100 60 1
853361253 65 43
133618095 30 41
197721185 27 42
240665804 69 50
748468042 71 44
263310119 76 48
432016241 74 17
598802429 24 58
358479404 51 20
500575283 17 3
620630765 30 0
668767625 8 20
639563664 20 33
103724815 68 27
675670515 42 35
292115671 47 57
207129803 11 53
940169451 41 33
40620981 70 22
439572865 5 60
53110923 25 46
410239085 23 34
198699513 74 52
196380630 45 58
196064591 34 47
638012460 64 18
304661912 58 9
967144793 12 31
749096426 41 26
592371510 14 55
549226751 22 49
762255168 68 21
791626756 9 58
755020682 22 9
417472689 52 36
540753141 40 59
154498713 53 7
999791263 7 50
787637186 66 12
948481177 18 60
825001592 43 60
235485148 42 25
881147485 14 0
374433660 32 26
559203525 45 25
626405149 38 38
862330944 26 10
128109222 55 35
112426359 69 29
2610485 36 8
101083451 68 33
721664338 35 55
159930843 67 41
917536870 29 32
289858997 51 31
434896749 44 51
12225807 8 6
604060394 40 53
134718247 1 3
497434139 0 16
6971016 31 34
653998446 24 30
654429342 16 24
877810739 20 41
971562124 20 22
603256210 30 30
754341693 16 49
45180606 16 16
559064761 31 39
833864810 60 44
267309241 28 20
233653116 3 1
759598716 14 22
591565568 66 27
125209051 73 19
243487582 48 39
307389851 48 44
24069839 1 5
25037570 25 48
583841037 47 44
41951404 9 61
672417353 30 7
9968286 46 44
790089570 69 2
156800923 24 38
42382675 76 44
152886198 59 58
402044396 69 28
811482664 26 53
845644228 42 17
687037027 23 55
554068845 75 35
391048806 75 27
700698601 63 11
933623891 58 57
959564893 49 58
590284094 19 33
797526276 58 22
290858823 23 37
195036518 23 36
67132138 67 26
841992136 64 4
857356181 16 58
946121190 56 12
364738426 53 28
524218079 55 6
918061734 43 57
920601712 38 1
819150674 14 52
53291364 70 11
746861945 49 22
433900875 64 43
339069354 30 12
69861737 38 28
143565086 26 9
965997297 3 21
135227149 50 10
465652339 71 6
415591740 57 1
846590610 32 3
708153818 50 2
320800249 2 14
92093581 69 47
296533134 24 39
29471942 75 52
756876776 74 23
115387740 34 51
30231807 5 59
932132696 70 57
378821410 25 16
111410190 34 10
625958445 75 46
194801260 54 8
702561786 36 26
125613974 37 50
191279895 34 22
925715121 55 15
988428985 31 12
570809342 49 30
858527217 4 56
757765931 10 54
436413981 68 41
569306341 23 58
607950496 29 37
67715505 72 55
567297493 30 6
807699964 36 29
31547200 20 39
746808688 54 17
88116486 76 47
999950728 76 61
87563935 46 23
582030182 66 34
893410505 46 41
26343139 29 43
891545279 49 32
942246120 37 56
813218986 73 16
167817467 53 34
847549783 40 33
301921308 64 19
84166443 61 38
926582994 50 14
155490899 20 19
120596096 62 35
91291711 54 35
565462012 44 14
526207056 73 8
928355169 20 21
356356047 24 13
740725028 45 9
364264737 46 30
230147685 35 11
775274040 71 43
111343751 62 36
563702861 3 53
780086786 18 21
461111499 73 11
459413111 6 45
248146830 30 54
702045700 35 8
814066764 54 23
816700377 43 43
770252627 70 32
290843147 4 23
418298740 63 56
657073832 34 25
918832447 41 38
377434634 56 5
702889327 29 53
725339760 23 56
852266152 29 61
960580298 24 60
169067615 34 19
684573395 38 11
175370520 53 20
180506213 16 53
500253655 57 7
295692808 13 29
805906128 71 25
387336395 3 24
276612960 40 49
442866519 63 44
180055360 34 56
369314880 62 53
634513655 73 7
554840478 58 55
329670032 65 33
465088988 29 19
658737549 23 4
572797903 3 0
987217691 4 14
710844938 69 37
145416070 10 45
547303279 66 15
987966446 43 1
580233993 76 39
297262907 25 29
878327065 23 39
439761742 24 0
700516718 60 22
258518392 61 1
818640121 65 4
997124143 27 41
953853088 13 16
777717758 39 20
415184210 14 42
85100477 46 29
700791643 20 50
844776962 60 13
359354104 72 57
886717911 71 13
543283758 12 2
593805996 43 11
780549079 58 30
139067791 16 6
585481212 74 14
334177689 4 42
409882986 9 23
906762155 51 2
527529087 3 33
40576858 66 23
541610308 67 60
746925863 68 17
927100608 58 59
574841331 16 46
438580107 3 45
160664497 57 55
102177185 11 41
233052509 48 5
438632312 58 4
153336876 72 59
532017747 38 18
173337092 46 58
102022616 38 20
226036525 51 57
187138784 5 54
763937097 17 24
176870286 42 54
330522497 36 50
247765666 61 61
131223553 59 14
818620942 20 10
450855589 44 31
805124298 6 30
611858676 41 54
481505252 26 16
602671436 35 23
333536986 69 52
632618847 40 11
174044459 68 15
22093277 69 27
490415915 73 48
3294066 53 50
564689943 43 56
374388979 39 16
698786664 45 42
10558675 51 35
299806059 51 17
158223323 39 12
549120785 15 19
680847130 20 11
892504323 28 13
535625497 13 53
915884537 49 31
739680851 71 29
508910668 65 18
817691875 72 15
50218185 44 53
221665663 76 4
180640455 12 32
170016164 20 30
690176891 61 15
48828690 55 19
623990410 62 29
295851131 15 1
208567775 48 1
883387255 5 14
244518590 27 19
229715386 24 14
944414745 40 61
495881095 67 1
103736866 62 51
100932967 36 13
643921185 20 45
939848470 32 18
528987526 55 13
366830014 49 57
502437186 22 59
488534375 57 44
386215505 13 57
788581292 7 5
828178075 69 45
842974130 75 43
263885564 43 9
429034838 35 10
131403169 32 25
568799141 11 19
844083093 5 0
769212048 41 39
862378907 37 55
952190944 51 40
26044989 39 30
749222247 8 56
18457381 63 38
322926712 61 57
229179306 7 19
310339736 41 17
579001005 38 44
214209396 3 8
748913574 12 18
869056022 10 38
317255929 55 43
569103187 32 19
722228110 31 31
864743816 36 11
877841312 33 48
79263621 37 41
469857492 66 0
898852040 59 17
293717388 22 34
427934957 14 17
816707965 30 27
431107173 65 56
69625726 1 39
324357222 68 34
752384163 45 49
102792226 21 7
867599498 34 24
694235962 69 22
219522804 66 44
30685557 10 50
585126038 58 28
793063852 10 7
241168177 39 6
197473289 43 8
802994400 2 44
351980912 69 23
94555312 68 3
686065724 25 53
287948405 37 19
651283502 76 54
297662939 60 27
39893921 42 14
300040891 49 24
815740930 29 22
447276207 30 45
613163392 49 46
831621096 53 39
46492671 16 17
68120894 16 41
733108561 1 20
516331912 60 6
213176999 12 47
693574189 28 0
424709445 66 50
85518587 8 18
517717621 45 39
325920054 51 41
887409853 37 4
955322868 23 47
707730003 72 43
465277352 7 8
668285648 49 5
554743035 9 39
501416996 47 39
54323426 19 31
312033482 72 58
579212268 28 11
994975547 64 17
722644187 54 53
715304103 66 51
917028982 1 30
412789474 60 34
230917789 23 31
703178140 4 37
3322525 44 1
615056597 13 38
678536901 23 50
657235599 53 24
935304505 45 38
306298308 48 45
157672453 48 55
23407258 36 7
608364149 73 35
733800404 65 46
703083939 65 6
11235212 67 61
225432144 15 47
538926879 9 51
968076791 65 28
454817383 27 12
70710047 34 40
357013551 33 0
96496369 72 11
764053475 5 3
933173769 5 17
567373959 19 56
997310608 70 18
905194730 67 57
663188874 23 43
154218778 50 57
911782764 19 47
577738010 19 2
59606001 50 20
331322578 62 24
554051885 45 56
922431302 15 14
435153377 9 31
736091402 6 31
525232913 70 17
496838645 22 28
415840468 21 1
878886421 3 36
60130922 36 31
709873634 52 20
330252691 49 48
87641525 71 52
351816478 19 5
199035002 72 12
367772351 62 48
482046884 48 60
54727205 58 11
647758945 23 57
267817804 64 53
16462863 49 51
539285007 29 18
358476781 14 54
561706752 45 55
652038165 63 37
427332988 24 16
57981865 18 9
739201273 33 28
902891084 18 37
926306209 26 29
687144660 2 1
260129316 30 42
413691709 2 5
122501833 58 53
219950560 33 57
398728647 23 44
49190371 22 26
263844050 38 15
618792691 20 52
416980471 2 6
863620144 59 6
448284588 14 4
306991721 2 40
247029795 47 28
995064201 50 47
706447326 45 30
90200912 14 58
585992071 27 4
510451013 73 12
167218945 24 1
684610538 12 49
222313402 36 30
800403761 22 3
437010498 53 12
651265583 53 17
21373729 56 57
196932110 53 4
976611556 7 42
901414984 44 21
224606585 34 0
506533394 3 20
209974460 40 38
373718805 40 15
959502929 65 19
329302371 12 39
943211699 9 40
567863976 68 38
393660813 65 23
386383007 8 11
559307592 51 33
438066376 20 34
670834149 26 42
959721303 56 22
216449291 47 5
399690095 75 48
45753699 33 25
521714832 0 54
414945571 70 36
14997836 39 29
751542761 45 57
110357824 25 1
193614793 8 15
85180482 35 19
403749801 33 47
993091799 24 28
621858507 11 49
792681447 28 45
1253291 72 60
201255347 22 57
633491466 11 42
107323398 18 34
141810762 73 33
162237354 73 0
331101180 50 50
920728349 66 11
34906039 30 13
574952581 13 28
335372331 56 21
434301152 4 52
968877173 28 18
806691455 39 2
500592563 64 48
396876980 50 34
413796827 66 35
389505738 48 28
838332360 75 33
604339253 49 8
217198229 46 26
913362954 9 8
92647470 53 52
339076016 40 55
677940003 31 0
528752856 55 52
41843135 22 16
668544170 76 1
308712025 31 10
847468608 14 5
290978537 3 42
565174871 53 44
390501854 72 22
151279171 4 43
886544941 72 0
227910179 59 25
83628205 24 31
989388374 15 36
471809185 33 14
402606125 11 43
541190550 51 50
887900641 22 43
16732783 41 52
183896007 66 57
912836542 49 37
291705025 65 2
189170004 61 16
522057720 24 43
56598810 19 30
750203335 11 26
81622306 29 12
592394746 35 33
574861560 52 60
563915575 13 44
752012862 42 46
592764348 51 5
764385399 16 51
740373834 21 26
396262946 27 37
185383520 25 30
279379211 16 59
235681452 61 18
407687644 4 13
599843006 10 43
803931898 21 18
722289406 40 26
896674958 3 40
961507808 8 22
625477089 47 41
613087573 28 5
952549868 33 10
425131908 19 19
424546095 58 54
900560569 16 5
69407425 68 54
154702493 50 4
146653352 21 43
422460071 74 56
390748010 56 49
947161042 22 12
550968547 66 19
935687056 37 0
517102169 13 49
434346494 43 23
110499789 27 29
869839704 63 27
938920595 10 56
903481518 45 8
790637860 29 16
831405527 33 54
864980531 72 1
810240166 0 51
821023997 49 55
496660316 28 58
272618213 7 7
837527644 17 50
221801023 34 20
619109157 20 12
135636587 7 47
258933883 54 24
425419046 64 0
206728167 4 10
676169500 16 28
828844130 10 10
14119360 18 18
384244812 41 12
605577824 51 45
193377443 73 23
224344691 34 49
177443184 69 25
19188021 16 44
800057220 31 35
454684277 44 26
814448996 9 28
68433069 14 57
864102273 29 7
738194003 58 40
107179436 9 1
352838254 3 30
259709384 74 28
814932587 11 56
997210048 0 46
802691888 76 24
993507003 16 0
525128561 48 11
747368334 56 33
635979587 22 5
350270578 11 8
778725102 39 1
537744886 44 4
512951558 54 44
887226678 5 42
805679548 42 23
758742861 33 29
838323057 31 58
135760903 8 54
100555404 30 28
333507035 1 50
743843980 65 10
542570264 5 23
646563936 29 57
190986845 67 25
521892341 30 2
316478541 2 48
258454289 25 24
760845955 63 52
344410975 6 38
428892100 66 41
5278666 3 49
662905203 18 25
753540365 68 18
172981321 44 15
193910667 49 44
233926724 61 39
506820187 7 52
959706592 12 56
657750439 9 3
420348548 42 52
917386294 69 38
997343807 42 39
478782534 41 42
119500979 42 26
875230622 58 38
516418897 8 4
144642276 8 39
65472198 50 55
929842731 3 16
661350836 24 40
53702864 43 52
255073957 15 6
255344262 26 18
455052604 1 41
345784750 75 11
212003501 26 31
40133355 68 25
346172270 60 30
870690805 75 3
582853678 37 7
105284526 18 46
986860550 52 34
805663602 51 46
606419437 44 34
50089394 52 58
527890289 76 53
940311491 25 6
537778852 57 33
406121715 45 11
323261267 72 16
106739421 6 48
204691838 40 5
823701246 62 0
923117827 37 32
49817479 8 45
879487131 47 17
571773300 7 51
844588042 10 30
426737117 55 53
409483666 70 5
414013067 56 36
600896680 32 10
574555597 18 52
146746858 38 3
713950604 75 59
206750287 10 35
473364893 41 5
625716127 14 60
818541910 44 11
382091814 68 4
584032867 72 23
644753316 57 17
900523226 6 55
978094471 27 17
621951115 44 9
394235995 25 25
93962141 21 24
798747777 35 22
298810966 52 0
21802014 59 60
621699641 49 35
827511894 41 32
685680213 14 21
539281850 33 34
263352539 8 38
630688766 12 33
3219442 49 12
744642287 6 7
280489927 2 23
568025763 11 40
769114599 27 7
559971569 74 24
48007632 38 35
232463395 61 60
673758916 38 22
310877930 29 33
818801376 31 57
345996690 59 42
992296813 31 40
7908470 54 3
81013366 4 46
582056373 15 10
485692314 30 61
657192997 26 15
178409507 32 41
822180231 14 15
937765462 15 40
178150908 73 49
526403084 70 12
824276663 46 11
517679233 8 43
874410484 35 59
60093803 61 11
710709801 13 8
801205070 34 59
992448122 14 46
885229838 41 21
771701361 43 32
993808069 38 46
27431149 36 34
917289430 74 1
221865051 61 36
482521666 15 25
927418916 75 50
724970298 71 40
842974566 37 35
759188724 43 48
185034981 57 19
308275138 43 47
216665155 18 50
582382175 73 38
897321071 64 29
139203468 37 24
876888923 21 54
908469979 40 58
792342769 28 12
374542537 1 43
918364999 57 26
375315986 22 40
985377296 54 19
702599233 12 29
189076309 17 46
439681926 69 7
281193317 28 10
659745227 56 26
109398026 11 22
121812744 31 55
521114877 39 3
687489750 42 15
914464667 36 56
502686018 25 7
354351575 18 48
357447396 51 9
536214130 42 18
218655791 6 32
659513450 59 51
181416457 57 53
91467695 60 58
107988893 66 21
204298524 73 40
942367088 0 11
521971620 60 46
158554546 56 48
394203340 34 6
714651094 15 53
597073496 18 2
406935396 5 33
728253257 53 61
326941709 33 43
834625030 63 39
207761663 1 1
679915480 67 43
159713147 7 34
154083739 29 10
4996772 39 57
424150962 49 50
794116248 16 27
149017915 70 1
769725636 74 36
66474627 6 11
340431731 13 22
572390076 0 4
69975208 26 6
718577901 27 33
240439854 30 51
750113833 16 31
769212141 72 7
904882435 30 52
277999486 43 14
839654464 22 33
20427776 41 36
486083278 23 24
593519404 36 58
687319797 28 61
281635494 38 29
652805323 5 48
32211094 29 40
851759597 56 23
262669943 47 29
113204843 23 26
59039022 32 50
776638212 53 55
546482270 70 19
853745810 17 15
428972282 41 34
552658119 50 15
525440283 63 57
922629657 25 58
652835091 44 36
853759227 68 14
89743809 37 8
230733901 39 31
772089894 63 1
574711060 32 48
915911224 20 58
684740973 57 23
69744374 34 14
798346430 76 8
663973308 22 38
724001583 13 15
563194071 39 55
320243800 24 34
841199964 11 48
304077115 21 58
967169077 65 5
460255092 46 22
444954748 26 2
845693359 28 24
580862219 31 8
170482521 69 56
885574995 12 22
286479257 23 45
90228589 5 11
201980801 56 10
218319214 16 3
293780352 57 9
680558590 3 28
360684571 0 18
338633771 27 55
348064732 17 21
885556346 10 51
546309770 3 59
372290879 76 31
959265177 0 8
10247214 4 53
653223396 19 9
488128817 65 47
515999385 0 38
454852731 37 51
225871731 21 11
125624796 53 41
3735599 8 12
432939350 19 45
807214904 44 6
238925041 53 22
792644516 44 39
578099147 27 38
707476067 45 26
592672882 31 16
29877 13 48
918197878 69 58
730918364 5 1
829215544 26 32
155786771 33 3
178188808 41 57
444868286 61 0
323129199 63 47
261413858 71 17
165415368 12 45
278109398 22 19
981307669 7 9
294632506 62 47
926753295 13 34
397348136 19 35
826238078 2 9
882602409 63 61
402263755 33 35
252577386 23 8
814902483 58 48
43181999 41 43
124593661 73 55
479189896 46 16
746791566 44 35
917511489 35 46
819964475 13 31
145384990 31 48
106326015 31 29
474992455 45 0
906040110 67 11
609860865 28 37
264189898 48 36
557848863 42 56
151329813 17 44
266951863 56 27
827252071 26 22
834572055 28 25
314882625 29 13
328845817 13 14
581961633 17 30
870603510 68 49
213850007 12 13
613593144 27 56
179105048 62 23
344729204 6 59
431089425 37 10
865963542 34 5
556247231 76 42
73020861 61 44
908713789 13 39
408085481 72 21
619771998 53 19
597814258 46 24
614474940 61 12
835840571 22 44
925715217 36 54
184534439 24 52
628817092 73 52
469503052 57 24
255818695 1 21
998318950 4 22
322313119 28 31
334723726 11 16
417979331 15 33
821852203 11 9
845932842 57 46
760723752 4 36
643978015 26 59
289864167 64 2
138648407 33 26
463423093 70 27
107620164 71 8
672931326 67 45
793945259 64 46
367108482 38 41
390168436 74 53
343592904 59 24
472568512 23 41
848739987 37 13
122516801 51 10
846306067 76 6
341908677 75 17
686175646 75 23
641644306 74 8
981295775 48 0
979900921 30 23
886179022 26 40
567391397 33 39
466696353 59 57
748775987 64 37
958875905 24 51
330234247 19 55
921682241 45 15
875148893 56 8
10302027 16 32
282535838 59 15
175528732 46 61
437239540 8 21
455252593 34 35
809759136 67 5
192590274 39 48
995590282 61 2
590417263 22 29
344280985 34 15
504495161 14 26
969935429 12 57
908497907 23 7
78479209 60 35
959854968 17 40
119105117 18 22
935168991 41 0
366875460 63 2
468625645 75 61
349503649 48 21
446038218 37 6
944351280 46 36
391901432 73 51
728773875 29 3
951887488 4 58
994702474 1 31
400608109 9 49
690456007 19 29
532361086 36 40
621038209 41 11
555703318 58 26
890618536 54 16
673398135 12 37
452582042 25 56
569620783 53 33
649185460 38 54
612759505 62 54
507722282 36 4
562413032 39 15
931059483 28 51
925776937 74 3
732613087 73 15
171006183 53 48
283761059 44 23
984756427 23 13
909137464 10 17
236434627 64 38
782924071 75 55
391927610 58 56
256951304 54 1
764253322 22 6
219741715 43 25
430885038 48 31
880025847 7 26
664825404 21 53
630227690 20 53
168230033 75 15
900220417 7 58
965888333 63 60
862942913 8 31
686458625 17 57
6166517 48 42
576591143 75 58
724813761 62 56
284536658 64 11
737003511 38 49
701573030 70 54
215434152 20 37
571591817 59 5
418267646 2 13
696991130 1 48
466621513 27 1
486343137 19 34
909099862 5 52
740896584 42 3
351137799 8 5
460347722 24 17
191026464 72 20
199911145 46 6
519745630 46 52
483681253 60 3
568547533 3 10
25523498 71 58
482727515 14 53
809944201 65 50
605642407 2 36
279016363 61 5
855718174 20 35
88458306 17 56
340805193 54 59
241810304 52 5
275788383 31 38
136964300 15 23
902924577 9 26
740202931 1 8
923079911 71 27
49520412 64 51
449987829 18 0
397445055 18 55
728169746 63 3
434638808 69 54
462039643 17 36
606202391 70 48
931693908 53 51
497063386 76 58
872222015 34 41
519359133 2 52
421473968 19 11
472723632 47 46
996777313 71 49
131514155 54 20
923930434 0 15
871327007 49 36
419781332 54 29
917028878 25 2
396603063 39 0
788413852 19 59
330816129 21 28
782228613 45 28
729010896 7 54
584690897 39 25
511044770 24 56
910270790 57 48
515152355 72 3
321423902 25 51
609863495 54 41
220684026 53 46
282226522 10 4
919968278 11 14
51976916 43 6
926040253 67 4
189796913 15 60
415197438 24 36
557960833 47 14
903746719 76 18
319460220 36 22
401078097 2 39
795814617 17 7
321872933 37 54
368941791 32 24
678221886 9 5
505398331 44 43
516652232 26 30
587951892 26 5
553476136 0 29
747364188 57 35
615152244 34 9
645225065 39 37
860958501 10 44
348962755 7 46
227504651 27 30
242072895 47 50
727704448 35 47
6594636 30 14
398401504 32 20
221627020 25 37
64887352 20 49
590797734 1 23
335072317 55 10
276107866 59 3
869682046 1 13
463400661 55 47
506460637 49 20
176282694 76 38
312380219 21 9
691915184 19 23
693611122 48 12
889374209 72 33
88571784 76 9
560126308 15 38
762792224 72 36
998097875 58 37
298512691 22 46
833297647 75 20
446064384 4 61
281964307 75 39
424984641 6 14
346322342 28 30
691794846 42 6
617358000 75 12
950726246 48 40
770478511 40 22
323728252 65 17
549876139 61 23
134029711 46 53
628362888 31 18
205568653 21 29
866928026 3 17
463808600 39 26
365945726 24 33
986492090 46 38
402256679 69 55
995662998 7 4
729730103 3 61
796079713 23 33
993854095 70 45
945852879 41 18
194807593 20 32
843118288 39 4
397875236 10 12
831544253 70 58
345524256 48 50
774131406 29 14
579699916 39 43
694602448 35 17
550756540 55 29
370416403 12 46
833884799 7 59
127438504 68 56
591536368 16 34
564825804 3 35
384255692 46 42
52441246 22 36
957940101 72 19
552151576 67 15
420899157 62 7
438689852 73 47
630786709 67 21
111374477 10 46
850272846 27 31
456283584 66 38
596496400 75 24
134461363 19 44
605958402 48 43
954765982 10 34
153835578 72 46
48903047 6 12
326833230 37 58
850894331 17 52
941408299 18 40
320127226 39 38
471315236 16 45
896501042 6 51
319321677 52 11
524758640 56 20
701072650 32 33
764599891 6 44
133631714 56 14
666258498 36 61
584346776 23 53
813779615 0 17
322580604 72 27
866303804 60 54
626028542 2 20
758272782 49 4
670856323 51 19
490792223 37 42
267638139 47 42
28261065 6 49
200305075 40 13
756953888 72 32
801741799 48 23
990373296 16 42
90228891 8 13
227541607 68 48
508774186 34 48
297924820 57 22
252994590 71 22
828599442 27 23
430486210 5 31
48771838 73 20
288255990 27 18
974057007 56 41
155742274 1 46
326468903 34 28
543144748 6 5
603543365 76 49
321950157 46 56
443291902 72 35
449083553 24 42
30264268 49 14
325527711 18 5
48499045 31 26
284471177 66 16
437671984 54 31
812307844 56 24
49164532 8 44
999805419 61 34
52970962 39 46
462428511 32 43
400019061 52 38
939856674 40 32
209701767 23 42
446953893 17 29
724502886 52 13
366053471 68 19
808325143 43 59
257743583 32 42
754050682 5 8
210318116 20 14
416639679 74 41
268757804 5 22
401644568 25 12
741313482 47 52
424477104 44 28
890306236 56 9
761287898 44 59
355135996 64 41
808388749 10 31
835456086 60 23
218020368 21 25
712859962 42 47
635741937 3 18
522006483 36 41
711461947 10 16
532531031 12 27
213486311 22 35
258774176 18 29
65962898 67 36
691674876 17 38
360085872 69 57
696062016 25 26
282470528 76 40
315720227 32 55
543063297 13 3
266266312 13 50
757099556 60 49
850044572 9 14
837011970 47 27
987116386 51 29
93320911 31 32
526247051 29 5
65554256 62 8
610716874 60 47
133160586 13 12
331049704 55 16
537507003 34 11
972689364 22 52
166287245 25 4
253220349 9 17
899731849 45 16
857598436 39 53
424287945 56 25
395634156 2 34
782057713 33 61
34457972 55 8
318710367 7 33
699293991 48 2
586005665 36 55
143902866 30 20
945935399 57 59
873184502 0 35
90110265 71 34
635890015 71 12
500968490 4 39
23901685 43 53
30978766 8 47
844830865 38 51
885293864 66 13
685240978 15 52
255726952 59 33
584089585 3 4
605122323 30 38
586582931 34 2
871364483 75 54
794376926 62 15
57718162 65 48
419294350 67 38
52577938 10 55
621383881 41 10
26491519 60 24
356255344 66 7
409158007 73 59
990269879 71 59
742940266 65 57
93810167 49 45
160219917 12 55
770157762 32 17
346897683 19 10
93858360 11 28
594431647 38 5
19859608 34 42
979863539 63 18
531894553 41 3
321747053 37 27
78345210 5 50
903311540 47 4
465594328 18 56
674334254 59 45
961440831 71 7
264648629 21 2
97003906 40 39
32192393 21 4
170121166 10 15
698005127 74 26
787314557 2 46
182608539 43 3
987947687 13 24
161933938 46 5
452752895 16 39
785572468 31 24
866250971 12 5
376289009 38 42
892294804 56 29
958734745 44 16
203689743 19 12
263181873 25 21
381633692 45 51
7883908 25 22
617291006 73 28
838514583 69 33
27536842 41 24
679982111 43 18
673477620 75 29
592279095 55 51
724222118 33 41
876901453 43 37
416631635 27 8
189207901 64 42
619147532 12 58
684348514 30 22
483332882 63 43
719693576 45 48
102782123 1 16
884332453 0 41
470777401 0 22
256502890 54 47
228290951 55 38
872293845 18 3
14526822 29 23
393093737 0 1
562259576 15 43
480644513 33 16
77216075 18 30
312706081 59 19
140600745 22 41
584245551 70 10
310462253 72 53
421456224 1 51
432219417 28 48
330634390 24 37
175291239 10 29
785069353 38 27
670076189 31 41
788652643 0 9
63168997 37 22
843232306 37 23
991059164 17 60
179898392 13 7
359080106 38 43
342343525 22 60
710459090 25 40
48806568 42 2
589713994 67 54
731760227 64 22
468023629 76 11
198303485 63 6
829122672 17 54
481826812 37 31
228531443 33 46
872565363 44 3
116807769 15 48
130660536 43 30
839949627 39 7
341464922 65 31
418536280 34 46
645755217 0 45
434526447 64 40
143395703 32 7
443534672 48 30
639333175 2 24
114921136 39 21
580647555 37 44
238413629 46 25
629885195 44 29
199337842 8 17
687604907 42 7
480007083 7 20
50296100 74 55
562776315 66 53
259798798 41 15
66606909 17 8
414657037 45 37
254269033 20 15
270630978 29 36
288130344 32 15
499738373 73 27
265578665 19 54
694352592 37 18
138387893 23 16
7945341 1 36
219349760 8 26
795852212 14 9
352124098 76 3
280236702 63 28
368159622 47 40
80099038 36 42
306699330 16 52
666893760 37 1
533175718 6 22
716486579 41 27
508548280 1 19
876424436 20 8
234913440 40 24
298582924 31 43
946683328 33 40
154736764 60 33
26912775 7 57
727771701 13 59
918804103 40 8
904369741 4 59
756765252 76 43
565315184 25 45
436015694 7 12
542317204 4 2
780904209 5 44
914533488 54 43
871203050 32 23
428973614 39 41
486936062 49 10
668435038 13 60
206679879 3 55
17663790 30 56
839054575 21 32
120341720 36 48
977837024 69 31
230452571 40 57
942816411 11 31
62287725 57 11
566711113 5 39
733094575 16 54
49414415 47 16
347246370 58 13
978471078 7 27
615071705 15 22
866783274 30 3
512341232 32 2
954919473 55 61
677136060 47 9
679948319 37 17
218991171 35 58
720055223 0 60
345980142 10 39
674467317 24 7
451621244 50 6
26841884 18 49
304869434 48 13
641350666 4 35
240145008 55 33
148573906 51 52
656316190 25 55
560956044 18 38
263070440 16 47
214194278 64 21
634089294 71 4
27650047 21 17
425161503 28 14
871367924 9 42
140973615 39 34
501858746 26 36
46294599 32 35
619128237 65 37
776488796 50 39
131560041 59 34
569146628 2 56
450502744 9 24
181559589 26 19
814651020 76 52
543762415 0 43
227845071 17 32
498283787 22 31
4168439 55 34
48893972 76 33
260084349 39 47
546405446 67 37
619385168 31 36
600265076 9 9
526030055 47 58
703555647 28 21
594799253 43 49
739010436 49 56
969918496 25 41
673698582 12 0
330870163 47 48
350728108 74 38
742287443 4 8
590493725 57 31
910922095 52 54
701495754 39 61
895116604 22 61
569157722 66 40
902853153 42 12
104016044 73 29
801151663 22 56
138214665 24 11
342128884 25 14
382454425 46 28
585312528 28 3
335801368 3 44
439293192 40 43
417927625 13 26
569468378 55 4
124456106 52 26
487398352 22 17
3810536 4 32
888574489 20 46
25603989 12 34
992675221 67 3
781364119 8 10
608500975 38 16
2828771 3 58
633299952 51 54
897879787 29 25
74558994 49 15
748630357 47 55
527824980 30 11
688078828 50 41
227676748 9 15
657929947 71 32
43375746 15 24
418442264 40 48
515944954 46 60
289251101 64 9
737380114 55 32
328196061 62 50
722984334 27 45
978025205 14 38
8407025 70 35
989037858 9 0
33339406 38 26
353936883 28 55
393648861 70 16
714159039 50 58
463381906 67 53
255182552 35 36
336942571 4 30
164993536 70 33
869379017 56 44
746042395 49 17
781068290 43 51
152395046 29 6
297274997 72 10
124763239 10 6
524118366 14 43
49364966 27 20
561137642 20 20
53357339 54 11
887080973 37 11
994312424 68 50
289492371 74 7
885447368 33 52
514986101 59 4
752169289 57 40
787143277 52 18
878375351 6 2
213203916 44 47
514921241 38 31
790501259 50 5
947849825 62 22
231358623 72 49
630219230 76 30
866054800 54 42
257660917 28 43
700607820 20 23
375730447 30 50
856440888 51 11
605111509 75 36
642822279 11 44
191867546 60 59
56223439 10 49
591869209 3 23
878477785 59 11
722408799 58 33
214522552 1 7
466468618 34 30
760032284 18 7
966793139 13 40
397073127 39 9
263719336 41 49
63254016 36 24
456709086 19 1
753830247 38 10
731234597 69 40
658428042 9 4
33218205 68 12
910674390 2 43
140721000 19 18
223843216 6 47
891304864 53 29
140997604 14 13
436595851 52 61
276867134 54 34
131167245 29 11
185588184 70 39
190282078 30 26
498173843 31 20
405098748 39 5
974961419 43 39
881644001 59 43
751626981 33 38
2674680 69 26
974840938 38 6
512451021 0 23
929758809 44 37
473963908 48 51
260755704 73 45
596998924 61 20
630751596 64 8
524450196 1 58
172657226 21 15
869684797 62 11
894751085 4 16
542609424 1 14
546637577 7 11
693318449 48 61
479414272 51 21
281171797 47 10
704520564 73 4
853821809 32 60
710715292 21 36
710616243 33 17
549698011 35 7
24058037 65 44
14290958 55 22
454327024 50 28
66090277 7 10
322464110 10 1
342311156 26 13
319901379 53 58
222878027 36 37
711353149 68 10
398119491 9 20
821502810 63 41
219657178 67 32
426674554 17 42
484497602 64 45
492591317 45 2
316614261 17 2
622524334 43 4
84342924 21 6
427114184 57 8
655700305 48 16
514505241 31 25
739621266 2 15
20492477 59 13
883071928 31 21
771825197 12 3
719763479 33 8
205740208 13 32
776569478 57 41
36979984 9 19
12610866 47 1
267400593 71 33
712305327 39 19
800147998 47 53
552963919 25 47
562880453 50 59
19640759 70 38
653413221 11 57
561624238 16 21
867769766 62 45
293528120 53 13
124086824 16 22
94150627 47 34
346437118 53 38
632948320 8 48
666587997 22 23
47753300 18 23
850112656 70 44
701517936 20 13
501794863 68 40
228296895 40 23
470777487 47 45
760761150 21 61
873477244 35 21
10857905 23 21
72050981 14 51
974492340 18 42
978556247 8 34
913824271 12 7
871590382 44 33
675286607 35 54
408598407 32 40
452896657 70 6
41872762 25 0
295227808 35 27
803740679 39 54
29945154 75 10
719879118 18 19
680301774 52 32
671360132 62 14
855790594 6 43
395848419 35 44
421522707 70 51
3044322 14 6
886350084 14 23
864372006 50 25
249283899 71 10
586116791 36 53
184139344 15 12
437631479 54 50
390959144 10 48
806314447 43 24
804988226 27 11
561122346 28 2
619299152 70 40
194673318 25 44
395645193 54 15
623299721 34 23
548937021 45 13
309349873 20 24
860102441 67 49
364681807 26 50
864150028 12 52
84253205 62 40
58385401 21 23
919007150 1 32
553765359 15 0
412700078 7 16
307390758 72 47
972384330 43 27
407718315 60 60
704011786 73 2
875298863 52 59
968142268 4 7
470429978 47 38
699040172 40 52
109917414 64 49
959389201 57 30
438533547 60 11
865505993 57 21
7250421 15 3
99517001 73 14
870157533 76 15
196091854 0 12
549025111 6 41
915497176 59 2
892692167 38 48
607351256 57 34
687133914 74 45
976676391 5 15
667187347 23 51
118976826 23 29
367654564 66 6
342616852 69 3
37128959 48 17
438066171 75 25
853077419 0 58
334437742 43 28
452245723 69 42
657083477 16 9
814530619 75 14
783224954 73 17
384249741 67 48
149386039 74 46
433917044 27 3
113468785 18 35
780605840 11 17
76540612 9 2
704615114 13 21
373272575 52 28
665302768 19 13
578922194 65 60
729960579 32 22
690566342 36 12
985589199 46 15
720041324 19 57
886880316 26 4
426067417 16 29
468474596 1 33
712393041 21 48
227859045 29 9
101479745 65 45
693981175 30 18
763270770 57 57
494506432 73 42
575334268 15 39
368503910 15 54
127377016 29 4
425781222 28 16
392625656 54 9
67077540 46 39
349463867 70 4
840999874 71 39
682956189 65 21
934146996 42 21
242353996 40 17
439750164 6 52
142256448 17 6
409633202 28 44
831453804 2 29
320766447 68 32
399337009 54 25
462614602 49 26
185233939 23 52
297568059 40 19
446209710 40 18
664848447 45 43
461058538 59 53
219812660 72 56
150733933 60 43
352745702 15 35
430940753 6 1
786704617 9 43
767033110 61 8
838691496 14 39
829418714 12 26
271452094 19 51
135102151 49 2
223347588 71 31
63188684 65 36
709235690 50 45
532784782 50 49
811440522 7 1
42295713 57 61
748210938 44 17
575017714 67 35
486004065 52 40
168870280 29 42
127290444 15 31
716133995 46 37
36504770 7 40
983383011 75 22
449354133 54 40
587174885 60 56
804493562 40 46
930363850 72 25
764249436 37 16
264730946 50 61
376806252 21 13
111806599 36 18
198369660 38 13
758243285 1 18
286573581 53 14
579772440 47 6
312351654 34 52
2447591 69 30
491416038 65 49
682575281 2 19
762109404 35 9
763367477 15 18
341954966 35 35
484547639 54 60
836672759 50 36
653074544 15 4
699139533 39 40
339612869 75 44
542589219 75 30
582624700 42 8
291456466 68 20
688797483 43 38
717608542 63 25
368698929 60 9
187886590 47 36
618545258 23 14
372249852 40 12
451034205 7 6
487587391 33 13
631973689 55 7
945786406 24 32
191064513 5 25
37366422 23 11
215751811 2 30
934512726 16 8
77851983 13 17
743844761 60 40
444552679 66 17
760535004 58 16
194521587 64 26
834452210 43 58
101080631 22 22
567066972 76 5
874854663 32 5
470490078 55 50
169729529 1 6
968254030 60 21
449925852 37 39
579838894 71 24
43920361 60 51
17036157 75 56
709764408 42 32
757915209 54 55
64242037 59 44
246363529 25 57
290239955 28 49
460481705 36 60
200649023 9 41
178721125 16 57
595174617 25 3
181670233 66 33
797393311 61 9
960826073 11 38
379947883 8 1
565140222 58 41
570611999 19 49
607238400 17 48
683635742 69 61
216549579 1 15
510976765 50 52
426881739 64 3
578249082 1 60
27137291 66 48
758922668 2 4
257853821 57 18
379669628 14 32
740348315 27 51
350332243 4 6
65674030 39 44
518133012 1 49
115480684 61 58
407021132 41 25
864391496 1 22
742314152 20 0
651758598 14 20
172278183 54 26
558744333 35 28
418858127 55 36
228155392 21 45
54996900 53 26
299570190 66 9
582532759 35 18
620851081 35 5
293826621 58 2
979123893 44 48
484202368 42 24
260532706 68 59
906571162 58 17
839509693 14 14
116047743 33 21
713694434 16 19
22958234 41 4
84198324 32 4
319656124 51 42
348512113 4 29
745237841 63 34
746406272 70 20
442139092 32 29
428964365 32 11
412361092 62 13
614042839 26 41
325303383 71 30
418052936 36 28
842741551 1 52
884286405 17 33
210030411 5 26
22507079 50 24
664986367 57 49
102215722 9 13
459285415 40 31
879361860 54 12
288879833 69 34
358834745 34 4
14889177 46 45
715835406 28 54
431016529 24 53
81872123 17 11
739008833 59 48
512666756 29 27
424407860 44 58
968239818 66 56
935039155 32 38
331897630 30 40
622775806 65 32
471077334 62 52
240405241 73 50
525879140 17 26
261906532 23 61
768745635 38 0
693398095 63 54
174368372 30 59
465646540 10 11
197038217 74 0
741596645 66 25
229977984 38 40
657732560 15 46
224641587 11 12
605847649 49 9
703994958 63 29
824867519 70 26
752134689 42 28
705264730 67 16
64496054 63 33
341069852 23 54
798924070 45 59
11050206 64 44
444141096 33 7
236448541 48 49
280809194 12 19
79322093 29 8
688569891 40 54
181755181 1 24
316669545 45 40
71778555 62 57
657898175 56 34
234973290 72 24
648836722 29 24
696661874 24 26
383935012 14 1
982766631 74 34
310797352 60 45
120390446 6 35
350029329 74 10
949413228 55 46
238370181 8 3
964466431 14 41
926756950 23 28
23898481 70 7
366474706 58 20
500004138 27 22
504892762 36 52
615808551 42 61
533700145 58 36
997497321 5 13
922776213 35 24
691600047 48 26
825710611 7 48
972465638 74 6
357362455 65 30
962256864 16 26
273994178 45 32
473924804 6 8
74194432 64 54
714075845 3 54
748774104 1 28
862190486 37 47
289443590 36 16
632078621 45 18
99643078 43 2
763472230 58 35
952789234 71 26
822005210 40 50
740749135 56 42
422174128 32 31
955824163 8 32
596700066 64 6
856837386 4 55
298177764 20 26
122486537 34 27
394648913 50 7
223186915 34 55
543320295 40 60
759586987 52 24
889816181 70 2
963075994 38 8
151020434 27 16
344658722 30 46
506773457 3 9
304532546 50 54
551310130 45 6
486449179 72 2
491476442 30 48
257933508 76 14
788544774 74 4
679251289 14 24
999425341 17 12
177861978 11 13
598126021 26 25
869290801 23 2
492347735 8 42
423607316 11 7
923216405 47 23
965847309 4 21
482898107 56 15
369550166 19 3
375264533 28 50
277304298 61 27
225823664 74 35
477630552 2 26
778443476 5 47
897561817 33 9
696979633 4 3
576105893 40 51
100462807 15 27
208672129 50 1
180672747 24 48
724151708 35 38
499189399 56 46
829325467 65 55
69038786 6 13
325965042 60 7
631234049 58 31
334350965 25 15
539437644 29 21
860212014 3 14
408850932 42 13
483741552 30 16
163780052 37 36
205334828 27 5
925777606 30 47
944475778 35 1
325840984 55 12
762620315 44 32
299694272 26 56
879844789 20 55
310554636 27 9
789364607 8 29
174876829 3 31
395219110 57 36
638521045 63 51
513544879 44 57
167074831 50 21
465064199 0 53
652208335 68 47
188835416 33 42
935042106 15 50
354898205 24 20
651854024 14 3
469438840 31 52
859156535 23 12
351209026 9 48
741067458 26 61
80115556 30 21
284900755 6 21
415532900 26 35
240506485 43 20
676234306 10 27
810109645 38 50
421153157 42 20
887498186 40 6
968555408 21 56
992809435 24 25
366078009 9 54
538192225 25 28
551675547 8 57
497828005 26 48
366705195 10 42
222102796 27 35
244544777 60 52
584248713 25 39
212671384 13 54
857629778 5 18
449613648 7 2
672134102 41 61
290897618 57 10
414272237 68 55
347352380 68 43
301762641 41 6
658212030 69 1
195696460 25 60
2413165 19 8
897490355 74 37
138533206 26 43
742429970 68 61
64163030 15 41
565211432 40 4
554131497 21 34
643827605 3 22
191311679 34 1
729445073 70 0
481274582 29 31
753922144 34 54
550917572 65 61
985971267 25 10
848384916 46 4
415431089 17 45
842669653 32 52
177017094 55 0
292903853 24 9
293086459 31 6
88195380 46 34
936613656 51 30
147522559 67 20
109583718 5 46
500219770 36 2
441522535 3 13
748126074 42 48
294504010 64 52
130124689 12 6
741480538 76 34
552435620 18 17
575359928 49 38
752698811 0 13
670526025 9 21
683556120 26 12
801517297 8 25
540562570 14 18
673456640 51 51
908850690 64 34
929781996 30 32
32980326 66 31
614372161 53 5
348716197 7 61
576892628 35 0
973432075 33 53
733483326 69 41
613028309 42 9
407404168 11 1
236213255 48 3
415385379 24 57
208313213 28 27
693675802 21 14
248662848 31 49
529782922 52 14
999260955 66 18
221493073 42 51
819371629 48 22
113807876 31 44
936117311 15 51
265249319 46 19
262757528 26 60
93519767 16 18
214291728 19 7
744534346 16 4
19281570 25 33
983959355 18 36
86944454 30 58
578504095 20 18
759647679 72 34
599291740 76 7
465162801 47 60
317301691 25 43
997642230 29 38
386497883 65 20
384600625 41 51
580025960 22 42
725919906 6 29
492428301 38 2
14426171 67 29
289453863 64 39
720938228 62 1
434385466 12 41
688317659 18 11
679104680 24 59
747858030 56 0
352733471 73 54
373553196 70 29
140235091 44 52
626625897 44 60
31908077 4 51
983560801 31 28
554481602 28 33
458020240 0 34
596241223 21 5
86551104 20 6
124082500 45 4
435148899 21 51
644255176 57 56
898691490 69 11
567048284 46 47
693220277 6 54
774269051 52 42
135519733 43 42
783783745 58 45
968133167 9 45
280537697 21 27
780590778 61 7
907109980 10 2
748053963 18 61
715942383 76 57
502987271 0 2
64393932 54 0
898769497 14 40
546067853 28 36
883529989 27 39
536425189 68 31
546178557 68 2
354547736 55 56
816966259 47 7
233130668 4 28
521917359 1 11
808981856 26 28
303903009 75 42
655001181 42 10
940261305 29 58
333525163 11 23
816383094 43 10
316749030 57 60
585304637 45 41
577500976 7 14
525756139 58 61
887536745 37 59
686800301 73 32
512362141 13 25
492294286 63 30
597603518 59 9
275113809 17 51
200963986 4 45
845204352 45 12
267799022 35 37
715293124 54 13
401922084 55 21
385233015 54 32
984102073 11 21
560010103 54 49
179565147 71 21
453347133 32 13
995554577 51 4
525123885 54 46
112255668 51 32
72193839 46 9
882350237 66 55
78786685 36 21
621059231 54 5
33932734 36 25
588818743 1 34
436240980 28 52
50917122 32 27
682099441 0 39
689314670 32 61
541318000 37 49
556270772 54 27
578562530 17 49
558180101 2 12
348984038 20 44
273014531 46 1
917699389 57 27
813857650 5 16
770406044 70 49
677626927 13 23
783927748 76 36
408226912 66 30
115440080 65 35
123550188 53 2
613158093 42 49
22735405 50 26
488890767 60 42
308335588 24 4
38226114 60 18
504135789 19 43
64363839 39 45
444449843 31 17
163957664 47 2
761489509 57 3
127577877 54 48
984433641 68 9
667649401 31 56
999820176 60 28
983969440 18 13
207107980 6 0
328422130 50 32
106887198 57 15
925555004 6 9
548055955 38 37
985178053 11 55
893256048 11 34
163023520 18 33
86600940 6 40
710643520 48 18
386267806 75 53
127512913 22 18
682176374 61 6
5112517 55 41
186349297 12 12
849124652 33 51
153831560 41 29
273485896 62 26
686821481 54 51
698498528 64 15
919851368 18 57
779274452 37 2
15511096 7 17
927950193 58 32
632910805 13 55
271900934 12 54
278725956 30 31
43154615 65 52
922650238 3 2
405976464 19 60
115651241 0 7
823504349 75 51
689157513 64 55
28421048 3 56
205025333 7 44
149253858 63 32
717514509 32 57
431203798 47 56
895327467 43 15
545509915 70 43
648150936 29 28
802483673 73 1
173024128 53 36
689896623 17 27
163073193 45 36
688587715 4 1
86858465 6 26
757097242 28 26
741378359 67 30
361966120 23 18
349274795 7 43
156492202 70 47
329250344 47 19
891448500 15 58
278645682 33 36
220705541 8 61
887985371 16 1
958701218 40 36
458392187 8 19
389342369 72 40
758073759 16 35
965360965 73 39
634287041 20 48
861113675 29 17
695536697 69 10
126827139 56 17
373807859 38 4
957618081 44 2
15642210 58 24
808702804 16 38
651979444 25 23
639328408 21 50
532195911 9 37
374868552 19 32
948653915 49 41
187589110 39 22
402237703 62 32
358791166 14 35
692415345 8 27
149915864 51 43
493761849 40 35
278655406 76 0
399644213 35 4
579220526 11 39
454092131 17 34
472085920 53 8
924081179 36 20
561870650 62 3
859154052 60 16
426803123 23 27
555582792 43 46
426296853 48 37
440051339 60 5
236629975 5 45
320153112 9 27
870103594 18 58
975008477 28 47
13027987 6 16
835912601 34 12
2642105 21 42
364903635 44 61
132433280 57 52
443614221 63 14
181928277 29 1
510663737 55 24
633350091 63 42
424928108 22 53
88926311 75 47
265637841 1 35
31884983 44 49
263954399 14 47
260811689 4 0
569831886 55 17
840829977 1 38
177720902 31 13
213789867 8 35
32493657 62 55
853564634 73 61
610141363 58 23
279221073 9 32
230570512 40 2
671215993 63 49
561688301 68 37
334336594 32 46
671230594 69 8
95096454 15 2
601752814 41 13
9208251 71 53
215251636 19 17
570406184 54 28
149823846 69 35
472557419 18 8
365007775 74 20
362690968 52 21
740666933 57 12
437476756 76 21
909937327 26 8
161891748 76 41
362765044 14 2
993571648 7 45
164935237 20 47
159169325 69 49
275180397 22 24
619607754 32 1
467108919 55 1
599016105 28 9
669418527 6 4
220610657 2 17
733079115 34 44
913785249 28 17
674719419 54 36
743001736 5 20
832107711 74 22
852850996 10 53
208598185 67 6
321790105 32 54
955818180 75 57
933773459 22 39
807431044 12 44
969190717 40 3
827374334 67 10
857380227 0 57
537689498 35 12
516421365 11 54
933293574 40 42
982273246 44 46
561178733 49 1
626443925 29 49
927242984 20 16
6510354 65 12
497620788 57 13
533514691 49 16
541282213 74 58
455129760 36 0
814510427 65 14
631226749 5 56
168914354 51 23
220185246 34 26
964038398 38 33
201168016 11 61
828370040 43 35
957006134 18 6
390556530 52 23
91232289 42 16
643456466 13 46
805031973 17 0
839998397 7 3
119694888 64 10
224835218 48 9
933253437 26 23
42905881 42 27
1333232 56 11
153162491 21 47
742637283 6 20
459324789 55 39
341487257 61 26
564288840 56 3
188716689 52 15
492113396 49 53
801404310 68 29
892192804 0 0
737829717 18 51
297679723 0 33
635933488 50 48
584721201 69 44
99667025 23 23
929157351 35 50
635060480 4 49
438231425 32 36
478072121 1 4
926048805 12 8
816789625 58 50
938971680 39 32
919771864 65 42
671256089 73 46
383153500 69 20
897640072 45 17
511386507 23 19
465282408 31 59
502722625 30 4
880475946 55 54
174312900 5 49
612039405 38 25
768451861 58 39
20016108 12 1
347559048 15 55
309464631 17 41
794448790 57 58
125864102 21 21
306455026 53 59
458502153 55 58
897301465 40 28
554553252 43 17
497064878 68 24
242958042 66 39
755311813 18 28
426027047 53 42
526361470 21 39
141550931 53 6
251775126 29 46
933203172 67 7
611381689 5 61
278436051 53 43
644522330 72 29
402338947 46 50
372871623 27 60
627554798 44 45
963287927 8 7
973027361 6 3
913349286 30 55
221402346 3 27
375319075 7 35
706673614 35 53
814400872 9 56
149553728 61 25
28711403 51 1
233508112 49 18
634140083 44 55
882694433 57 38
362406701 57 42
953985375 73 9
490044479 1 2
3576303 54 54
318307485 52 52
190019239 41 2
963059547 56 6
568431295 34 60
224286148 62 4
576202185 19 50
245382505 23 60
268876766 27 53
584892284 59 0
45738777 53 30
970319198 70 25
807178825 5 2
926061173 28 6
932609761 69 46
110219587 16 60
39240755 69 60
581747636 11 59
451658205 11 32
403116214 13 36
515651971 68 28
722276623 67 18
762209726 42 36
549437802 53 60
436804179 32 16
26866610 42 33
898224551 72 41
532864418 9 16
244546418 46 0
170203804 28 34
638323891 7 18
459021498 19 16
282970339 56 54
795548962 4 60
603559533 33 18
216894878 52 51
69807708 51 22
482750316 13 6
939956054 42 5
326241617 51 49
839462344 32 28
830929140 51 18
753676642 33 56
813482344 1 42
5914053 12 10
95520010 12 4
388892283 75 16
952249484 52 49
979208231 61 24
697423698 37 40
328818429 43 34
560351484 15 9
762903155 67 51
504460867 12 14
176800824 37 53
699306760 21 10
489306213 5 28
612243370 41 23
318882546 54 58
617102231 6 19
791502954 6 58
471291173 41 19
786777570 49 11
293012642 48 41
735338023 31 4
465991337 24 22
114067510 2 18
35526583 68 23
204887792 61 31
187962109 59 49
407955982 6 17
450279031 41 56
892734034 26 7
721719868 21 31
34262270 35 30
319267608 36 49
876371081 59 21
181559895 47 21
399834256 17 59
165469923 18 26
731592458 35 39
143039377 52 56
673350336 1 40
976260279 3 52
649512187 61 54
5272833 41 50
854681726 2 61
576261508 62 59
7632310 41 41
815874323 50 23
811069999 30 37
495208657 58 12
843075914 33 59
459168775 52 55
956923949 36 1
971660087 59 46
26847482 50 40
864844913 62 28
238638402 68 6
310176996 20 31
964727740 23 20
253234615 46 48
47163185 48 52
74348569 64 59
979512506 71 54
99291799 25 5
274613549 49 34
744007084 48 57
875536340 30 10
995003294 70 55
321436256 22 21
204100487 33 15
326952477 16 40
523855793 6 56
448869478 31 60
933943591 10 23
309241434 63 15
330485896 70 8
815437775 31 51
620125726 66 59
864460166 48 58
953417006 62 9
873229984 0 44
204128913 7 0
481270609 13 11
914019971 13 41
209927379 53 54
928991162 41 58
450930844 27 48
793834938 74 59
872152274 44 22
725936743 29 35
50314238 34 8
883614939 72 61
101642752 26 34
442634105 8 30
117738050 33 20
18030402 38 19
576125744 8 0
542447719 65 1
977916135 17 35
797309982 15 56
923379500 9 18
469783480 2 33
708058783 63 22
936952051 30 43
839324975 17 37
233089932 16 2
602228688 4 26
910476312 71 38
357361515 75 37
465708564 28 57
386144534 39 56
196264250 61 46
602398085 70 15
411971094 65 34
392443327 73 21
439280599 63 50
902792980 33 37
518028650 23 40
952613453 42 38
259380676 10 13
516296741 69 13
259990911 23 48
694019832 29 50
949325736 30 35
483892154 73 37
380939222 31 30
747576873 12 24
525650815 49 6
555420230 48 35
391208070 74 32
162927873 76 25
572544279 36 9
610174002 27 32
644660919 61 49
651040720 39 60
371437206 9 12
363677276 65 39
616033063 72 4
236681886 28 56
644221682 71 19
353095827 1 10
943323816 48 20
175402917 25 17
526225527 31 33
611002396 12 43
47832735 61 48
346407892 8 49
978112325 0 24
646314032 61 10
50540935 45 22
319774542 46 40
599681488 2 25
969250427 29 54
85391724 64 24
675990505 73 10
661086558 29 59
845560223 52 39
122609265 56 2
877559728 44 25
453207180 24 12
373364143 63 48
704259914 18 53
535908705 50 51
321049546 38 12
758292148 43 54
555640259 73 22
462362864 28 53
101130714 19 14
552778028 15 49
831058743 51 7
837234178 20 60
911631957 65 40
93922438 10 0
857263385 7 38
280801907 39 35
129780774 42 34
672178087 17 25
242545007 51 25
39799505 21 52
633881100 39 42
967164776 0 27
152579409 43 40
351194334 55 60
749495581 8 36
814408981 64 28
635118447 16 36
229954065 29 2
504870206 8 28
183254767 52 8
698780809 23 9
999018006 64 13
188532651 25 31
670699179 37 12
970934260 19 41
646181706 47 59
65067894 64 35
782435826 66 28
241123868 35 60
518526784 44 5
650608127 56 59
404204255 24 50
234431740 59 29
602346302 11 60
868797313 27 24
294337668 74 25
275258535 39 11
15542976 7 24
714006406 38 30
796854629 36 17
704202179 37 48
98838516 62 42
238463853 59 61
712064506 75 21
703306249 3 43
327718973 10 52
981261547 57 51
170939698 63 8
25875655 16 37
535063217 16 10
590624390 62 31
529941227 10 60
313568093 8 23
17089179 62 43
254747164 21 33
52315771 7 21
136722883 26 44
182936057 6 27
349397339 51 36
376266538 5 43
196720386 68 52
273077758 64 56
272234566 38 45
22986933 25 18
163732918 49 33
481734545 65 25
899004342 60 12
941478861 76 26
586857619 30 24
253478349 11 36
150607319 73 30
239427734 70 59
134361309 43 50
497565823 39 51
996757671 70 52
964167465 65 16
834693358 75 18
336075947 17 14
94561914 22 55
471449618 55 49
721744564 14 30
102565640 36 27
367375992 74 11
589370066 73 53
484534320 13 18
221505151 69 12
953536285 44 12
998781022 30 17
656861176 36 51
128487088 27 52
996346041 29 29
870627230 35 34
786649525 35 26
147626092 60 0
857983470 26 1
266858479 7 22
914687654 11 5
208574524 57 0
478336565 17 53
335851425 48 4
503945244 76 35
815236825 4 40
490850393 61 28
219008122 12 15
542700540 73 36
331916722 0 6
334890745 42 31
291458610 63 19
722113344 6 6
789747049 66 61
577854219 25 27
107986165 3 29
7689334 30 44
851556438 4 9
648365652 58 7
489233892 39 13
953585727 62 16
536665858 74 48
9936368 1 37
793816980 59 16
541492177 67 17
59154094 13 35
280677072 19 46
533018253 21 60
214068086 1 0
717216714 39 27
481860151 5 57
98039244 68 11
829192459 75 26
233795198 36 38
351305277 68 45
264342337 62 41
408062082 32 44
145685284 27 13
906070092 9 29
721123410 45 21
374276704 11 37
466646219 13 56
20187046 15 20
724901974 17 18
313172031 74 39
87534006 75 41
317960156 10 57
780057883 24 18
539616589 15 61
860524507 11 25
149295448 71 1
605120865 60 50
975679692 40 20
516528485 28 42
594046420 4 33
1662301 39 17
343859344 54 22
993008947 18 32
220270305 76 23
986690359 76 22
997864836 3 15
642020694 43 44
435237474 11 0
867240332 74 5
941912101 70 3
496454039 26 26
222606094 6 46
162070508 45 44
71019781 57 25
155309038 52 1
572440817 61 37
238548829 70 50
633770313 74 18
24979724 7 36
538440683 2 55
940559062 5 21
717890860 36 10
29877458 2 41
801579567 59 55
394932165 31 3
20964474 11 52
949573848 16 15
289292486 8 55
337772682 49 40
671416598 4 15
980645607 58 0
497001994 28 22
370449658 26 49
711052148 15 15
996265343 30 36
265686571 5 41
154282204 23 6
432886047 16 7
238669394 14 37
599954349 30 19
740765295 23 0
219555636 19 0
578570439 69 24
661883368 50 8
724085475 73 44
188115174 37 29
891648120 45 61
870298503 50 12
302142683 33 45
481554424 46 32
785760180 52 27
155134730 45 46
877379825 71 35
393681222 55 44
822097918 60 37
459903300 33 11
391555122 18 43
293876028 30 25
669697676 46 17
598995421 27 49
268156574 75 32
185586781 26 38
780364488 16 33
672712656 42 58
813023657 0 5
827453373 21 12
11445459 61 14
956593134 47 49
366883005 63 12
56186248 69 18
119991293 66 58
288719194 14 33
704608694 0 20
371392377 1 9
985601358 58 60
405003276 15 11
718023524 66 20
967696739 58 5
621417985 8 58
578943310 49 19
633248781 3 46
474544044 65 27
107265027 29 41
462040642 38 36
561089000 75 60
24539085 49 27
975208056 32 59
39452249 66 36
844819362 39 14
46533331 41 16
587019831 52 35
992454621 73 24
193539293 33 49
439283681 10 21
527368777 11 30
787749992 17 17
216927404 56 45
865449644 41 60
427617902 7 30
169630059 74 19
398667289 44 40
818311677 0 42
357787031 31 46
363911337 41 31
356434080 37 21
108997171 3 38
965637229 63 7
610137785 72 14
841952945 73 31
945170366 25 8
316938697 1 56
808107399 0 19
993600049 31 19
502421413 71 47
415350586 22 0
713822419 20 27
460148473 2 54
70895617 57 20
195561858 20 57
122659504 35 3
505060694 3 37
562049152 68 0
911711513 0 28
268609542 31 11
553425544 53 1
132682467 16 61
775968425 22 50
328918801 14 27
458359107 13 42
152606080 55 28
603940240 69 36
2019297 63 20
959796784 42 30
569132992 65 0
402470497 50 38
217183448 61 22
690020461 5 37
441259682 71 9
176729443 36 35
213264687 55 27
39599113 33 24
382152503 44 0
248356112 26 24
545583473 35 31
112662665 3 26
936600868 5 36
411692184 40 41
513835005 31 53
500056934 48 53
489411875 42 1
164543579 52 6
574024584 64 60
297328269 76 46
537886594 22 10
130539635 59 38
773672345 15 28
625919197 50 35
123239074 66 14
267148072 11 2
608399628 43 31
98566828 23 32
73999737 20 7
850581369 15 17
223401104 66 32
86893635 31 27
13108241 69 39
115682714 76 59
172686121 41 37
547083869 57 16
179388934 7 55
329229680 60 17
349057710 27 59
919504556 4 38
185029900 57 28
254050583 62 20
664007756 58 21
912341076 62 30
628212583 15 7
492019549 39 58
900950273 55 23
800757870 54 57
343700594 41 7
823219268 22 8
944091169 61 19
901107847 71 11
939304729 37 38
103088515 15 30
348821973 18 15
533052190 55 42
554111070 44 56
155158790 67 52
279879063 30 15
232998953 0 49
168597975 22 15
327065450 56 4
563483320 66 24
505781137 0 48
406617134 41 1
388940418 67 33
648045787 65 3
716273073 61 3
332844960 50 27
482834901 20 2
511454327 68 58
995826139 68 7
79941759 30 5
673901853 65 24
624256856 47 20
290604243 10 9
521359792 32 0
54392009 53 16
826866462 25 13
958793042 34 57
386428206 18 47
77597820 71 3
156341692 58 34
188720772 72 44
167972485 20 59
718409100 37 3
136305658 54 33
541699722 56 16
875630935 15 57
1788291 20 29
930614260 42 53
776127225 53 10
806533595 64 61
522131618 55 55
755318682 27 10
601347418 23 17
972997465 33 22
412471385 19 25
491311918 47 26
980950952 0 50
552584879 42 0
546096080 59 37
245412296 73 25
771857621 48 33
41439951 29 15
4775010 50 33
932079061 0 30
249787205 72 42
100950847 71 2
611922460 61 52
430334868 37 37
820861776 36 57
692631191 11 20
828098114 19 26
887074200 71 55
455852996 41 22
301378822 32 12
775220171 57 14
67359561 15 13
694995042 67 40
74649294 76 10
607950304 67 39
591538018 2 35
136753245 36 6
566274756 27 36
263276129 30 8
632540788 27 50
231021790 59 52
498957009 64 20
724397664 17 43
293184354 22 30
856945538 1 59
528500851 47 12
481578659 45 14
366223332 19 39
825058522 62 21
961889596 5 24
857886246 65 22
135839492 40 7
935401705 29 30
842037586 51 59
837717655 65 51
96872355 33 23
926261674 75 40
116175854 18 41
609419993 65 53
751234293 4 19
870498184 19 24
430771677 20 3
145026433 55 11
388406017 43 29
922831332 51 61
236234754 60 61
103470940 61 42
169036066 17 55
778216851 61 17
875748818 40 16
306572263 32 37
927382152 35 32
649449309 8 14
534476758 44 19
622401493 2 53
513346232 51 3
6094975 44 42
751734317 9 30
965658509 10 33
247229448 55 31
781503786 64 30
629393671 5 4
864954282 6 37
908349988 64 27
380598530 34 37
626015019 67 0
530871673 17 9
406388364 36 15
389520799 2 42
151764594 68 42
515457406 42 42
927551251 10 47
626046223 64 12
590537801 28 8
637256687 34 61
343906401 62 17
842601554 59 32
292155443 11 10
212844343 3 39
991203442 57 29
242896861 72 37
719743557 18 4
485411445 27 40
263356182 11 58
486773272 50 9
691242921 17 5
945054715 54 37
572151919 49 61
69514720 64 58
127247131 23 30
9773007 29 45
343760757 76 37
376811781 31 2
184185711 13 61
555732013 74 27
755672181 12 42
223784653 0 32
430700041 3 5
236277762 59 56
383310734 8 33
758929008 46 59
568252259 28 40
994050419 21 49
619755315 24 21
697863065 75 5
692101514 41 30
950880340 61 32
238266028 51 24
875725547 43 36
93566626 23 59
394727090 52 9
913022100 22 45
667230330 53 11
822144862 51 55
605834570 34 39
847833948 53 9
158690382 59 22
400852360 70 46
572356623 0 55
577438663 44 44
404729572 21 37
542090879 3 32
89028264 74 49
415461740 26 46
463732652 74 29
630136756 4 48
398837999 46 33
897370936 41 47
82803084 71 51
52042540 17 39
917160819 32 58
389985769 15 42
632822619 14 29
149529089 75 4
736634359 61 47
410847380 13 37
930989159 35 29
857344737 11 15
635949041 59 30
342858015 65 41
712752368 57 47
84177037 37 28
339396364 11 18
458577095 61 59
487145130 46 21
167443547 32 56
665182118 6 33
959144604 18 31
978526015 43 33
942378165 15 45
396589394 68 53
246889472 59 26
740577995 25 38
556924824 59 1
603162968 46 14
680833836 9 38
318335582 21 44
536407318 40 0
728996144 17 31
711095211 76 50
684121726 15 21
548944852 67 2
453765899 55 48
136063709 71 46
259299746 43 16
282647949 70 21
188568650 40 10
734860406 34 7
970563256 75 8
487185805 56 38
410089476 35 20
807566076 2 37
355459487 36 44
102070070 62 33
226355077 74 51
676456012 0 25
217301422 35 57
467396223 59 40
202680009 18 24
341172245 39 52
984267308 48 29
752852079 66 45
205188869 46 54
248880219 5 30
177679061 65 15
844124071 16 13
646923551 74 57
929601526 59 50
683748444 29 51
59054806 10 5
443191857 64 50
983114000 55 5
945945827 28 39
924302658 16 56
411406858 56 39
966901163 67 31
812348548 60 8
290148166 53 25
218246572 66 8
207028249 21 19
979238348 68 16
806501070 37 46
404468175 71 37
329193346 63 0
691028026 19 53
409595868 75 6
762903901 19 20
466972257 58 14
306886341 12 53
568940295 35 42
862765044 65 59
463272711 7 60
224482387 0 31
919122423 69 0
538627175 47 33
139905559 35 6
59357251 14 56
65191914 42 60
774414141 7 53
876706056 61 13
916057828 12 16
492323378 68 30
532909361 72 38
47385767 1 12
646746107 66 5
695466677 61 51
443638704 34 33
187495826 56 31
195532609 22 2
901578348 47 61
557515102 72 54
124166845 63 16
479620835 49 52
306617828 49 60
555599505 8 2
881629681 52 41
99975681 50 13
23368640 0 26
921720788 70 31
376693320 76 17
83661615 5 7
734960436 1 17
375388262 52 29
385807027 9 46
449786102 32 9
306961036 58 8
45107385 0 3
885914228 0 52
807303252 62 58
938585507 29 34
654992627 16 23
990248356 15 29
282345784 13 43
26029164 55 45
90318192 2 51
166255534 53 56
634900743 20 42
655117677 63 40
40724285 59 41
207171026 59 47
404597530 46 13
126046783 71 36
421076639 47 22
634555811 44 20
360628541 3 19
509888016 36 39
741350283 14 36
75117450 71 57
165012018 65 9
510062624 14 28
678440491 57 39
790984000 22 4
10166828 56 52
627075143 38 53
190136671 4 34
765761112 66 46
54971221 57 5
54427502 72 26
418280249 25 35
469503667 21 46
426735176 49 43
316579345 69 5
903010688 2 31
950036745 75 13
741713559 26 3
171207876 62 2
675704366 41 20
569489255 40 34
421908294 26 57
956347563 42 43
952388594 29 48
412774827 14 10
620098382 72 50
695124480 6 61
141841071 55 25
764989450 59 35
243587099 12 48
987939984 8 9
397806075 71 61
841229707 61 56
178936335 5 19
37392446 46 51
221057953 73 26
84373130 14 12
791685885 35 48
336625023 55 26
116380191 69 43
635800886 66 37
319738542 26 39
455716829 47 43
911338793 13 1
981607954 68 57
447500639 6 25
998793845 40 1
917478948 46 55
555363960 5 27
484058689 22 37
152623736 33 4
543308972 11 33
900360977 26 33
420649464 14 7
370078125 34 34
766960398 60 53
478170718 9 7
205130013 10 61
848917229 76 51
749657294 50 18
854880563 32 14
250860220 74 33
341385382 76 60
349764387 12 60
11788086 24 2
393719511 48 19
377510745 59 10
15613814 23 10
871842660 4 27
369115360 44 50
198134301 73 56
691045863 34 58
765730445 59 18
506596419 50 53
708820761 68 35
939984840 52 45
342284243 68 44
264431834 8 59
173935117 42 44
648542240 74 54
509267247 42 19
585456503 46 27
429933258 64 47
823752233 19 36
159171052 37 5
869718622 70 23
793145269 42 55
583904722 30 57
187728682 26 14
598503367 4 18
494545481 43 61
877531709 74 21
892454492 30 33
70953568 41 48
997531538 53 40
373374018 38 23
369604554 10 3
547983818 44 27
514784434 4 41
786020587 21 38
605411088 34 31
51031832 1 45
549432671 40 30
550910966 43 21
931446685 4 12
130210643 31 61
484826211 8 60
846301782 0 36
59775797 14 44
152875512 25 19
667489819 2 10
485965490 5 32
816204912 25 36
681617271 50 19
789201657 28 7
324743653 21 16
168915257 12 17
842108342 59 7
221294594 2 57
271771004 26 51
825649999 45 27
152188557 24 47
511354705 63 53
125226555 50 0
574938823 38 24
161311304 1 26
625141906 40 27
991364248 15 59
896280712 63 23
476442152 64 57
139091848 32 49
320932158 27 6
164691661 68 51
530661090 8 37
235086471 51 48
354160524 43 55
931722151 23 5
821207838 23 38
45859066 41 35
473101332 54 39
309530489 19 21
834106361 14 19
684457438 32 6
575760668 62 19
470800250 29 56
184582532 2 59
499190341 52 17
744251168 4 11
195215926 12 25
228286786 41 45
518206933 24 55
218166094 9 36
804526094 76 19
809357998 74 43
526443335 6 23
185130504 58 29
774918579 36 33
79767475 48 25
971931368 13 4
669920614 31 15
713876655 51 8
832310066 14 45
328026906 66 3
627413937 5 55
537828828 65 29
249647999 7 28
377064660 49 42
877295081 63 17
171708906 37 15
521097444 45 20
589324318 75 0
696093761 67 58
153037278 76 29
141662749 47 8
807266967 53 49
333871261 53 18
980273037 14 11
309895387 52 50
484832751 52 22
555564315 49 3
436091941 11 51
421295169 11 46
392393837 54 7
90271367 0 37
360174757 5 38
46383466 28 23
483208041 62 49
776209637 76 13
154309216 9 50
116989921 51 47
845160403 59 27
880261611 50 37
732231551 9 47
216770599 2 3
940161195 19 40
833328516 53 27
259300731 24 10
853710896 32 30
927878022 60 57
57811534 71 42
729429415 76 55
665143270 60 4
389950736 40 29
833428509 71 60
463201700 9 59
786211237 45 5
587259780 49 49
252698742 27 25
659068394 56 56
473785021 67 55
200604982 27 15
60176149 45 60
926313030 5 58
503795188 2 38
616958730 8 46
451022951 41 28
439014998 55 18
637357569 49 28
581677817 72 8
414039568 51 0
556283919 1 53
532415506 60 31
733997203 64 14
84900199 1 61
750919736 49 21
171365447 60 26
572633464 46 7
10774517 75 9
328583404 16 43
182497332 49 7
66443742 5 40
675020282 25 50
675058204 70 61
301970275 10 36
180182287 61 33
863315176 15 37
27465227 56 58
716370896 51 28
278384103 1 47
100237798 21 40
811131856 42 59
485143147 66 4
570792794 22 1
603965006 2 21
998549975 50 42
3075482 12 38
990542060 53 53
589537839 53 21
134087264 75 1
279416244 54 6
638570295 66 43
255884491 76 12
385150463 71 56
286729095 61 55
899184745 63 4
763069210 59 36
646797850 57 45
652135122 27 14
524764355 38 61
58003014 13 45
953464686 45 34
624316108 34 13
360741147 4 50
398751277 36 32
397116043 19 6
132718235 61 41
392257882 41 14
49584610 51 13
838057043 45 52
124318174 20 9
303922943 48 56
575353389 13 58
919096959 53 23
933051684 54 4
82514331 69 51
119088646 24 61
357053978 73 60
528834675 31 23
273546579 32 39
57459997 22 51
121692676 2 28
418131394 58 49
125535585 72 48
625470037 58 3
351991664 32 21
373314942 1 57
830596755 54 45
688937541 62 18
120122470 38 57
772231945 6 42
339555275 26 58
914227126 29 20
804345922 59 20
801368886 48 7
913898109 8 41
759113256 49 54
581595187 68 36
569777359 34 53
686839604 37 30
807103052 8 53
410246589 26 55
296510735 64 16
944999437 22 13
863641739 74 60
116389687 24 24
28677672 46 46
480727866 27 54
799939454 45 45
678005838 48 46
902989247 34 3
993314176 7 32
173674099 63 55
702410880 24 8
328087915 72 5
491555001 71 0
467578863 19 61
245025698 26 11
246111545 37 26
342930003 63 13
916365351 8 52
92711515 19 48
367057451 4 57
38169552 47 11
944994693 0 14
712366758 4 44
814522036 63 26
502745924 22 27
201225001 19 38
963282004 75 28
696107838 29 60
192079834 61 40
888648037 11 45
767971208 12 51
164037796 60 48
886251599 60 10
426500160 24 46
467413305 67 12
137406136 4 25
17022837 15 16
381703668 2 0
539477427 44 41
631763134 63 59
873882290 70 24
541069681 46 18
799054102 24 45
671928815 73 18
284650622 49 25
203054808 34 43
685790678 25 52
499369976 24 3
493033705 68 5
966123008 14 48
174157625 67 46
509691768 53 37
796111378 13 0
828004596 35 43
173485020 50 11
978246277 67 50
247562929 23 49
574112882 32 47
354590255 47 32
783748904 44 24
227181710 19 27
26151534 67 47
806390516 6 53
873439708 24 15
115839239 28 59
731719309 31 45
253758404 12 9
896120339 73 58
818027918 38 14
524361899 48 15
451428234 10 58
841450673 64 7
394395177 17 4
707023189 60 14
235412741 26 20
103083151 16 11
289276913 26 52
558199888 2 27
628638539 12 11
527211257 64 33
233904019 50 30
666928400 13 33
144342593 38 47
157990448 14 31
602835410 71 15
783598401 4 20
976692515 58 51
811091433 11 29
680720387 45 47
111014210 63 9
607497986 45 50
118458317 28 29
629450895 9 6
500527781 10 14
617670465 49 0
762186743 53 15
866121076 22 32
799419057 3 60
449319960 56 40
75565945 56 37
721124037 20 54
216890592 37 25
629898513 48 34
535373015 25 59
671102246 15 32
763627873 63 10
945710990 62 46
122791050 23 46
828518480 9 10
985612183 68 22
71730497 48 38
53022590 17 61
444098963 33 1
7028376 59 28
715237041 66 10
724240788 0 61
692666447 71 45
133977006 60 32
107616188 7 49
404862497 29 26
533030522 52 37
608244442 9 22
956930063 3 48
938830957 5 5
884908829 40 37
968810828 38 56
859562928 67 14
769211445 17 13
397057239 61 45
55270380 72 30
982406517 56 55
666886186 64 25
931794520 54 56
577353173 58 58
327998346 3 41
984008304 51 16
846444263 55 9
48846036 41 53
494092783 20 17
308917536 3 51
566731485 52 57
132338157 45 33
947901688 13 13
132802758 73 34
46025256 72 31
465135574 74 13
264080331 35 40
236878051 51 44
479794377 20 40
411062651 11 4
938048741 63 45
490409580 16 50
775278934 48 47
774895736 23 35
327370390 51 38
819240521 53 47
945244025 34 17
565171106 58 42
869688192 29 0
750543831 71 16
168588910 53 31
972834687 24 41
909864732 48 32
134469479 17 19
434209673 62 5
320366280 59 23
69874229 50 29
261852348 22 54
7202990 16 12
607539950 65 54
736319338 31 50
277531537 51 39
916295383 47 3
771698323 63 46
849832368 57 37
681545745 42 37
614743698 62 12
393198605 7 15
273099471 25 11
796549981 4 4
499294336 69 4
768985062 33 32
683333088 62 10
26456074 30 1
30658520 55 57
397528414 21 20
177307093 57 2
875305632 62 38
506662113 15 34
841644775 72 17
814462449 67 59
690392604 8 40
563169659 2 50
701727400 36 43
194695244 13 9
192454254 42 22
954088343 63 36
502963964 27 46
876256848 42 11
178662652 55 20
101763514 62 44
177047280 37 43
327204671 71 23
892137758 37 57
534742911 38 59
371474632 68 60
940494506 19 58
359981728 2 58
997318674 0 21
205127290 25 20
64195323 52 33
476004419 54 52
281250485 66 2
482426929 70 41
671727084 23 15
926119483 56 53
121883454 21 30
588947147 31 42
799819534 19 15
816600242 7 13
23894679 26 37
508792924 46 57
514438212 21 0
720306756 68 8
717988669 45 53
174249641 21 8
620473925 19 28
777672321 30 49
738677698 28 28
967963054 34 16
313420573 74 12
480681583 75 34
679901004 37 60
907027993 14 49
231063724 55 37
390061829 9 55
882761235 62 25
909131724 39 49
933507365 3 47
816537521 72 13
895397350 59 31
86162526 17 22
774369169 45 31
311861459 13 5
92325031 25 54
964107675 56 51
708397130 52 12
685522496 14 8
661985995 30 34
364464128 17 1
212212608 48 48
482351040 28 15
637729755 57 6
523161408 50 17
552561591 38 7
127174031 18 44
78177013 70 37
564226753 68 26
593068615 31 1
990959840 54 10
295443787 53 3
443540512 72 28
575013339 52 30
411597909 31 37
929041059 27 58
226929065 50 56
253248755 51 14
290689673 56 47
40390101 67 24
137505503 12 50
769487970 56 60
524369542 54 2
656009553 61 50
277117690 33 50
153673680 33 5
95428175 26 47
410360726 33 30
718383460 49 13
87473208 25 49
309764952 48 10
782805948 71 5
578519611 27 21
22437483 9 35
33346824 24 6
349307883 12 36
469783480 704615114 92647470
266858479 353095827 296435134
549437802 772089894 920239580
69625726 892734034 172686121
527890289 909864732 574841331
569468378 65674030 304869434
263885564 172657226 14290958
890618536 384249741 803931898
260129316 524118366 510451013
763627873 798924070 829418714
673398135 391555122 122791050
125226555 132433280 337400798
480681583 864844913 224835218
562049152 641350666 28421048
267400593 500968490 480681583
782435826 651758598 687144660
704011786 436240980 390556530
490044479 886179022 23894679
918197878 772507109 131560041
837717655 524361899 849832368
764253322 695124480 808981856
954088343 486936062 589370066
420649464 906040110 155134730
77216075 912836542 244518590
66090277 933293574 297274997
342343525 387336395 839324975
924081179 944994693 629393671
846306067 461058538 325965042
999018006 219950560 159171052
494092783 596241223 412361092
854912789 236681886 395634156
961440831 94555312 271771004
59054806 94555312 838057043
549432671 873439708 682176374
710616243 164935237 903481518
101080631 50314238 828370040
506662113 936600868 136063709
281193317 699293991 930614260
15642210 924081179 502987271
864150028 897788495 374276704
163732918 875298863 732231551
178721125 740348315 814522036
691242921 831544253 178662652
963287927 317301691 623990410
821207838 292115671 151764594
478336565 162927873 973027361
22986933 293876028 914103855
733997203 424928108 658212030
471809185 741378359 913898109
620630765 521714832 467578863
661086558 859562928 740896584
291456466 919122423 22093277
29471942 524369542 537744886
219812660 245382505 877810739
673350336 704608694 464676271
264431834 384244812 699306760
97003906 679104680 511454327
378821410 692955914 10247214
31547200 865505993 741350283
122791050 628362888 145384990
65554256 755020682 791685885
85391724 625919197 860212014
626015019 157990448 67715505
289443590 106739421 284471177
609419993 657732560 770157762
553476136 564226753 432016241
993854095 319656124 491476442
450437256 434896749 242072895
822180231 280801907 953536285
532784782 132802758 620473925
350123648 567066972 853564634
249647999 402606125 976260279
968555408 207171026 866783274
979070611 98838516 367057451
527368777 234973290 241810304
929601526 530661090 585312528
286479257 95428175 768451861
171708906 503795188 853710896
637256687 740202931 246363529
3576303 615152244 537744886
375264533 163780052 806533595
164935237 614042839 789364607
393660813 731234597 93962141
824276663 697423698 561870650
617291006 927382152 40133355
829122672 499735810 216549579
78345210 472557419 607497986
687133914 532784782 482750316
330252691 190282078 877559728
816966259 746406272 777717758
72193839 671416598 392393837
107734197 877531709 751734317
125613974 511354705 147310177
221665663 221627020 233130668
985589199 345524256 380598530
639328408 119694888 827511894
563915575 976260279 473785021
306617828 953464686 54727205
456283584 52970962 463201700
800757870 614372161 6594636
