4 4 16 100
847152429 2 3
488684435 1 3
770836064 0 0
2252079 3 3
758533679 0 3
759452131 3 1
887486726 0 1
346414595 2 2
749084553 1 0
155975755 2 0
684273657 3 2
119004127 3 0
91810267 1 2
712774284 0 2
647872987 1 1
496211283 2 1
647872987 647872987 759452131
647872987 647872987 749084553
496211283 155975755 647872987
496211283 847152429 488684435
496211283 2252079 488684435
346414595 119004127 119004127
346414595 758533679 91810267
2252079 155975755 887486726
488684435 496211283 749084553
770836064 712774284 758533679
647872987 155975755 759452131
488684435 2252079 119004127
847152429 758533679 712774284
847152429 770836064 758533679
684273657 488684435 647872987
758533679 119004127 488684435
712774284 684273657 488684435
684273657 647872987 91810267
119004127 346414595 749084553
647872987 684273657 770836064
887486726 496211283 847152429
758533679 759452131 2252079
770836064 488684435 346414595
647872987 684273657 770836064
770836064 2252079 770836064
346414595 684273657 91810267
749084553 155975755 496211283
155975755 647872987 155975755
488684435 488684435 770836064
712774284 488684435 712774284
647872987 749084553 488684435
887486726 91810267 346414595
759452131 91810267 758533679
684273657 770836064 749084553
2252079 346414595 887486726
488684435 758533679 712774284
770836064 758533679 647872987
647872987 770836064 887486726
91810267 488684435 684273657
155975755 712774284 749084553
155975755 887486726 758533679
91810267 758533679 684273657
346414595 488684435 684273657
119004127 496211283 91810267
887486726 346414595 887486726
887486726 155975755 712774284
488684435 496211283 496211283
2252079 770836064 712774284
684273657 758533679 346414595
887486726 647872987 759452131
91810267 647872987 684273657
346414595 749084553 758533679
488684435 759452131 712774284
2252079 887486726 847152429
684273657 759452131 119004127
155975755 847152429 712774284
770836064 2252079 847152429
155975755 647872987 684273657
647872987 712774284 488684435
496211283 770836064 119004127
488684435 684273657 496211283
684273657 847152429 847152429
91810267 119004127 758533679
712774284 346414595 2252079
346414595 91810267 155975755
647872987 684273657 749084553
887486726 758533679 759452131
684273657 712774284 712774284
488684435 2252079 647872987
155975755 647872987 119004127
684273657 847152429 847152429
847152429 91810267 346414595
847152429 749084553 759452131
847152429 684273657 488684435
488684435 749084553 488684435
758533679 91810267 155975755
712774284 684273657 770836064
758533679 847152429 758533679
155975755 759452131 770836064
712774284 758533679 91810267
684273657 647872987 847152429
155975755 2252079 770836064
770836064 647872987 91810267
749084553 770836064 346414595
155975755 758533679 647872987
488684435 91810267 847152429
847152429 496211283 749084553
496211283 647872987 847152429
496211283 496211283 91810267
346414595 759452131 91810267
887486726 346414595 758533679
488684435 346414595 749084553
684273657 91810267 684273657
749084553 749084553 647872987
684273657 770836064 2252079
496211283 758533679 91810267
91810267 684273657 119004127
488684435 488684435 647872987
712774284 684273657 847152429
647872987 91810267 847152429
