49 49 2401 100
323869271 15 25
222320432 23 27
260585752 29 27
117626612 46 5
709896807 7 39
384579704 47 26
885844523 18 0
651764977 47 19
815799066 23 6
531288239 11 23
898774364 18 20
963164250 25 18
617086318 1 36
268231805 27 24
874107721 3 42
343676744 31 22
907125186 18 17
228648593 29 6
844931635 33 46
621342236 6 7
56242267 40 6
679999515 40 25
190268546 25 28
313338871 25 12
522135521 46 15
964431696 34 21
38983487 35 19
279801666 44 25
430470111 6 18
128230890 13 25
211123353 6 6
138195496 14 26
679022406 3 20
919314341 28 3
502185057 25 40
507546903 41 21
686611690 18 34
860947139 24 45
587872397 25 21
62990147 27 35
231169539 19 6
252487817 22 42
700499896 4 5
120053539 10 22
300683438 7 13
458472896 44 30
333681056 4 31
268400370 20 38
521490538 24 39
448926005 27 45
304167848 38 28
368354095 2 34
669749916 26 6
953500729 45 36
322688340 24 16
302909725 38 11
922209547 30 5
737216801 28 11
66140879 8 33
192796996 41 20
220870756 33 44
880083399 47 36
911927144 31 27
475449838 46 48
271101623 36 19
590958087 8 7
169472528 23 25
39040427 6 46
130162168 20 36
371100227 47 22
600621022 40 31
888771021 16 44
116681855 30 21
519258080 6 31
775109771 0 1
491596013 48 14
854157192 46 3
675833287 41 23
472698615 7 27
124969316 16 32
409715124 15 36
209936613 34 0
639847842 28 10
633436627 15 38
16692614 17 48
243425963 8 45
678653235 43 48
636774300 33 38
439056359 13 44
653970318 27 2
421768437 19 43
531320166 14 31
976136355 30 23
231984520 40 24
891495765 42 13
950922652 23 39
924578538 32 8
968947349 31 17
568797285 6 14
607106799 43 47
640284112 42 10
223868215 46 25
147809372 11 47
675731664 26 34
199878349 24 38
451195123 40 46
235363860 9 5
785508343 33 33
931179581 16 3
170579154 35 7
783864203 41 6
129368287 3 12
698509280 33 42
70890465 0 6
985725538 4 8
832984647 45 5
25489244 24 3
622563761 30 9
704575585 32 6
928347570 28 42
910528182 10 34
165224663 24 35
900657649 10 40
921943528 39 22
696132829 4 9
840702317 40 7
186669728 16 42
455453043 45 38
797159455 0 9
487229839 26 40
563773857 22 18
687609635 46 4
900114098 14 35
145790943 22 0
316147785 19 44
55826059 8 9
927653677 27 32
37583874 39 47
372727955 1 37
980156545 22 14
10555660 41 12
13301537 26 38
432243613 25 47
447756705 9 45
545796911 41 16
800498281 3 43
562689577 45 48
343246027 20 48
846301275 31 41
768393099 39 38
555955485 11 21
826021793 17 9
366474167 43 19
211765565 46 14
120997379 18 36
589387530 48 35
250534225 35 18
499307446 0 12
651070858 45 45
479052722 24 14
559789719 37 13
313138998 10 19
145188355 33 45
530994311 48 45
265095902 31 9
200510076 18 3
826544613 40 8
561965885 35 35
921711583 24 13
170724174 4 22
127311945 5 31
628920011 20 30
145484341 6 12
474767093 24 10
331162478 40 39
989569004 11 2
584807904 13 1
25906366 6 3
884546358 34 14
270551456 11 22
292455620 34 48
623524474 20 25
462287783 32 30
932595112 48 40
299055915 19 35
148751102 3 13
800132972 13 32
587209997 21 36
215315007 30 13
516270756 6 27
687965266 45 37
369051801 47 39
432940177 45 2
186608073 34 22
758657995 15 1
789552988 2 29
584476821 27 1
610250573 42 45
251529582 20 23
783185705 6 19
849224995 9 43
399352598 32 35
155893109 21 25
884032278 38 3
297347576 1 34
748937869 26 14
899923261 9 6
702564864 16 31
672175667 6 17
41031455 5 26
971953610 40 32
435171076 22 6
382789848 14 40
878665405 30 18
527641664 16 25
109426695 9 3
90956624 30 28
472154204 2 22
900783211 38 45
161669168 2 28
869529575 5 42
820681846 44 4
774637368 42 31
742506600 44 16
454596173 22 41
291016584 9 15
484053818 20 33
821102561 21 40
330440726 17 28
305816722 14 17
395976998 17 35
476744332 33 21
128070970 21 22
336769946 37 25
802916951 39 24
619569569 12 23
823142549 33 14
877567529 8 18
500947786 5 0
390030363 29 2
602895976 42 3
516366796 11 9
249060387 42 30
955649849 48 11
597180630 25 23
293792404 2 14
331789095 23 9
855638783 29 5
215787624 3 46
135758742 44 46
751918400 17 43
557284531 31 19
738343562 0 33
82530668 45 26
205796988 30 16
429796192 18 45
941672460 8 48
623593139 34 45
813895822 41 45
505775702 6 21
174345121 3 23
848108683 4 0
469339980 47 42
353007528 34 47
158735459 48 47
984615706 35 41
59447599 7 40
880420012 42 46
709235789 28 33
397905929 4 35
232758230 18 15
537016959 29 10
891563200 3 36
83145989 13 43
191606915 3 19
252246143 16 6
768083199 20 46
725861951 27 47
609661084 1 8
433908943 23 35
390912178 25 41
38986989 22 27
133218859 2 44
96276694 37 24
429526119 5 1
482288583 33 12
826442335 40 40
355841472 23 33
123765772 41 37
300428170 32 13
193133065 45 27
915462395 23 17
361113463 30 1
557508985 44 31
361819680 32 7
126678204 23 26
562243294 31 10
766194135 35 30
981891645 19 41
776582264 13 5
405595999 20 45
492353646 48 9
130898208 47 12
446610795 39 9
714512761 14 48
861773579 22 36
989468457 40 37
402577172 1 16
537636241 35 26
294214143 2 30
752441055 35 13
128548791 20 17
428657775 3 5
393603744 1 39
252235117 8 35
84163290 8 16
910133694 45 10
986958278 11 18
985881376 5 29
173671368 18 8
349385359 30 41
297159246 24 36
996989930 3 38
495477265 34 36
155311062 11 14
736391578 33 28
237209058 11 31
846424584 7 23
678410476 19 7
75307023 10 41
797679042 21 32
24638276 6 15
92686859 16 45
56776087 39 32
766868840 32 42
196332831 35 10
159868629 35 24
496724509 35 28
248982101 41 22
39616314 28 34
329035470 34 35
939472403 48 32
702154289 26 12
651200503 34 42
438847965 38 5
906032366 46 8
134357829 43 43
678584573 46 46
784700111 10 35
592985001 5 9
11778815 20 3
591858616 37 48
504572372 46 29
379182398 33 41
650136690 39 19
749064151 14 0
384862464 43 10
207067440 24 25
747303635 0 43
648130508 47 9
219864779 35 2
153811461 8 13
393895933 14 43
129487695 27 29
415664786 18 29
219553220 17 36
428580590 20 1
310115804 45 6
894300436 6 13
969397883 24 42
815777864 15 12
462079280 30 31
917230325 23 15
818524347 20 13
378333393 15 35
109973456 13 15
344377150 31 33
740018714 5 4
448728563 42 24
44677506 48 30
971441627 32 48
684265904 47 6
347059260 2 25
557350353 32 21
234193436 22 48
981536410 35 4
400565727 9 23
913481869 40 47
383671092 4 44
980510331 17 45
571405618 9 22
87536201 35 33
543114429 34 11
26417142 11 27
772159790 6 4
364505820 18 42
872395059 26 19
194760501 25 20
389058034 10 17
653833184 8 34
473942132 39 35
318467173 47 24
132430145 35 48
172064054 7 37
781743174 22 28
293068855 40 29
91746047 48 10
418153344 24 12
304281809 22 35
667314785 8 29
203721143 15 5
169674406 17 6
260351265 26 25
8713755 47 2
780820248 2 21
452742738 26 0
725436325 27 19
650101923 15 23
809044595 29 29
239581300 22 21
209624243 9 21
339047865 3 7
325223231 44 37
344224190 31 21
568916226 24 11
552088099 17 5
842763670 37 3
823116840 31 6
912525870 7 28
191702059 1 7
88398005 10 10
762600813 40 22
270852407 8 6
643147292 2 16
115515776 42 0
575990669 43 16
496877826 25 8
774445256 24 22
686637307 43 24
405550409 40 5
179607255 1 40
587138565 30 32
82952914 13 10
679007914 20 8
598920417 1 28
641263915 10 1
264041938 2 7
964562299 42 37
388876977 17 13
405979032 38 41
136140397 3 11
209005002 12 33
811383740 15 37
704538412 12 29
209447739 16 7
654295147 16 4
743313880 19 4
394991309 35 43
394170739 33 15
660780405 42 5
375212483 47 18
842963172 29 17
75874678 0 30
430794435 31 0
994547612 21 23
633131487 43 30
109225285 31 12
72392820 6 20
829354344 47 37
813102765 20 5
444356870 25 45
366407531 25 43
646448526 18 33
611467589 37 8
925632899 21 21
888637391 31 38
480908123 48 8
632332063 1 15
385759402 34 40
920183180 40 34
92710783 42 7
971553209 15 39
483365902 33 43
717360849 41 10
812224654 6 8
76900627 37 1
770415972 29 15
119351441 12 35
541915521 28 2
440774707 26 28
632861447 7 48
188741378 7 33
82609714 17 27
684296099 9 47
241605749 31 7
955885600 42 36
61666275 8 22
480861166 16 19
511755472 41 28
562444331 36 24
768160184 42 2
403203110 40 27
295510367 38 7
169242148 12 45
11011384 36 48
663445601 26 45
188215306 22 44
212594772 37 36
546611920 6 2
128095799 12 15
604862944 8 38
811433158 45 11
243340880 15 13
790197574 42 16
310365077 27 44
542087112 11 6
132080492 29 44
366582702 22 25
867755516 1 43
893913710 32 19
432438332 6 22
906714774 7 25
552349330 40 48
197975823 10 42
607827388 37 9
876133541 22 22
404944371 35 15
842051014 22 31
708942925 48 27
788389513 21 8
368563298 37 7
752883954 25 3
888532530 47 32
795817332 30 15
183360070 1 19
412764598 20 28
567912468 14 12
983285657 6 39
388596391 16 13
310827130 29 18
657087871 34 19
875234484 12 19
699156917 3 18
915934056 2 47
598999906 13 17
237275775 10 18
689651009 8 11
860376304 12 40
611094675 41 14
138603326 38 20
574246210 45 16
884444228 17 38
813152329 48 25
423244340 29 25
372993106 23 7
98129885 1 24
869929120 15 22
125172267 10 48
181269039 3 41
764104180 24 8
453869849 32 16
918336497 2 20
34909754 12 20
776502025 24 17
670751511 19 26
515473621 14 15
551361531 17 4
337775200 18 44
835849826 30 47
207538478 44 10
728055195 41 25
585614463 1 14
154265000 21 16
347236052 1 23
794077288 21 45
861377970 43 33
202101495 48 36
189995941 32 38
569494357 39 6
577841287 0 7
215575109 27 38
789252610 45 7
444457847 16 15
712592466 9 41
520170472 38 31
730134863 41 32
41173641 22 20
769641898 16 8
234512670 36 2
210954358 15 21
974415721 34 27
516364010 11 45
839782023 34 33
800717413 28 43
723924633 37 34
740324529 41 36
293769893 13 0
816628363 37 19
456786111 7 5
834845795 18 10
225933411 20 12
133811551 27 15
866568997 34 5
245059237 43 22
494354827 25 11
547116761 13 30
771080249 44 0
146388964 13 19
636066127 18 27
987748087 0 4
124177422 29 14
230278351 38 33
513308865 44 3
676097594 39 30
625225946 25 13
177997017 37 20
806562650 9 39
141863462 0 20
213851510 35 37
204631224 46 9
845373815 26 46
851098565 25 30
687699425 18 47
641836265 28 40
743763159 45 8
259797029 20 7
432485309 1 44
745621033 3 4
515321119 16 47
411271893 31 14
17587408 45 9
876242429 48 37
271330390 27 33
49815660 4 6
773443973 13 28
819086123 14 28
709542249 26 3
254851331 15 18
780853097 35 6
860567615 37 15
673249448 21 44
132119221 0 42
776142254 39 1
52630023 12 38
163939911 19 31
609232422 33 13
332778411 40 15
876855831 46 44
274774238 28 41
938283769 20 40
212998489 11 37
732934470 44 44
389449194 7 26
878687321 41 17
738940888 23 29
711313455 9 44
226284617 29 39
45089137 10 9
991231464 39 0
41086385 9 11
49458370 34 44
85686772 19 10
100895344 7 41
281979248 42 38
301620859 39 8
824683670 19 18
222726395 4 45
417863762 26 43
330337153 25 15
955734928 33 1
287713846 46 30
23977218 43 36
922251588 42 47
723573536 14 33
266340468 6 35
536960112 9 33
533482775 23 24
766150663 28 16
3881514 35 25
350178894 29 20
229654196 45 22
911952393 18 37
580507763 3 24
643412373 24 34
968706743 14 8
62308976 41 1
919724940 10 39
831432958 1 5
8436510 27 30
413395082 34 37
885002585 26 7
458939274 5 17
871791055 36 32
136098854 25 6
216099295 29 42
738663163 9 1
482029842 7 16
561604123 26 20
530241480 6 44
573516888 32 36
866847251 26 2
531017410 6 48
361395426 22 17
818176109 4 27
825039713 9 30
895119991 46 41
242215072 36 10
294433864 21 47
45501298 33 31
773549083 2 37
73071767 32 47
187739070 14 39
386702621 27 22
407480213 36 41
291441410 0 2
459694052 17 37
235371038 48 31
833596492 36 23
519500095 0 8
439283606 0 25
323072917 23 16
370417583 16 24
831916112 45 46
711821811 1 18
427698823 14 14
302997421 16 28
47573851 7 38
774036702 1 13
12327516 24 7
724404029 15 45
462082603 29 30
493410175 11 8
702509919 46 36
252542680 25 37
518362540 30 19
841350848 47 21
655576898 24 48
648513786 42 22
261772914 1 6
354477009 15 15
665461143 20 39
826170020 15 8
378986291 43 18
324561573 28 47
325133912 9 32
708571613 31 37
750638408 12 9
396677747 33 4
642246751 18 11
322402860 27 7
617496881 3 8
546241589 19 11
809639919 0 26
951806752 8 19
284736782 30 11
694218028 48 39
286762281 38 21
439995081 29 19
931671334 24 33
272366426 12 18
931965080 31 28
596137532 5 28
237997668 22 26
356227590 15 7
634110886 2 43
653871122 18 25
961762517 21 34
372487228 5 8
465111332 36 7
558790377 16 1
307138603 7 29
482010442 3 37
941878214 26 31
249466850 5 32
310989885 7 12
521801541 0 18
100608164 14 7
608564513 42 43
509418373 24 18
91529602 10 13
750281659 16 12
924052561 9 48
389709216 6 43
877252381 29 45
947723882 18 2
570215197 10 15
964765650 3 26
644673397 45 18
711334390 15 9
898883512 46 35
531659135 43 27
798180014 22 46
188813830 14 5
113714006 24 40
49394867 17 1
315478061 33 8
681163047 10 14
143473328 2 13
598711451 37 26
72720160 32 2
731610953 35 9
171781765 9 24
239362570 0 15
846004468 27 6
650958400 3 3
623584275 43 45
815984117 47 13
572236253 28 27
234001988 19 13
381378978 44 8
382425591 38 40
874290001 37 30
707580017 13 31
234481913 20 44
86263502 30 17
818193037 26 11
95597384 7 15
1995751 36 16
588267740 38 35
521641231 9 13
61193004 0 28
328654524 35 1
868495527 37 39
900153114 46 45
673878246 31 47
848637645 0 36
52184921 23 32
400572469 37 37
966081570 42 39
471812339 12 21
850597696 26 41
789731244 19 38
541274096 29 38
340761612 43 0
395440719 7 18
826613005 3 6
417136451 12 43
204699513 36 9
590223516 5 14
176145069 11 5
873404277 4 30
132405151 39 12
470731488 33 27
914962977 35 14
46865089 38 0
38100070 23 44
53976826 11 20
437043397 7 9
763480264 18 4
857773501 4 15
179821676 13 8
411848760 28 23
381694221 7 17
264525844 15 10
985222876 40 21
897632478 48 17
9243513 36 4
280320736 33 3
706423957 0 37
25910877 6 41
987855063 30 2
598834458 28 31
993955075 5 33
428423712 46 27
396126041 34 10
475724736 24 44
749661498 9 40
399304663 22 39
312526609 34 4
276186195 31 46
510365808 27 10
122700789 5 43
3426425 31 39
249426264 2 5
216920191 32 22
398606385 34 32
824336108 48 22
766586583 12 27
998149220 17 39
860895750 19 25
828942122 18 43
540523743 40 1
279609027 34 2
575024946 30 7
873815000 17 21
423505920 17 17
163637856 28 24
358366779 41 43
555056126 46 0
86853583 11 39
657070247 2 6
386377957 29 48
862578055 26 15
577142117 3 17
297366053 40 35
180448445 34 8
131307460 15 29
915296225 15 16
714595596 11 36
836555666 46 37
808580073 25 17
98131681 12 37
815631283 35 22
964273142 5 48
677107087 34 29
89144077 20 42
634286356 15 3
986970561 39 21
483408177 35 47
847997069 12 48
720698701 21 48
786138254 19 15
607699631 22 2
935796109 1 38
955771423 22 34
362367037 31 16
156594125 12 13
27072192 3 25
458523506 19 20
109200751 18 6
16095925 5 21
159501786 18 9
105259471 15 24
836269069 17 0
287091825 26 5
588809749 47 10
970964196 39 3
900460482 29 3
852832114 37 46
705074349 22 19
727571460 25 36
496908412 40 43
100150284 47 31
338335076 27 11
109205668 48 21
729008879 12 2
684995831 10 46
862268159 20 18
951236320 34 28
199683858 29 1
692576720 34 26
115852742 0 45
816119795 5 24
101611167 1 32
840329109 8 46
449626632 12 26
987599042 36 0
661676951 10 21
503078701 28 5
402247317 35 44
129452626 39 45
789121212 19 24
972413918 18 23
836236610 26 22
323297870 30 24
730115094 42 33
735215061 47 20
852657513 4 18
694708098 1 35
749610351 16 48
934709410 40 20
275051110 1 9
522601570 13 22
652306647 32 29
311447481 48 44
954040859 39 17
20373892 5 10
105235744 44 11
182060274 33 30
539693420 40 9
136072225 33 29
455281762 38 10
403202313 19 12
156739780 34 3
569905816 11 40
917928569 33 47
38449183 48 20
393250447 29 23
632628460 11 26
176185218 29 22
152473143 3 0
169597374 16 35
459443009 43 28
35920482 9 25
303909818 10 12
643859526 5 30
661061218 8 44
56792895 2 33
975167987 39 36
448059297 17 26
796573758 27 48
337704452 26 18
321578388 16 2
437607243 43 8
545407591 13 12
941516513 45 44
360330544 17 19
805818694 44 47
290275986 5 6
208269513 32 33
842150334 41 24
419408534 7 43
621227289 47 3
506619379 41 34
655123740 7 32
760069062 36 3
160088956 10 16
910730330 4 38
465408138 6 1
851688802 28 21
654062811 41 15
278246461 46 2
860634923 16 0
63960187 4 40
441945214 37 12
739137183 47 47
748702343 16 22
380283174 0 0
41406030 40 26
325539272 23 31
151323916 40 13
135738109 12 8
876344665 30 20
86792130 47 33
425795208 13 21
930252700 38 19
791180369 38 13
212524765 44 7
820473521 6 34
524234021 14 22
234589710 14 25
545165867 23 36
34169757 2 18
385499325 32 12
757253639 11 30
633149956 0 16
171656778 43 2
61705485 4 14
635496669 4 1
91187844 23 48
193524503 28 12
933781697 15 2
469315281 21 9
614763016 33 18
537935945 1 11
57053452 5 45
485018697 26 33
869993909 15 43
992956552 27 36
210369059 5 22
405253711 23 1
893662705 6 28
407074655 33 39
572057533 48 18
559563025 0 5
517043944 36 36
850676671 22 29
573908890 41 44
814677602 37 6
691536648 35 0
873642108 19 47
155360249 6 0
994092600 0 48
636922245 21 12
807215310 32 17
591661599 24 19
598816044 6 45
966377174 25 27
286330578 25 32
907249367 36 17
516813053 16 20
87497526 13 9
903398919 21 10
959843053 17 3
971333901 28 48
570396964 7 44
474045906 14 42
594293682 43 12
822934242 39 2
966040547 36 38
465475578 1 42
240233339 3 21
323606183 18 13
538895355 13 18
135907116 12 7
59908130 45 34
695304104 43 21
86681526 30 3
661501816 17 23
690006915 7 30
413102809 18 46
294185380 46 6
143240402 5 44
956653056 23 23
487244112 17 11
217325847 34 46
812451218 41 19
104043774 35 17
622014663 39 46
215716008 4 3
723780852 18 40
531373414 1 41
584421915 43 40
426374320 47 35
857688985 34 12
837335589 29 4
922404303 39 13
772071376 22 1
71309829 16 27
236542636 2 10
890118794 44 9
250921321 32 15
131054367 10 32
38212976 14 34
167244692 12 39
947392037 27 28
374691507 48 5
367109227 0 27
305059677 7 45
582409836 48 41
324775923 36 46
803515289 28 45
775401975 43 39
355844848 29 36
901771762 21 0
391656828 28 38
836716951 42 19
895825698 21 13
556102184 36 22
500406681 46 11
636021016 0 29
850227130 19 28
759695089 41 5
526101753 28 39
280904311 46 21
879935283 24 27
549171725 14 36
318434985 1 20
760411480 33 20
733557836 39 26
644402978 39 25
951153210 25 10
648404864 29 35
983450760 14 41
761414197 44 45
161857089 18 28
187556697 40 38
369547951 11 34
920077877 3 16
983764184 0 23
791056497 20 24
914157899 13 3
523977584 3 1
916320284 38 48
870794235 45 4
837397804 8 3
333145628 2 41
491712685 46 1
355117900 21 17
656485860 36 42
322834128 36 8
968220721 2 0
810431071 43 32
334578252 30 37
152955144 37 16
359859664 38 6
133118034 45 42
955682045 9 27
125254052 47 4
930375353 21 46
447897063 26 29
713690840 45 41
613481833 41 0
301473948 39 48
480113668 13 42
917537151 13 39
692405118 35 20
875950639 29 21
622969907 18 7
229120985 2 27
370464753 20 0
225085354 3 39
570590498 35 16
200886930 23 18
88278576 22 37
499195722 23 10
918023972 1 46
499639960 21 38
956158864 31 30
360765393 39 4
332763823 24 15
190626207 14 32
999099850 31 4
628440324 3 9
311515868 21 4
489141406 33 24
389935481 10 7
586492972 2 17
93823979 2 46
620311120 26 39
71299229 20 31
478272662 28 7
528099260 12 11
707755956 27 13
809420570 29 0
454978067 47 16
355904598 39 15
405999246 17 2
400451898 10 45
959410041 22 30
508912739 21 41
299075044 2 9
333392935 47 1
7887647 24 30
902899634 35 23
314665601 42 28
818835058 41 7
365662053 4 29
438254005 27 3
310624629 45 29
936510607 7 19
501807402 20 9
84273665 19 32
825422994 37 33
465331030 1 27
353696852 40 2
155730640 36 15
577717489 32 5
617264772 5 19
718030924 7 14
720631682 37 40
642965868 28 32
728528184 15 46
750411903 10 8
194549527 12 6
458459937 12 47
430740598 38 14
498410206 0 3
973117623 25 26
331426293 13 23
509534631 2 2
781538910 47 7
428409898 8 0
410737422 36 34
708254487 37 41
464401273 44 32
315009120 31 42
562437976 28 14
257220214 8 36
883608236 40 0
75637227 2 45
434172418 36 11
280706392 5 5
946884343 38 43
743875968 5 7
657098494 42 25
924865461 13 4
25795680 9 31
109300346 46 33
92761988 12 36
141308521 43 38
584954992 32 41
875857751 37 23
120482959 28 46
854716341 24 28
241609908 6 36
395933241 4 16
923661662 34 31
380479420 0 40
913220413 21 14
557859173 2 4
144604661 48 1
853015303 4 37
336107297 17 31
638717383 17 7
413621658 25 48
546885890 11 0
608805112 22 15
482831213 39 44
924587352 34 30
552385661 29 8
928984927 8 26
29530120 32 31
42143359 29 41
851599403 43 7
427770744 31 24
488857454 37 5
934776098 9 12
41841958 19 48
436755816 48 43
642651162 10 20
991346327 42 26
474522473 30 22
962815192 42 40
761753514 44 36
424754683 9 34
345177685 11 29
737379189 10 5
236804960 11 46
122536107 0 21
827230509 22 47
172121457 16 9
258528930 27 17
639609548 29 43
576134553 4 42
456806399 20 11
880663931 42 23
430217669 13 45
893072935 14 20
920294362 4 28
351499031 46 20
671314112 27 14
633134277 42 44
73325503 4 11
398721611 35 12
192986412 36 1
803922249 44 15
901865198 5 39
729872906 10 27
77065533 18 39
563588585 16 23
553838509 31 20
565773809 0 17
76343403 39 37
515867075 0 39
618836933 30 40
989758652 27 41
222393839 46 7
979355990 29 46
98161923 12 17
807063758 31 15
977219401 20 22
96682759 28 37
176865208 5 36
598711470 39 16
267616957 4 34
641042334 32 28
55297850 47 48
836404612 32 3
201779152 0 47
581385414 21 43
929779809 47 8
22491552 30 39
581617616 40 42
880149392 35 45
466642954 29 40
345792756 32 4
719326794 41 18
699863280 3 34
907873176 16 40
683587989 31 32
578068882 10 43
879127103 11 44
186490734 13 33
195662910 47 28
178161982 5 13
932798391 37 14
748124022 22 38
700081868 3 22
974373035 41 35
751325434 9 38
42944925 36 44
572124355 42 8
665441655 9 4
148307340 38 27
429671508 19 30
569710535 17 14
477829125 39 28
225768276 46 47
568370961 38 15
957456932 23 41
717027836 1 12
437926687 16 17
544139468 33 17
713680200 28 1
5003464 20 4
249646877 30 25
544976514 45 13
135834179 5 11
766359064 30 4
438129506 14 10
115803062 4 13
628379214 39 5
232454750 43 44
497843302 7 31
326689003 17 12
138410817 48 15
560033106 47 40
160307078 45 20
133857323 10 31
157624346 48 42
933095023 4 19
681771905 23 13
529453443 41 9
908931453 12 16
430539637 41 38
631703291 1 1
85040004 11 41
278372911 16 30
59906277 27 39
68965117 19 5
454808004 9 16
322863002 24 24
347326600 12 1
884236147 47 43
661537627 16 10
366549581 9 9
225070569 7 7
204220333 32 20
893706599 19 17
34458233 20 6
404049110 1 21
325221086 21 29
128865672 46 16
756881012 12 30
512400867 43 26
751709344 29 24
899348580 13 6
860687162 6 30
559517926 36 20
79382895 0 22
89966628 21 26
835409127 33 11
703790460 0 14
338906921 34 13
586586869 33 2
614241598 24 5
790371715 13 46
968282004 10 3
392045449 44 6
485839397 18 5
11561886 34 34
738717912 3 27
42950035 42 17
143638567 28 28
591988149 8 24
311882753 31 45
595711567 40 18
920793329 41 33
510674290 39 29
641560958 19 9
614945015 6 9
202798549 1 30
86580420 28 30
865295269 25 35
877701967 27 4
396421706 26 10
761923168 33 19
413153069 43 25
40289818 8 31
597474921 43 35
529501755 28 25
454738866 7 47
686719394 28 17
474796914 32 9
25567761 13 16
794166836 48 2
359862324 30 12
506914885 16 39
926720994 4 24
482040728 16 38
446625 1 25
4703210 46 38
59357295 2 48
552159014 46 40
472891583 40 33
743564809 4 23
352647105 33 23
657747721 48 26
142026214 41 27
316537202 42 20
240898467 44 42
160940242 48 13
535525236 41 26
465361047 8 4
163633699 38 17
20966902 5 40
1673033 48 46
742572557 16 18
528629269 20 2
689235019 45 31
79856204 12 25
968739087 44 43
614381968 23 3
183628431 35 21
427045092 38 46
785963515 45 28
117677678 47 11
529091297 19 21
620263295 43 6
480942290 38 34
994245328 14 24
842491718 43 17
293908750 28 0
146763708 11 4
801682329 5 27
85017637 11 15
158081927 24 47
245012866 35 46
813248750 41 31
97686219 18 48
546506338 38 38
343806483 35 8
489800892 14 30
96483816 11 16
995002141 34 20
14610175 37 31
244316978 26 36
61918225 1 10
359692216 32 24
428777983 12 22
104848194 6 24
568651324 8 23
109822778 48 7
5273451 24 6
146316581 35 39
709468742 36 43
662537258 32 18
591581378 21 24
952587988 3 28
765823856 7 0
227280150 45 47
772099878 37 10
585195663 15 6
274382558 20 32
954928400 32 40
516074461 39 23
790864730 30 30
915265559 44 20
63157291 45 1
350284497 38 8
545096059 21 19
192162696 32 34
31664642 42 6
941222673 17 18
917289214 24 26
564002049 20 41
598387762 19 22
629555534 19 36
740077617 27 18
297523254 8 12
25550556 15 14
954393183 10 24
466775080 40 28
40081727 5 2
399674148 25 42
167903165 3 31
802618 14 29
739469080 34 41
775359412 38 22
952425480 41 41
819774850 46 24
999189026 44 22
639265081 46 34
51646336 27 12
288144223 30 46
926197408 34 1
188983013 14 2
713119372 34 7
559546356 26 44
432771899 33 0
525899500 21 1
90701367 24 4
356093353 13 38
59886975 43 41
630853895 3 30
223833774 1 2
138733224 47 14
863659099 17 10
173476084 26 21
994373571 13 26
72864096 44 41
440076965 24 46
343494387 36 5
405563757 43 14
212728582 44 19
95404436 15 44
957487691 30 26
312460358 45 30
797992463 33 35
48737604 11 17
54020547 40 10
466823179 23 46
874182840 18 35
491999030 31 18
271918633 22 43
887909408 25 24
402481022 21 37
419146445 28 22
244266703 2 36
495130633 20 10
388243366 11 38
209034705 17 41
140065800 13 24
459708914 1 47
276795318 6 38
843405040 0 11
109097392 38 32
112042281 38 42
870137850 32 37
802188856 36 28
503996833 11 3
572318878 45 39
151760640 23 30
71072159 0 32
224543295 42 27
612396905 12 14
736391708 34 17
753111931 41 42
974831341 28 20
52774724 4 21
174806501 27 43
503421194 37 44
599895702 12 24
455005965 9 17
456882358 18 32
971937004 6 11
857395237 12 12
319957830 36 21
687555374 26 8
286463396 16 5
275482380 39 27
366673045 22 8
197042352 11 10
685712410 35 27
280873921 25 9
210786372 26 48
23686116 2 3
302457371 26 24
376831549 1 48
285007554 22 10
303780660 1 29
316103384 38 44
848255099 5 38
670048800 46 31
638388560 15 17
381355363 20 29
725724927 8 5
84974228 5 12
449492395 9 10
910276405 4 2
469606220 39 43
171865849 45 15
549070587 45 32
598464683 25 2
337681517 16 37
280266574 46 22
951434684 39 7
671609220 43 15
983277933 41 4
894059315 30 27
767142062 44 48
652556133 25 31
928967647 0 38
245543535 9 14
328223571 35 34
89100885 35 29
169207383 37 28
626117996 35 3
820422258 19 0
320239937 2 39
451406574 47 34
124123065 30 8
127742615 44 28
402538105 26 4
440582594 35 38
160285319 47 17
597384848 42 1
286084145 15 11
712156531 48 3
271445293 14 1
896298481 28 29
146313473 14 9
524849064 21 42
30122917 10 11
337401745 19 23
127037542 48 38
43040136 33 26
216636172 38 12
840327179 38 29
651514174 32 23
621896257 29 34
757378085 46 17
488099390 37 47
341185616 21 6
961227653 1 3
671909847 32 39
282188750 31 2
5073090 44 34
462490632 9 35
89444779 29 32
901781920 11 13
811311777 27 46
910611971 44 39
466967631 29 16
261902946 4 36
693639517 26 35
259755444 10 25
547645973 29 7
246296833 0 46
594530377 1 4
236828636 20 19
876992372 48 48
615940912 31 44
331813663 35 32
886385727 21 7
640859526 34 25
200207336 44 40
503159931 37 38
372636712 46 43
10781833 42 18
717106658 26 27
914522715 41 39
854308066 6 25
649243743 23 20
865061919 47 0
955025061 19 14
839124032 6 23
745076493 33 22
770950753 25 44
632825249 17 46
492738326 32 32
549224255 43 1
359008687 14 46
622858363 44 21
554071997 20 21
574883523 38 9
991949013 30 44
227123139 18 19
202339475 27 27
689799433 17 47
412015841 14 47
176870892 25 4
341885561 39 33
353626538 14 21
955916199 42 48
649832912 46 19
617724243 30 42
93556446 23 5
958578238 41 2
570328362 18 16
351556748 37 2
435134468 8 37
701046657 10 0
193139482 47 29
384554383 42 42
205463070 38 1
829581968 35 31
979938981 19 2
863989327 3 32
458265682 33 36
354026316 21 20
213973299 29 12
637778368 16 29
192404586 28 35
939347166 7 8
192821007 17 33
952287323 16 33
862826837 4 25
590892080 20 35
205668331 21 28
354564254 16 14
283905956 17 20
645548146 45 35
812797273 11 32
193149834 42 35
734659085 14 13
465598359 42 4
65525075 31 23
867033379 25 1
644479468 34 38
854351061 47 44
279980211 24 23
592869620 7 36
904013245 13 11
386016041 11 42
629816764 39 14
907802760 31 40
888717731 26 17
369754577 31 8
333353615 22 24
450622450 5 34
664003045 13 35
156288208 17 24
487875511 47 45
69401670 21 30
951886187 15 31
211342189 19 29
260746910 8 20
186977309 25 14
181494853 10 33
942976692 47 23
762338325 36 25
410927637 16 43
213858852 7 10
962871795 44 2
287510224 48 4
562334543 8 28
396870367 43 23
874547518 22 40
592691688 17 25
216524272 12 42
975116016 30 6
32835053 8 17
29182807 10 26
916094368 5 25
421755893 12 32
804410649 20 27
694377087 39 39
680954382 48 6
893354799 25 22
598427170 5 18
18687652 26 37
21825897 30 48
124475398 30 33
403822891 0 44
789610349 37 4
74877160 7 22
785293443 28 8
224288156 11 48
11299175 40 12
60852548 0 35
972304852 2 15
334521504 15 28
824529026 28 9
961132857 0 34
59938507 42 34
449607077 32 25
797125266 21 18
130892809 23 12
232744032 23 8
100057310 12 10
743832527 31 36
340356088 9 2
592823339 44 29
27045316 34 43
690417493 10 6
21130449 13 36
384737514 7 11
425729937 13 27
298493349 26 30
120364639 8 41
726590209 41 11
958214595 32 1
969308962 14 18
878842101 1 31
722175733 23 47
672971423 4 7
320291989 36 30
915061735 23 0
782915056 8 39
578012076 8 25
299726250 29 33
48571406 11 35
684201537 8 42
134180916 3 29
795036017 11 28
919237193 9 8
551495129 45 43
533062086 45 23
283282141 39 41
627554806 47 5
826601166 18 26
427039927 47 41
731305288 19 45
313347453 30 36
783753691 43 42
615231132 11 19
682921197 22 12
891590341 24 9
133611230 43 31
981309649 12 5
48748909 14 16
36812733 47 25
81666906 39 11
295734005 43 4
432098891 8 14
214001365 9 0
559969011 15 40
604549996 7 4
490307440 37 29
254988162 8 30
666127860 6 26
858151900 39 31
246107559 45 12
155193021 10 23
939179980 27 16
787755952 31 34
371701538 13 34
735273861 48 33
232371084 32 44
106041496 41 47
493875187 4 46
652202840 26 13
406295147 37 43
604445447 21 27
466640532 13 13
424650430 27 9
434112066 10 30
281008308 19 27
333589088 46 39
594372543 33 34
190380561 3 45
461392153 16 36
725994007 38 16
653831783 18 38
930046072 38 2
565557239 5 20
116920414 24 31
321314633 7 34
122029118 44 17
419238352 10 38
605722685 19 40
377813497 21 39
650077902 18 24
10563692 13 47
70339487 48 28
402841489 31 29
203390133 38 36
218551637 31 26
77232085 36 13
498688301 40 19
653880358 39 42
468660826 17 42
263435795 47 27
33060463 2 40
589698422 36 12
684990480 9 37
822572530 21 5
655787003 3 44
883046304 26 23
205567564 27 0
432809453 22 16
227739644 46 32
871511233 22 13
607234218 28 44
933408228 9 42
302451870 31 25
644343453 15 47
564289289 7 35
625371547 34 39
354824337 16 11
423612697 0 31
61447693 29 31
214532412 5 15
246011789 2 23
127998655 21 15
296625564 18 12
906033105 36 14
793712840 35 36
693843773 7 6
212671330 15 41
8049099 43 34
980635009 25 0
168266726 23 11
282830157 13 29
957702014 45 24
75695993 17 30
381586479 34 6
542187025 27 42
302122914 13 48
893844341 41 8
968075827 21 35
682617764 6 40
269653972 33 6
70085565 47 15
783819568 6 47
796091843 28 18
425494803 11 7
419948192 23 40
665392136 33 40
495321708 21 11
260097091 33 9
980007662 42 32
156933057 23 37
328744546 8 40
63932589 15 33
893685372 3 2
877680133 0 41
387740589 30 38
680689277 45 33
572568228 40 17
223362979 20 15
578633751 4 20
301729091 1 0
657579714 40 3
473002764 31 31
3080623 22 33
994741363 6 10
410111160 7 2
160864982 3 10
755260234 15 30
545890789 47 30
851209067 29 9
623684669 39 40
310045437 24 41
684256341 26 32
998950211 32 11
922964893 43 9
543872164 28 36
901986276 36 6
823974575 25 34
926171385 34 24
837591135 4 43
588222101 19 3
780807839 15 0
86193271 28 19
332393231 33 7
662590673 31 3
279268616 2 8
931681506 27 25
985003230 8 43
905495523 37 18
704360292 38 23
31971879 18 22
333216180 27 23
379385469 33 16
278140719 40 4
260530136 7 20
222418882 36 35
539298610 13 20
745326187 17 29
265882028 31 11
935763963 33 25
875494137 19 46
922036765 9 46
822196221 37 11
851074710 3 48
511561648 23 38
305036493 32 43
12872 25 33
660984718 5 41
720678039 19 19
106313994 2 35
747559345 9 28
250489122 6 16
31011537 27 26
115007460 40 45
418518396 4 48
455329365 4 39
291257831 17 15
701940080 11 24
89311637 16 41
620241263 32 14
584120900 22 7
481401672 20 34
103669001 14 6
615812218 1 17
762302905 31 13
452524808 36 29
95183499 27 21
62483397 4 47
659042299 20 43
881274578 9 36
727358192 38 18
957173861 11 33
631534880 17 16
412903883 44 23
691504563 14 44
500354735 28 13
734627366 8 47
545391260 23 14
559509874 38 24
43935424 27 37
47172460 19 42
712967154 43 3
162226799 42 11
521567477 1 26
792180023 31 35
649027326 9 26
508131599 23 42
88087667 29 26
15774767 32 45
378940917 36 27
464760926 18 31
343465888 48 16
128155103 27 5
981409425 28 4
731471498 12 3
765202088 44 35
55503160 42 9
862642830 41 13
633283428 25 25
923439097 33 32
158111502 9 18
897554478 31 1
214056162 45 17
641860295 36 39
996944538 15 34
408934070 13 2
176044959 22 11
239538057 36 37
848538614 7 24
247462126 43 13
534874 33 5
841721978 8 32
22966948 14 37
391242661 37 0
141508467 30 35
472954393 14 4
282745352 44 13
251844651 48 12
499040113 2 11
57712041 34 16
597648873 11 43
119296726 38 25
440779646 3 40
751097266 13 40
506643700 26 16
783746429 32 10
788998377 31 48
992282750 40 30
214227769 2 32
588210688 48 29
876987043 9 19
935892124 42 41
815321772 30 0
56250558 36 45
375227331 17 34
591160161 6 29
833886629 22 32
99966236 4 32
575134722 7 1
899397986 42 14
751880544 48 34
987336709 38 47
115383360 13 41
386626812 23 28
414135422 3 14
566319205 48 0
108822781 12 46
403478220 26 42
278915459 38 39
984159149 42 29
967452896 30 45
42489911 23 34
192510806 8 21
798088274 41 48
47484724 43 37
112099811 23 21
549885379 44 14
18906702 46 18
485928038 10 2
377891388 37 35
47529468 37 22
836890526 44 33
542617736 25 39
50053616 42 21
105626388 43 46
325435586 20 16
831470545 28 6
481866355 16 21
118744195 10 28
975674176 13 7
253651739 27 31
829956220 21 2
248346277 12 31
275174944 25 5
275425380 32 27
891801222 44 1
485068090 40 16
833524849 30 29
71027021 40 14
954413392 0 10
36911592 12 4
993817539 45 0
659982750 6 5
981280350 23 19
985306292 5 16
586969260 18 18
428532160 18 30
441396853 48 24
745254029 22 23
809371460 43 11
884840769 30 43
565117475 25 46
64145345 32 0
438829480 0 19
389830996 46 13
281559093 21 33
628735622 14 19
507050618 9 7
847409998 39 20
825503294 24 20
982992243 46 28
562419039 36 47
139705130 4 33
572116759 2 12
351287300 24 29
101372288 5 35
839628294 7 3
871957849 24 37
787239193 46 10
273140746 8 15
762441892 38 4
638082533 44 24
511726455 41 40
273277102 3 15
677177834 2 31
588283485 15 20
112923717 3 47
383247905 23 2
416981346 36 33
541652904 5 46
935998353 39 18
612555421 38 37
376772027 12 28
852642418 12 41
811282121 46 23
317984862 8 8
65399622 23 43
772012457 38 26
622089026 21 3
634764327 25 29
402388090 26 47
736640257 22 4
898407093 6 32
69104570 31 43
855923312 19 34
178599281 11 12
680767421 8 2
38012515 13 14
290706791 23 22
685186484 6 33
838014554 24 43
713990510 1 33
636120385 12 0
651769033 44 5
996491888 11 1
676153516 14 27
675128837 14 3
367366260 44 12
955597897 33 37
684566259 23 45
726082139 9 20
285177274 15 27
761225487 13 37
654131355 40 23
76931603 34 15
932240745 14 23
256196947 40 44
771529729 25 38
631830686 17 44
750382222 15 26
127646089 32 46
987374087 24 21
262664595 4 4
130852092 41 3
343137417 35 42
512387730 24 1
257794860 29 37
495089612 15 48
744012304 40 11
620224779 4 26
543610566 25 16
618009047 32 26
308940605 26 9
178405087 33 10
417318757 37 17
967633982 33 48
40244500 11 25
685228543 22 3
684124205 39 10
962025699 17 8
629890302 40 36
574777697 45 3
724590314 10 44
828044013 5 47
779829063 22 9
799152509 44 26
156539017 2 42
365071688 7 42
589275039 42 15
976442064 17 40
566919069 8 10
861399330 24 32
365659546 16 26
878036060 2 26
327494875 11 11
37778032 20 20
181845808 37 42
243535910 2 24
674029470 25 19
466110055 43 20
630443325 8 27
586835383 35 5
211835491 1 45
779402243 19 33
894965250 0 13
430235292 20 37
70664526 10 36
511505027 44 27
618482082 36 31
72272102 4 10
16796324 28 26
193815530 34 23
188208294 43 29
361517483 10 37
868294991 38 30
620241792 36 26
266311290 35 40
30566275 19 37
783288157 19 1
161905744 22 5
60865006 35 11
88422155 24 2
226087041 31 5
573170088 45 14
181370293 3 35
679716710 30 14
301807761 45 19
65429915 45 40
26268393 2 1
533410999 25 7
139387398 36 18
127227778 19 8
814278021 27 34
562717352 47 46
465175679 2 38
564285559 4 12
757023978 17 22
639468774 26 1
428055358 37 45
127151064 42 12
326314587 30 34
912196514 34 18
345592745 14 38
823881162 29 28
58445696 26 26
283063313 23 4
208986570 14 11
174464436 5 23
679386343 36 40
236870893 15 4
186835152 27 8
493512383 30 10
149232766 28 15
968133875 14 45
348406668 18 21
251276893 10 47
724292123 37 21
486387043 37 32
476450037 29 47
802122943 7 46
805769716 15 19
764576387 45 21
846541988 9 29
358648157 45 25
378627367 20 26
434122268 12 34
926639449 12 44
7317363 27 40
127925811 48 19
471356411 41 30
530628468 16 34
676124286 46 26
197700989 0 24
752979058 37 27
335537020 44 18
175295682 39 34
232957901 34 9
66071764 48 23
907943580 29 13
607449543 5 37
772351694 3 33
98300924 10 4
181666081 6 37
794543832 4 17
297361809 7 21
110796999 16 46
448143101 22 45
764955011 4 41
593914122 43 5
128817301 1 22
876319815 19 39
316047899 18 14
783227026 20 14
256134092 46 12
338238905 44 38
19634745 18 1
152846435 17 32
170228821 21 31
600110385 40 41
952921911 15 42
757952031 8 1
120424477 46 42
497399856 16 16
115626676 24 0
703668042 19 16
799141269 18 41
462883934 15 32
29274899 41 46
667532235 41 29
142539315 10 29
13641732 47 38
243962875 29 11
541665903 5 3
706046191 6 42
875859088 2 19
855368408 27 20
796483942 20 47
813152329 811282121 278915459
343676744 772012457 16692614
246011789 418518396 405550409
116920414 884546358 829581968
406295147 57053452 906032366
160864982 643412373 124475398
846424584 106313994 47573851
771080249 465408138 907249367
325221086 910276405 708571613
88087667 815631283 917537151
574777697 343806483 680954382
471812339 588809749 802916951
932595112 660984718 546611920
328654524 862268159 611094675
577142117 259755444 98129885
855368408 437043397 90956624
734627366 170228821 878036060
783746429 680954382 826613005
919314341 876133541 283905956
394991309 208986570 464760926
161905744 893913710 337681517
987374087 148751102 286084145
717027836 482831213 591581378
66071764 234481913 331426293
176044959 536960112 465598359
188813830 842491718 507050618
407480213 360330544 549885379
495089612 893685372 340356088
553838509 297523254 139705130
209005002 572124355 333589088
440774707 224288156 557284531
829354344 964273142 839628294
275425380 630443325 524234021
836269069 875857751 805818694
738343562 155311062 572057533
684296099 482831213 956158864
531017410 405979032 437607243
432098891 684990480 270852407
441945214 391656828 11011384
344224190 451406574 378986291
292455620 570396964 471356411
962815192 912525870 851209067
440582594 673878246 62990147
718030924 700499896 913220413
919724940 743763159 941222673
187739070 561965885 174345121
713119372 216099295 916320284
234589710 712592466 214001365
169674406 389058034 321578388
389935481 100608164 234589710
684124205 196332831 708942925
223362979 826544613 957702014
994245328 955734928 167903165
752441055 143240402 395440719
29530120 135907116 893662705
795817332 939347166 545165867
543872164 370464753 316147785
980635009 61193004 179607255
853015303 797125266 482010442
130892809 21130449 454596173
295510367 178161982 439056359
970964196 939179980 187556697
314665601 482029842 483365902
854351061 5273451 239538057
423612697 702509919 878665405
861377970 323072917 863989327
620224779 444356870 421768437
994092600 634286356 659042299
773549083 397905929 636120385
369051801 341185616 455329365
174464436 766868840 317984862
275174944 337401745 98161923
747559345 792180023 455453043
920077877 211123353 302457371
209447739 633134277 569494357
989758652 430217669 743313880
228648593 725724927 249466850
312526609 800498281 918023972
831432958 665461143 361113463
761923168 492738326 217325847
847997069 138195496 614241598
842150334 818193037 994741363
562243294 196332831 155193021
542087112 167244692 968220721
684201537 124177422 704360292
425494803 924578538 329035470
30122917 459708914 825422994
55297850 631534880 378333393
789731244 557284531 876319815
951153210 592985001 719326794
984159149 503078701 18906702
11778815 980007662 51646336
127925811 802916951 119296726
174806501 328223571 234589710
437607243 439056359 59447599
106313994 521567477 977219401
604445447 623584275 36911592
278915459 751709344 848637645
736391578 576134553 448728563
434112066 192162696 633149956
