1 500 500 67
788807088 0 422
191367274 0 477
800982910 0 419
292676042 0 450
655480917 0 167
826837471 0 83
11053738 0 177
668353017 0 304
461601307 0 190
208709887 0 469
750381727 0 326
830161350 0 456
617819390 0 131
732608678 0 361
226942596 0 217
334820939 0 425
766322673 0 91
349491144 0 111
587816883 0 121
378849777 0 148
237388118 0 42
25866729 0 493
303555643 0 435
224902905 0 486
861708679 0 460
450919843 0 103
782845790 0 75
557145590 0 483
833034577 0 81
253078308 0 369
360912404 0 210
100913745 0 237
860905588 0 26
609081517 0 247
775160711 0 301
278225604 0 79
164515876 0 312
305397012 0 100
193243541 0 371
236770784 0 245
66911115 0 175
700174403 0 96
670091601 0 342
769690247 0 417
763237956 0 60
414674871 0 235
820099971 0 407
438898802 0 448
68473058 0 141
702863105 0 289
318569763 0 306
441770668 0 299
705013095 0 272
33522248 0 17
646617569 0 51
918645780 0 411
461620685 0 153
23829702 0 465
46352544 0 239
268756448 0 427
725714049 0 365
141518151 0 364
171891191 0 139
343596053 0 165
762822882 0 220
737266349 0 27
201174191 0 320
617317904 0 35
422272967 0 195
406349422 0 358
424533064 0 282
301075200 0 205
235267062 0 278
653221652 0 389
578034035 0 76
192412777 0 21
637229230 0 140
960126652 0 372
99282585 0 23
676583586 0 378
663951390 0 69
187035032 0 426
59724883 0 189
38082904 0 390
887385067 0 97
114833005 0 444
481858031 0 331
889117193 0 330
833954734 0 12
339154710 0 89
34143730 0 240
59241610 0 66
919441780 0 415
644248319 0 318
231433361 0 7
830168962 0 391
476710460 0 169
4339114 0 275
278932534 0 65
754991852 0 203
509515389 0 232
79553325 0 201
250142209 0 478
845496985 0 128
650418333 0 267
383829682 0 398
452875332 0 439
316532907 0 252
706359674 0 105
971049719 0 233
537541894 0 467
843561500 0 475
153458917 0 172
28018892 0 176
221124225 0 423
874205493 0 264
754193443 0 337
859674519 0 323
653554597 0 8
612407319 0 214
141802091 0 243
985840595 0 1
249815699 0 84
28657461 0 70
193827178 0 37
177091980 0 94
152998178 0 260
187266008 0 476
45198785 0 484
687203556 0 316
906117469 0 166
890252442 0 280
307808646 0 168
307941010 0 400
777636354 0 355
636583915 0 291
238189759 0 85
84135006 0 397
565136133 0 234
270297744 0 402
251895274 0 3
641650598 0 159
896009227 0 314
683002910 0 287
852056184 0 311
981847517 0 106
99403504 0 41
438358915 0 88
52129613 0 158
431310598 0 130
172793409 0 309
712007038 0 253
4495682 0 126
457803837 0 113
639772610 0 251
874372386 0 102
255155108 0 334
557257774 0 250
89351914 0 497
331083863 0 401
52181682 0 197
566340508 0 157
770982242 0 191
770599001 0 424
619537442 0 11
991776220 0 53
819642250 0 179
9787447 0 498
210154396 0 13
863554903 0 33
71739124 0 101
689267029 0 244
31618365 0 292
215059468 0 0
429943527 0 194
120558059 0 293
574705686 0 327
658680843 0 193
717866205 0 255
299921795 0 274
432301227 0 395
301661179 0 229
467885829 0 360
980862847 0 43
813521269 0 186
908371349 0 429
223172290 0 265
772893584 0 87
196492128 0 112
111082534 0 59
925812010 0 324
929695808 0 347
803495502 0 78
322082577 0 273
386404743 0 56
864986473 0 145
202950545 0 466
343012427 0 354
324887002 0 116
88709308 0 479
652051573 0 25
575395549 0 16
198366035 0 24
368696892 0 47
932606644 0 223
347629414 0 182
953186522 0 22
194728640 0 319
760464640 0 458
272659606 0 200
50196874 0 109
774551156 0 199
824680316 0 149
966988212 0 454
990623536 0 468
290727256 0 436
292449859 0 119
205712665 0 58
671545040 0 221
9522112 0 132
865289184 0 61
149662899 0 367
529843488 0 34
140750546 0 147
608252372 0 374
209286787 0 457
90801932 0 136
122202379 0 164
287180052 0 52
224805151 0 333
736934448 0 421
476171962 0 225
158900360 0 406
232775729 0 74
913839457 0 134
748723844 0 4
996419981 0 49
39069430 0 432
503983909 0 485
293369822 0 491
542450804 0 29
70565567 0 222
619594805 0 54
793891734 0 409
666439937 0 443
338488179 0 418
460669954 0 430
906168395 0 382
901720812 0 118
232025100 0 464
944764718 0 44
674285296 0 350
645568612 0 14
860577557 0 82
784015886 0 325
777312077 0 459
675096199 0 226
297840947 0 393
118334255 0 20
359848574 0 67
152031722 0 198
77058969 0 266
708760014 0 62
18210674 0 447
938037015 0 181
683985554 0 437
703033438 0 219
883423085 0 481
224635146 0 133
827418619 0 343
839087878 0 207
209704070 0 115
596649908 0 442
990677957 0 124
693867553 0 380
670731306 0 227
611152505 0 161
763489400 0 146
948158140 0 428
663899543 0 474
689641649 0 341
932940715 0 257
53549339 0 388
427159138 0 216
908992554 0 413
598511757 0 107
731045684 0 184
401396978 0 412
426674596 0 188
743296095 0 143
89719602 0 399
673523970 0 482
953034580 0 228
562957560 0 92
447311347 0 420
620786211 0 71
609034594 0 178
239024448 0 104
731154827 0 98
750023223 0 152
478390378 0 204
174433717 0 471
665412031 0 357
442087927 0 236
478228991 0 298
618103529 0 492
143380619 0 144
18418031 0 206
216899876 0 384
620014593 0 160
513084573 0 142
316295805 0 10
397065937 0 353
438348600 0 348
371845079 0 473
938816341 0 455
252304500 0 345
992112730 0 297
416339920 0 375
274681087 0 288
367275117 0 31
721861449 0 392
712155220 0 321
819781079 0 461
196677264 0 414
751820412 0 340
673342432 0 108
213228045 0 329
467027623 0 256
980083579 0 64
696487975 0 138
647611939 0 295
96519406 0 336
500276068 0 180
863267471 0 317
926438770 0 405
874384021 0 284
316963177 0 268
685858997 0 441
231592613 0 80
555436610 0 231
368723280 0 185
991433445 0 462
75599931 0 396
668750476 0 452
610739185 0 263
379744930 0 212
850780937 0 2
989067905 0 379
275284412 0 137
48101668 0 246
651487926 0 408
562103329 0 213
950815024 0 171
460544981 0 39
534311486 0 305
344918240 0 110
251013477 0 490
780079827 0 15
365495920 0 155
66611240 0 377
368501891 0 208
999814002 0 294
707927152 0 19
127720917 0 72
113644617 0 451
373342391 0 335
299850293 0 173
285328567 0 99
430981255 0 470
190553565 0 385
399580428 0 403
145559315 0 494
667499940 0 279
781300948 0 209
352441363 0 339
446975266 0 449
296187672 0 261
739651261 0 248
341818559 0 90
140961169 0 249
88531443 0 242
325254255 0 202
575852375 0 230
15019520 0 93
844037973 0 383
826685686 0 313
847118710 0 310
450709379 0 5
622014708 0 356
278437390 0 68
796368525 0 352
47367972 0 386
164765081 0 151
202153132 0 373
57841246 0 489
510007390 0 187
172034979 0 488
939963766 0 431
929492866 0 376
812849060 0 328
152337282 0 241
522634053 0 394
758503908 0 286
807529176 0 285
998267965 0 463
948087722 0 416
935165764 0 170
518538196 0 296
963695597 0 86
605028199 0 129
82065846 0 238
320887013 0 290
509261376 0 28
787072754 0 224
267899936 0 271
522618186 0 150
842011895 0 387
6519541 0 48
49384127 0 77
137307577 0 338
488223847 0 183
636614352 0 196
400151458 0 154
185690843 0 30
259632636 0 95
154401046 0 495
199991086 0 332
702395852 0 308
981267634 0 302
623275532 0 270
974652568 0 32
561389212 0 163
285076378 0 174
551769133 0 125
923742830 0 276
125504720 0 156
671617627 0 162
555368616 0 254
379159823 0 192
123508193 0 73
989312942 0 46
805637088 0 446
399899438 0 218
837859259 0 359
619919841 0 57
66680299 0 300
931454547 0 262
306261824 0 496
573378389 0 122
763355924 0 307
104155993 0 269
128357059 0 114
60988161 0 283
194121306 0 487
520769777 0 368
790662797 0 381
740867308 0 258
54662638 0 445
36063262 0 404
328649052 0 453
671323830 0 480
32399801 0 433
775988920 0 472
856252639 0 363
855144976 0 117
92035539 0 277
737049065 0 438
213092411 0 36
422874943 0 370
891208461 0 55
539893938 0 499
551927945 0 410
151761821 0 366
307538280 0 135
741646951 0 123
226399061 0 40
467496472 0 38
674845852 0 303
821349679 0 63
247606049 0 50
333173170 0 211
740322450 0 45
47381637 0 349
668898784 0 259
427900415 0 215
105932266 0 6
933286842 0 440
826676091 0 346
518266794 0 351
712568438 0 434
497202288 0 362
361243216 0 344
985773296 0 315
707453885 0 120
439724832 0 127
44208557 0 322
559252003 0 9
275374457 0 18
839163285 0 281
865289184 44208557 194121306
431310598 478228991 562957560
689641649 352441363 192412777
985840595 998267965 297840947
712007038 605028199 971049719
721861449 673523970 736934448
223172290 53549339 665412031
488223847 663899543 368501891
360912404 637229230 460669954
4495682 360912404 278932534
948087722 712007038 663951390
368723280 430981255 557257774
185690843 210154396 559252003
673342432 763237956 141802091
939963766 509261376 239024448
833954734 929492866 860905588
152031722 442087927 367275117
557145590 963695597 406349422
267899936 199991086 71739124
338488179 202950545 845496985
777636354 703033438 44208557
164765081 671545040 748723844
787072754 190553565 32399801
561389212 344918240 555436610
565136133 247606049 762822882
114833005 210154396 807529176
578034035 438358915 991776220
247606049 151761821 378849777
703033438 137307577 830168962
706359674 209704070 670731306
707927152 852056184 827418619
349491144 863554903 908371349
537541894 596649908 172034979
104155993 668353017 447311347
932606644 819642250 198366035
145559315 193827178 612407319
259632636 259632636 255155108
368723280 152031722 636583915
320887013 316963177 830161350
821349679 731154827 209286787
343596053 123508193 299921795
908371349 199991086 324887002
349491144 503983909 908992554
338488179 844037973 663899543
235267062 379159823 896009227
991433445 278437390 15019520
267899936 344918240 140750546
673523970 100913745 28657461
71739124 253078308 143380619
509515389 555368616 205712665
442087927 611152505 619537442
617819390 140961169 378849777
141802091 985773296 636614352
750381727 216899876 860577557
339154710 457803837 731045684
50196874 171891191 874372386
874384021 819781079 766322673
216899876 670091601 674845852
750381727 438358915 990677957
989067905 830168962 762822882
344918240 737049065 610739185
57841246 52181682 637229230
285328567 762822882 247606049
154401046 932940715 732608678
442087927 674285296 400151458
667499940 70565567 34143730
663899543 267899936 668898784
