36 36 1296 100
697265759 15 6
526400301 1 1
325603736 6 8
273250957 2 9
295150825 33 16
828356045 7 7
846434107 3 24
529526613 13 28
510502645 13 4
702699127 16 6
282176999 6 32
823733239 15 29
718822761 35 0
784983757 11 17
731450051 3 35
697037609 24 5
117807055 13 3
117636534 17 12
314208221 8 2
339400482 33 3
804132054 10 17
410015198 21 27
493440163 9 26
37104674 7 33
581730511 4 5
81818163 2 6
225310314 23 4
697752808 2 28
505311793 26 14
893167721 28 31
723916523 3 26
996865850 1 29
977652757 4 35
32653687 9 10
9300673 5 28
259463265 31 14
801089210 32 11
70772760 22 27
298919404 17 3
990145450 21 19
456065538 0 3
227033932 31 25
802003536 11 29
454681830 10 12
822465523 25 23
533032660 33 5
467906615 21 6
754929898 12 34
112605496 16 20
183311801 28 23
349503691 20 32
147435536 21 23
20627870 22 7
995500741 7 6
435748509 3 32
805906613 13 21
568116375 33 28
237862152 23 29
765739041 35 6
618571705 7 13
421744570 19 7
173396053 35 27
653084719 9 34
697437954 21 13
299064129 19 4
155480002 35 7
158192260 32 6
827636217 15 4
308587657 27 22
327723564 12 9
934245951 7 35
206643211 13 17
855919254 2 18
446946992 2 0
378092644 31 8
460621609 16 15
461943948 0 29
492234035 9 8
584858204 35 25
414057544 0 31
826329143 32 14
585197276 12 5
347090547 8 28
325097442 29 19
711824004 11 30
775252628 27 11
587185753 18 14
527937652 32 21
580040710 2 32
645376909 21 4
548821410 6 25
978441470 28 17
402016114 21 35
99123640 23 27
131122246 33 1
622489990 3 25
66712099 7 15
968168013 11 16
342798113 34 8
50917269 26 33
520738966 34 34
172059719 24 14
429813364 20 17
780871864 15 16
878924015 32 31
820901093 7 5
862624354 18 25
402726656 26 12
262733683 26 19
491083819 35 28
318702964 3 14
520399234 13 1
213042444 19 2
172571487 13 15
729601302 3 10
4923608 6 15
522139080 6 30
943668620 26 6
202803736 11 7
956434847 8 19
170790234 9 33
238483458 22 16
583573293 17 29
399782135 34 9
551540120 31 22
419641556 3 29
611750255 13 27
401015046 32 29
456563451 20 30
270107992 12 8
2241241 30 29
963748725 18 27
291320610 24 26
567949483 26 11
84091084 8 32
826194417 31 23
497259343 20 19
673399851 29 14
826739851 19 1
869861035 24 9
599922920 0 17
861310971 29 4
320422334 9 27
754992857 9 23
818225143 20 8
56802178 10 5
732911859 32 24
138456883 2 30
192531883 13 14
609819116 9 28
685051416 7 12
984585334 4 25
410408149 10 16
433508519 10 15
597800707 15 32
969528805 27 8
105707628 5 9
63928296 15 21
183813098 22 5
92708803 6 27
25982985 33 14
405156132 33 8
99498987 20 24
810051034 15 5
731705964 17 22
297595799 29 29
990463365 35 12
214504951 6 16
235446261 6 17
431016128 24 34
135138077 3 22
188108907 33 4
55622955 31 31
806535395 22 30
579714939 6 13
666508428 2 29
324778809 27 15
747138438 12 30
952185418 14 30
339635506 9 13
267757164 6 5
341522420 20 7
25607835 6 23
74675002 16 18
704759478 0 32
20203453 33 9
749016930 15 10
606864902 31 5
128791086 20 13
850217268 29 16
830296568 15 34
693119483 31 28
182784398 17 15
814270448 32 5
417534615 2 25
367340291 19 20
583235764 25 25
208084811 4 18
700354785 22 28
371894025 5 30
610845473 0 30
481225446 20 5
808995418 30 23
799805055 21 2
622081661 31 15
632614179 19 23
259639529 27 10
597760730 14 32
408795409 1 35
860755369 21 0
325095259 10 33
631779605 24 2
155828299 5 20
185762788 2 24
578333664 19 24
183780906 32 2
573926206 17 0
115608963 15 11
228412044 14 9
191102364 19 32
348415775 15 8
513126136 34 22
731647959 28 7
665911281 21 20
289404873 13 16
381432315 2 20
520059678 29 31
410932016 22 33
59907130 25 7
597433352 29 23
83413280 19 33
471441767 15 19
948956948 30 24
471699164 21 34
281494145 16 35
888711975 0 33
564021533 9 25
666451196 33 22
635811914 26 22
169017862 26 3
184641471 8 6
907226670 28 25
402483303 4 6
169857820 30 2
315247496 6 1
854533629 19 14
336298024 2 4
528557446 14 15
1574059 4 20
301420601 21 9
557804736 24 31
354543335 18 28
908690814 29 20
818151797 35 34
887545289 29 11
642059234 1 30
707714810 16 32
544584584 0 23
387822015 32 33
71197345 19 25
630191422 30 17
665407500 0 15
43975296 7 1
33951057 23 8
603378701 32 30
808780514 9 5
630137298 8 1
882567331 27 30
383138123 24 21
881345708 18 24
475793373 0 9
74352717 29 15
166167939 28 0
662931794 16 14
162257837 9 4
489423751 8 13
910428260 21 31
363809918 23 18
664059825 34 30
256631695 10 35
173564735 18 12
732734496 16 34
277964863 30 16
436516389 23 33
911219595 9 32
723479786 4 2
686564878 35 29
107880975 5 12
964063586 27 24
41074388 13 18
508641978 25 29
169730967 16 2
934151169 4 27
276496793 13 13
276694851 35 8
205093640 10 2
701197388 0 10
98102073 21 29
621662862 29 35
390416692 30 0
268866375 20 3
705841781 29 27
143093731 32 9
849374705 5 2
657567390 24 35
631941462 1 27
325241197 19 15
551582359 7 0
202895646 30 10
870197159 19 9
640971965 20 28
461167748 17 4
706199353 5 31
240148854 33 34
670693704 11 15
215367064 10 22
602397063 13 26
85032855 4 23
632504548 0 2
804126393 12 18
326784319 9 0
785382433 14 26
93978191 20 22
665479248 22 3
861731522 5 4
879544047 30 3
134258088 19 22
751145675 23 25
181571601 4 19
377601568 6 11
91089140 14 8
293589273 19 16
843226962 16 19
503233687 29 7
482141338 30 35
207807793 24 12
413591375 12 13
910324347 7 14
163042279 14 18
758717579 0 14
712290294 6 34
979672504 28 32
282474891 5 18
470816421 30 28
176341722 34 13
208932477 1 24
991891994 10 10
717888895 20 20
23493040 23 15
488049085 18 2
549174925 32 16
632774175 33 17
768156883 6 20
428671406 5 25
559447230 29 24
185840399 29 17
758819265 12 6
366235724 10 18
501123055 25 5
316551898 22 13
948175260 21 8
12506583 25 15
800734532 26 16
788471954 12 26
792080811 24 20
56828240 32 20
596573764 21 33
589570125 14 23
925853654 30 4
265586944 28 4
63682396 3 11
878335395 2 11
507533612 22 21
808404722 8 33
933108828 35 5
655790642 30 30
664211041 10 19
295161716 27 29
639856888 8 21
61274138 8 3
374806088 4 7
266679706 18 16
77145416 13 9
178132098 21 1
757045854 33 32
820424635 35 3
401232968 10 7
623154705 3 30
820083519 31 32
164575730 15 9
107450969 13 2
139756917 19 13
957488942 32 22
908768414 23 17
783111614 7 11
37912544 8 34
694328466 25 3
448971490 16 1
244308256 28 27
541653893 13 5
362951795 10 4
257402662 34 28
516324363 24 1
154307616 27 14
292516609 23 0
963389332 17 5
254598510 28 28
578616171 11 24
157862925 14 25
341040284 26 28
942133279 24 29
577094058 19 18
479852430 8 35
541662576 5 17
257855829 24 25
817603616 32 7
164511262 12 15
419757705 0 22
730833196 34 5
890862999 1 6
121190779 27 5
573718560 0 11
238039845 3 23
215253213 9 16
40124678 3 9
103422645 26 10
321957539 35 33
42543425 15 30
483839559 22 29
100094348 5 34
147021166 4 4
337001242 2 27
251772775 34 12
47072555 35 10
80938548 14 11
386483264 26 4
802706356 8 23
701178334 31 12
201887491 25 17
757411473 33 23
230662177 34 6
135338035 28 33
488616913 24 3
573415534 25 1
678583235 20 21
268539774 4 26
985173236 15 12
372062011 21 14
531902037 32 4
306321494 6 28
127368106 7 28
270218722 1 25
556391093 5 14
157548310 23 28
339716755 2 22
104928593 21 5
889082213 20 31
637866589 2 14
194205745 18 32
699237623 23 12
678173451 13 33
969820047 1 0
328866159 25 20
110124875 23 22
877388017 4 13
631846225 13 11
811717143 17 26
339912261 34 0
405454213 11 34
580409360 21 12
121183067 28 1
128794083 13 32
527723226 20 23
139184763 29 32
39529037 31 18
174358182 25 21
317799718 16 30
166258181 17 25
120692326 15 13
902955026 24 6
162361154 27 0
376480612 12 0
191908867 16 16
215267121 14 10
660118829 3 20
792963349 12 7
907128035 0 6
384537361 19 26
852454025 33 18
932199381 24 15
790215339 21 21
456411969 20 33
30922012 0 12
214564137 25 27
261147490 22 26
925832280 3 31
974903121 3 5
5702103 12 35
958886389 10 8
710865007 10 32
746380469 11 9
883870315 33 33
278267572 18 31
416158113 20 14
126708346 16 4
351062963 31 17
732877267 18 30
687208594 32 18
214723063 29 5
865422147 23 11
183907306 20 11
27041509 14 20
857730341 6 31
304508402 24 10
820395638 13 8
56283077 12 4
169777444 28 14
970064475 32 15
789139029 10 0
435465821 26 7
650815156 12 31
575033693 25 10
597370446 28 11
46770784 1 20
749886140 6 0
868616348 17 21
10624903 4 17
409264770 35 20
383649991 1 9
328278270 13 25
950423053 10 34
41637628 6 14
895315330 4 32
396670766 18 18
749560656 25 6
471457292 15 33
649466688 11 14
312505884 5 0
712525987 34 33
171111027 35 15
296533622 7 25
121317242 6 19
823350720 17 8
318493685 11 23
485510719 16 21
288029761 24 8
751940931 9 24
332926428 32 32
657814232 27 28
979638570 0 28
174659370 22 34
411229046 14 5
124739109 17 30
752062774 11 19
339004251 8 10
83863186 11 31
394677803 7 23
362541607 8 29
821365790 19 35
585931783 21 17
599837588 33 20
211294980 26 32
214989983 10 26
685065262 17 28
848078382 29 18
929228953 7 29
34783597 34 15
209316195 28 19
223311212 18 5
393699828 17 32
589954302 9 17
613768327 10 1
637925091 12 17
417417450 3 3
372085289 28 35
463346561 32 13
376498382 23 34
340334736 26 0
236749994 11 35
529312184 14 29
899572875 6 29
178082754 11 2
504040353 22 14
689079963 22 24
467694364 33 30
635463583 33 35
678537747 11 12
79249945 8 14
289828775 27 25
874030602 22 6
775544168 22 2
966117161 2 21
595550199 33 13
35722283 32 17
883748331 17 14
410184260 32 35
735684344 11 25
263880940 18 7
346036558 2 12
968395238 20 0
202174270 18 11
558441853 9 35
253701923 8 4
262404880 16 26
828270975 23 32
193471953 0 26
52495204 14 16
782723529 5 19
120434964 31 24
730309919 22 20
941149931 25 28
691589016 23 31
588833917 17 16
201114209 23 21
170477051 10 28
461704716 34 29
193212378 20 25
203834584 30 8
518690997 5 24
793801525 33 10
663133042 10 20
476018310 7 17
436164004 17 20
174299176 4 31
630214192 6 9
324680882 7 32
116749362 29 9
226659198 24 16
977815585 25 18
893888104 1 28
877293872 34 18
365667797 30 18
453596919 1 10
35706614 24 22
290456914 11 8
619092046 10 29
187541641 19 30
249561201 1 8
93092784 34 35
415905549 15 15
179663697 14 13
704399406 26 20
763746887 0 5
391699389 8 16
677934828 18 13
107571017 34 11
715828854 26 30
663049225 7 19
502464158 8 27
715064609 1 15
754442626 1 21
935796772 4 11
87375307 28 18
476990426 27 13
193308946 19 21
919964994 11 13
691163263 5 33
430892249 13 20
125940147 7 21
304994332 0 35
506203623 27 21
809759052 24 19
630076245 18 17
438133105 18 29
758691030 8 17
633868448 5 5
963826636 0 34
65172095 29 12
977702465 9 12
148027657 27 26
657924432 20 4
264166286 6 3
579338691 8 5
941599229 23 23
335527677 28 16
17739365 25 22
176776218 10 14
642830009 5 29
401860436 26 29
376245459 28 9
727771048 28 6
502169787 34 19
783742648 25 13
35878184 28 10
219152115 24 23
370538054 7 8
431410162 23 16
90435769 22 10
964948773 9 31
288012513 15 27
512099502 35 9
457172575 24 18
82907788 16 33
633259480 10 6
162920444 6 21
666418424 5 15
365476123 2 23
342359225 33 31
526352591 32 0
879178213 17 6
675870440 19 27
628075993 16 11
362898561 1 13
778838923 3 27
310466732 7 31
806607053 23 30
377130829 4 33
945320402 25 14
63294534 18 0
323861745 26 31
91513044 22 31
429206697 9 21
664030008 24 33
385291236 6 2
134829721 14 21
571166336 11 0
442176808 7 24
514933258 8 25
415722629 27 12
677379276 6 24
686464097 35 14
659397385 22 11
962131299 21 3
405173894 18 1
355258959 26 24
893633612 7 2
176311141 21 15
921559724 13 31
168302086 20 10
190635907 24 27
528512669 3 0
850714303 25 30
358668988 20 27
283089185 15 26
690572165 19 0
235382596 27 33
876398667 30 26
688212189 31 27
13053816 0 7
988216387 19 29
387979696 26 26
932225586 9 30
130175798 34 23
685949387 12 32
916708239 2 1
848977630 0 18
931754852 29 6
435287660 13 35
378917036 28 24
957041511 29 26
388796682 9 20
110375355 1 14
556915315 33 15
229592465 10 24
224755731 23 26
117896401 3 21
761679217 12 3
821457641 26 34
827984336 13 24
199661773 7 16
610380248 18 21
240321854 6 26
219607925 7 9
411966797 15 18
601470463 5 23
404876066 17 19
452251803 30 20
71600889 29 33
500938976 8 7
147891309 31 13
434435517 25 12
456133625 16 23
708005017 17 11
53491898 2 34
326992059 31 10
544278649 8 15
174522603 30 14
708479977 11 11
981472089 22 12
56463660 24 7
839411134 26 17
297791643 29 28
698581953 33 29
767337926 14 1
257308059 16 7
376755385 15 24
915369213 21 30
539448193 17 24
583612976 2 10
630886382 16 27
717380478 21 24
157107097 12 24
339548880 14 22
159751208 13 19
837182872 20 12
27413456 32 3
912458992 25 2
795667483 14 35
910825475 4 29
99949803 13 22
443134636 5 22
614036926 2 13
382588508 23 9
244113202 3 18
108279103 6 10
645552331 24 13
40100769 17 10
16495860 31 0
692114318 14 27
50812739 26 23
185135289 27 31
378526465 16 28
428421790 1 17
650768360 27 34
123588842 4 10
468367662 2 5
676004890 29 8
535012546 27 7
700224609 3 7
950169301 31 33
525634254 19 34
812444059 35 17
280781998 15 23
406530898 15 20
155106094 16 17
14533763 1 7
133554501 17 17
390725255 25 34
411333584 20 2
622907980 17 18
859911678 5 16
658355544 28 30
36059629 11 33
999364366 33 19
992269717 12 11
705293872 7 18
770255844 34 25
3170469 21 32
129323051 16 29
750741371 15 17
347595192 1 26
928162094 34 10
414574531 19 19
643370538 12 21
769637773 30 9
427848078 34 24
16055494 6 6
936465970 35 24
232686126 31 3
452261867 20 6
385714303 20 1
191467277 33 7
431740298 13 30
604796976 31 16
366320032 32 8
841415735 15 35
678638387 13 29
197937805 32 23
504945340 9 6
9407410 30 25
589970654 10 13
66445813 0 4
740666058 35 18
61137538 34 7
883493093 19 17
546389663 24 30
85686696 25 0
976535858 29 34
952316104 13 0
866518662 14 28
325826710 8 9
318684750 30 27
259902375 4 3
462865897 11 22
609043639 20 16
83026151 16 8
197180618 30 5
147429323 18 3
462303123 27 27
306450706 10 21
321040410 18 23
396761204 12 25
39285656 11 32
350426217 13 23
362002597 3 17
614143982 6 7
444104852 12 2
796499080 1 32
385206557 25 31
611938441 31 35
721982525 32 28
130834833 2 31
549429338 22 1
672261975 24 32
825484457 31 20
999604393 1 5
551015891 22 0
848876720 6 22
565032662 33 21
229616761 8 20
163575337 17 2
285693616 18 9
904908579 3 8
166071213 13 34
31351709 32 26
950268340 10 11
16572885 1 23
140796280 20 35
874365077 35 30
105589473 22 18
616316308 22 17
80088591 32 27
652307483 12 20
510447261 22 19
582180331 28 3
170536745 23 19
282634333 4 21
720155412 20 34
730496971 1 2
878836870 26 9
770717998 2 26
681953460 9 2
175435272 30 22
717376613 35 13
920901252 16 12
30405297 4 30
366441946 24 28
648301579 28 13
273676536 18 22
391803778 28 8
400981342 34 16
657586243 9 18
269907529 34 32
248391522 30 11
600404499 31 19
99863001 23 14
760882137 20 15
529533648 1 22
554938718 30 32
28650014 28 26
261034798 11 3
58672911 6 35
695292166 30 34
290335591 4 9
858255987 23 6
479816359 13 12
741024696 18 15
400667534 4 28
682867956 22 25
270235106 26 21
638977924 0 27
746765423 21 28
227344293 12 16
668052816 33 0
531398750 0 25
933746284 19 6
373582236 4 12
54293571 23 5
927232670 3 13
286146794 0 16
883309203 12 1
224503636 27 20
501564800 31 1
561155794 3 4
387848551 30 12
760444124 26 1
32212389 4 16
219203857 18 8
245938843 0 24
586605948 34 27
549560209 15 28
514193176 14 14
397128918 2 16
824538773 13 10
836877867 28 22
261537116 11 6
199602528 7 27
745525457 31 7
445636927 29 0
596278743 25 16
189707433 27 6
120139416 14 24
253615615 17 1
112415365 33 2
564606659 15 0
369664156 2 35
400034686 13 6
719592424 23 1
789919203 21 22
127459918 7 26
917573428 31 30
541876613 34 17
664436452 35 4
870025318 9 1
365030781 12 33
439607397 22 15
454912451 16 22
632893791 28 21
297115161 12 19
762917781 24 17
134916644 10 31
419885048 22 23
357803694 12 27
767003814 25 8
854511052 34 26
316468660 8 18
610226497 27 3
883628589 10 27
719141157 35 21
611958107 8 8
570003137 17 33
18545220 25 33
135985085 20 18
949362551 4 14
901058428 34 31
468840200 18 20
257201351 29 21
536817368 28 5
593359272 17 34
308481305 29 13
994021272 21 7
448243984 23 2
534660060 28 20
525282333 35 2
262005291 27 16
552057592 18 26
493466004 31 11
792760124 35 23
898436510 12 22
993064233 14 0
869633968 21 26
595144101 4 22
305899699 29 10
47226500 33 12
732965109 12 28
651184392 3 15
381780560 31 34
182071979 23 20
369778314 10 23
908043291 26 5
844721151 1 11
582467717 8 22
891399293 20 26
744712982 26 27
544509038 30 13
65534142 25 32
583330364 19 10
768943158 5 21
999223792 19 12
830034500 29 3
403500316 1 18
11101757 1 3
300820731 10 30
451923659 14 19
13147862 14 4
818359536 7 4
198020776 19 31
730376522 25 24
851608581 27 18
116362648 11 20
11852599 12 12
30965372 9 7
173269161 16 0
157390210 20 9
67925640 26 25
812871520 23 3
433511590 0 1
711783551 27 23
414403746 18 19
129148346 25 4
389389894 29 2
604864869 16 31
672537647 34 2
599104656 5 27
504767667 11 5
163182219 6 12
310155518 35 1
960544941 16 3
744757374 16 5
577734225 3 33
222860417 16 10
126133025 6 4
893623835 25 35
802031510 25 26
660574797 17 31
530207678 9 29
406320738 19 8
925612096 15 1
378873500 4 1
983093661 3 1
808647440 23 13
99062200 8 30
548217038 35 11
836076440 17 35
452733764 14 3
835168619 17 23
359237091 26 18
64285901 26 15
986585090 8 0
361907018 31 4
580326147 2 7
639020833 25 9
901566131 4 34
675783242 28 34
521288694 28 29
696927674 26 8
82831267 8 24
53118693 7 3
14691244 18 34
570198916 22 35
539956354 30 19
634652568 5 8
52134071 32 19
788146094 16 9
698342116 5 32
39677283 18 6
843150284 33 24
258435114 15 25
295845057 27 9
651166284 14 17
922003526 30 15
741554736 27 32
418671861 22 4
337892828 5 13
710517411 27 4
138612923 15 31
83365825 2 19
204397984 7 22
774701829 0 19
552994570 1 12
632881480 30 33
144524713 5 35
711166385 11 28
376751393 3 16
797423123 11 27
866057997 2 33
743642003 23 24
360335430 0 20
160309134 25 11
314870884 2 15
670180537 32 12
794187652 1 31
325376137 0 8
412876363 15 22
306976468 33 26
187146283 9 3
43773879 15 2
247973348 14 6
631346106 19 3
514589262 21 18
493104690 24 24
397825364 4 8
922931174 33 27
157524803 19 5
407660021 0 0
810629700 24 0
751227638 5 11
639840807 21 10
163457633 7 30
942785633 2 3
488678956 8 12
902931543 9 9
759035577 11 4
144639965 11 18
295995118 1 16
55723512 21 11
984988325 5 3
675897835 0 21
111066951 9 15
175871601 30 21
678453939 17 9
924826438 29 25
126754915 1 33
381828332 0 13
493120209 30 7
534914731 3 12
146943255 3 28
726019288 26 13
537408213 35 32
560936282 10 3
221198422 30 1
337101929 23 7
268980469 19 28
50652569 3 6
816741309 27 35
57739031 16 13
982104655 28 2
55569713 31 21
626977288 19 11
70905371 27 2
235239778 6 33
842132463 12 29
176997786 33 6
239964405 11 10
408333971 22 32
180300324 35 31
203586810 31 9
871071209 5 6
924357290 31 6
319224614 22 8
930812752 31 26
233745532 7 34
685357906 17 13
175929805 34 4
411980012 2 2
441494012 31 29
216784796 22 9
808260342 12 14
64742336 29 30
996411382 34 3
374059132 32 25
18982916 4 15
24819681 15 14
848935102 34 20
480313675 9 11
324846426 3 19
681709066 27 17
501944810 32 34
322470467 14 2
880107234 28 15
109094424 25 19
226671831 6 18
491245830 5 10
218652809 21 25
105517455 1 4
791292707 34 14
78863640 23 35
370535104 18 4
620691987 8 11
926463793 4 0
551827552 10 9
578770685 14 34
420196336 9 22
867115688 35 26
900072363 32 1
895873592 22 22
353758356 5 7
96774388 2 17
65629481 4 24
835026286 16 25
241006863 5 26
47762372 10 25
225764590 30 6
318996514 12 10
780874394 13 7
174131082 9 14
689725298 17 27
694512855 29 1
48507149 9 19
217426942 2 8
487335954 8 31
573653399 17 7
777544038 32 10
834140827 24 4
159658893 8 26
816206447 11 26
536599113 33 25
589400353 11 21
582531719 11 1
666522608 7 20
289795707 15 3
456033297 24 11
73871369 34 21
130606512 15 7
868769638 27 1
351590196 1 19
111921151 16 24
890079943 18 35
383988633 14 31
550576661 27 19
265034681 20 29
827946579 35 16
151859013 14 7
734666370 31 2
172355690 29 22
10609652 3 2
757826752 14 33
708694799 30 31
996493228 1 34
11406928 12 23
555151110 18 10
886183314 28 12
669742075 3 34
622237072 35 22
40473651 7 10
422370216 18 33
831799605 35 35
440789473 35 19
772476426 26 35
171489071 21 16
114080544 33 11
49245173 34 1
427807857 5 1
120998090 14 12
556519396 26 2
759595391 23 10
977702465 945320402 861310971
448971490 934245951 399782135
217426942 758691030 510502645
823350720 613768327 904908579
488678956 413591375 649466688
908043291 428421790 214989983
658355544 207807793 16495860
387848551 461704716 188108907
337101929 630214192 182784398
527937652 208932477 964948773
126133025 721982525 202174270
664030008 597760730 203834584
848977630 878836870 316468660
151859013 505311793 39285656
462865897 27413456 512099502
772476426 414403746 325097442
723916523 796499080 134916644
105589473 300820731 688212189
619092046 42543425 359237091
409264770 760882137 188108907
367340291 43975296 391699389
340334736 628075993 601470463
963748725 942133279 188108907
128794083 770255844 117807055
948956948 224755731 468367662
827984336 648301579 49245173
219607925 850217268 588833917
84091084 601470463 741554736
359237091 225764590 456133625
81818163 731450051 757826752
977815585 814270448 908690814
673399851 90435769 431016128
262404880 402016114 37912544
348415775 377130829 706199353
90435769 219152115 653084719
839411134 20627870 262005291
227344293 741024696 732911859
700354785 670693704 999364366
541876613 593359272 435465821
171111027 82831267 982104655
632614179 510502645 879178213
257308059 18982916 440789473
348415775 541876613 378917036
691589016 193308946 638977924
743642003 443134636 685065262
341040284 809759052 157862925
370535104 134829721 452261867
185762788 883309203 452733764
551582359 193308946 727771048
236749994 837182872 224755731
658355544 61137538 120434964
217426942 63682396 428421790
467694364 734666370 247973348
147429323 719141157 96774388
936465970 635463583 155828299
912458992 710865007 979672504
258435114 369664156 696927674
383138123 9407410 932225586
20203453 697752808 64742336
127459918 147435536 491245830
489423751 227344293 378092644
410408149 178082754 397128918
926463793 956434847 816741309
182071979 823350720 695292166
816206447 214564137 27041509
689725298 339400482 23493040
111921151 369664156 816206447
410932016 797423123 204397984
85032855 358668988 696927674
620691987 173564735 324778809
162920444 337892828 40124678
596278743 717376613 366320032
11101757 467694364 730833196
672261975 99949803 295161716
58672911 154307616 925832280
778838923 711824004 868769638
178132098 609819116 117636534
202174270 893888104 93092784
549560209 386483264 809759052
428421790 414574531 159751208
837182872 883309203 421744570
467694364 378917036 306976468
775544168 245938843 357803694
602397063 241006863 276694851
154307616 678453939 721982525
637925091 251772775 339548880
622489990 24819681 436516389
90435769 717376613 11101757
774701829 582180331 544509038
874365077 147435536 412876363
520738966 111066951 169857820
135985085 129148346 18545220
859911678 928162094 238483458
573926206 539956354 140796280
682867956 702699127 827984336
263880940 322470467 172355690
848977630 10624903 105517455
13053816 491245830 741554736
239964405 883628589 335527677
139756917 197180618 559447230
