7 7 49 5
349674785 5 2
520926199 5 6
362869970 1 4
837456869 4 1
6237542 4 2
494989343 2 0
979567759 4 6
495796011 1 1
43026815 2 6
16665411 5 4
128871325 1 2
715260967 6 4
633024118 3 0
66995759 3 2
14787313 3 6
407109279 6 0
804840391 1 3
688235326 0 3
971513649 5 3
745577257 6 5
719489506 5 5
445992676 0 5
779038519 3 3
57889713 4 0
239725740 1 0
868047909 0 0
335271058 2 1
84196855 4 5
625949182 1 5
709180699 3 1
432627204 3 4
792175630 0 6
35771429 1 6
4370291 2 2
808391173 2 4
345427679 5 0
553210976 3 5
979323632 6 2
518396734 0 4
763686052 0 1
696582502 2 3
965202919 6 3
461225744 6 6
683529069 2 5
553182173 5 1
852764098 4 3
763342347 0 2
357870494 6 1
680598756 4 4
979323632 979323632 852764098
804840391 633024118 432627204
520926199 357870494 779038519
518396734 553210976 66995759
84196855 763342347 66995759
