1 49 49 28
949031760 0 34
617736778 0 19
456630014 0 36
626339544 0 38
389983820 0 32
656626880 0 15
338829323 0 41
690024038 0 27
469991427 0 46
204748717 0 48
208515606 0 22
29604799 0 20
314680229 0 30
951217421 0 35
9234737 0 40
407797141 0 14
84892741 0 44
651441506 0 33
414158227 0 42
143679321 0 25
1768285 0 29
849595441 0 3
522672662 0 28
804204483 0 8
320537928 0 39
176274563 0 16
160177848 0 43
446651726 0 37
532990407 0 21
584663909 0 26
398455066 0 47
935915193 0 7
10178173 0 13
228023912 0 45
24382724 0 10
623929223 0 6
832730995 0 31
593505825 0 5
281885919 0 23
847548032 0 18
863781781 0 12
532381354 0 24
309283385 0 4
475477038 0 2
182663474 0 0
118987296 0 11
236793925 0 9
694564193 0 17
830754432 0 1
10178173 414158227 849595441
10178173 469991427 617736778
690024038 626339544 656626880
694564193 863781781 830754432
651441506 456630014 143679321
84892741 935915193 863781781
849595441 407797141 9234737
804204483 182663474 593505825
143679321 118987296 118987296
281885919 617736778 522672662
204748717 314680229 389983820
398455066 651441506 804204483
176274563 281885919 951217421
532990407 84892741 849595441
694564193 309283385 469991427
849595441 281885919 690024038
935915193 24382724 414158227
656626880 204748717 9234737
204748717 651441506 446651726
182663474 160177848 407797141
236793925 804204483 10178173
389983820 236793925 228023912
456630014 584663909 446651726
935915193 398455066 522672662
804204483 830754432 804204483
314680229 617736778 236793925
694564193 160177848 863781781
446651726 832730995 407797141
