6 6 36 2
311234732 5 5
380562094 3 2
318763317 2 0
414172018 0 3
399705807 4 4
482611838 3 3
604076247 4 5
861797832 3 5
173273830 1 4
202177763 4 0
119636842 2 5
929699768 2 3
727699314 1 0
859381878 0 1
990526408 1 3
261395654 0 4
842826564 0 5
515374147 2 2
223667295 3 1
352478761 4 1
313888774 1 1
602588747 2 4
569072048 2 1
612213578 4 2
875315378 4 3
168964611 3 0
106332369 3 4
295328329 5 4
258943512 1 2
373490900 5 2
774377964 0 2
441303672 5 0
236609373 0 0
883790489 5 3
494499006 5 1
892832990 1 5
929699768 258943512 223667295
119636842 604076247 774377964
