8 8 64 2
780478843 4 0
132664634 7 0
697899822 7 2
803750203 0 1
849172377 3 2
452463588 5 3
22810302 0 2
20342413 5 5
600849184 3 7
354319680 3 6
550758004 3 0
167742090 0 7
58092440 2 7
132505750 3 4
387765188 4 3
364983159 4 5
446825727 1 4
692587204 7 3
531029459 6 2
900774505 4 7
578210883 4 2
393175228 4 1
996908029 6 3
450083790 0 5
272016331 0 3
608939523 6 5
785703503 7 5
971653093 0 4
203777519 4 6
587798324 2 6
649797645 2 2
375174977 5 6
360324475 1 0
748625531 1 6
360713262 5 0
642442058 2 4
854306352 3 5
906236955 5 2
525744603 3 1
906046139 6 4
638963523 6 1
24133352 2 1
802300148 1 1
6268965 7 1
658041821 7 6
651987662 0 0
904261258 1 5
654366827 6 6
89056153 4 4
861349192 7 7
174014822 5 1
919793988 5 4
342097672 5 7
347511785 2 3
4244097 6 7
602407869 2 0
450015280 0 6
825689303 3 3
62813066 1 2
447920820 7 4
188863753 1 3
121161034 1 7
534175587 6 0
792676190 2 5
906236955 375174977 649797645
393175228 387765188 450083790
