500 1 500 70
175518834 414 0
296795419 140 0
668411665 486 0
51876525 461 0
364094568 371 0
369800659 483 0
517592936 216 0
8431453 361 0
770146268 58 0
46728528 435 0
290464170 381 0
852821957 232 0
626281047 123 0
652152336 207 0
499051728 292 0
681469987 92 0
582962534 119 0
101973556 450 0
134701082 386 0
575654046 499 0
55501082 370 0
915854852 278 0
525235083 31 0
724047292 142 0
582391433 19 0
882737769 227 0
889675371 303 0
300176617 29 0
640142411 205 0
268637554 148 0
40582596 72 0
824595703 259 0
251282685 12 0
82322640 176 0
432115942 221 0
956579993 388 0
637054401 103 0
177792089 289 0
141696484 350 0
370464486 356 0
382387388 317 0
601690760 165 0
383986709 293 0
898982876 164 0
415807383 366 0
843349755 428 0
791896211 340 0
334128347 281 0
827154943 7 0
438001396 313 0
296603839 112 0
992804646 130 0
686362662 84 0
455245785 41 0
534961339 47 0
746418278 269 0
247272255 159 0
298697141 178 0
803604462 438 0
747145510 489 0
181415429 266 0
77299124 235 0
466080644 154 0
45839704 61 0
429436213 65 0
783169706 118 0
790480108 100 0
861290190 466 0
399224847 182 0
364427149 122 0
479854168 146 0
369841602 334 0
912675033 125 0
669759479 279 0
832977216 110 0
561012558 285 0
961799516 141 0
825178789 126 0
200272095 209 0
944546805 242 0
145540453 463 0
533687802 357 0
433558709 423 0
123654681 436 0
340983109 28 0
297904253 484 0
728502531 4 0
142263426 73 0
446762578 223 0
671123798 155 0
314873170 163 0
852559581 248 0
54447460 166 0
950998229 426 0
899341548 379 0
891463738 162 0
843239769 115 0
997033196 400 0
71004001 353 0
721736590 345 0
926863249 87 0
81770416 490 0
901366020 234 0
225458223 10 0
46017650 394 0
781700059 416 0
559312748 190 0
716974171 319 0
758108645 314 0
498597709 432 0
945885684 425 0
421593009 131 0
132548055 315 0
910138247 30 0
502355002 199 0
244290485 167 0
841298617 284 0
186040366 282 0
780720803 5 0
382786641 274 0
830118401 253 0
615493518 460 0
848108246 200 0
965180495 55 0
646000807 151 0
688382228 471 0
929721405 479 0
999782880 398 0
714445225 25 0
100942291 408 0
726766215 256 0
466320152 104 0
946120839 239 0
589196544 171 0
11737641 66 0
678011503 21 0
553959879 52 0
922591862 265 0
756309208 75 0
772754241 211 0
424287090 35 0
464538931 91 0
991069200 113 0
445353039 257 0
137880981 80 0
386362841 273 0
723743632 421 0
781728828 304 0
53925057 295 0
958235438 429 0
40590300 332 0
380608017 323 0
2721420 138 0
620476060 373 0
459259578 237 0
131157434 247 0
717486094 24 0
612670642 395 0
589673909 63 0
101315719 135 0
83437157 493 0
718117281 301 0
709392030 288 0
277383084 442 0
979068721 189 0
566329791 81 0
955194885 243 0
115844801 271 0
349884184 391 0
994853896 441 0
465458116 45 0
866577986 480 0
484960323 172 0
918431384 411 0
178062709 22 0
545460240 204 0
307441376 192 0
322716978 40 0
935688951 306 0
106040302 49 0
494246814 124 0
993295804 453 0
92661997 433 0
813419013 417 0
122360372 325 0
547865281 67 0
440203582 219 0
747018592 187 0
444790746 291 0
141218285 389 0
329979286 287 0
557639793 405 0
75081677 448 0
612969109 477 0
807995364 117 0
470563722 170 0
249532368 17 0
33993773 88 0
93506266 59 0
350091621 402 0
385263270 85 0
244500175 99 0
31421041 352 0
986159005 407 0
53682841 434 0
450094011 346 0
47721570 376 0
819953970 481 0
530864118 276 0
766432209 215 0
24948397 177 0
976291081 459 0
576792463 188 0
361532952 439 0
609595926 185 0
60166762 418 0
127355191 212 0
53562427 320 0
699175587 419 0
45462912 169 0
868791881 180 0
963088647 290 0
344786463 455 0
158443997 338 0
737940514 387 0
39847151 420 0
910061211 11 0
110816499 20 0
403031714 240 0
196214408 252 0
703500007 37 0
425970843 258 0
190342320 383 0
663294221 375 0
984277789 324 0
922549138 245 0
790673075 8 0
833704156 299 0
108959511 474 0
823195127 372 0
907569945 93 0
516694006 360 0
443005172 129 0
61799887 488 0
987621075 60 0
419866755 254 0
389081495 168 0
772362113 397 0
472037335 230 0
547279692 89 0
714567464 218 0
544381531 326 0
424197021 454 0
567946815 275 0
792988561 449 0
108107019 97 0
825626531 202 0
311439087 322 0
632342273 415 0
351540262 297 0
67940329 48 0
606428946 127 0
341337197 191 0
827578020 36 0
490487158 183 0
356258561 336 0
709654026 210 0
824467042 452 0
883142865 50 0
492053563 307 0
792136149 105 0
811394719 318 0
423432840 27 0
550076898 437 0
548775947 1 0
129263743 264 0
736134061 310 0
297855804 149 0
581171121 427 0
196228491 354 0
591982675 311 0
584903731 384 0
485712653 222 0
172292143 277 0
230657046 233 0
574882262 236 0
690605098 327 0
319293499 193 0
367276688 39 0
422904022 136 0
395847001 469 0
976170339 13 0
261763557 175 0
430098442 18 0
765087147 270 0
223790527 491 0
196714808 69 0
237290219 390 0
230934391 369 0
514899019 62 0
492044595 344 0
802023448 444 0
328016602 404 0
869144424 76 0
777190532 446 0
699657684 487 0
989863474 260 0
783667033 406 0
682342490 132 0
316831363 226 0
569432227 95 0
450548935 26 0
482836204 494 0
262365489 445 0
432456850 349 0
501339966 456 0
302538738 462 0
840692234 108 0
504565292 272 0
294978478 341 0
777013546 347 0
365975267 134 0
546635744 71 0
67538154 451 0
899577044 497 0
14956976 403 0
753367777 153 0
438962732 300 0
77155895 244 0
727788812 220 0
898972069 422 0
260560783 144 0
243388442 385 0
329263284 457 0
792156264 312 0
229373076 34 0
427394379 214 0
136802828 377 0
778916778 106 0
995563678 440 0
317812508 261 0
131252376 174 0
144053933 102 0
711122294 283 0
134799840 56 0
913515140 380 0
929852408 128 0
759140295 413 0
658662259 424 0
337968925 447 0
94798294 111 0
335565219 152 0
948962736 368 0
631970134 82 0
795685080 217 0
133372668 409 0
867679992 280 0
608878660 3 0
868521039 255 0
73188908 241 0
876859057 335 0
702050210 478 0
684402387 330 0
120130670 32 0
109155781 195 0
21580366 107 0
298409663 181 0
16925282 367 0
548981023 2 0
993929418 184 0
941231282 78 0
681698957 342 0
773794354 79 0
4121532 114 0
18122767 161 0
934826966 286 0
808958321 365 0
163835502 485 0
662983550 53 0
116006411 472 0
252169432 333 0
299534158 173 0
866318697 263 0
186813530 156 0
374864994 498 0
471665775 465 0
265256064 206 0
436390872 339 0
761610896 96 0
265764359 42 0
904970805 476 0
702575614 302 0
730437353 157 0
405546735 83 0
673307457 197 0
2653478 238 0
408716916 201 0
615956262 251 0
917672989 321 0
361535250 331 0
898846783 267 0
117158991 121 0
645335946 38 0
251873638 396 0
472006620 359 0
122184238 393 0
250507529 392 0
605391913 305 0
739620831 46 0
836805934 44 0
432527204 16 0
206892616 228 0
561122913 309 0
791015134 443 0
563079971 492 0
146922515 401 0
461139328 399 0
563115119 54 0
143891736 158 0
185189310 213 0
338233820 6 0
312743224 458 0
197143764 348 0
636309985 224 0
771772188 337 0
681112371 147 0
412869423 343 0
820841465 412 0
290223207 473 0
51588477 262 0
962390212 362 0
177556709 0 0
919149804 294 0
348922073 430 0
586371186 203 0
280563049 194 0
647384666 90 0
450735150 328 0
196301276 495 0
280603822 482 0
566415208 68 0
260406532 70 0
798520298 470 0
399040192 137 0
28474958 351 0
250281484 64 0
114548550 139 0
293849359 179 0
887235402 86 0
876520341 33 0
611662048 133 0
713085167 15 0
545708829 186 0
40926231 316 0
203394667 160 0
244967960 51 0
215541131 364 0
231010988 43 0
703508701 308 0
484088102 363 0
721480671 94 0
521068434 23 0
514812147 116 0
471868954 98 0
802335588 120 0
245348010 378 0
526122410 268 0
108008151 143 0
308895213 298 0
695103996 467 0
816114375 296 0
268169126 198 0
281888846 382 0
141849649 196 0
46207825 109 0
517890482 355 0
241094880 208 0
695144727 496 0
69199889 74 0
128099725 231 0
813623809 9 0
116990497 358 0
266471449 475 0
126377 246 0
375099538 410 0
469081317 57 0
673840954 14 0
667874528 229 0
387531383 431 0
554179484 250 0
28890252 77 0
442252525 468 0
42138395 329 0
693009829 464 0
166757098 101 0
317651697 374 0
378418665 145 0
624329730 150 0
225662323 225 0
782701039 249 0
825626531 944546805 550076898
671123798 713085167 311439087
766432209 935688951 356258561
737940514 993295804 172292143
54447460 912675033 53925057
296795419 436390872 92661997
334128347 461139328 840692234
425970843 110816499 351540262
761610896 832977216 913515140
40590300 601690760 438962732
244290485 244290485 887235402
866577986 225662323 567946815
492044595 432527204 825626531
350091621 581171121 889675371
223790527 563115119 782701039
399040192 196301276 636309985
382786641 841298617 926863249
277383084 110816499 361532952
753367777 586371186 714567464
444790746 827154943 348922073
702575614 186813530 466320152
684402387 46207825 115844801
293849359 718117281 369841602
422904022 190342320 631970134
69199889 432115942 782701039
225662323 444790746 695144727
280563049 302538738 979068721
827578020 761610896 899341548
61799887 196214408 300176617
415807383 432527204 950998229
73188908 652152336 206892616
350091621 759140295 399224847
546635744 120130670 367276688
601690760 252169432 526122410
976291081 678011503 581171121
667874528 612670642 206892616
915854852 994853896 671123798
948962736 4121532 690605098
163835502 945885684 81770416
907569945 294978478 158443997
813419013 338233820 758108645
756309208 24948397 71004001
395847001 910138247 772754241
575654046 608878660 141218285
624329730 349884184 771772188
55501082 436390872 889675371
53925057 146922515 296603839
736134061 499051728 470563722
340983109 383986709 546635744
405546735 386362841 718117281
71004001 813623809 123654681
918431384 178062709 11737641
671123798 146922515 197143764
237290219 364094568 28890252
268169126 753367777 913515140
385263270 756309208 819953970
470563722 499051728 370464486
290464170 612670642 370464486
514899019 935688951 727788812
378418665 997033196 137880981
946120839 230657046 405546735
83437157 479854168 299534158
158443997 472037335 134701082
298697141 721480671 440203582
122360372 771772188 300176617
530864118 711122294 887235402
280603822 891463738 620476060
244500175 344786463 293849359
994853896 2721420 695144727
395847001 636309985 28890252
