64 379 4263 100
654669982 11 85
246325407 9 140
950528221 56 285
553791856 28 262
329435526 4 271
304206948 50 342
327330535 34 119
969661426 30 326
461886051 38 280
991218574 15 18
440894288 40 213
388811566 13 254
509378594 55 217
217744649 52 21
187341256 55 319
341807521 53 321
19641686 45 283
717928451 48 8
662977507 18 280
296450125 16 284
847819956 42 112
642300529 6 210
632479641 0 204
142097719 24 90
513145239 32 318
25953672 19 223
69157318 0 114
114386920 20 201
425798780 13 88
189923908 61 142
306407083 46 274
298349549 53 158
639594887 44 200
671084004 8 120
147568747 32 204
265103191 37 125
855593725 21 80
617221739 39 115
925297039 18 348
199006012 38 7
314028488 15 121
103613729 14 292
959024003 42 166
396092980 44 34
525497846 44 228
467086609 5 74
111685399 59 342
974552796 18 166
567913786 13 21
122983305 51 104
510136062 19 301
203906647 4 79
973109098 17 46
762866844 39 74
173247058 22 347
21135560 23 241
988439295 41 267
465479075 43 225
730662158 55 361
670914521 6 227
329952664 10 0
371672504 14 197
184317075 48 179
952335159 29 22
366070903 29 328
6940729 1 234
371111460 26 364
91915027 63 319
245781762 45 48
819555147 43 333
265725289 20 247
668783266 12 166
654581571 12 10
304602709 10 180
578090736 61 42
103173790 20 349
35034729 13 242
872488064 57 225
261094567 57 202
790941124 60 26
318790981 34 146
564059454 6 155
721360996 40 101
779481428 58 303
79261902 27 296
359754432 61 141
765423709 29 53
138698644 3 300
124782749 5 165
483726974 47 115
373177776 10 100
4904013 63 228
382262130 55 208
419877300 16 318
445289180 18 252
672441676 24 344
297205677 36 183
978705887 43 108
862638662 9 263
836013283 41 15
893258197 28 73
288704835 30 228
444693174 34 106
221012581 6 47
513010965 29 104
772126056 38 327
811192279 26 94
496817837 27 344
987763130 60 290
30592409 26 172
444103354 25 119
99056280 5 334
223571894 22 174
643489124 5 285
973503571 42 306
942947206 26 203
84217632 6 46
605286684 56 59
175130619 30 182
838254557 14 124
343652530 3 118
810750554 50 207
520469484 45 239
461972358 11 263
22891082 12 341
206273656 38 24
176536008 53 80
75575918 16 202
863406441 6 55
881676053 37 291
775536915 60 186
660760838 15 6
391489975 60 245
680442004 44 177
166491060 52 316
292474052 8 42
467329405 23 249
691195036 27 350
184391288 33 145
914492064 2 294
396852777 53 40
778661017 28 200
458199951 55 120
122449816 29 38
863964878 54 143
817630778 23 282
463158541 18 221
720115500 43 244
205078177 49 301
913950705 14 43
677554026 5 147
102904290 17 128
673528189 38 303
343420790 25 296
607898115 30 124
591698371 42 167
148157536 36 320
38531652 25 67
578084247 21 346
612179676 40 304
724515308 38 183
972543515 43 224
430625482 60 181
976596927 44 49
823125223 26 182
916910972 37 82
89252517 0 4
372409855 59 131
340465339 43 146
960923696 43 319
882794260 31 43
300834487 45 26
282346486 9 47
163776962 61 258
944737127 11 82
229838596 39 7
489918155 55 150
166964736 35 114
837233361 17 374
425562758 54 302
446397840 50 132
232242558 37 47
617575148 0 234
63544803 15 150
26404158 46 305
529624594 19 78
423156788 47 35
769720133 33 15
355756532 15 136
588036441 1 157
841033351 9 171
154912471 1 141
863506805 41 196
947671345 14 44
198657963 25 15
199387979 22 186
862184357 14 352
862304829 5 208
973259208 12 321
375253591 10 122
234394383 62 158
51923044 5 64
919668714 26 222
81170227 4 61
279887202 60 30
823620434 59 36
872941696 16 170
961719580 54 63
330090991 57 281
346945270 63 108
362751456 46 34
441316309 51 306
269848621 53 124
474355714 34 167
729040577 20 220
596522529 18 354
435138102 29 347
301727343 2 31
256559295 22 87
317263434 62 284
525620551 24 274
595003894 17 296
262035674 62 362
552689309 4 68
757625924 26 34
67655319 10 55
506072567 9 366
445513708 41 6
946428465 11 344
291383062 19 118
660808030 29 127
977208330 7 92
557626554 0 92
604260217 53 83
490567482 46 50
872346707 18 46
484160172 61 176
855637388 63 60
656654108 60 366
874102817 36 120
863779962 39 100
813350749 0 293
273512057 14 21
504134488 54 272
323250361 39 203
693028288 53 97
607407399 51 216
338264795 8 1
900315812 3 182
684942027 59 133
547872228 58 343
39773460 1 20
692734616 34 271
520875611 30 125
906421967 32 190
490229872 35 26
97284249 47 101
616017038 37 79
846767597 56 171
155537889 2 44
282527948 28 43
315369031 34 237
740022693 29 346
128174938 1 343
544718331 4 205
419532718 48 93
623307588 7 357
797947479 4 90
752108564 53 233
318938285 26 314
812181882 24 146
109871698 63 26
132009130 5 213
467624308 12 65
853415132 34 91
104872271 38 27
155425138 60 280
880995061 8 118
248665696 38 191
172973137 7 345
441705160 22 25
806106984 24 202
606956003 40 117
156029922 50 42
313447464 8 129
558945993 49 50
562394278 6 245
886327951 61 37
147611317 32 23
324758357 24 57
623932877 48 109
599768426 15 2
820486069 2 65
459540497 0 93
359914719 24 347
979771015 56 186
212963602 16 185
467386691 43 72
328124489 3 306
23158143 60 217
821760987 8 317
396927735 7 192
730363867 41 63
328994288 41 328
508393665 42 258
7866235 51 113
293221705 4 274
629918202 35 98
653272730 61 108
105683427 45 318
845570731 0 373
151738563 42 274
276239586 18 45
922664582 39 141
353987837 17 155
151327988 25 259
554377269 9 115
481689470 50 224
918770848 43 348
349360443 56 281
42222294 7 310
121996588 58 92
36182999 2 271
546229959 8 114
999991596 19 113
420245683 31 337
708300619 56 337
321944015 15 310
786389567 14 25
794125432 40 354
951177352 39 331
498740235 30 233
36056639 41 180
785611432 25 378
89164414 49 27
223531321 13 220
601670910 9 239
923368882 60 309
109516288 26 193
291748762 58 248
44060785 44 297
466433737 2 29
592912968 41 241
60068978 55 360
743829810 63 316
245544547 14 257
480913265 49 342
841273483 46 56
612949761 38 209
131361980 23 230
34685692 29 152
129340082 52 200
694033726 28 116
102264404 48 247
673242188 49 239
605936697 42 214
730867569 17 227
251566701 17 287
153462569 22 269
855665524 27 66
884150211 55 185
39328142 13 214
310527553 58 145
997847100 61 316
965129090 21 189
190976003 21 183
961375138 9 345
313167471 23 364
955767713 22 313
381316698 23 265
986404162 52 125
58863725 13 219
151124789 13 39
813104615 45 12
943523703 61 200
901950877 1 318
845704697 36 327
722883393 52 352
997624191 33 225
465704166 25 256
926469835 61 84
731620547 51 357
937943034 34 342
553842486 0 336
125182509 62 17
395268364 36 246
899508587 27 257
377207807 63 23
997212357 57 136
658043263 57 68
575335098 27 293
649126325 17 221
413333469 26 370
518302404 43 178
148791732 21 303
849453649 52 359
737254371 61 256
400621381 39 318
241384842 27 250
790450641 56 122
416623850 0 46
586197426 8 106
704574286 39 166
687262901 62 57
441347368 17 301
854542717 50 51
487972985 58 69
718042244 27 372
369674102 4 263
124736351 26 290
981838696 23 43
558440005 21 29
427269587 35 209
379631057 49 257
733472218 17 44
786013958 12 377
747236833 58 288
695378324 45 89
153265524 7 175
404975705 0 39
69550950 13 111
966202922 52 72
367966781 19 25
61236434 49 7
71903949 36 185
154793562 1 93
955458338 32 329
994754186 16 212
108857763 57 28
298772656 62 145
743224435 61 215
250933151 21 76
629176602 51 311
635757050 52 310
71868516 17 209
860995762 11 50
586369673 15 179
502386636 47 257
576338829 16 364
20026215 6 19
118439401 12 31
829809405 18 126
976154987 39 354
278932200 2 223
851815002 43 135
241083432 5 256
511712477 45 73
839001699 29 237
740823196 23 95
990299692 41 133
169958567 24 145
429655431 30 120
39067030 53 271
966549164 19 359
306414578 53 261
802817803 5 329
883278035 31 142
583019152 50 16
443641546 17 21
705529128 32 267
332056832 26 124
910798978 25 50
692726943 62 32
954501658 31 69
132430448 16 226
971408242 13 363
819205828 5 13
402001058 51 272
999082904 42 293
812605203 54 156
447683315 38 250
227358343 8 98
481073043 1 283
655874139 4 268
502597064 29 250
82562320 24 351
292327582 45 67
167941639 6 56
108760897 27 231
289659787 22 218
756446877 57 273
96588053 46 240
232586052 32 335
962613706 10 124
143346069 6 18
6214983 20 353
287376921 42 259
29429409 52 100
732405296 8 281
599516583 35 335
971989228 54 346
445610601 62 278
529292348 60 242
484502782 25 239
669804109 63 369
378661760 23 245
456920364 39 261
924154971 44 67
384421039 10 294
121714375 27 97
430990997 0 57
5714322 31 245
841277676 18 58
756944930 24 366
475434674 33 55
742015930 54 360
794418879 31 362
994432764 32 100
949095137 9 290
104073134 38 319
922872648 25 280
828687040 5 240
283574820 0 19
216871053 33 337
793610124 40 4
829386593 18 192
866441121 24 332
859570747 57 249
667911923 33 348
382978003 39 321
910887715 51 163
31968734 10 43
703256008 27 48
395204239 17 231
465355158 62 259
199001185 36 203
461851069 29 113
281304083 17 113
440320910 42 247
748910324 1 305
228798564 42 71
571134304 38 34
857896385 39 36
909377930 4 88
576814007 45 355
641265786 58 149
228653448 11 47
403149657 48 42
692095632 20 330
552038636 17 102
46969699 33 4
847604062 32 271
715279154 24 267
263275073 40 254
507224434 42 72
916173526 53 309
381559230 13 222
140150924 22 64
125416956 44 147
347547590 7 307
785531071 41 171
739867873 34 273
99277804 41 205
809606005 33 298
413682079 35 20
96334298 55 198
77785423 7 324
410821357 24 367
679423279 31 112
998804499 7 333
664178647 55 204
506058621 60 209
216870947 11 338
96400045 1 3
292395867 18 264
376020793 25 77
565151636 62 293
52218831 63 99
756209237 11 300
582620536 52 88
763486076 62 4
315279648 42 200
679562850 13 141
650593621 46 159
407106365 53 127
116954191 34 141
786119366 12 33
344389168 44 12
782128667 63 240
577757580 28 254
663876837 16 60
557439530 27 330
60695997 56 374
896773132 62 45
290630859 7 65
832650924 4 122
768170672 24 265
176616584 2 37
798163877 42 17
924096736 19 60
705157348 36 103
528372158 23 148
515224134 20 73
186770486 7 155
751577133 21 18
235144431 31 186
799727523 22 126
777262817 60 133
143269571 47 69
173539935 11 306
892263255 42 65
977586264 62 5
119989698 58 26
294512601 32 179
663985184 49 297
662321109 33 83
344485291 18 329
773565736 14 63
549948512 60 117
872449241 62 198
560056545 28 110
93704863 7 153
804340381 28 143
866267046 38 256
338549293 32 367
624298898 24 153
228057601 24 109
712488900 55 36
730145595 25 199
961564891 21 341
943312090 17 90
684385405 51 237
115403035 9 249
671268694 47 103
936653595 39 180
33250144 60 57
314348224 53 188
826298469 49 29
90614490 44 317
646590145 26 321
761425796 18 137
470350444 60 191
12387024 50 151
405139511 17 148
162794914 54 5
279187798 4 216
690553052 8 155
929368862 13 306
631177915 51 26
841773838 61 2
472010368 23 83
779086611 61 12
115469394 62 215
526403079 6 136
236772706 14 198
947571323 53 120
626534992 30 24
682984885 33 321
894110157 19 225
801400059 47 99
429675904 24 352
457179922 41 316
175782701 44 88
716241409 57 73
553828884 10 108
675583770 23 23
183929495 49 19
798730554 61 190
85646366 45 342
100932943 15 50
201474366 37 64
932161818 4 361
906538008 16 355
362125877 15 97
735203071 63 294
843337047 18 313
948300637 51 176
267407831 12 4
38329046 13 11
438500718 33 243
357536429 32 275
167989312 45 334
671983463 52 258
572455197 61 10
340438189 16 93
881057283 26 46
996020598 29 326
332879079 40 137
639212133 55 203
251767988 36 14
382500975 57 83
857414804 13 235
535675840 26 79
606417261 18 267
345795295 34 152
995396013 60 270
476641295 33 372
843746634 24 264
402218232 33 32
509418500 41 29
665538695 0 247
468475885 14 162
397293329 6 360
991687722 43 93
509438654 5 244
730858491 35 300
274831396 48 123
573151224 8 66
38918450 21 200
413118364 2 297
278612047 4 357
615682311 30 247
89784770 6 113
61682431 22 254
288091987 36 314
982405431 44 99
10074162 21 285
843377876 62 364
320250648 33 284
244652844 61 148
597633708 29 333
783698640 47 239
428159015 33 98
828786380 18 356
677812794 10 130
648703020 19 288
240668718 46 5
572223426 28 263
882472269 19 364
370233895 53 296
431898752 51 199
462661118 16 239
47949369 6 90
995912319 19 154
276963986 22 37
143215155 11 162
429570486 51 21
535280124 35 216
691794560 42 218
187866712 31 244
644323169 46 68
392402150 25 16
740699526 8 123
485563944 8 311
462966841 16 147
238397833 27 235
100485766 32 361
536400802 39 113
540007202 30 166
35362488 19 243
212294792 27 104
227664777 24 306
208326501 6 310
944503880 20 20
293124406 7 306
554997732 50 40
612611886 7 146
520119696 50 93
73043804 54 203
483704959 55 274
302857741 43 139
180783599 15 258
755395438 40 306
515560809 22 361
351777654 56 193
775517510 32 67
621932546 35 120
481643893 44 107
446150977 9 67
128611450 28 87
721806929 59 91
595833017 0 33
162224682 52 109
234065396 55 121
866183355 14 10
749891345 28 306
224898642 21 60
440069664 37 256
302857024 36 369
152272029 15 374
486554556 22 81
377757169 28 313
60360711 34 303
216043070 2 201
233092817 23 354
843105115 23 138
17587675 24 175
779923997 51 247
837902556 25 360
223465944 45 362
314668712 42 25
961247781 6 182
326029967 7 224
542919396 45 352
792586243 31 294
226859652 58 16
740923005 28 266
633633921 10 154
30600096 16 186
158646318 39 1
582580637 48 330
252105140 37 295
205042649 10 331
66012506 8 180
458817485 36 285
136667398 5 27
169130542 22 131
936444419 29 190
249726029 14 214
482590467 14 48
785663935 41 135
323650152 39 272
699201600 40 66
206639294 34 164
397941204 42 14
281250188 38 57
988015919 63 329
56659532 2 186
970146902 0 119
568416182 36 85
962893189 47 39
367641412 7 177
319301715 33 92
463772402 48 365
494005011 36 51
410746182 1 242
118502013 30 212
41000335 40 343
769438606 50 15
932570737 29 5
871523756 55 207
713801888 36 230
248856844 4 128
623661546 47 109
1403224 38 360
53876347 38 108
415577739 24 328
544366172 24 339
575315999 22 80
778440508 34 224
976879210 55 81
186156659 7 268
353964101 63 246
628367683 56 78
182015214 12 79
510236512 38 161
608877615 36 330
227305394 18 281
612269247 45 288
864090456 41 85
878307559 40 300
219428592 31 102
470854504 63 88
428633621 7 73
922400411 59 275
994604328 51 156
189126106 24 111
891756371 55 3
303480094 60 207
150106315 26 108
141269225 33 71
639738196 12 222
269137510 30 174
40855306 20 26
965503438 25 187
556570461 9 42
259498252 61 86
227370588 39 128
613752995 41 268
283016247 57 282
477919439 32 348
62480638 43 40
879885034 2 120
903699119 41 290
603585297 9 291
83216750 33 189
564305415 54 174
171151894 3 54
359163224 43 86
554783472 29 230
974174657 12 24
311798977 34 169
505269199 55 259
368053257 55 170
431475909 10 34
799003274 39 39
742831042 11 175
30007558 29 265
502531363 57 335
535273293 61 307
702501 26 242
897694838 42 230
792069839 57 190
785759084 38 77
431754766 18 44
212382124 32 17
9440801 29 124
782222924 49 28
685626167 53 105
478706494 50 65
921829461 49 333
52104918 3 331
870662781 56 41
129076105 42 327
134011404 12 7
645273590 37 198
220918371 15 89
847282474 10 289
498633674 32 27
923278623 7 125
159795088 18 97
121427334 47 98
912898166 61 94
247743174 57 280
284535628 56 46
187589443 14 72
963443676 60 101
812649699 9 93
313746439 29 39
966237389 61 262
356918574 24 227
459101043 10 138
660707283 46 138
531584210 35 140
732409215 52 332
176877304 0 36
930750181 4 358
601815238 14 240
100257863 60 88
194495223 49 79
754009112 0 267
499591008 55 224
19734498 50 209
259857529 13 332
609602409 48 40
989335835 7 126
916641809 56 248
536582283 44 194
648473724 49 323
253114038 22 303
360164471 9 1
737743038 43 229
270401302 52 233
750308277 46 147
510271772 7 259
556474791 45 376
931311521 56 344
762444509 27 35
149880046 51 197
915419488 62 346
933559723 55 215
807333563 61 65
336736315 3 326
728965125 41 62
594825831 55 223
371385374 19 215
209422649 30 312
453548088 13 215
670330154 62 121
543304345 45 304
680318591 19 32
661916574 18 373
725995503 8 371
98528514 25 222
411432329 49 184
260876640 46 90
301007316 21 77
911084022 21 78
648903991 3 256
598688939 36 176
788714395 11 34
743266898 35 235
60764238 7 67
926549808 8 77
447099946 35 319
545763259 28 111
248136182 43 35
938921380 46 244
207273739 62 149
489654552 12 336
617525818 31 346
794425921 28 19
547044076 32 142
642918162 2 2
883870347 7 148
120286020 13 148
965079585 52 315
622280347 21 44
371652669 38 112
509385581 0 145
216422685 32 208
358226276 38 267
459709705 14 348
752471170 29 176
439685372 13 230
590156901 0 148
79287690 17 339
586249676 34 373
283247101 42 317
786212953 38 354
961294272 48 292
576822936 21 166
905833984 24 375
156658239 16 196
828187024 31 236
227532471 18 91
239003404 24 127
521137114 53 50
43941185 4 5
371593982 33 310
33030604 20 202
662399538 58 74
412396544 21 188
918940103 49 106
876210700 10 293
856014353 31 201
232388701 0 172
81529198 20 246
201330497 49 113
186675335 36 253
514167500 36 75
587410646 29 95
790548735 1 120
290429799 41 100
453213221 5 135
996501474 55 343
698528128 56 356
593411016 62 212
225795109 21 243
200770043 40 374
63934500 22 378
360962180 60 319
86555627 46 251
204587664 17 127
674265067 39 346
567199420 30 54
774026875 58 289
632613266 55 145
993387005 7 374
245838418 40 3
849786174 46 313
76782580 61 378
46797858 38 173
326778477 38 205
482561664 9 30
804390449 62 252
256219467 38 142
889786361 56 113
992586225 11 176
450789573 59 157
56567815 19 135
128784932 31 70
24193317 9 268
84962995 52 13
779200270 0 271
47365346 1 354
664453140 27 241
879364094 53 256
537290682 28 216
110828394 32 214
374159258 8 52
188299312 17 14
637450889 15 128
53119672 18 362
707810296 23 178
612155094 54 186
360361373 2 244
492710921 45 353
888923985 2 155
888844289 56 172
966298939 6 144
107318113 63 54
776005166 2 127
816957638 6 254
146505296 42 7
783365128 56 22
735176187 19 245
883485119 36 155
392342759 20 180
982028040 14 160
26983816 60 72
450773897 34 136
474794164 25 357
86763953 44 377
490665352 46 351
920815428 46 359
542704524 47 217
990514198 40 139
502188309 41 138
751507222 60 137
895078378 60 51
991075214 19 311
774386730 60 91
228640424 35 90
991997804 42 102
492331315 31 149
67901992 9 316
272293287 48 255
825717076 46 227
978814054 42 309
265841746 5 151
376375364 11 227
792021257 21 350
572160841 35 118
991199824 56 280
294612917 19 377
839983763 21 86
641040707 59 153
983552176 31 20
704821426 46 114
339594018 41 284
105746816 15 220
459501408 9 66
364715000 11 267
815637383 1 313
625206127 56 47
430208054 63 337
398831817 8 43
635659960 9 265
796754242 1 296
225844072 62 287
570461035 23 84
870758993 47 31
853370993 21 353
878667796 2 246
883378597 47 20
292442382 18 349
518677559 38 63
498460345 53 61
512227653 2 89
903781203 19 219
99800596 52 31
324850108 48 71
128633500 29 25
740410276 20 115
34985545 10 77
471910373 61 191
311986943 29 112
991041836 13 158
893421151 32 136
74099423 47 187
519585096 52 163
769792058 32 77
658463136 12 225
571039163 31 61
590100052 5 171
702654656 10 217
434268060 45 332
262006125 5 332
670597507 26 284
148495571 6 322
973263526 8 113
90938702 2 9
685272891 20 378
107041582 15 297
725983829 37 314
73180568 60 329
412910949 52 252
621465006 62 240
281285124 59 340
847423981 35 362
309306350 63 147
823786455 63 73
45537105 5 18
375671761 21 98
981157192 6 86
445173581 15 280
774025377 44 307
550441771 39 88
335711974 29 223
569174108 25 25
211304859 15 122
143427272 57 337
734456771 59 218
466696306 38 198
33399209 24 24
904166616 10 9
136221916 48 201
942432927 1 220
612258938 24 160
112731503 25 308
319173041 23 337
219861532 25 301
844598403 17 132
994066181 39 377
243747528 54 373
219744449 63 13
374695289 0 137
32349431 4 131
846266922 26 156
338374028 29 160
362545880 0 34
113546244 45 65
808886757 10 341
691917601 46 332
73070175 39 108
733392592 37 284
376642696 5 173
180792389 26 221
358330514 21 307
700685924 56 129
286252970 17 268
102176866 46 277
225195319 1 15
46277804 34 53
239495267 24 374
248395783 7 239
438939609 48 372
687767288 61 205
227171792 2 316
418082149 20 213
252235336 21 249
592850556 49 141
866913684 48 113
632485587 28 232
616861463 45 313
110347471 6 40
152851538 25 216
127647050 28 52
756288541 41 324
371702384 1 168
953906228 26 197
19704553 28 124
37015797 19 335
469878076 55 330
749718375 14 222
105653618 49 22
723691902 34 100
591038201 13 83
878654620 1 164
186758347 36 325
335494235 37 77
946748879 2 77
763287433 24 280
604219263 28 234
507718515 45 171
376406218 48 347
4761958 12 356
716741435 1 53
984439410 24 276
271959129 7 98
844579697 17 168
813403473 25 348
152731975 23 158
385530578 31 55
438169962 30 25
140556600 27 364
585319076 37 19
636323052 28 236
839666711 53 31
231979785 16 159
442529410 44 262
952421443 51 240
473307585 55 38
97937412 50 205
684575898 7 366
382767063 23 267
996892342 58 254
154074377 51 366
28842220 23 206
944871053 12 342
846511045 45 5
754082592 50 144
923278908 41 231
582495661 25 202
859245253 21 193
854615025 0 134
235465872 28 293
934296930 18 176
803206414 48 60
849503821 4 105
724743091 47 308
558764349 37 53
20576766 13 210
431954595 43 187
138009014 44 174
217879219 17 85
563580789 1 300
985746827 50 55
153380201 13 121
462668186 26 18
897245273 13 261
740250687 59 66
507820774 30 273
272371376 41 243
260129555 27 186
513155869 41 49
456384007 26 41
509698068 54 347
611385872 20 204
517583398 35 61
913068779 39 8
661899211 16 242
289150530 17 125
414852482 14 357
986284149 46 308
985104956 27 320
85821341 55 200
490699770 42 115
937315533 32 288
924900532 3 32
689180058 14 121
955900797 46 282
850546653 7 37
816350179 42 39
289538487 46 165
559973275 58 126
877855700 25 28
425750110 27 223
341711348 27 52
478892557 29 248
205020071 22 355
393428251 41 309
706364247 28 9
116601643 20 318
219531147 17 33
182221815 53 91
19380841 16 173
469875316 33 109
840791421 13 323
889088563 35 245
328784824 6 341
444113674 21 370
64291770 11 373
800175859 29 87
570762323 27 153
903098419 17 87
288887623 42 153
245742014 38 155
931093073 40 234
515292633 5 348
355726442 6 145
343390465 35 163
23820618 22 354
617949451 60 84
268624174 20 216
713809036 13 184
438426844 17 247
471337082 42 249
124371940 8 296
769213971 51 295
868544807 24 295
462676733 16 221
928826781 18 317
287545262 44 197
225098578 13 319
15151629 56 23
474913456 8 68
936319577 3 147
352027140 46 64
415299658 57 2
40352570 10 1
762814069 62 131
904213483 10 153
552376820 17 207
997494681 30 303
951693381 5 5
392689208 57 195
354894706 8 232
201046768 58 328
677601906 42 343
842385185 55 77
66873807 29 301
769931175 37 377
528738440 30 130
44563038 17 329
685776696 55 44
867505128 33 259
51933559 9 112
466508717 50 10
360839551 0 15
460975651 1 116
867203090 49 111
409664335 4 7
711934107 14 112
115997066 52 152
373609363 29 153
330671240 38 31
146443558 35 345
310945430 5 209
728322581 10 17
761546786 2 354
80574173 1 294
138220416 58 112
340875033 46 163
55349483 19 134
519126820 43 97
264258249 22 192
312904706 41 372
140825650 3 308
664228736 62 142
927138739 24 52
971126937 24 279
627618894 30 367
715544602 37 105
72363205 5 284
9244553 1 160
106544407 35 74
319893571 32 320
736456266 61 354
937195747 29 1
795471467 61 328
22550250 56 319
844695763 56 114
19007644 24 329
473906347 28 3
240565544 56 115
88936881 2 108
261224203 61 76
315565371 9 2
33930933 4 300
381031292 58 143
17457515 41 123
139222789 47 351
528950895 62 247
738491022 20 344
404270175 7 290
762164471 36 244
192439514 22 207
390808969 39 287
431657577 9 106
702714496 42 226
852426907 21 47
650447309 26 356
622215793 43 352
663235095 51 378
893048572 33 293
162646019 59 52
771689540 23 108
185837492 54 71
270929004 46 200
356731029 35 371
202491667 11 363
276455765 0 47
729751292 25 265
324434483 50 266
957988336 19 85
371507067 6 132
399344354 60 12
23358031 4 260
360312404 46 104
522835370 32 351
1548026 19 126
491955618 20 105
514002076 32 160
50602732 32 110
742674240 4 71
389908645 63 203
874731143 42 314
836024911 33 296
127726935 0 276
144792601 29 186
993292730 13 233
468144482 55 184
725016325 56 245
913252223 51 258
978368060 0 216
65966268 3 22
734364340 57 66
727546785 45 93
656129274 30 294
695727221 22 329
671238643 54 73
61291783 18 142
36375108 45 122
797567147 55 92
397790707 50 265
523627139 46 316
712855630 36 198
956637183 58 216
395838475 1 327
518646694 46 205
108501424 39 136
417090581 2 125
475829301 10 14
938373448 8 213
60213223 1 123
328357400 14 33
160158606 10 200
404573188 33 224
817117138 45 123
478248755 11 198
377429722 63 179
676405433 10 95
582641205 24 59
347823385 46 254
870868221 1 25
926122250 18 208
960354361 30 315
660019326 58 187
312794499 45 29
465640415 15 66
114946538 2 239
910997403 23 11
326070041 53 37
775323618 29 138
948547768 13 120
52293806 39 171
363983889 63 67
613688835 0 265
197463542 30 338
401568887 19 38
607349986 24 320
38958069 48 140
909567326 61 367
336410813 50 39
731851942 46 330
80434350 60 125
301260172 0 25
20977863 8 48
688002459 39 325
446451435 41 179
794016382 8 321
274334692 31 306
286734755 19 315
980100009 57 187
895250971 43 78
233748963 0 139
997866179 21 48
176694445 54 114
54133928 7 378
94620571 37 27
731336615 19 355
348124926 31 318
369030484 40 236
888761189 55 186
929412637 9 181
415085413 0 17
559380142 0 151
16856989 0 103
804764053 58 320
431798004 45 44
291740969 22 356
458348836 29 233
136988584 46 207
408269692 54 72
816075167 60 305
2015201 1 166
936539278 0 358
183854101 2 368
806893003 27 208
311346491 63 109
864251814 39 14
701404058 22 69
549072589 6 120
578674849 5 351
972349938 51 36
477414186 27 25
44129706 36 339
72109058 52 353
898910872 2 291
325889193 54 259
98802122 55 340
895551573 1 321
411999074 12 111
187273532 50 327
379836280 6 48
702334483 55 19
434997055 36 125
300317649 10 58
435240550 54 350
358271416 6 116
376384704 6 288
468518805 20 274
245591078 7 75
533957701 56 4
560777372 6 123
227375227 6 315
38175410 27 181
465109953 23 274
29283372 49 315
731191228 27 273
75000548 16 278
950814643 20 120
684519919 9 377
960115281 57 49
56075007 23 164
7721386 2 67
479466503 30 217
6852987 12 57
795072292 5 274
94075317 31 250
126857403 4 182
170402620 40 366
811203038 39 270
588719339 17 291
158552307 39 31
87663323 4 32
712103575 54 326
142414309 10 60
877142719 18 263
922488676 15 222
567985696 15 282
7211839 61 240
267193809 2 295
351348262 1 291
155712301 37 205
416275483 34 63
408411133 26 125
453290803 3 123
705191127 56 156
417106077 39 132
600442304 49 167
323677155 12 235
235682072 29 357
782771312 28 277
485346487 37 118
222286161 52 368
226385746 34 325
809636159 6 111
80045603 14 183
267518684 60 353
725166793 63 9
929373501 22 61
259387244 60 343
309344424 39 159
174355748 48 304
300069278 3 189
465426587 7 348
914592283 55 15
460727024 56 229
376080667 31 249
657404126 48 324
5882976 18 130
639937053 61 203
555529330 58 199
643404039 28 323
932373735 41 249
29341311 62 94
308570852 22 219
11284494 8 269
881638883 48 254
175850574 4 52
91278006 61 304
591474571 62 371
191056587 22 20
394074278 62 280
886891440 6 97
520539196 34 278
725337305 26 330
989662216 60 299
713295777 14 341
409311365 26 72
409471374 42 90
627446999 56 62
275762392 26 256
771003115 38 282
416760620 25 227
633960924 40 109
660390573 20 269
979984536 8 290
960441146 51 337
501832899 29 63
307818486 20 158
90033115 2 106
162255620 15 321
389779612 5 303
279853458 50 43
665215653 38 21
791402009 38 32
951043674 26 188
667551970 26 235
417416460 16 165
340090059 56 90
234040663 1 322
268357194 39 332
883606987 13 298
984344754 34 275
713743310 60 112
162337717 27 19
68703936 2 313
469655337 21 191
930488160 32 217
911976719 32 378
544385390 43 68
911525328 63 194
184017808 60 139
394049736 17 274
531109753 11 216
368044808 27 29
814933063 41 262
145525847 3 273
271192364 24 254
313055354 40 247
551936080 7 270
437970613 10 187
482529782 38 73
256544657 50 366
815779805 21 1
62765790 6 152
298350312 47 280
368805883 63 305
866552576 1 136
891055188 43 266
979775289 25 327
582318636 45 184
584046643 63 139
957651356 12 46
103410370 5 257
305249754 2 97
175602385 21 134
481665726 26 236
485929091 38 325
159929986 57 157
798743450 5 71
132899785 3 208
6099740 62 43
126420450 34 208
975705395 31 0
276508493 41 52
631706965 37 163
197911677 0 270
553100964 60 269
274637535 55 65
972824214 62 295
472398874 29 367
418397656 51 136
80041880 1 48
53512559 35 70
841873477 29 24
202415136 54 213
952997014 19 303
540788242 42 237
803403469 56 63
803786417 45 191
700841338 50 88
487223508 4 333
175932996 62 316
976396577 3 348
832285417 30 267
16535216 46 175
343161474 10 227
774895598 42 273
699154187 25 214
7804355 20 306
972028195 7 226
986835191 14 286
391337999 46 33
117535697 13 246
899802628 57 138
55147520 16 229
126829733 63 71
891495615 19 170
660974538 55 375
732863283 61 368
131793026 16 30
11906839 25 322
803289179 56 130
142047642 18 247
738290400 31 207
541445255 59 359
169424738 45 125
98533798 38 252
276126459 36 17
698594402 22 246
285844175 49 221
302974379 30 47
467533461 36 79
235210781 54 263
459695957 38 308
572939873 10 312
356537458 6 281
507131347 45 33
226211051 23 229
431364965 45 209
46337757 17 84
531238594 28 240
859207500 29 276
19598262 57 191
288850978 50 377
175161804 6 190
404337271 16 86
427380280 46 102
584891154 60 5
561560055 48 356
195744047 24 28
552985140 4 165
523560834 56 85
186090221 56 377
76735867 22 371
769793494 25 175
639580875 23 342
202341245 35 79
248641319 0 42
944463022 49 8
603338316 47 107
957330968 23 50
1041986 27 359
101966384 51 158
725967844 14 122
349257556 62 333
244054430 29 196
48590900 21 55
475376760 23 288
537417325 43 349
712486740 0 81
576717686 13 198
317812851 49 261
682826175 57 70
193347901 16 297
516907031 20 76
338632769 8 172
603402573 34 133
474266489 52 69
386706970 53 57
9652435 19 83
780653374 44 372
474661612 18 106
228686312 57 376
426167838 8 188
483089498 4 34
629214652 58 111
471016652 48 4
997384091 50 59
539613841 41 244
978223573 1 143
954652536 4 21
984131785 23 16
983595892 17 351
51914085 2 157
145749119 1 253
825844135 22 319
20454074 3 218
176918880 39 197
69999320 35 142
236218170 26 371
632681661 62 18
975259645 50 282
312446049 45 351
187823629 42 1
299672314 7 272
667125046 18 258
53858394 8 229
218557100 18 135
299620501 50 97
869169996 31 234
213305318 17 49
585813032 29 93
916003538 39 241
797745474 2 111
618682510 58 153
447719574 13 56
293179293 10 336
317971293 14 299
649450173 15 146
507478928 2 338
551558659 10 25
829403562 23 338
75014212 41 116
514668722 38 375
366274231 1 373
571139192 35 219
243136216 53 43
153615390 11 121
272148110 46 87
194414809 32 185
437963919 3 180
124747001 42 224
554303747 55 172
85710630 42 278
634543719 9 188
517191147 39 154
13266100 37 156
18707832 31 88
732012735 50 313
730761635 36 363
384644579 16 219
858300464 8 71
964463580 24 189
505785169 46 256
998129397 56 197
798392431 39 252
417173094 26 243
684803882 44 115
222166775 0 168
65372830 53 293
347011048 46 199
601407720 3 125
365687828 61 14
303541992 30 243
949918547 60 362
184519239 39 124
297910816 13 191
915762619 47 346
245609339 13 297
30791049 50 164
227076368 19 91
457014859 43 176
131936665 42 122
125358579 6 2
216527744 0 65
266967311 37 192
290333127 47 108
963360334 45 104
60537132 56 188
845946946 42 279
631017863 57 270
685298023 0 99
528170359 61 234
110430307 28 158
370638909 42 252
861218447 25 152
991737831 35 160
561638581 51 268
90025392 56 177
570675739 25 207
699775654 59 138
368882112 7 235
243592333 50 232
589352421 49 154
295799043 15 335
535568334 35 135
855433444 34 235
755039689 43 371
115996655 21 25
768410479 24 168
958305449 56 208
877081129 48 336
713764993 49 37
499297782 47 63
160481844 60 252
418227818 52 299
8163954 46 31
942664697 37 317
458436289 12 202
857681781 12 93
306413730 34 40
299440084 35 236
394913009 60 34
609937975 40 255
821918097 34 25
682227239 52 273
923167048 22 51
65713185 30 81
865663462 63 31
989804628 49 63
406918829 22 177
686671784 41 353
998714604 28 329
676083970 38 363
516149996 31 340
231770822 4 282
653166352 33 241
489749149 13 14
651257655 38 69
252405111 6 142
498960996 44 283
51990483 15 37
504752289 4 87
618799677 14 142
612607775 63 318
317329944 34 228
897734818 44 90
338826397 7 179
99846171 4 197
895466019 46 268
915632534 19 5
500909472 16 265
826189654 41 355
822292591 14 123
421924158 45 37
148442707 29 179
537692785 51 172
743294907 12 26
849267517 43 96
100058183 53 204
254249268 50 46
406137226 24 29
503171483 17 190
399780881 56 304
546587656 8 153
289662116 39 172
339557702 37 150
372172235 11 312
396556411 27 100
714377619 26 100
447612045 53 28
45438353 44 269
373221312 21 194
930871079 11 333
923306403 34 121
201203206 9 114
788866348 8 364
657623283 48 204
923317026 37 144
90055372 49 69
220987579 53 190
505149389 52 54
706285189 32 223
795223311 5 145
318565768 59 147
848320594 26 223
558334636 19 106
80399355 52 289
204512344 35 1
909223775 7 42
450418780 21 118
756581185 1 356
871074320 40 32
55134361 48 298
166624957 17 83
619831703 61 161
990151738 4 149
946395366 9 12
219023834 41 152
980577589 13 320
154033541 49 268
548086002 39 195
519515428 26 348
772808792 46 350
799145026 33 118
641229227 32 352
940447727 36 143
178269634 53 142
792461544 63 62
379902150 41 19
767353844 62 162
917782840 23 10
666045584 35 36
678438712 21 111
395677646 23 145
999500291 25 369
426188153 9 160
946739133 3 84
586260349 63 68
413978992 3 7
436576645 42 76
292344148 17 54
566375654 58 330
108557648 58 259
420999867 32 304
921319872 36 82
769309776 33 90
606388344 11 231
637388227 1 307
513645577 22 94
47742184 47 372
399443266 29 9
939253357 31 359
868509945 50 140
451524926 57 356
516377611 48 280
162522666 35 27
815816608 26 133
343046598 35 168
423600563 59 364
997068945 10 30
466157009 54 47
367437656 25 7
941087264 29 149
222727132 48 325
111191202 7 276
661999537 10 262
951890619 56 25
239687016 61 179
650526448 2 161
633097200 18 210
587148529 59 308
730491449 54 57
244223449 37 60
334154009 3 97
869040307 62 148
434506611 39 168
224430911 35 40
444370069 46 94
856099062 49 52
387080418 3 313
186908236 45 175
578507952 54 180
582053428 41 278
996411251 56 146
808701417 33 371
763069722 49 299
64034026 35 189
900242361 27 247
85617477 38 61
851693415 18 359
645772312 48 10
734076521 49 47
702479444 60 27
393036175 43 31
524852676 33 250
48092382 56 243
23296077 32 231
101959790 12 351
939567991 16 129
398562709 56 178
534834731 14 98
344747077 17 183
669501630 61 1
197721266 47 191
206968110 43 341
282652983 38 213
925658026 24 219
519009914 42 139
833264983 46 278
687497677 57 130
620649809 38 374
416144343 21 197
307423727 61 237
535595379 31 267
515300426 12 359
997397719 17 193
641360384 56 239
563291897 33 48
42370357 19 261
847531309 9 323
329299674 63 197
33192210 62 273
904305969 46 106
716103343 0 12
514271888 7 119
41724632 62 10
758692452 19 62
675706838 9 175
346434168 48 197
107195974 48 227
51466871 21 261
404811329 16 260
837752751 17 67
79932093 31 160
552926487 43 251
747777842 21 53
115564435 7 134
55488384 43 330
970311797 27 167
422774287 56 31
916635719 15 174
399176759 61 164
972475847 40 327
723241698 46 148
434085682 49 3
992982896 47 89
276701637 30 23
216978138 46 121
799871872 55 316
820541721 61 338
344324397 56 86
679207112 57 116
593940640 3 342
818051848 55 359
990338367 45 108
638262179 2 259
487795396 34 181
28843891 44 142
50083905 36 365
702219012 61 175
327928164 7 100
958829432 14 113
853100540 23 82
443906475 58 313
36766651 14 232
598039958 3 282
339331133 36 346
284965368 50 376
338052424 45 117
956350514 35 332
563037013 38 309
552576114 28 5
745578063 11 63
961573396 28 148
978039962 30 195
65888836 44 91
406311510 30 189
104785127 9 370
301411556 2 48
959525307 15 348
217792168 38 314
878019516 43 173
977431312 34 24
405156041 18 197
901274325 40 82
243654535 8 82
26945153 29 189
754433925 15 60
814895920 21 144
509374881 58 308
402953626 4 359
590542505 59 71
854069584 52 160
265189444 20 138
489520197 12 177
307941395 25 281
249870479 35 227
388118291 20 296
71537775 26 304
277533508 55 176
899503758 25 79
626648463 32 19
651739273 54 317
886368740 42 82
485628335 41 20
664619426 20 363
504728073 28 257
151243836 8 274
461139866 22 282
378924056 38 230
581450215 40 11
719136186 17 230
844304313 22 304
322862369 26 185
181435680 20 60
377418097 30 216
576976315 40 347
366749393 62 205
444884279 37 68
103728790 47 222
764844052 0 122
26926497 45 252
595608751 29 175
59960068 25 194
179611260 42 109
605632747 43 306
319462802 8 121
607094201 36 15
52767340 55 291
533576561 28 296
140590061 38 84
837818199 46 325
1586084 6 218
610449878 3 48
241054289 45 224
621106340 33 58
933639336 43 95
53768483 29 100
153387092 32 60
485849866 5 85
995108670 18 305
203590980 56 303
290947342 57 172
142072088 49 267
459159793 63 370
51937673 38 193
35803037 16 299
641947390 27 21
427193233 48 131
175946022 23 97
628108193 2 182
298262293 4 167
208895409 10 241
595897266 42 291
580445632 17 251
75200085 38 159
445139240 35 104
193325996 15 176
238849571 5 375
143505630 36 219
49304977 22 350
463296241 60 263
865398007 51 274
592387184 53 326
466193098 7 159
658211143 37 204
512562414 60 90
971817202 43 313
179899257 51 17
866180310 0 350
699456955 22 123
987031790 60 65
242667394 45 227
414378666 11 286
606050457 57 265
95878163 45 271
378547346 29 279
6249778 63 130
553231045 4 49
393420210 11 177
133217944 61 298
685583556 41 261
344761855 54 340
483268930 30 335
153001542 0 133
220815895 31 268
770953998 6 325
811412189 32 366
71815060 62 99
994520775 13 371
4903481 20 376
761499584 49 214
259029566 21 163
513833940 54 251
597546446 40 332
857696975 31 259
805160513 60 48
665631267 50 343
773552798 1 346
497346830 12 150
590206050 11 97
552320764 6 323
946561663 44 260
373753385 30 154
352604327 61 184
11156618 30 20
789942473 48 180
402246381 50 315
328780507 36 144
541357662 17 299
801780442 32 247
973282253 19 171
977283342 40 132
606596589 37 8
373112978 23 246
515361630 48 124
876405779 51 132
472921357 39 157
571586775 4 337
717671643 20 365
83815425 11 197
150595708 18 48
334589459 41 207
571098785 0 75
792175283 2 146
819730521 49 218
859242161 41 344
979049652 39 218
729286216 19 81
957800105 6 137
276245411 21 276
640615225 17 109
517694371 15 7
419128787 21 253
2835167 35 311
121801978 43 42
320755947 26 299
820719396 38 208
207682013 10 220
742216165 33 95
883425293 12 131
836069197 11 260
258089499 8 146
254647693 56 219
43192629 55 58
101115104 8 285
200403865 43 281
317647783 24 131
334192985 23 219
199029462 32 63
569248093 3 77
962816655 45 143
958329006 28 215
133482763 3 255
863855601 27 173
29947841 51 15
722598704 26 27
374651584 54 122
232989152 57 369
781635168 55 18
617567519 11 245
243115289 12 189
548000828 57 99
214647218 10 352
935715708 61 315
914507677 2 14
653650715 34 92
245129121 47 184
192076433 17 364
83500729 49 112
31900693 30 175
301671740 23 79
711789158 32 119
969397821 56 141
285343432 43 10
215217972 17 281
601956684 56 270
284005341 53 301
821119317 24 325
547888223 54 129
801466966 55 314
394586545 11 69
628996832 56 116
373310521 49 279
377643483 63 356
221049013 10 328
714884627 0 115
916163422 33 262
422611958 20 13
828305738 7 32
325691803 30 66
475321873 58 361
836695302 44 205
421974963 63 310
179797162 31 93
171519673 27 145
618476590 46 230
511676057 19 249
307715444 38 91
480612446 2 361
623951830 17 214
135803784 2 225
346515378 53 340
823273264 60 173
745182248 61 25
733297008 31 35
895047970 7 51
836800257 52 279
15950740 43 167
676477220 41 362
15228932 48 88
383260614 25 255
795925836 7 195
406954462 50 259
296148894 37 246
124338201 23 331
734467017 55 299
864024505 10 96
152836282 17 246
264414138 12 72
186138948 34 317
391816758 27 99
767403043 3 44
394640905 17 372
989751870 49 13
92084408 56 367
781638443 1 212
564734606 37 268
639238648 26 80
188591368 40 36
755764264 11 271
754847090 26 36
906894075 40 291
827190225 16 111
503231219 16 319
442367491 17 283
11441042 29 324
694553892 36 279
842046823 7 197
578191156 29 97
591856715 1 251
312622838 13 318
630948328 56 222
19193370 30 376
642205306 9 305
481864606 36 252
434600921 50 34
132922992 62 80
558302902 58 376
150839895 45 95
475798564 46 224
54347540 38 284
23321946 36 138
774728132 10 132
36228535 3 150
473929352 62 222
955800837 24 232
750025831 48 270
500165121 59 156
157879154 51 194
941440283 4 89
232466728 8 85
246815609 57 312
353844508 1 219
269039169 31 314
337390548 11 18
680508439 55 45
822384628 0 32
689991396 48 232
313035164 25 112
94340569 54 26
695304717 27 15
123575219 63 343
403638162 1 86
853324608 50 246
144098717 60 201
8489505 14 337
514460975 19 202
415924688 10 105
738478973 40 59
966544100 55 332
309234384 55 245
332261012 14 271
852321708 46 118
464166009 29 348
394999348 40 149
750535831 52 334
292826060 16 210
474222493 47 116
738262784 32 193
5694828 45 250
261356451 56 6
437375445 21 34
923164475 34 67
770522534 49 75
845078428 18 238
856170983 3 228
322826706 55 42
529007457 43 61
471610692 45 255
147948639 6 83
613097237 22 252
53746360 59 189
818610125 61 138
859646987 26 220
554321720 19 203
416201292 16 17
342690446 53 102
331655296 27 343
69084371 43 98
623010756 39 285
375831936 44 301
41139859 27 5
1768291 39 212
681862215 54 167
238890947 44 128
736984800 21 126
441652679 14 253
700841219 16 230
515263511 42 27
553698886 63 214
901077187 7 76
973681578 36 165
291337572 15 356
872776296 11 238
758322560 46 115
524799216 52 346
321611570 31 17
760834094 41 215
650056714 59 214
296389390 20 34
718297137 27 332
484192834 57 238
957156817 61 106
471933506 11 307
613416115 62 83
256779156 40 298
796691496 45 127
662314829 46 134
405910829 21 288
629268438 63 181
264995529 43 151
642175475 16 247
671862458 54 362
668048385 42 305
31401040 5 132
986333567 36 54
520446359 23 163
547944143 50 49
489696955 3 244
340582716 52 371
940988840 41 259
956514110 31 281
381211633 56 363
971721469 5 139
91873010 53 66
21008147 20 90
518193719 16 254
602212246 55 285
434101791 49 281
593798484 43 185
881566396 56 83
342600032 51 282
888234237 52 7
445232845 37 112
702038031 56 327
938937017 55 344
222628607 15 108
188007053 53 221
901999779 31 161
344575106 47 169
454344122 39 140
448385126 18 289
62506834 0 339
473343647 52 65
587338089 48 350
815993712 30 94
168192471 31 193
176271994 16 330
423049066 53 134
649991302 45 225
782426450 16 231
713452929 55 318
259104959 6 212
32667847 34 96
776869064 24 223
446593444 59 90
213940366 53 52
54120982 28 139
532948385 39 3
787838423 40 62
110384290 46 188
507147163 50 181
143894056 7 294
364705430 4 1
98485223 11 35
440218176 47 10
202120207 57 226
355989084 28 281
5981937 54 158
845344565 51 186
344441064 27 114
695818795 40 154
823015030 61 107
188535917 22 271
587390637 24 76
767344647 16 273
643717583 63 225
24598815 29 171
694593592 51 195
212366202 55 328
277400956 48 25
945985605 15 173
916253644 22 248
99940370 15 110
520201117 11 113
564533024 3 31
932329866 49 254
660973023 39 84
21535353 17 35
235094450 31 10
779146237 20 239
526447606 25 47
192475387 47 150
80290114 50 9
278672015 38 231
521692400 30 8
735952176 26 180
305553628 48 245
261714961 20 210
217937259 54 97
18947786 49 242
372187087 28 278
782491959 59 171
804961416 58 204
169739168 28 369
885721133 63 66
952718618 26 302
414528107 23 130
36363308 61 296
227887950 49 17
551216052 31 5
306466495 39 145
543352843 44 356
798811725 57 118
968127079 34 344
147745071 33 132
439158401 45 80
275256969 54 335
25042551 33 354
840760302 33 137
601324274 43 212
444657702 61 225
767718795 43 315
739055152 37 219
761152362 59 299
254179978 11 342
656524336 19 64
374880943 13 124
916359958 4 258
646510816 28 64
572380246 7 251
416307239 51 344
596198089 16 110
827720344 18 79
758396881 53 44
642448857 28 66
70979448 8 62
204276197 0 354
103295705 41 357
343374860 41 120
14101182 14 259
183673917 10 169
742923914 6 363
27556487 20 252
35545433 7 278
473779421 21 37
685945701 41 37
375489305 34 231
151703467 13 87
239252803 42 190
92018637 21 170
485707794 53 375
434568762 49 263
213690802 62 207
699186827 48 374
301092551 0 16
142352432 53 3
741870513 43 155
1508683 31 184
173011985 40 360
391582171 46 36
750079628 41 369
599463709 61 149
117680846 14 211
315894574 26 202
693681106 57 241
263860980 11 368
801285727 25 306
603526719 49 318
842434005 4 108
412441130 31 152
304044841 23 255
323551687 5 83
971348013 63 78
319796986 56 168
233880852 7 56
757060517 15 315
959724597 49 282
750656773 25 244
762019343 59 45
399103323 25 267
814841741 34 42
196757454 24 106
548380810 63 354
745463439 33 331
909888150 24 206
396832062 25 49
583574522 53 302
417646988 40 160
332127481 34 75
861226016 37 26
581158232 57 22
369869758 29 130
162801184 13 18
721436838 59 368
775247778 9 99
648541754 19 317
212680124 47 246
890271458 50 263
481816665 28 160
595680819 55 331
898104381 26 9
101293902 7 233
61990402 35 309
380200838 27 335
935886685 17 363
653061445 3 327
233143973 2 220
440498479 53 315
525000854 41 341
845546887 43 111
124473937 7 167
18371538 46 149
780246439 34 189
134003897 23 353
328694678 20 87
383674931 19 17
340512531 60 15
937370083 18 57
706211337 60 32
979904958 31 50
891428001 36 133
381554416 45 213
582859972 9 343
152310528 43 217
473458141 8 105
20922161 36 270
657989347 49 114
505185835 48 37
516529814 10 354
763785691 46 49
598518280 1 133
390306710 25 183
914079070 21 11
180269188 50 28
500572375 51 31
314716219 16 375
341409805 16 324
670350250 56 276
44868987 47 177
690772536 48 352
659703870 7 122
885201196 12 376
919087647 30 222
786806606 5 156
285815249 38 195
379146447 63 347
162975606 54 215
137415525 10 67
817935207 9 159
488605882 7 58
858923828 0 40
618638598 52 230
550967017 19 366
335060986 24 45
357272723 47 81
458639327 20 237
825517570 9 205
627110143 15 295
992391375 28 365
367129411 48 7
368607392 9 235
860358685 27 234
869334442 7 127
944766120 62 339
334808439 24 212
113623052 9 43
25287657 33 187
25907239 24 235
564965502 26 51
322047081 59 267
965523924 11 290
972402943 57 366
271305583 39 306
433988659 29 245
368593850 13 347
918223377 42 211
370573899 49 329
86435918 5 335
393813099 54 308
566274149 54 78
58863572 29 313
95875075 40 180
654990780 62 264
257042341 21 89
658948626 17 352
512783742 60 93
302426375 43 329
553597085 56 224
765211343 3 294
4217423 26 244
131270568 5 164
378875841 40 284
46923291 49 107
536791018 30 340
902886273 61 34
988976039 51 103
451571400 26 308
441840679 32 297
886924663 5 137
177333128 54 4
69156590 51 19
262763458 20 328
340981234 53 74
391953860 5 203
376213097 53 249
308935388 12 345
197637985 27 307
376302683 15 1
828858710 53 168
493638008 29 337
193800884 12 325
704773492 1 128
239337114 27 122
68963839 41 189
511309792 17 276
940935130 34 139
999224923 3 232
716492220 9 257
962080863 41 67
2388345 34 281
303243396 37 100
142654305 31 107
615653293 15 265
608005094 46 141
433284934 29 12
809604993 10 346
196810188 55 32
901169365 25 166
818581906 6 26
64755475 12 330
985312193 56 279
428626080 35 220
482333599 47 286
195672053 47 234
531165204 4 319
549760199 25 74
272189290 17 355
25323367 2 325
300407124 13 26
196978794 24 113
792258353 38 52
785571980 57 181
596260497 13 92
543881425 46 10
708060663 51 135
343421677 2 326
823181792 33 363
685759461 17 144
11441156 13 241
434892533 0 187
418380507 13 66
157397684 39 243
799021410 17 256
247004277 63 94
838020382 9 64
242672112 30 272
814405729 27 158
447407394 40 334
751637707 39 274
269993585 27 105
623287315 7 9
909126418 37 248
882444551 40 193
398960559 21 12
231064785 28 42
979999555 61 309
48275067 53 149
607674952 9 83
287770292 10 374
367931412 5 250
106648019 62 277
266081408 55 374
136473628 38 315
748541386 23 236
852564546 52 288
795439292 27 255
812710445 62 40
753889549 23 172
154158589 31 240
846969350 55 125
310667085 16 97
277585768 59 110
814669499 48 269
113098380 15 291
221815208 3 261
544239564 37 325
665500732 42 84
512213537 21 82
396197292 63 227
868320013 40 121
67627199 27 31
605465275 32 83
442631309 21 287
678174820 46 153
840326538 51 55
662154995 54 94
353981634 27 44
635203563 2 305
556696421 59 159
941344904 35 281
661225094 59 352
996921124 51 373
853407007 38 9
156342492 21 164
122005080 27 67
974029171 41 208
673474568 17 263
893698933 9 162
192657787 61 369
633140383 38 257
675049589 32 64
345462398 63 75
623118967 57 370
120084309 39 133
707476032 6 240
933952835 19 313
519481750 1 224
174783397 47 155
887095621 11 180
549008569 19 325
961160552 42 28
63017347 37 196
504346598 36 41
872449011 30 96
973709631 30 126
107589959 13 142
406576520 20 263
955400366 16 125
140274100 18 300
838948909 13 278
254358292 38 262
722577350 48 287
374326048 55 237
350196438 35 47
881139063 52 197
795965374 44 84
592523812 0 277
2140614 1 59
71844898 22 102
534692669 51 301
529959970 7 17
967296484 15 235
529738634 20 148
293152140 5 227
599251905 59 377
752903420 23 299
809867177 47 91
393300761 5 220
629845356 24 49
225783872 11 161
211673723 34 85
33700342 24 181
196783572 44 289
793149635 52 166
292568195 0 279
329647706 3 80
134708330 10 219
675282941 23 339
554700099 9 243
479873311 55 22
659112934 50 4
11118666 25 37
984730055 14 289
545389634 46 345
281086659 5 174
597596523 36 283
941599003 31 85
170951527 51 74
285327808 30 89
27248387 1 85
409028304 30 68
847095379 20 108
357590624 30 119
834582810 21 150
118422396 61 216
830041968 46 346
686217067 9 314
746673310 28 201
892697398 41 323
691159116 45 316
560480619 52 49
448332254 30 186
986061854 31 286
763595802 21 51
988056368 17 269
931977485 38 365
532606675 54 277
948602415 33 301
635272268 48 63
913744581 22 45
690302715 11 173
103439494 7 44
396638616 27 71
155578497 44 52
727251391 45 281
760723005 44 156
297370541 55 301
288958241 40 316
367421003 44 141
257004566 47 374
338855788 11 171
334896490 6 239
552129107 6 340
672778487 7 19
610979447 50 255
589164164 62 308
598994569 15 145
817581162 23 204
884601781 43 7
146419834 15 115
768703784 40 199
698691870 47 75
838777810 8 230
874646205 59 51
597080172 19 70
996894564 8 32
876029884 21 312
215071906 22 310
553901847 38 6
228581810 20 371
882511143 19 296
237909983 61 121
873322734 56 206
637165860 43 301
761282826 2 163
10465042 12 354
874135354 6 187
575822326 18 2
208435744 62 206
938913850 29 277
660801352 23 59
617303051 32 80
678458729 18 234
897485116 32 41
499799273 55 337
286936425 28 59
579960486 49 201
916946527 15 49
765356787 54 327
621511867 58 305
456080608 14 276
471356624 17 6
363079614 52 330
460876749 10 103
131952353 49 232
246346015 29 147
750947751 39 123
45189652 42 320
279534521 50 222
720147904 48 236
185729424 23 29
289869604 28 316
622164283 7 181
323793803 21 248
191513950 27 129
937988919 62 235
761427581 28 107
725144125 44 264
321277050 12 98
139171757 23 261
650054748 42 236
569512181 62 246
878211153 22 245
416363910 47 247
269616629 12 259
87447223 17 79
66161364 61 115
253512170 51 58
95435565 3 82
713015533 1 360
987487993 15 27
101698721 24 340
736507691 1 277
389583840 12 338
118179128 33 75
541010076 18 62
883004632 13 139
855808835 27 43
164259854 20 232
354361450 30 279
635558246 63 362
402631337 15 373
687136381 14 83
228880579 14 350
98903750 58 247
335876106 11 118
73675914 23 313
734491393 38 164
184127024 22 301
969828930 27 161
554643390 35 144
256035234 5 76
324617887 12 97
79883154 34 362
943693734 25 363
465538248 35 84
667628882 56 8
356399133 62 35
305028179 45 292
681031353 5 324
97483341 57 179
572491372 44 37
561579227 43 153
607983711 39 130
151472854 13 132
997784555 60 102
523864534 43 316
542955464 49 175
334769656 13 256
644213610 5 128
893101537 22 224
171506343 13 62
379337475 45 241
645401500 56 107
864896030 25 373
726067409 43 236
12048394 48 251
325319579 30 105
224451251 9 52
325530305 22 349
608404067 47 26
837596514 54 291
486884678 13 34
426077718 31 124
378143019 47 360
218506322 32 344
283355528 23 352
307671056 41 9
256655296 4 13
924216238 52 198
964248487 23 176
726708246 50 356
316441157 35 197
938833694 19 224
494334681 42 128
595214386 18 168
20975137 17 138
520024368 28 324
507147736 17 302
615935891 25 287
441262208 60 59
18794450 46 206
854699873 43 312
825281802 13 115
834957008 8 61
399355610 25 276
160718004 19 183
36160398 49 287
502022982 36 293
424216702 15 283
155082775 3 129
40250040 56 71
965417815 20 215
323401180 7 315
238212947 2 336
670991175 19 307
215970367 17 217
898648436 44 4
504427061 52 82
327987102 28 297
869315453 56 163
362667432 63 223
796334862 10 99
789015105 8 187
715371861 54 288
968610627 55 243
987786548 23 324
360282716 9 352
184495437 10 152
413603823 49 186
357539711 12 41
456756796 5 4
766084272 31 120
435378877 7 365
807343309 34 285
108411859 12 294
535597326 10 91
4017825 16 149
745102462 35 106
836814648 7 340
65402042 27 174
691529972 8 201
20301048 9 172
751703333 29 309
294450506 32 1
782886896 6 80
847371300 18 250
672150903 13 93
74704411 28 338
810274616 48 286
129788911 34 154
977949618 57 317
160409803 27 95
674974285 15 344
870597834 62 297
185632123 0 264
971694525 18 212
980796185 20 303
909046827 30 118
676735259 9 308
735761048 16 374
677374568 63 262
871432970 7 2
360230915 45 307
100309192 46 0
205984362 21 217
115167845 22 113
957553474 42 15
209650684 44 30
586919731 39 64
375860156 9 28
947983377 31 226
326235814 50 94
22915900 31 272
463630741 49 352
312763464 26 278
428717182 44 227
205305311 12 228
58537465 18 201
661506278 52 323
223873280 50 335
690296798 45 282
100176117 2 370
341400716 33 273
601320425 20 249
219601884 0 253
774700826 10 118
181210626 1 341
225162686 35 19
195897058 37 132
474573310 18 164
376043698 16 3
577022020 10 269
378201308 47 235
403093177 4 100
595315496 6 355
124667657 58 375
125658394 1 370
374363241 8 30
696603032 18 297
760811994 6 248
989650640 12 260
139759790 11 71
815688792 37 216
816414027 54 45
562498966 49 64
98439726 41 55
849205857 51 236
13181235 59 48
721148904 15 261
132328210 33 221
565262290 44 75
601135404 23 136
945029030 54 9
856392072 9 280
509669485 34 49
589509911 1 271
163732118 53 373
172053567 58 114
90451480 41 209
548950934 11 215
200313053 30 111
695820526 13 224
283207518 1 330
569906321 23 280
68350858 11 336
143721677 51 146
320857068 19 251
776766386 39 193
440362251 45 370
347284249 5 277
970859796 62 44
458164968 12 180
467343286 39 80
312554389 23 140
821949005 24 27
966643944 27 203
42342978 35 286
828700932 29 266
724683696 33 56
553115047 30 269
77532747 32 111
951771056 50 210
75258493 2 205
575253729 52 302
790274769 19 226
100328934 1 235
35626900 36 194
672499350 17 179
673402041 42 308
573719672 12 8
205833213 46 169
161925511 11 33
750853963 46 155
907737401 7 283
317162848 13 54
284628413 6 287
36568754 48 6
367379332 48 308
497436302 50 66
265480963 52 338
544607359 57 23
334359734 50 189
835451382 63 304
97648487 41 1
954880551 45 138
475430063 22 31
2645040 47 172
662643133 63 267
474129280 37 147
670197846 35 356
655446646 33 314
822399004 23 273
148840264 61 366
284044306 13 117
321713958 21 130
796435551 30 152
132598174 10 239
135997521 22 30
929473602 22 28
646823077 48 114
720690311 49 55
624943620 38 23
725487 28 4
345947601 8 224
353579114 45 160
819415841 59 293
501700345 33 44
999595018 13 180
342516372 58 180
44799264 59 77
861858638 57 155
761761596 13 313
963514806 59 178
853019519 9 361
839859327 20 208
561537942 8 315
781444194 54 303
974623807 46 262
188122690 59 145
345190410 32 374
803177361 21 105
196928612 46 252
79356658 3 120
152822481 62 255
622719263 21 221
576418424 3 5
395341837 17 300
193402852 15 38
31492173 40 138
367212808 32 296
434875573 22 193
137845124 21 369
980394559 7 62
896640294 24 40
221923376 57 360
552702642 61 297
133704316 22 129
958235365 61 238
861903976 33 368
827540407 60 326
741247857 49 10
604817377 46 136
960122476 34 316
641715870 18 153
869963502 5 273
128601524 21 366
110319341 47 153
969367477 11 279
370887847 32 245
378028674 31 9
851220674 24 198
816096784 13 58
845382324 11 360
655772526 63 295
990702436 1 87
2670086 57 236
51841553 11 116
172806946 29 77
59877235 61 245
893641138 34 360
694241567 16 181
983299148 50 355
661381935 33 185
808674163 20 305
865907745 30 198
548848667 4 372
73178879 57 354
550580844 58 167
104411072 27 64
980214982 18 27
468207598 32 358
218588421 4 312
707103112 56 346
92930565 23 254
371687977 59 363
605555560 10 78
512866409 25 142
479817622 1 191
706100610 26 282
833371141 8 185
201545014 42 160
390066105 49 189
302099440 49 93
284916750 21 266
947260713 54 148
388793269 25 120
764469773 13 262
899222011 40 146
597757533 26 341
309158993 15 369
178675606 63 37
696812552 43 37
367738451 2 28
906624091 60 318
592263151 19 353
569697458 17 130
325860462 35 206
300584229 24 353
477060253 63 158
977723198 36 91
706522231 16 326
928263427 60 179
193634761 49 209
891455538 28 208
94849817 32 331
442827726 46 24
822279364 8 355
73435098 22 35
158559846 53 160
298672996 39 269
575376509 58 342
519435460 48 0
67916880 61 33
117877797 46 187
451916301 15 326
408128068 34 320
981633841 62 38
843351415 36 260
275579180 39 153
358659825 17 61
264031299 58 124
66675268 48 210
467910840 50 115
134203686 60 232
625300009 63 1
857623927 30 11
133019445 59 276
251788162 29 264
736279397 14 9
403323011 55 177
794191176 17 317
691984744 43 145
147220191 62 13
184298971 50 156
699109435 36 11
752603520 17 376
892709988 61 202
744908155 48 186
447936637 51 338
469204532 1 170
389805861 58 221
771569502 39 107
956693023 19 330
661356596 12 39
283614260 55 158
851517957 9 274
497553751 58 271
51419891 33 192
342423818 42 357
548190967 34 59
288989953 53 150
954209063 13 335
360190980 44 204
750152507 50 76
172951833 43 328
166309709 27 248
146398433 20 147
722947039 60 320
831783234 56 124
557023266 43 242
105788742 52 39
962173557 12 164
130299202 49 291
680706347 7 346
800523578 63 291
820890513 46 285
288605571 22 157
321860910 59 98
718695850 2 78
477142348 41 256
137395092 57 77
613235383 8 335
275871462 31 345
148167108 11 337
811182246 58 64
157500564 55 109
669785378 1 16
939661721 47 114
379783184 22 285
484640857 27 130
416679670 54 59
509516402 27 0
238781388 26 57
119440605 48 359
809291743 22 309
667355510 23 51
71338743 40 355
778877115 16 13
98994876 34 178
685869524 11 310
989586005 25 85
361608402 50 110
708952657 40 207
412817211 38 60
728855242 49 288
664975046 56 10
719849415 62 327
529276514 25 321
545263586 63 266
461162365 44 321
268124970 43 345
120391041 16 176
177582666 13 283
389125538 35 39
497687018 56 187
58447062 18 65
542211668 32 175
950823973 35 119
116289883 59 221
365827362 1 38
324275319 26 14
667744440 51 359
338633012 45 287
442263593 29 65
557385677 3 138
962116180 3 374
982148628 33 228
437452598 16 236
929507476 63 180
24275890 12 22
775551480 28 298
559174548 52 33
595893934 59 164
41397203 35 376
550292679 21 172
528130838 4 38
14787104 53 287
849108601 16 101
424454342 11 193
220784272 31 261
157920150 63 264
225298603 42 179
115467556 2 135
337432667 33 213
765324510 57 331
762610997 58 311
302792304 19 268
1225429 15 47
678263145 11 145
399448357 12 360
311310621 53 33
648185567 5 215
37935309 46 237
366790223 6 165
386408965 47 211
770287197 23 122
580311365 23 243
637842378 3 377
989836515 29 201
315133114 52 150
45992495 37 375
927572594 17 162
183854295 36 117
579930465 21 367
322270349 16 327
844725092 50 105
268496614 58 181
165993541 16 163
707214725 43 307
185646724 20 357
171256440 4 157
154299994 1 306
629527265 25 158
191134458 6 303
211569624 61 17
193280025 45 331
351847824 37 49
262376368 3 349
969764024 58 295
261694976 52 242
423257123 32 362
776776662 7 133
77469354 51 29
760456976 19 146
45943121 48 221
724312415 61 95
631527848 62 88
278241101 52 231
85990515 23 234
823759745 17 146
357635724 58 193
778947138 15 313
407158792 47 263
379665721 6 129
308223897 8 353
278077818 11 87
348838450 23 294
152538565 18 35
410909936 16 292
35169032 50 239
391339832 61 272
989268264 44 230
866918684 49 360
919133696 3 14
510734850 6 54
553618089 48 117
601147271 52 118
761461499 31 368
6249632 57 86
325566292 62 309
393766658 4 18
599389847 17 95
264116420 61 20
797835895 51 226
595856961 7 156
528265205 25 371
253852227 28 230
765804583 59 278
140683869 25 155
521212218 20 259
29051799 58 273
667068345 37 184
673370448 35 225
109720078 60 68
566042208 43 18
200633417 16 289
35975804 38 54
470658592 15 242
564039134 37 166
237193526 34 262
950892837 24 120
252699039 62 62
987906937 1 130
277097635 8 138
589448946 38 243
5693378 36 292
648536378 20 275
483618808 23 232
939591792 29 72
36700994 6 335
643397199 0 214
37411936 19 110
711267215 59 227
500477659 62 188
609962379 41 332
673176905 23 203
572824099 52 372
698271183 48 283
222871523 3 158
399735526 4 299
735207012 21 202
97280610 28 314
726454514 50 191
48102576 40 266
145637230 24 34
745683551 4 301
748373366 51 124
739407841 16 40
583437250 42 253
696236945 15 96
189517264 17 23
182428152 56 300
678916035 21 331
530395211 55 43
689969288 51 288
287105848 25 257
584636474 46 357
499407841 58 225
307765959 51 5
375185704 23 149
444560083 54 338
397481261 46 140
333168860 53 193
765684500 33 325
109757086 56 198
761170187 8 217
371058872 40 159
521625226 29 164
453467278 3 264
370677468 7 144
173661809 12 159
88840159 3 336
972302333 61 319
896866055 46 300
135507138 63 45
179662504 57 353
112057126 61 45
4607860 21 213
601256842 4 184
652699713 59 107
82251178 8 27
18715151 11 288
344755785 33 313
466191945 12 205
304714508 29 207
952771915 27 58
606193830 54 237
734063908 13 165
698779957 33 349
106655388 0 102
531829483 15 201
483289720 1 6
964169456 29 238
3217148 49 131
603669639 52 95
478205872 37 103
202688623 16 134
490237287 14 236
463328395 55 27
678477948 22 272
633608644 16 175
27692382 49 303
175139374 31 94
680810319 57 104
145252201 6 17
570220392 44 246
979130185 29 98
435922400 51 133
757791417 48 343
538967949 62 52
728842460 57 233
503166377 57 170
610390644 39 267
485855193 44 23
738239367 11 14
116840043 22 297
973138239 39 135
952036575 21 215
408685074 15 8
787717288 39 328
134383650 59 212
517568051 45 357
583269861 30 147
425379368 47 82
43067144 36 5
772325615 45 190
564577680 11 88
55221365 14 307
140189506 47 243
942195759 6 130
245084485 26 178
982612318 60 206
38158341 53 32
186573717 1 0
914176345 27 318
133812600 62 0
379134695 18 301
757192133 42 290
264615111 17 340
694452376 18 113
994076262 14 279
513330410 12 60
460586412 59 81
954426970 36 0
203591265 12 11
999372080 58 94
596964812 27 227
255292062 17 304
270789789 54 254
57402696 42 23
521035532 61 345
723741701 62 263
598462273 52 143
617854695 44 62
879369718 42 189
424120440 18 204
35814234 58 168
24658246 47 291
186259000 38 317
721389474 37 170
242815320 57 212
949470627 45 83
393955621 35 10
500773233 55 313
108923279 45 294
348258751 15 144
484882994 63 357
587919513 14 303
995902135 53 377
988885087 35 115
799370618 59 47
606824720 45 27
336138349 15 141
454521804 30 311
503526971 24 213
128490131 25 198
580854192 42 372
253429842 23 24
766163799 40 13
10486048 2 38
697573220 10 268
839335108 46 177
551016404 6 274
276718970 19 338
167310034 35 367
276733686 10 29
528232796 35 154
370266537 2 176
892163622 42 206
898256450 20 24
627083966 53 36
785408375 3 46
537392368 41 128
471160836 7 70
402363499 10 160
419679475 5 336
906626724 30 306
618775582 24 376
781381370 44 235
344924402 29 91
436255514 13 192
637518709 56 314
913651620 39 27
340156809 60 258
331881230 27 205
359106673 2 330
709039304 43 14
156607636 35 138
456871073 61 266
743933825 54 239
60310120 16 306
58524723 0 260
798086614 46 299
284061589 51 336
693761195 50 249
96160584 6 326
65410326 28 315
898025122 43 339
168870489 17 293
614663162 62 98
46272940 33 94
668196898 2 252
39211874 34 215
135270452 35 130
106347082 3 324
14656401 42 156
469509975 23 64
293968422 12 55
549452675 26 106
70332145 50 365
104205807 22 294
895470787 59 100
683468878 8 247
84434247 20 97
837106564 29 227
123102786 2 242
385574025 40 144
203399452 62 164
470814099 41 82
31120542 36 211
586595188 27 172
641636604 50 203
787083584 14 42
976814614 49 98
148677682 41 201
17722362 2 21
8688079 31 67
609584045 19 46
335272524 18 368
963711531 8 2
487701292 16 225
829541803 7 143
512012845 14 329
952732454 46 238
603952740 20 211
697984538 55 248
822999974 63 15
524560522 58 232
237595690 42 316
529743178 57 295
184904300 23 345
296450168 44 160
547051347 2 340
238136397 27 244
495294101 35 6
78514197 0 136
500453210 43 121
301945723 20 50
560451871 27 262
35879434 2 149
476549341 38 138
846282480 43 194
583247978 29 338
503450372 16 53
558150686 4 280
597317897 20 12
98352824 16 106
166262324 45 115
914568067 13 140
408627435 34 333
76115124 54 374
389210575 19 69
73700374 44 309
817712380 29 88
56603112 3 1
136691599 42 144
228478981 20 45
205696872 10 171
471317829 39 359
160145200 2 55
562683683 54 378
801842333 23 256
669088671 24 97
736902900 12 179
58428773 11 285
212073935 38 368
708787247 1 124
129246752 42 67
538111847 49 171
316236661 50 92
212878607 27 263
92200317 24 25
245127909 48 164
630523850 30 76
422663617 28 195
53668311 63 134
199980354 11 302
268187981 18 284
804653481 41 279
269550209 63 193
959978500 17 313
452282177 15 55
209218702 58 365
282956240 30 321
39453013 43 294
893882926 48 307
981371677 32 313
553518491 31 254
441988228 18 10
304093790 29 281
86205286 31 297
772701634 16 119
517265538 63 286
77613665 45 196
627447133 1 232
815252132 37 234
607873638 44 11
566316937 55 260
116374874 56 269
921497511 22 283
365266409 36 220
435818607 41 194
44725402 41 264
457957811 61 250
554722283 34 137
901824364 52 295
276358587 20 227
820849079 37 304
566749932 5 109
589973280 31 233
471996228 37 208
135245603 50 291
47504787 39 160
612407535 54 371
215546395 20 161
706599021 24 200
481301803 6 98
252154239 0 121
874781196 15 73
928254348 38 168
180399649 15 355
865393468 46 375
832516681 63 322
899016320 57 363
489230984 28 14
19120852 38 110
993953765 53 305
62209480 49 105
938458261 7 246
406012348 13 49
410323032 31 16
886936810 41 117
713192738 48 163
640949416 25 3
978273790 62 233
763089646 22 83
183942191 59 292
70329878 27 322
5332120 1 7
819003107 15 162
102853981 31 246
987283141 15 127
646365129 10 372
314232921 28 339
936340081 39 77
186993718 28 353
697126810 29 306
948319206 24 102
846102999 29 262
147888434 44 111
104246006 60 264
284192162 10 201
444789020 31 242
515232835 47 276
991634479 23 146
124242346 40 141
416136563 13 143
466690617 56 292
343599479 32 129
583404704 32 90
397363250 34 58
108970662 36 45
640319336 19 123
774579753 49 51
84133714 4 314
309617763 33 78
887400829 55 88
675318126 1 368
320357361 1 230
243503113 57 372
558969494 59 18
254386076 21 58
521130195 32 34
476623993 49 238
148140408 14 143
93687396 11 19
15751389 12 211
251631445 55 94
279480651 48 282
969365115 33 73
290451354 49 326
186256772 49 310
738483738 42 93
686850587 30 10
969480630 24 21
695881138 59 301
309292374 48 172
583350657 4 78
44462469 3 235
441598157 43 254
109509716 55 287
343034221 35 96
343714173 55 353
95485577 13 229
691524298 57 171
762440101 62 92
455065271 60 70
972023773 47 117
618325334 21 259
139295601 29 246
876516722 13 203
268383108 20 336
304036343 29 316
652901920 59 104
294571920 54 282
441148029 60 212
296881810 37 101
453370755 34 95
421714712 24 226
807011468 17 161
671940974 57 204
666822253 9 301
562943154 40 372
788531382 14 78
289110456 24 297
489897785 37 324
355937838 29 305
278717897 15 143
112314880 54 52
611437123 61 130
786954493 53 291
819140306 8 56
301393082 41 31
6430829 49 225
909244086 36 81
969055140 50 91
837669566 19 37
52171164 27 265
816924563 5 221
483275608 58 118
381523913 11 155
509689657 14 29
738183921 53 174
37798599 57 149
482327802 3 23
719652017 42 284
999803860 30 19
640117010 15 70
345219925 12 352
877321717 11 156
756154208 18 299
444943387 8 63
116950596 55 354
565410811 47 206
228720993 26 240
880154377 40 97
943022608 27 218
373473595 41 291
226235588 55 86
576500424 56 200
632339564 59 316
588961842 25 176
333200412 63 80
436762247 47 102
468361963 13 207
788658658 19 95
810170398 35 112
343440952 11 316
464368517 4 115
691777616 13 127
165811749 46 181
253325587 19 278
810134807 0 120
510424325 40 46
646190255 26 264
406985235 13 280
190468575 63 364
57779086 43 372
323413981 18 110
177695863 26 11
842838531 4 98
841340413 10 335
624186871 18 255
911945795 32 9
868866571 62 153
600280421 50 274
181454310 59 351
606807740 54 3
310017379 23 319
876661857 24 78
970986425 53 163
977549040 2 193
352133851 39 232
411568014 7 138
966745376 31 353
696334380 12 184
155552550 29 29
962332684 30 323
694779380 63 345
721560707 1 184
446245214 41 50
599903745 63 238
364917933 51 46
178926414 5 323
223838078 61 312
133669142 22 76
618514154 44 218
964091303 57 296
472685799 30 146
533597944 18 78
86361069 3 238
271676140 49 166
456924 41 151
999480280 17 19
741719836 42 173
764720962 44 29
948769029 61 356
972726508 23 123
661788801 20 212
708820496 31 38
734121456 8 93
79974124 58 170
574707019 23 100
195742336 13 376
83170699 58 301
16253077 20 54
485698635 42 352
413463041 22 144
838325676 34 118
311211305 42 233
928189560 53 175
793483975 58 261
221564553 45 290
783547629 2 136
861228907 43 303
623789130 49 143
797219648 49 102
362858922 35 221
248224740 17 106
63399363 38 369
815228497 34 294
208447277 57 378
189435459 34 71
954415794 56 96
828753950 2 153
750479304 53 367
494402319 28 326
688485722 54 82
803753842 35 318
174612686 8 202
885931379 8 226
691605827 29 50
595881975 50 261
682567450 2 69
191406524 51 116
475942328 20 0
48610494 29 144
511031177 12 295
650010076 11 78
148900935 9 282
478921915 10 121
267733371 52 290
650994154 35 251
100191556 50 293
18111815 7 214
561800534 3 337
428455072 57 333
151088197 49 278
347308701 16 167
702287619 2 134
820049884 56 148
594325671 58 333
809493085 43 374
115392111 31 52
472860447 35 49
395345928 22 23
552058379 11 86
861430796 56 165
809001489 5 341
247962315 22 63
680295824 49 179
213482317 30 292
754069243 38 171
809584791 57 308
235337144 20 229
840496429 54 297
301071691 12 13
19959000 2 0
895486643 59 79
900555433 6 162
616696340 25 181
717701437 21 102
605267605 14 353
531416897 1 22
314246283 4 155
325546040 17 253
814230999 34 289
588628859 15 52
942481035 20 139
497594241 36 271
208480723 56 366
380102496 22 65
68093202 16 312
995059859 40 269
726276939 52 108
731302141 19 7
462301890 45 173
450661166 14 1
18139362 44 17
926648036 2 373
458057313 4 270
110193107 6 118
315173793 42 170
467910840 398960559 991737831
42370357 773565736 534834731
666045584 276245411 384644579
270789789 173661809 456924
39067030 570220392 590156901
862184357 143269571 194495223
898025122 251767988 730858491
557385677 379631057 358659825
663876837 122449816 286252970
973681578 642448857 137845124
630948328 265841746 997397719
687136381 225795109 868320013
542704524 368805883 871432970
586595188 511309792 258089499
410746182 124473937 234040663
972402943 490699770 955458338
106648019 792586243 297910816
662314829 728322581 952997014
212073935 747777842 128784932
393955621 15950740 306466495
390066105 305249754 776005166
274334692 103439494 290333127
61682431 524560522 71815060
610390644 209218702 447612045
733472218 865393468 877855700
175130619 268624174 803289179
606596589 347284249 844598403
288605571 151088197 458057313
39211874 174355748 268624174
728322581 143721677 667068345
333168860 500477659 686850587
892163622 396092980 529007457
707214725 702287619 302857024
915419488 359106673 806106984
320357361 244652844 676405433
304093790 259498252 679423279
376213097 481689470 752603520
849453649 978814054 352027140
143721677 504346598 687262901
478205872 656129274 310527553
775517510 13266100 269137510
766163799 758692452 243747528
954426970 343034221 419877300
216978138 996892342 161925511
699154187 570762323 509374881
434997055 482590467 876516722
262376368 55134361 903098419
71903949 328124489 670597507
755764264 836024911 781635168
228686312 362858922 745182248
185646724 385530578 298772656
53512559 565262290 255292062
939253357 343599479 360282716
377757169 291383062 750079628
709039304 694593592 252699039
206639294 38158341 48102576
702654656 115167845 697573220
108411859 344441064 466690617
774895598 801780442 804764053
918223377 184127024 576717686
690302715 466690617 810274616
795223311 713452929 303541992
270929004 526403079 931977485
330090991 742216165 756944930
24598815 530395211 64034026
360164471 220918371 699109435
73178879 476641295 344324397
758692452 859242161 445513708
490229872 309344424 80399355
730491449 660974538 632339564
621932546 140683869 154912471
373310521 10465042 30791049
317162848 119440605 285815249
35879434 336410813 389583840
468518805 803403469 367641412
101698721 43067144 447936637
723691902 553231045 979984536
96588053 148791732 761425796
189517264 302857741 821119317
490665352 393766658 504728073
484640857 360361373 872488064
799727523 754433925 500453210
199980354 148442707 94849817
300584229 390066105 389210575
322826706 12048394 477919439
981157192 416307239 818610125
971817202 944871053 396832062
609602409 598688939 876405779
409664335 107195974 252699039
75575918 445232845 611437123
123575219 241054289 157920150
633097200 912898166 311986943
219601884 838325676 886924663
289659787 129340082 179662504
942195759 694033726 207273739
691529972 244054430 672778487
553698886 465355158 992982896
261694976 18947786 11284494
544718331 792021257 519515428
487223508 572160841 301411556
