9 9 81 100
123705004 6 7
589964657 4 7
173314997 7 6
783777764 6 4
282566027 6 1
996339678 1 0
137454398 8 3
242063584 5 0
284177403 1 7
325416487 2 3
576610006 0 6
829358605 5 1
751497417 1 4
466607023 2 1
965621500 5 5
44231887 1 3
932362566 6 6
225898492 8 4
960679667 3 6
85583088 6 0
818846151 1 5
105664312 8 1
932360002 6 2
509440794 4 6
826658342 6 8
467104946 3 7
2048566 5 2
347401566 8 7
780151871 5 8
733778779 7 3
847077979 8 2
264352176 0 1
990308980 6 3
335757386 7 5
640568583 3 8
981940328 7 1
24671786 4 8
372919608 2 5
627366607 2 0
664257218 0 3
294013514 6 5
90312453 7 8
182938128 7 0
290861407 8 5
879625153 0 4
42784817 2 2
469477223 3 1
57352386 5 4
993661952 3 5
616993636 7 4
838990393 8 6
514448852 4 4
929831804 7 2
705591270 5 7
665158956 2 8
134283361 0 7
5870127 4 3
718521895 8 0
741961388 2 6
309457305 0 0
685308949 7 7
160985657 4 0
364741991 3 3
129468560 3 2
282136496 1 1
32320081 1 6
967002833 1 8
841282749 4 2
144647813 1 2
423074121 5 3
685499297 2 7
597918335 5 6
559329181 4 5
891908897 3 4
151695954 4 1
984728467 8 8
304209925 0 2
174296442 2 4
941865379 3 0
127895967 0 8
469512526 0 5
284177403 741961388 467104946
134283361 325416487 309457305
282566027 597918335 182938128
129468560 685308949 85583088
290861407 960679667 705591270
32320081 173314997 965621500
347401566 576610006 981940328
282566027 2048566 665158956
174296442 967002833 965621500
741961388 144647813 891908897
751497417 665158956 137454398
841282749 967002833 514448852
627366607 967002833 616993636
129468560 137454398 932360002
891908897 325416487 160985657
741961388 685499297 685308949
309457305 2048566 589964657
129468560 467104946 290861407
264352176 665158956 967002833
640568583 5870127 469477223
627366607 335757386 225898492
347401566 44231887 941865379
466607023 347401566 24671786
965621500 264352176 509440794
718521895 134283361 509440794
589964657 123705004 965621500
134283361 826658342 990308980
2048566 90312453 879625153
160985657 134283361 242063584
225898492 559329181 182938128
597918335 372919608 838990393
174296442 941865379 984728467
32320081 173314997 347401566
284177403 741961388 665158956
44231887 137454398 5870127
24671786 780151871 242063584
838990393 514448852 996339678
967002833 2048566 5870127
718521895 466607023 718521895
780151871 967002833 741961388
325416487 304209925 996339678
225898492 990308980 347401566
282136496 705591270 733778779
469477223 627366607 932362566
685308949 182938128 174296442
981940328 242063584 597918335
841282749 2048566 751497417
576610006 751497417 879625153
129468560 144647813 597918335
783777764 137454398 144647813
685308949 137454398 347401566
90312453 829358605 640568583
597918335 294013514 826658342
57352386 826658342 826658342
847077979 640568583 718521895
576610006 818846151 123705004
780151871 423074121 347401566
134283361 304209925 929831804
829358605 469512526 284177403
829358605 182938128 364741991
597918335 364741991 741961388
469512526 467104946 105664312
469512526 783777764 309457305
589964657 932362566 967002833
841282749 127895967 264352176
891908897 967002833 891908897
174296442 996339678 264352176
309457305 90312453 665158956
42784817 90312453 347401566
993661952 284177403 309457305
105664312 32320081 826658342
847077979 941865379 559329181
372919608 123705004 514448852
838990393 2048566 616993636
751497417 733778779 467104946
705591270 282566027 967002833
576610006 282566027 509440794
780151871 664257218 151695954
941865379 990308980 42784817
627366607 932360002 664257218
144647813 144647813 469512526
85583088 290861407 282566027
32320081 467104946 174296442
967002833 751497417 741961388
309457305 290861407 24671786
780151871 665158956 509440794
941865379 841282749 129468560
173314997 826658342 665158956
705591270 151695954 105664312
304209925 932362566 990308980
294013514 105664312 685499297
841282749 144647813 597918335
123705004 129468560 304209925
932362566 718521895 160985657
242063584 469512526 42784817
990308980 996339678 42784817
284177403 335757386 576610006
372919608 576610006 290861407
559329181 932360002 144647813
841282749 829358605 57352386
