9 9 81 3
531870288 8 8
312583580 7 1
77428324 7 0
157651076 5 1
414632996 1 7
268979860 1 3
641870718 0 7
53282724 4 0
624994240 5 8
578846026 6 3
346286119 2 5
477977488 7 6
169379765 8 5
455996134 5 0
62295111 8 0
950673754 3 6
245166310 6 2
379873030 1 6
635322204 3 2
153616328 3 5
264923914 0 6
910665272 6 5
695593209 2 7
862249942 3 0
381815598 6 0
988868739 7 2
181185857 2 6
757854002 0 1
704615472 5 2
354927071 4 3
202724208 8 1
879589055 7 7
662780741 0 5
134043832 3 7
85191251 6 8
20283667 4 5
186226803 4 7
792304239 6 4
801569482 8 7
456258808 2 4
171584792 1 1
140909529 1 4
119554125 6 7
15571950 7 8
357218401 0 4
864657854 5 7
476167012 5 3
20345512 2 3
541962708 3 1
184311643 5 6
222614062 0 2
700182923 6 6
372672455 3 8
14657248 7 4
12909275 2 8
550319410 5 4
660174822 3 3
664406515 4 4
149210162 8 6
695879404 1 0
945856433 8 4
60360236 1 8
426760716 1 5
156991292 0 3
966019835 2 2
221224343 6 1
698695127 7 3
662727256 4 6
270904940 3 4
977474869 1 2
119660819 5 5
985449643 2 1
232345088 7 5
440834939 4 1
653511640 8 2
613283668 0 0
627292039 0 8
26000081 8 3
950597967 4 2
561960613 2 0
228283683 4 8
20283667 270904940 381815598
624994240 662727256 381815598
245166310 950597967 541962708
