49 1 49 98
962533864 24 0
53163878 7 0
865980239 11 0
337917282 23 0
24339235 48 0
127085903 33 0
872678255 41 0
257028697 42 0
75126998 47 0
160950225 19 0
396917172 15 0
605020392 17 0
274437508 29 0
99911353 45 0
889599617 25 0
614408332 4 0
621511567 16 0
35067992 39 0
267989594 26 0
492856713 32 0
603822015 38 0
961623044 20 0
501817963 9 0
262746983 44 0
835443137 10 0
679490197 5 0
288446721 13 0
39362417 6 0
107317413 34 0
1618152 1 0
725129230 3 0
487022389 18 0
655468384 30 0
495623776 2 0
748145065 43 0
262432518 12 0
812284232 27 0
290867040 31 0
969166476 40 0
777116285 36 0
379438747 46 0
815509970 8 0
756509844 37 0
224031988 0 0
840768760 35 0
888120227 14 0
50269509 28 0
219891722 22 0
869967843 21 0
262746983 35067992 267989594
262746983 962533864 872678255
288446721 840768760 679490197
53163878 487022389 262432518
487022389 614408332 288446721
99911353 961623044 219891722
777116285 748145065 396917172
396917172 815509970 487022389
679490197 160950225 99911353
262746983 267989594 290867040
962533864 219891722 869967843
777116285 379438747 396917172
655468384 257028697 262746983
812284232 961623044 379438747
50269509 50269509 865980239
872678255 614408332 840768760
869967843 267989594 655468384
24339235 603822015 961623044
840768760 812284232 603822015
99911353 840768760 815509970
840768760 267989594 865980239
725129230 107317413 655468384
888120227 35067992 840768760
274437508 487022389 257028697
379438747 274437508 39362417
603822015 50269509 290867040
888120227 725129230 224031988
487022389 35067992 495623776
888120227 99911353 961623044
725129230 274437508 888120227
756509844 160950225 337917282
288446721 962533864 39362417
107317413 725129230 262746983
35067992 815509970 487022389
756509844 396917172 99911353
107317413 160950225 840768760
50269509 50269509 888120227
50269509 889599617 487022389
99911353 815509970 865980239
756509844 888120227 621511567
99911353 127085903 99911353
748145065 748145065 127085903
262432518 257028697 288446721
889599617 655468384 337917282
869967843 812284232 869967843
872678255 865980239 267989594
869967843 501817963 777116285
969166476 219891722 501817963
274437508 872678255 396917172
865980239 969166476 777116285
815509970 872678255 99911353
603822015 748145065 495623776
621511567 756509844 274437508
257028697 262746983 605020392
39362417 962533864 961623044
655468384 756509844 396917172
495623776 75126998 492856713
262432518 614408332 379438747
969166476 379438747 24339235
962533864 337917282 614408332
655468384 107317413 812284232
219891722 267989594 99911353
889599617 107317413 35067992
487022389 748145065 614408332
812284232 39362417 756509844
777116285 75126998 840768760
748145065 603822015 872678255
835443137 501817963 224031988
621511567 50269509 969166476
969166476 290867040 35067992
815509970 969166476 24339235
337917282 812284232 274437508
812284232 262746983 127085903
337917282 290867040 872678255
605020392 889599617 290867040
492856713 495623776 262746983
869967843 679490197 288446721
605020392 748145065 815509970
756509844 889599617 290867040
495623776 99911353 487022389
262432518 39362417 501817963
99911353 39362417 865980239
495623776 379438747 501817963
865980239 869967843 35067992
621511567 835443137 337917282
655468384 24339235 621511567
274437508 290867040 24339235
99911353 872678255 888120227
487022389 107317413 267989594
50269509 53163878 889599617
725129230 865980239 99911353
487022389 288446721 888120227
621511567 889599617 1618152
1618152 969166476 872678255
267989594 379438747 290867040
288446721 50269509 99911353
725129230 39362417 160950225
969166476 50269509 290867040
