23 16 239 100
439762656 19 8
761866787 1 5
546405331 14 0
560914389 5 12
353076216 21 12
319835797 13 13
562790472 10 6
348989159 12 15
992068136 16 3
703018128 2 0
433209254 1 2
880264314 2 12
321677313 9 3
847484634 11 5
565208686 8 15
747208084 20 2
464721177 19 15
96309469 20 14
918541417 1 12
989429794 13 1
42036872 5 6
530561320 10 12
85613858 11 1
595238771 3 12
730241899 21 0
402924 13 14
678729319 19 7
931134141 7 12
862602597 2 1
238778239 6 0
662330060 5 15
551874967 22 11
864264985 14 5
746342621 12 3
928032807 16 4
793216125 12 12
211077297 9 14
341000738 2 11
149215253 16 13
236211024 12 5
76548186 16 8
384527633 7 13
882785908 22 5
731672019 6 10
107691206 11 0
432319888 11 13
541333991 12 8
731782703 13 10
609257896 15 12
4033578 21 4
689762901 12 6
137920368 8 0
727667771 1 13
496356491 14 2
43727722 12 13
591173637 15 4
65381308 3 5
18214408 22 8
405552917 14 10
328711236 2 2
633491947 1 14
693616148 6 11
36210184 5 3
74594531 9 11
62423950 8 6
428556492 13 6
349422652 3 13
997015424 7 7
955225839 9 13
584031596 22 6
944645994 21 7
522254619 8 5
195505753 22 4
811522264 3 2
274508178 4 7
345554583 19 5
742353054 21 1
830794260 6 14
534834552 7 3
777533244 1 3
800974228 9 7
147034828 4 2
990464802 14 11
805670200 22 13
757596819 16 11
521717197 1 0
252337244 3 4
543582745 19 11
726693625 20 10
542133130 22 1
174370612 2 3
553640788 19 13
181720742 19 10
306480792 0 5
230079614 2 10
939296450 8 10
430803584 13 11
465611826 15 3
495037520 4 12
728032542 7 6
413897968 19 14
636365493 2 15
76697735 14 14
748564104 8 4
98093156 11 8
812016677 15 8
514533697 0 1
857285381 18 0
385443275 7 2
739876519 9 9
409123169 6 12
626973948 8 2
48469276 6 7
393621253 18 1
702685455 21 5
531280826 0 4
531710927 10 3
563625261 15 14
962471477 10 9
845743087 19 6
480378722 16 2
27506354 21 10
490261251 18 15
601035311 5 11
881242069 0 9
334466890 19 0
249766507 11 12
420325747 18 8
946023982 9 0
518388046 20 5
663735461 19 12
381612437 1 6
70707959 9 10
452233277 20 4
767865261 20 9
174592983 15 0
624982203 14 12
328627001 1 11
513953216 22 10
375070045 15 2
404576396 4 5
946325896 3 9
288568291 15 10
647047598 18 10
124536960 11 2
349306132 4 8
918964316 10 13
660078903 3 10
433916463 20 12
149774572 20 7
83311927 17 5
954026952 3 8
31493943 4 4
938342337 3 6
942053570 12 1
261946132 22 14
319380408 17 12
938237546 17 1
907594769 13 3
68902710 10 1
223694553 0 2
774818400 9 6
965567355 1 7
308368167 0 14
58394433 15 15
249575490 18 2
465767194 22 9
665100617 12 10
783046558 10 0
426409043 5 7
597775695 7 0
32392159 17 15
911506210 8 7
310153463 14 9
280865085 7 9
524569490 0 11
947045888 14 4
806411065 22 0
395076937 19 4
603611630 15 11
636365300 11 14
927045960 3 3
836847008 17 4
657397218 21 8
319929016 5 0
911670006 16 15
516548273 8 14
382657604 12 0
70998672 5 13
577810488 0 6
825412527 16 9
553037899 3 0
471286975 7 5
154986920 0 7
993410832 16 14
400141843 3 11
927648272 14 6
632635654 1 10
701017360 4 6
214697756 8 1
103848270 17 8
780051891 13 9
514392111 16 7
934398667 4 10
709383627 11 7
346168628 19 9
778796975 17 9
519973608 21 3
317432285 7 8
496786869 16 12
702396439 7 4
979256863 17 3
790089052 15 1
714944643 17 11
878325171 2 14
818726527 8 9
539489318 9 5
550997137 14 8
340881169 1 8
852495870 14 7
255138460 2 5
259220212 16 10
658160005 5 1
473346290 2 7
176785954 12 11
719927143 15 5
52906406 22 2
331290265 5 10
699744674 17 10
609999560 19 1
877312463 20 3
81289618 13 0
998224394 20 1
683222425 22 12
364586143 1 1
609866850 13 5
989349065 16 5
208946816 13 2
737277305 5 2
551874967 624982203 877312463
319380408 32392159 36210184
862602597 931134141 647047598
601035311 591173637 553037899
636365300 790089052 18214408
927045960 174592983 405552917
683222425 882785908 546405331
748564104 98093156 137920368
701017360 836847008 514392111
709383627 107691206 746342621
409123169 577810488 52906406
946325896 384527633 147034828
812016677 748564104 402924
384527633 274508178 747208084
601035311 979256863 252337244
433916463 252337244 252337244
719927143 577810488 880264314
432319888 911506210 149774572
938237546 657397218 560914389
731782703 530561320 319929016
433916463 176785954 83311927
147034828 70998672 942053570
52906406 490261251 928032807
85613858 96309469 85613858
280865085 348989159 836847008
778796975 878325171 288568291
328627001 473346290 852495870
767865261 709383627 521717197
852495870 27506354 609257896
990464802 65381308 939296450
714944643 624982203 658160005
341000738 420325747 420325747
601035311 852495870 345554583
927648272 852495870 181720742
346168628 174370612 739876519
774818400 27506354 519973608
58394433 626973948 223694553
430803584 918964316 274508178
68902710 62423950 176785954
979256863 490261251 349422652
603611630 830794260 433209254
124536960 595238771 432319888
790089052 349422652 83311927
496356491 702396439 4033578
683222425 624982203 944645994
662330060 495037520 992068136
800974228 731782703 405552917
68902710 693616148 780051891
989349065 149215253 665100617
426409043 149215253 992068136
195505753 402924 149774572
836847008 42036872 939296450
997015424 806411065 584031596
911506210 728032542 562790472
541333991 747208084 847484634
790089052 609999560 249575490
553037899 800974228 76548186
992068136 519973608 214697756
405552917 636365493 542133130
334466890 946023982 663735461
934398667 678729319 519973608
214697756 993410832 514392111
385443275 665100617 341000738
928032807 632635654 609257896
381612437 96309469 385443275
626973948 531710927 603611630
624982203 783046558 334466890
490261251 393621253 4033578
319380408 931134141 878325171
534834552 274508178 927045960
310153463 259220212 550997137
918964316 731782703 709383627
534834552 954026952 495037520
938237546 531710927 413897968
255138460 665100617 85613858
524569490 249575490 345554583
857285381 480378722 931134141
471286975 546405331 465767194
737277305 693616148 845743087
727667771 864264985 979256863
259220212 591173637 32392159
757596819 255138460 252337244
911670006 632635654 845743087
274508178 238778239 965567355
471286975 563625261 433916463
181720742 560914389 405552917
609999560 471286975 465611826
942053570 375070045 811522264
657397218 719927143 211077297
521717197 864264985 811522264
881242069 27506354 288568291
107691206 433916463 393621253
464721177 546405331 238778239
348989159 881242069 76697735
70707959 553640788 341000738
340881169 989349065 430803584
530561320 402924 308368167
609866850 62423950 176785954
426409043 195505753 918964316
404576396 934398667 52906406
