500 1 500 56
522003587 256 0
584595801 327 0
963669826 221 0
860718969 454 0
673328320 489 0
192990196 253 0
973225171 311 0
248640122 91 0
159945847 337 0
157833811 31 0
552673540 44 0
397294771 442 0
185147555 440 0
236222545 148 0
819704830 285 0
403979322 249 0
610879286 416 0
826977761 23 0
544081945 169 0
509981307 347 0
988326292 204 0
849154441 182 0
592749158 384 0
786608310 163 0
678220566 452 0
743927010 183 0
991292199 152 0
406863998 159 0
541717897 228 0
71621402 413 0
59401297 180 0
190164027 281 0
540350892 424 0
698780017 140 0
544783377 455 0
632048553 99 0
170565557 279 0
787982783 247 0
257284420 271 0
494353495 474 0
902307789 498 0
101274349 20 0
417991677 332 0
324499497 466 0
402295439 408 0
858795895 278 0
789346307 147 0
676088279 430 0
424776589 248 0
23532529 434 0
418444112 297 0
35120491 93 0
402799563 260 0
643141503 17 0
231081619 191 0
922661063 53 0
860808258 88 0
305504347 104 0
215209391 232 0
497112605 438 0
270100574 346 0
457953362 106 0
619311674 486 0
334638197 266 0
412649601 433 0
774554951 490 0
734171135 411 0
965990954 234 0
795828350 280 0
655921071 475 0
69310332 419 0
928105325 264 0
31954462 307 0
980729620 341 0
803980389 485 0
274517697 36 0
744861599 422 0
474472083 239 0
251628063 217 0
241058173 305 0
846149679 63 0
639230813 114 0
998419525 333 0
169842765 79 0
337992309 11 0
376029497 197 0
736238887 214 0
361761202 272 0
237785865 441 0
759522560 149 0
50825286 168 0
42227325 199 0
989472503 355 0
352894240 406 0
930224346 5 0
432850008 420 0
438453313 368 0
783377946 236 0
67713612 18 0
188750909 131 0
43047002 313 0
797331205 151 0
562123964 138 0
981426940 367 0
639548587 432 0
870952968 286 0
401128316 299 0
249821626 491 0
944296209 100 0
28494051 291 0
814236050 373 0
718241389 471 0
270857821 122 0
19066215 376 0
174266426 8 0
183048801 12 0
393441491 405 0
942975481 303 0
413343074 61 0
228506805 130 0
929216684 120 0
716601364 9 0
395217453 150 0
306856159 124 0
88155796 178 0
226799300 157 0
169854321 39 0
977525540 349 0
653402156 460 0
836274987 386 0
343339064 67 0
129095457 112 0
279070345 194 0
668562687 259 0
676516931 469 0
260037189 429 0
633401011 209 0
892815114 365 0
240546946 257 0
182389332 166 0
933414439 80 0
760879529 492 0
144193949 335 0
125090789 210 0
224404822 25 0
121533774 202 0
807956590 134 0
839391973 287 0
252517412 144 0
18635006 225 0
545365637 252 0
529936147 119 0
72534121 377 0
931580116 482 0
257100451 83 0
600562817 85 0
562780787 161 0
283161724 48 0
893377855 65 0
142205465 269 0
349171074 54 0
336362425 102 0
798794500 391 0
891793942 238 0
55602251 477 0
109728991 181 0
625630033 393 0
593144967 66 0
402316662 296 0
839842137 356 0
853733047 459 0
724400079 174 0
964974112 3 0
732513828 49 0
509280127 45 0
411641640 263 0
82710618 302 0
695118418 229 0
155452450 481 0
297607451 146 0
96654759 476 0
898490249 89 0
608899023 318 0
643381257 125 0
231224706 245 0
543957121 410 0
232509672 495 0
996353702 258 0
310573526 32 0
347322250 353 0
43794821 472 0
533119608 172 0
115569028 212 0
591761155 95 0
859769327 397 0
196891740 450 0
956845793 41 0
870733284 42 0
864712486 243 0
464816386 308 0
45161525 207 0
548062773 290 0
269650268 396 0
916300140 167 0
58978365 246 0
424164245 326 0
686982776 222 0
513512819 29 0
680178345 437 0
910925236 295 0
529105556 340 0
211305026 425 0
868334239 139 0
735180505 198 0
680341632 156 0
301752537 453 0
421797174 77 0
407200860 494 0
683392572 84 0
13053579 389 0
805482492 328 0
591259949 324 0
953253249 404 0
876558720 496 0
329742193 206 0
909372492 394 0
341767225 176 0
402928436 244 0
15993737 294 0
964337486 380 0
354961155 15 0
573377782 121 0
989406766 72 0
918436063 446 0
134708656 417 0
241720426 436 0
802185148 275 0
832925498 38 0
110914505 361 0
4499464 162 0
951519108 443 0
88432307 218 0
898296582 97 0
132879770 224 0
850119753 173 0
917931566 200 0
610999256 309 0
925624002 143 0
417911493 128 0
302963108 435 0
928869344 136 0
728834929 487 0
730622501 231 0
365062309 293 0
465497206 235 0
970200177 414 0
849078921 493 0
70986961 288 0
460058403 175 0
490373085 179 0
384509830 388 0
125910622 427 0
924650535 439 0
462234020 488 0
926347427 55 0
686219925 387 0
280198900 113 0
96091145 155 0
529062367 78 0
390302293 35 0
784905392 316 0
540944933 363 0
699218985 339 0
586936975 223 0
626261687 254 0
770073188 470 0
488954855 76 0
673762504 165 0
968977687 109 0
469318916 315 0
241640304 2 0
202606490 369 0
558504211 448 0
504263833 205 0
424824210 370 0
623736115 133 0
410521505 40 0
307214988 463 0
40639500 226 0
633155540 185 0
645586924 399 0
470806935 145 0
392780821 141 0
928770131 390 0
501339602 57 0
619498058 458 0
488392404 364 0
803756185 421 0
441863270 362 0
852103562 108 0
982098405 219 0
474745381 400 0
608667759 483 0
579723532 292 0
614684122 6 0
122749576 75 0
802878696 22 0
743597022 322 0
828469432 62 0
273071079 227 0
713221502 47 0
32899295 195 0
691768950 46 0
783916412 319 0
378306837 115 0
59678018 220 0
979370369 34 0
218450965 153 0
438077507 37 0
360218383 126 0
272484667 464 0
648557716 160 0
919799252 321 0
76194 351 0
994339447 412 0
97199725 230 0
568517956 323 0
568582698 250 0
524439551 103 0
729864747 360 0
407607624 372 0
27332139 81 0
738016527 449 0
994096619 208 0
172891205 10 0
615629821 132 0
162312151 398 0
820926943 261 0
305080535 192 0
19663690 423 0
44334076 342 0
326216396 462 0
675633228 445 0
663062420 375 0
302361879 92 0
869485196 27 0
780355879 366 0
499225261 325 0
400122164 137 0
616811149 188 0
156690333 402 0
1406780 127 0
994938709 298 0
319585873 465 0
170325019 357 0
192402239 330 0
316415981 304 0
166536172 407 0
473127870 383 0
238696580 344 0
948616038 24 0
66925705 117 0
486406873 371 0
915530030 354 0
362503835 461 0
392543461 262 0
963784051 154 0
752011830 480 0
419261790 240 0
795801042 358 0
678905798 345 0
572093928 105 0
481564403 56 0
537481398 478 0
501459649 392 0
634899042 255 0
429364883 242 0
573141513 312 0
782191239 70 0
937505816 310 0
749444587 90 0
160960475 19 0
367573230 129 0
152271955 107 0
760981402 444 0
691093579 64 0
306153473 211 0
363695533 118 0
679032758 473 0
148394001 456 0
952119423 68 0
613738134 447 0
993946184 268 0
420626165 273 0
136878681 283 0
218543570 336 0
931941835 142 0
230051413 190 0
604385080 395 0
175888121 158 0
359932849 0 0
319316899 282 0
461740788 86 0
565069046 431 0
439653598 277 0
842255589 306 0
570096158 215 0
352824969 274 0
933786155 348 0
387014964 216 0
56281207 379 0
449182917 177 0
797344996 203 0
486861629 381 0
63558519 428 0
872619410 82 0
937228619 186 0
738146243 267 0
974124743 50 0
99962924 94 0
646618387 331 0
808419355 497 0
370063559 123 0
369139106 43 0
566673381 300 0
12941486 184 0
566350089 467 0
807768920 320 0
322815454 289 0
277303162 241 0
83205844 71 0
84419461 111 0
286289423 33 0
460307090 98 0
648279458 52 0
265016758 403 0
344556796 468 0
21798553 101 0
395246498 21 0
723336521 60 0
490963230 201 0
884761419 26 0
111626294 374 0
60501491 74 0
464391009 409 0
597393909 415 0
12206198 343 0
695733307 378 0
20797862 418 0
633640952 338 0
67819436 69 0
236843004 382 0
875651906 164 0
962119498 317 0
875424726 213 0
6139111 116 0
630089085 196 0
271015668 7 0
473023016 59 0
186741503 401 0
668053525 479 0
405161365 301 0
240801671 13 0
521270555 135 0
551025080 170 0
373952989 457 0
212216590 284 0
943459175 28 0
134302349 334 0
149565715 30 0
781948557 110 0
229786083 352 0
124888236 58 0
767957392 96 0
950818565 16 0
388868322 1 0
287841953 385 0
427475778 314 0
231077677 251 0
202775437 270 0
973362157 451 0
846601258 426 0
784206320 14 0
16885342 329 0
162377093 193 0
643543774 499 0
128073453 233 0
192155557 171 0
458819665 265 0
49659144 87 0
596220150 187 0
421917702 359 0
972150190 4 0
296655844 51 0
534121617 73 0
15645945 189 0
379256813 276 0
780772038 484 0
769265274 237 0
769316681 350 0
241640304 643381257 12941486
70986961 240546946 236843004
202775437 384509830 232509672
236222545 875424726 59401297
417911493 71621402 910925236
379256813 678905798 991292199
928105325 544081945 892815114
238696580 584595801 402316662
252517412 633640952 486861629
83205844 280198900 241640304
395217453 152271955 59401297
743927010 460058403 464391009
134302349 982098405 513512819
676088279 316415981 973362157
226799300 136878681 633401011
769265274 933414439 994096619
169842765 349171074 215209391
319316899 780772038 875651906
633155540 142205465 190164027
608667759 248640122 783377946
680341632 360218383 734171135
419261790 963669826 15993737
529105556 787982783 257284420
257284420 183048801 152271955
568517956 43794821 783916412
388868322 744861599 925624002
218543570 713221502 713221502
802185148 19663690 40639500
393441491 846601258 910925236
675633228 973362157 174266426
509280127 240546946 632048553
884761419 819704830 565069046
265016758 736238887 566350089
909372492 953253249 686982776
760981402 509981307 63558519
280198900 846149679 540944933
97199725 994096619 410521505
950818565 142205465 490373085
730622501 633155540 449182917
860808258 964974112 915530030
680178345 646618387 488954855
797344996 738016527 797344996
898296582 562123964 760879529
562780787 795801042 749444587
743927010 846601258 392780821
352894240 169842765 529105556
310573526 31954462 361761202
1406780 760981402 306153473
72534121 469318916 405161365
953253249 760879529 676088279
795801042 421797174 159945847
807768920 730622501 614684122
870952968 347322250 439653598
192990196 853733047 915530030
402316662 296655844 43047002
529936147 870952968 192402239
