64 1 64 74
392461071 62 0
637486927 36 0
264026442 2 0
553870094 42 0
600730949 3 0
469192850 57 0
595597632 11 0
550180995 16 0
618754007 26 0
950498887 50 0
90006168 9 0
113097399 49 0
286710742 59 0
21408789 45 0
7625148 47 0
597786430 31 0
420623012 30 0
480320539 52 0
592075433 28 0
335538525 24 0
387864698 21 0
357904233 56 0
652589425 34 0
738607247 61 0
564646115 48 0
772245122 27 0
261943481 32 0
119774980 51 0
293789503 19 0
792640992 29 0
308212283 25 0
208850461 44 0
742837057 41 0
570012784 54 0
848382278 40 0
231331570 22 0
535838578 60 0
381973010 55 0
554945337 39 0
415463116 43 0
112555948 15 0
602188826 20 0
914070027 46 0
864765355 23 0
965570975 33 0
776839122 37 0
240363718 12 0
620848832 14 0
716343631 10 0
582903030 63 0
836228103 1 0
619437300 13 0
868665236 35 0
255538742 6 0
695275136 17 0
265626464 7 0
736173720 0 0
449302455 38 0
255052151 8 0
690846675 5 0
712854621 4 0
755338642 58 0
379079492 53 0
275839824 18 0
554945337 570012784 690846675
469192850 392461071 119774980
379079492 387864698 597786430
550180995 255052151 619437300
469192850 690846675 119774980
255538742 379079492 240363718
90006168 553870094 712854621
716343631 240363718 90006168
792640992 255052151 381973010
914070027 836228103 965570975
255538742 864765355 582903030
119774980 550180995 592075433
742837057 535838578 255538742
600730949 738607247 652589425
554945337 950498887 113097399
535838578 712854621 836228103
112555948 595597632 597786430
357904233 582903030 792640992
255538742 208850461 335538525
690846675 392461071 308212283
255052151 255538742 240363718
90006168 600730949 240363718
602188826 119774980 848382278
564646115 755338642 619437300
836228103 597786430 286710742
357904233 255052151 712854621
469192850 255538742 255538742
792640992 415463116 261943481
792640992 469192850 592075433
620848832 469192850 119774980
335538525 255052151 255052151
695275136 695275136 449302455
776839122 449302455 582903030
712854621 716343631 480320539
738607247 965570975 420623012
742837057 564646115 113097399
914070027 864765355 618754007
600730949 690846675 618754007
240363718 602188826 712854621
868665236 914070027 637486927
113097399 293789503 619437300
357904233 208850461 308212283
21408789 469192850 387864698
712854621 595597632 652589425
420623012 21408789 357904233
553870094 308212283 550180995
308212283 119774980 286710742
308212283 792640992 240363718
535838578 776839122 950498887
570012784 420623012 712854621
286710742 652589425 965570975
335538525 864765355 449302455
261943481 469192850 836228103
379079492 113097399 240363718
90006168 600730949 119774980
776839122 275839824 564646115
387864698 742837057 275839824
286710742 261943481 592075433
592075433 335538525 261943481
597786430 265626464 112555948
261943481 738607247 738607247
637486927 712854621 597786430
792640992 90006168 265626464
742837057 264026442 553870094
836228103 637486927 742837057
965570975 7625148 381973010
742837057 255538742 293789503
618754007 240363718 965570975
592075433 716343631 286710742
392461071 90006168 293789503
21408789 755338642 90006168
90006168 695275136 255052151
261943481 265626464 535838578
379079492 602188826 208850461
