25 25 625 100
7765708 18 16
9623288 21 15
105884019 24 16
433891155 11 1
564247312 9 4
288887176 15 18
581571352 12 14
500811508 10 4
416620843 18 23
995371512 23 13
872098643 8 12
736863195 16 9
381633678 8 14
499146991 3 13
710427529 8 9
569224945 17 23
256003502 20 5
13519797 5 9
631673440 22 8
637642242 11 13
379894405 12 21
719406266 14 16
880196164 19 19
714327614 11 2
611113743 0 22
880608784 23 23
643373027 18 20
910170809 0 1
572512206 23 22
178985964 2 9
615142066 5 23
743798507 7 12
694973511 22 1
195706153 4 4
990760805 11 8
680366384 0 16
78690691 9 21
845627332 13 12
106752634 19 0
435721544 3 21
986177167 3 20
795511137 3 15
393657519 7 11
862233816 1 20
525478652 20 3
745716676 18 4
139499400 20 21
141605352 10 18
956067679 21 10
600774489 20 11
558833611 19 20
559666020 4 13
948011474 4 11
377019822 14 9
640837123 9 1
545021851 12 9
448666737 16 15
674973683 5 4
573253888 9 11
993111235 2 5
944933343 21 6
209463169 17 4
591482964 1 24
423849843 15 15
751967166 4 21
830534224 2 21
527674072 20 6
561581862 10 23
243459898 15 14
708534143 21 5
345948453 2 1
795030207 19 15
530863487 18 1
434211792 6 5
357163036 4 22
157485312 10 12
25866814 16 24
964822569 7 5
620898655 3 3
68041489 19 8
83332141 6 0
236825620 23 20
257800661 1 2
359464192 1 0
216165764 22 18
46982207 20 17
378786858 13 21
372107323 10 6
272750720 3 9
38357757 1 16
575127884 23 11
66406423 16 2
450273763 24 7
733843652 0 17
953830127 16 7
557702221 21 14
23983474 11 11
601417901 23 6
652872714 18 14
633753463 18 10
52841590 13 15
771845879 2 12
639623512 8 1
780944792 8 11
702364732 17 19
721110917 20 18
814688728 8 13
742023313 23 18
18545301 2 0
497905755 15 4
688949582 10 7
485725869 5 11
915251286 0 2
767903268 7 2
776129215 23 1
427803414 8 23
576190937 4 23
608748207 16 17
660389625 6 4
327552605 16 0
337841531 24 11
547641709 10 17
738540297 24 8
454058742 5 2
778765852 6 11
491687925 8 20
245443266 15 12
31163321 17 3
96638882 5 6
124932737 21 0
409643837 4 19
526563427 17 14
593232758 15 9
37352558 21 19
550545747 14 2
960877587 17 22
684046085 22 24
493819072 14 15
711706661 16 6
308242893 2 2
141688896 11 5
991725211 1 7
106001301 23 5
949519610 7 3
329457692 15 2
511765451 21 13
238566090 17 11
721933798 21 2
508940563 1 12
928902461 11 17
929316016 14 18
558375489 12 0
686126498 15 13
451207556 3 11
363113590 8 0
899514271 17 20
847949513 19 12
941377877 4 8
981845006 19 6
357705208 15 8
494061710 6 1
311416331 14 12
243019952 24 5
927755304 6 21
672769658 2 4
196762660 4 15
501118295 15 24
795891312 21 12
970049050 22 7
265400769 20 14
745301826 15 1
994992371 21 7
686240639 19 10
755733290 16 16
926461557 1 8
661597754 11 3
305146303 19 14
988711752 21 1
947578421 23 12
784962993 10 5
135723378 13 14
456329770 0 18
52144528 12 17
411166247 0 21
637524277 16 20
545862529 14 0
300501971 23 15
606811218 10 24
174305322 4 10
983121699 15 10
640292625 7 0
188767049 21 9
583563382 12 23
178694539 23 24
192057507 13 5
361014536 18 19
969476034 12 6
869394519 19 18
809613731 6 23
445148911 13 0
43465147 24 6
86988489 0 12
709273455 14 7
101368900 18 9
529612946 20 4
35985479 5 14
267369516 18 18
424202924 7 14
311485821 15 5
416994524 9 3
31639873 4 18
880328374 13 17
556730676 19 2
897838516 9 17
848880088 7 22
982993488 1 18
5206645 12 3
832604580 19 24
307777376 14 13
585733456 9 16
428388480 16 10
214034847 21 24
31582733 6 2
439599596 10 15
481815963 15 0
282855746 3 24
15219030 16 8
554402626 4 1
95058319 23 2
213162825 1 4
616448119 11 0
219043793 4 5
626368553 16 12
740008983 6 22
708187885 2 19
302463998 22 17
390582202 17 17
716303923 8 15
746343676 11 7
681889937 19 11
363673496 10 20
543867589 9 5
517138988 15 6
746948917 6 12
968305307 12 5
540958237 4 9
342062024 0 20
590350587 19 23
390686112 12 1
78997037 7 6
618961246 14 20
986419927 23 3
941142026 2 6
110918410 2 24
890001730 4 16
779985954 2 20
166506044 15 3
636531054 14 4
162112266 22 14
608721174 0 4
389340704 14 5
938099001 17 12
875226131 0 6
237806421 9 10
403178915 1 15
784691692 2 11
561225723 18 3
260111459 19 17
38375222 6 7
598212396 17 16
711928101 17 10
162123815 0 10
986218063 14 6
40962373 14 3
590700856 2 16
407985006 10 9
615404518 17 15
962701732 5 0
503303072 5 15
344162408 19 16
889237240 16 14
579488092 7 18
640692236 14 24
339964201 5 7
248486664 8 24
556206498 5 20
110450414 13 18
18902057 22 5
496104089 15 21
274348625 24 10
743991294 7 17
940817605 10 10
68413365 0 14
392793191 11 18
80451255 19 21
496276412 13 23
320402025 12 15
126209158 18 24
962007769 16 3
685877170 14 23
452047686 1 9
891485556 20 13
823751909 18 11
362853808 18 12
43936226 13 2
205175451 9 14
172158116 22 19
231501730 12 10
73675093 2 17
862463114 11 14
17016737 3 2
910686424 3 12
105079997 3 7
797619570 5 1
287536554 24 19
689053829 23 9
877538234 6 15
630261161 12 2
152500051 20 8
930874947 7 21
891870962 11 10
810856491 5 17
425661554 10 22
432367245 13 24
308009614 10 14
72333076 0 19
867200164 14 10
85330244 20 10
115060411 5 12
839014439 9 0
77374407 3 10
971388971 17 13
979862571 20 7
114763594 3 6
845696638 20 16
224743787 13 7
490102417 3 22
599303944 8 8
936132273 9 22
629268496 21 4
852721960 21 3
661707021 1 5
712407050 22 22
935270025 12 16
807093037 13 19
46512302 16 11
966597752 11 24
382353196 8 22
337414240 15 22
797163359 18 6
702645424 1 10
291449007 1 22
598367624 23 14
771880762 6 14
949764263 12 24
247536816 8 16
178646252 14 11
390196607 3 0
489054745 1 21
793248303 17 8
484272858 23 16
687792398 20 1
546924293 3 4
399563279 7 10
244371491 9 8
221225199 14 8
86856751 7 19
306590616 22 11
578890909 11 23
58444490 17 0
199553949 21 8
351518456 19 5
958087584 21 16
916257135 1 17
266324763 1 1
788188605 19 7
143448202 10 19
625493328 0 5
24912567 9 13
160841052 4 7
335098683 16 4
442710786 22 4
444124485 6 13
317579694 8 6
309109401 16 1
457959872 0 15
970822876 8 2
296315758 7 7
492779278 1 3
60548584 17 5
783540054 17 21
922215100 7 1
38813445 22 3
236220283 21 23
856735444 2 23
318174109 12 13
595254128 1 19
27378337 16 23
320349240 15 7
829075064 8 21
950669381 2 14
888930851 16 18
879979434 16 22
336997530 22 16
314032380 9 15
490856943 5 5
435805972 1 14
973339827 17 18
243096851 15 16
326737304 15 17
57647782 23 8
26621271 12 22
324550794 11 16
908959444 11 22
58440530 18 7
423195519 24 17
518072936 8 10
783677948 11 19
188156753 3 16
864779013 7 23
989722420 5 3
850551439 5 19
553652892 22 10
798689067 4 3
342529916 24 9
408589231 7 9
654340467 8 4
888293653 18 17
840555601 13 8
626168994 10 1
292057818 21 21
854080074 3 5
687166409 4 17
756622162 23 7
36310295 20 12
342474039 14 21
180908924 24 24
661427918 0 13
36313654 8 17
530293676 17 1
749472520 24 18
556830663 18 22
865596549 6 3
305159517 20 23
424589966 12 8
448312084 22 6
450436376 9 24
199818338 6 19
395128626 17 7
932610094 1 6
554729030 21 11
60342711 15 19
813407646 8 7
268173236 7 16
235319850 3 8
745671101 0 23
841801855 0 0
288534505 10 2
722039075 7 4
63816375 5 22
274397447 23 19
169485105 15 23
977205332 11 15
304340814 24 20
35520362 23 10
879815320 9 9
862373924 23 21
1276686 4 14
277837153 21 18
265529418 11 12
378246336 20 0
641550566 0 8
697362602 11 6
431841308 22 0
688947348 18 2
43157420 24 2
607647109 6 18
268603906 17 9
500038358 2 10
482155671 20 20
392731960 22 13
741401239 2 22
941249019 17 2
957533635 4 20
382754445 6 24
757702552 13 11
932125248 23 17
587049137 13 4
228546127 14 22
220883561 10 21
682356770 22 23
880126148 7 20
987605456 24 21
910982798 14 1
967974630 20 2
537765316 20 22
723150182 22 21
52213299 16 21
708504850 21 22
215076447 0 7
569473770 19 22
183937189 13 13
780887282 6 10
309976739 8 3
497346615 18 21
755164887 10 11
889394964 11 20
811085958 2 8
931311537 14 14
260007390 12 12
396403404 6 17
168433758 20 24
165657787 22 15
699386741 5 8
48546481 16 5
270428521 2 13
243344447 5 13
849455226 6 9
507897630 12 20
146536519 5 18
50606891 20 19
228940655 13 16
645644978 6 8
508048250 9 12
226539246 6 20
879517434 9 20
374242512 13 3
805769709 12 11
918025727 5 10
97666149 10 13
565024800 24 14
526086506 2 18
180198487 24 23
129858591 6 16
813980940 14 19
216727842 10 16
336325105 3 18
157783608 15 20
338790468 3 1
146248746 19 9
673742673 18 15
356792553 3 23
506267450 23 4
301052920 24 4
743525370 2 15
423668490 16 19
522409639 4 12
321566954 19 13
867881719 11 21
525501594 19 4
788369156 3 17
71084735 0 9
64216915 4 6
412808508 13 22
566345490 5 21
903761179 11 4
932410017 19 1
941551796 5 16
272071763 9 18
89427464 4 24
917452660 20 9
635829613 8 18
863284622 11 9
998743664 13 10
39559144 21 17
973236470 1 11
891516239 4 2
2794660 17 24
497595416 5 24
970671232 9 6
121721444 22 20
405023448 24 3
849640101 7 15
309420898 24 13
766838369 3 19
747721636 9 23
944951094 1 13
281808790 0 24
726760477 22 2
764098692 22 9
628990706 15 11
982521401 6 6
231027251 14 17
973983321 2 7
624735495 13 9
581806094 12 18
764948354 10 3
861242343 24 1
340850471 4 0
579141116 17 6
619508142 13 6
941643861 24 12
773592582 0 3
722800524 16 13
93824412 24 15
923026864 18 8
716623837 10 0
888196460 23 0
383141882 18 0
312821095 20 15
151864042 7 24
449404910 18 5
404136372 9 7
706987728 10 8
565307374 7 13
840210313 9 19
834048640 2 3
690671010 21 20
825458861 12 7
568926551 12 4
267051860 8 19
291880569 7 8
333329010 24 0
713107862 9 2
328350442 13 1
104629590 3 14
839658632 19 3
566311975 12 19
4352067 18 13
22537244 1 23
366351554 22 12
407595794 0 11
750261537 24 22
508312340 13 20
492348404 8 5
998743664 270428521 216165764
626168994 690671010 146248746
5206645 585733456 616448119
708504850 783677948 52213299
457959872 682356770 160841052
688947348 689053829 392793191
556830663 608748207 764098692
879517434 50606891 2794660
879815320 780887282 578890909
395128626 522409639 36310295
682356770 392731960 35520362
684046085 399563279 238566090
78690691 396403404 554402626
797619570 556830663 780887282
688949582 877538234 320402025
110918410 248486664 43465147
749472520 320402025 407985006
931311537 46512302 601417901
363673496 641550566 990760805
869394519 291880569 930874947
457959872 381633678 891485556
944933343 530863487 321566954
382353196 236825620 356792553
4352067 172158116 931311537
180198487 220883561 862233816
337414240 423195519 680366384
337414240 408589231 674973683
43465147 361014536 643373027
986419927 556830663 641550566
392793191 660389625 755164887
745716676 960877587 891516239
929316016 926461557 311485821
270428521 63816375 771845879
381633678 411166247 559666020
630261161 244371491 85330244
764948354 624735495 966597752
9623288 38375222 600774489
494061710 311485821 608748207
966597752 979862571 640292625
309976739 944951094 568926551
501118295 26621271 366351554
736863195 755733290 416620843
780944792 941551796 46982207
910686424 686240639 556206498
382754445 506267450 491687925
643373027 378246336 964822569
342062024 68041489 593232758
497595416 503303072 867200164
850551439 547641709 135723378
867881719 329457692 713107862
77374407 543867589 302463998
889394964 569473770 932125248
751967166 72333076 780944792
553652892 863284622 46982207
773592582 607647109 342062024
60548584 219043793 491687925
493819072 746948917 572512206
750261537 427803414 43465147
272071763 807093037 711928101
456329770 680366384 699386741
590700856 267051860 964822569
416994524 342529916 847949513
361014536 766838369 611113743
383141882 680366384 773592582
995371512 867881719 899514271
569473770 629268496 333329010
593232758 850551439 711706661
36310295 71084735 967974630
248486664 798689067 784691692
889237240 237806421 561225723
362853808 342529916 527674072
543867589 755164887 209463169
654340467 825458861 526086506
199553949 862373924 849640101
104629590 221225199 566345490
641550566 941643861 711706661
183937189 228546127 987605456
450436376 776129215 356792553
66406423 357163036 490856943
247536816 525478652 311416331
916257135 110918410 834048640
450273763 494061710 927755304
793248303 496276412 888930851
244371491 618961246 427803414
660389625 407985006 590350587
953830127 52213299 745716676
291880569 598367624 986419927
491687925 526086506 146248746
636531054 697362602 39559144
721110917 277837153 880328374
862373924 970671232 517138988
18902057 688947348 968305307
236220283 106752634 228546127
938099001 301052920 979862571
615142066 776129215 640837123
390582202 593232758 554729030
537765316 311485821 267369516
219043793 157485312 738540297
745716676 326737304 630261161
43157420 71084735 68413365
