1 100 100 84
425021949 0 45
98354819 0 63
944748673 0 29
170862682 0 39
653170824 0 58
88704585 0 44
56693303 0 75
736666215 0 41
591868105 0 38
73391571 0 32
10333893 0 16
715772937 0 4
590235507 0 80
448521079 0 8
994332555 0 90
457262415 0 19
398660912 0 2
613511326 0 47
116273948 0 51
834515101 0 59
197083931 0 91
51263047 0 66
854644669 0 99
558759211 0 49
986621766 0 17
394984835 0 92
352236521 0 77
318759300 0 5
859384629 0 1
685460471 0 84
736504015 0 68
72591368 0 27
564998241 0 89
701281373 0 69
110633170 0 76
605631850 0 37
360590519 0 11
307269891 0 26
940669960 0 31
653354802 0 60
521621782 0 57
759053386 0 23
773005500 0 56
722559035 0 35
663833557 0 73
971781928 0 0
268852205 0 48
904811830 0 79
205778746 0 30
953234855 0 34
172940236 0 42
941956390 0 64
479017987 0 96
561701219 0 22
438344770 0 7
457726434 0 25
255787489 0 87
148940304 0 21
646833512 0 83
649521815 0 46
768162297 0 97
117329394 0 10
163092492 0 94
978947651 0 95
723076962 0 82
375583844 0 71
653500467 0 93
981105211 0 61
610863529 0 72
156578386 0 43
880813969 0 53
128127654 0 50
843452239 0 85
731509950 0 70
171346451 0 54
135334143 0 78
264753225 0 74
262274878 0 13
140718165 0 12
704489111 0 24
657634432 0 40
800706684 0 86
249985581 0 98
147164432 0 55
322793039 0 62
619831477 0 65
340102942 0 52
820427491 0 67
413719816 0 6
579092027 0 88
820200677 0 18
976814555 0 15
194269039 0 81
71219187 0 28
471546865 0 20
329918872 0 33
478190141 0 3
997086680 0 36
74627554 0 14
359983629 0 9
478190141 375583844 521621782
307269891 904811830 264753225
521621782 268852205 994332555
249985581 135334143 715772937
340102942 590235507 663833557
268852205 360590519 653354802
249985581 148940304 394984835
116273948 605631850 170862682
116273948 981105211 163092492
663833557 448521079 110633170
197083931 653500467 704489111
340102942 479017987 723076962
653170824 72591368 457262415
820427491 561701219 478190141
268852205 457262415 723076962
986621766 558759211 148940304
413719816 800706684 205778746
448521079 359983629 653500467
56693303 704489111 117329394
73391571 605631850 448521079
255787489 953234855 723076962
205778746 646833512 117329394
986621766 736504015 72591368
981105211 759053386 148940304
10333893 723076962 820200677
976814555 590235507 579092027
564998241 264753225 135334143
649521815 329918872 329918872
172940236 579092027 941956390
51263047 438344770 56693303
448521079 834515101 398660912
653354802 448521079 117329394
820200677 88704585 986621766
394984835 976814555 521621782
116273948 590235507 704489111
471546865 834515101 262274878
170862682 653170824 940669960
197083931 170862682 976814555
479017987 425021949 116273948
197083931 110633170 425021949
478190141 820427491 731509950
590235507 904811830 997086680
820427491 340102942 375583844
359983629 657634432 731509950
521621782 997086680 653354802
322793039 74627554 768162297
768162297 322793039 820427491
619831477 521621782 685460471
171346451 646833512 318759300
843452239 425021949 723076962
613511326 438344770 820200677
172940236 262274878 564998241
262274878 613511326 685460471
704489111 51263047 340102942
976814555 722559035 170862682
663833557 140718165 457262415
736666215 880813969 140718165
605631850 619831477 723076962
768162297 71219187 653500467
579092027 880813969 649521815
994332555 981105211 262274878
307269891 605631850 205778746
953234855 73391571 471546865
163092492 329918872 704489111
800706684 448521079 471546865
322793039 649521815 657634432
820200677 478190141 953234855
268852205 904811830 329918872
619831477 564998241 438344770
264753225 478190141 457726434
768162297 564998241 820200677
478190141 255787489 986621766
976814555 318759300 978947651
649521815 448521079 140718165
997086680 268852205 653354802
579092027 478190141 978947651
197083931 205778746 605631850
322793039 394984835 646833512
438344770 110633170 859384629
768162297 340102942 398660912
941956390 561701219 653170824
249985581 981105211 359983629
981105211 715772937 88704585
479017987 457726434 649521815
