1 64 64 100
854273652 0 52
548394544 0 61
949020180 0 7
532748245 0 22
993335627 0 60
676353400 0 58
259189280 0 6
917484336 0 29
226487433 0 31
706685926 0 47
773068284 0 14
682775811 0 30
391784517 0 45
695801706 0 40
155124122 0 39
769769897 0 50
407261164 0 44
504466282 0 5
752861567 0 10
984106031 0 53
481861308 0 28
576906558 0 2
481043269 0 62
175729369 0 20
923496522 0 54
503467698 0 32
129587226 0 1
924655005 0 16
404983037 0 43
914301575 0 36
791831872 0 38
622968998 0 37
880717456 0 3
257320689 0 13
948189323 0 46
429622482 0 48
86856852 0 12
711090202 0 11
79809254 0 21
846855733 0 57
605788907 0 27
844721822 0 34
122120398 0 4
988667540 0 8
834824270 0 35
143038478 0 51
502146261 0 33
784594411 0 56
824127176 0 0
207504749 0 41
975841824 0 18
448726248 0 19
757075001 0 42
902458294 0 15
4666602 0 23
81409389 0 63
11883221 0 17
323498579 0 25
723709183 0 26
496397073 0 24
246681506 0 59
965554087 0 49
139628098 0 9
252992928 0 55
914301575 143038478 481861308
854273652 391784517 246681506
576906558 902458294 429622482
834824270 948189323 79809254
143038478 246681506 576906558
11883221 4666602 917484336
257320689 924655005 139628098
773068284 993335627 773068284
503467698 404983037 532748245
532748245 844721822 769769897
503467698 605788907 259189280
880717456 706685926 429622482
917484336 79809254 122120398
502146261 86856852 86856852
323498579 924655005 139628098
917484336 143038478 880717456
207504749 391784517 948189323
323498579 949020180 481861308
706685926 79809254 548394544
407261164 682775811 129587226
757075001 844721822 496397073
711090202 129587226 682775811
481043269 576906558 81409389
791831872 706685926 226487433
481861308 481043269 676353400
923496522 548394544 86856852
695801706 4666602 86856852
259189280 226487433 965554087
965554087 682775811 846855733
139628098 769769897 503467698
81409389 622968998 902458294
844721822 11883221 988667540
503467698 323498579 502146261
880717456 757075001 503467698
965554087 429622482 226487433
902458294 975841824 226487433
481043269 854273652 252992928
481043269 175729369 902458294
252992928 129587226 723709183
752861567 695801706 923496522
481861308 880717456 448726248
259189280 503467698 902458294
532748245 769769897 984106031
917484336 924655005 949020180
532748245 502146261 917484336
129587226 207504749 769769897
622968998 965554087 496397073
824127176 481043269 791831872
548394544 122120398 532748245
404983037 854273652 504466282
880717456 773068284 496397073
86856852 548394544 576906558
984106031 532748245 902458294
949020180 404983037 323498579
844721822 207504749 502146261
81409389 86856852 323498579
949020180 854273652 993335627
143038478 949020180 404983037
923496522 752861567 757075001
391784517 757075001 854273652
834824270 949020180 259189280
752861567 914301575 481043269
81409389 695801706 791831872
902458294 711090202 993335627
923496522 481043269 252992928
752861567 4666602 854273652
752861567 854273652 923496522
155124122 923496522 143038478
949020180 948189323 391784517
81409389 4666602 706685926
914301575 824127176 155124122
834824270 175729369 81409389
481861308 923496522 752861567
752861567 252992928 752861567
448726248 175729369 391784517
323498579 711090202 975841824
773068284 79809254 752861567
81409389 975841824 880717456
246681506 481861308 988667540
81409389 548394544 139628098
259189280 4666602 257320689
548394544 4666602 429622482
695801706 259189280 391784517
984106031 984106031 226487433
924655005 79809254 548394544
175729369 711090202 502146261
226487433 854273652 711090202
79809254 259189280 622968998
993335627 993335627 622968998
252992928 824127176 844721822
532748245 86856852 481043269
965554087 407261164 769769897
503467698 988667540 965554087
757075001 504466282 844721822
622968998 965554087 259189280
391784517 481043269 975841824
854273652 257320689 844721822
139628098 429622482 834824270
139628098 81409389 791831872
769769897 143038478 504466282
