727 153
394 516 659 65 258 313 322 99 476 485 241 411 323 678 614 95 441 288 475 46 196 79 552 190 631 60 44 365 246 460 404 375 164 490 376 486 649 608 424 390 524 66 16 674 270 443 292 657 207 470 217 241 262 482 94 372 386 322 560 317 227 242 671 564 25 356 126 307 33 620 139 486 162 536 193 476 158 569 272 263 79 668 689 381 598 141 303 253 283 420 146 286 327 615 260 524 32 70 135 77 165 239 397 634 559 50 492 71 493 190 26 238 585 46 335 89 289 553 169 427 243 159 347 139 669 537 27 361 109 576 447 599 458 567 113 110 186 173 310 282 30 616 591 101 365 145 255 309 521 217 575 209 320 81 210 156 305 119 413 139 325 23 196 369 258 655 587 402 111 515 502 517 561 346 610 613 348 347 585 37 288 193 350 592 284 672 19 598 335 2 433 588 162 374 700 576 492 148 71 435 262 442 200 185 695 165 75 576 8 402 430 402 173 390 619 670 679 31 666 91 572 448 131 274 178 425 201 287 692 196 50 419 295 386 493 673 294 288 390 96 111 102 149 527 244 131 267 177 651 334 132 557 303 459 115 568 268 232 474 578 290 249 199 132 307 509 64 49 456 579 51 96 449 117 299 316 526 688 433 265 474 646 176 132 144 118 50 490 289 328 68 517 615 330 278 310 341 157 680 229 209 222 375 217 92 193 438 685 582 53 106 460 107 698 690 170 287 173 159 88 307 16 321 389 410 160 700 371 629 561 544 278 131 305 641 313 110 41 616 439 156 131 576 12 579 502 646 489 365 517 46 251 136 552 540 256 279 373 59 205 668 245 329 439 380 181 173 406 138 481 164 177 276 596 389 492 104 494 289 240 25 149 351 402 651 152 85 236 478 611 105 179 424 689 505 424 567 137 196 555 360 674 70 87 615 534 20 500 616 11 210 247 423 445 43 49 385 61 228 297 608 18 685 301 151 94 519 601 372 409 77 49 477 50 71 289 115 101 293 520 430 259 41 94 63 105 17 453 544 578 698 521 520 392 584 608 132 463 423 235 428 202 564 442 347 335 589 524 558 231 145 241 586 120 538 142 482 106 417 221 202 119 390 302 110 215 49 551 264 436 514 616 185 190 457 456 56 469 607 615 232 698 623 314 133 382 346 450 474 51 175 289 598 132 28 663 143 157 312 422 622 541 98 334 485 215 92 310 244 106 218 10 471 113 219 691 302 59 327 574 354 452 156 109 681 270 340 160 577 581 649 89 646 339 193 585 247 136 454 565 621 112 327 589 381 456 493 304 593 693 440 599 247 9 387 509 513 320 139 390 198 552 580 637 196 237 146 299 52 566 346 63 61 650 159 385 189 424 262 34 650 343 698 475 663 407 316 6 132 514 124 455 465 408 550 676 604 299 590 458 467 280 308 474 11 464 693 613 39 104 81 576 474 21 27 672 176 85 291 551 569 664 663 669 59 464 342 48 547 34 480 17 428 402 61 441 199 63 129 637 540 504 246 554 656 604 85 689 33 655 293 160 517 75 236 384 311 92 124 1 140 252 132 449 91 244 488 212 158 257 572 265 523 128 173 192 540 375 114 395 167 617 169 338 378 430 500 122 228 616 600 257 23 423 634 192 24 558 501 360 447 124 469 670 88 96 182
471 694 680 210 670 395 486 533 489 666 313 428 473 699 649 249 478 331 652 161 587 462 631 431 684 469 227 608 435 694 433 610 531 534 697 647 694 655 529 630 615 163 646 676 692 695 447 672 405 635 646 425 343 492 444 457 675 585 601 445 260 267 690 628 457 516 325 333 181 625 668 521 466 548 564 577 611 608 452 679 270 687 690 430 628 514 665 561 598 448 544 486 449 620 426 645 249 414 476 449 175 399 525 663 572 494 609 569 567 452 623 680 634 310 539 385 417 637 179 525 631 338 415 428 683 642 85 575 176 648 639 630 523 652 544 132 467 632 514 324 573 670 600 600 592 481 556 391 658 394 682 359 643 444 553 263 677 325 575 614 652 319 449 508 327 678 694 552 572 640 665 557 602 361 661 666 492 432 602 334 467 257 603 630 452 692 315 699 533 321 585 660 208 697 700 632 522 182 74 469 319 574 322 253 697 265 512 586 673 694 562 454 508 495 630 675 682 135 669 571 602 640 277 486 555 469 362 416 693 219 201 505 571 661 602 698 588 558 405 224 135 319 368 569 417 321 597 290 654 588 650 652 470 689 268 607 392 655 563 681 547 629 457 391 666 634 247 390 545 585 389 415 669 517 673 613 540 691 612 375 672 662 359 199 682 402 314 535 482 582 491 557 667 585 644 412 650 187 680 488 645 349 444 245 655 467 475 692 658 75 157 686 422 698 700 171 354 590 235 517 664 160 474 551 518 504 700 590 674 565 648 684 698 574 693 554 144 547 688 533 471 191 666 146 674 663 673 594 609 672 700 314 382 568 690 581 416 519 191 295 673 366 544 687 552 659 392 448 688 529 557 652 694 597 495 638 229 669 516 408 45 600 688 632 665 225 462 290 649 694 326 588 695 689 690 562 579 402 646 623 386 684 496 211 671 659 244 584 625 135 534 548 547 526 474 508 508 221 446 678 624 504 700 563 417 510 520 636 635 552 264 91 583 649 259 289 634 545 347 582 561 274 544 231 503 687 298 525 647 685 698 633 625 691 595 666 581 617 439 247 516 653 589 664 401 509 633 589 600 355 209 598 621 255 625 489 513 430 542 312 601 323 438 439 355 501 628 657 353 630 572 678 588 618 481 547 92 492 688 673 682 699 682 535 376 418 429 506 563 65 573 517 610 641 363 663 640 487 524 540 635 651 499 489 651 363 452 438 513 111 609 695 695 674 542 698 585 458 625 630 401 566 295 589 695 457 412 256 588 698 658 567 694 603 212 671 284 402 498 585 658 368 377 667 395 642 685 455 668 693 559 696 660 587 575 663 550 673 496 648 555 553 596 678 637 301 525 567 676 644 393 538 439 688 542 684 216 688 267 56 674 529 700 513 674 503 491 527 195 535 511 585 688 619 593 699 678 358 627 613 615 393 697 588 27 481 694 663 230 504 300 588 666 90 683 688 675 697 293 560 589 699 697 669 323 561 475 361 698 591 690 73 563 632 366 625 206 156 391 656 599 512 387 562 700 641 193 689 65 680 293 466 693 283 606 698 372 193 487 255 578 660 545 626 685 528 617 569 226 475 625 588 618 324 540 501 691 503 411 425 363 680 327 394 603 624 690 271 531 619 690 375 237 547 677 383 258 653 586 565 589 572 520 671 424 113 573
569
689
340
558
702
110
312
602
237
357
524
722
60
639
686
338
552
501
697
167
642
310
699
464
677
680
39
31
693
506
715
144
209
252
687
126
36
106
242
141
111
641
397
390
49
674
611
354
118
146
488
413
412
84
442
671
188
450
622
613
682
176
471
153
391
53
377
695
592
277
386
76
224
133
437
435
15
78
291
27
34
66
721
556
161
371
624
567
303
452
376
399
633
621
560
528
650
213
644
703
495
198
548
551
222
416
184
724
651
545
207
236
203
143
179
102
356
28
492
502
513
82
134
380
389
554
400
70
518
343
351
672
503
35
530
403
536
367
465
716
529
55
520
306
16
336
636
131
714
202
708
138
100
