100 82
16 30 35 38 46 23 45 41 50 40 4 26 32 45 23 28 16 15 46 1 14 5 12 2 2 5 26 14 21 37 21 27 4 44 22 25 27 36 12 44 11 9 28 44 24 41 39 34 18 4 47 10 45 50 31 40 7 23 35 11 21 32 40 45 19 5 5 26 41 18 1 35 45 1 29 12 38 9 49 47 19 43 12 13 11 47 19 28 19 8 20 29 32 48 46 13 22 39 50 49
15 5 9 13 25 7 25 42 24 29 11 3 22 34 5 18 44 7 25 8 38 38 14 2 44 8 16 10 40 3 15 38 38 40 28 20 4 42 7 44 42 23 24 48 22 6 28 11 7 49 20 26 38 13 24 42 49 48 32 44 8 32 35 17 12 44 13 30 50 12 48 5 15 23 46 27 6 48 37 26 43 17 46 5 8 4 14 34 4 34 38 29 4 30 7 19 38 49 49 32
96
85
95
12
15
75
33
7
72
84
54
20
99
4
55
38
2
70
86
9
78
34
35
10
45
52
19
82
25
58
89
68
41
8
40
63
47
1
49
88
16
83
94
50
31
3
48
65
67
39
64
11
71
77
6
79
5
26
46
92
56
100
27
62
13
23
74
17
53
14
32
66
37
69
30
93
91
29
61
22
81
24
