1000 913
36 2 46 3 31 9 14 60 6 24 34 19 59 59 36 78 36 15 21 54 27 39 56 38 61 10 20 80 44 2 5 72 61 46 75 23 75 33 25 41 34 33 55 15 20 40 17 78 8 7 39 79 6 30 75 29 44 37 37 26 28 39 34 26 12 33 65 5 52 23 37 57 51 64 6 7 75 53 31 2 33 54 1 19 14 53 79 23 64 24 49 15 9 11 33 46 47 60 80 63 59 62 18 29 74 38 78 73 79 33 47 40 15 28 5 66 19 74 5 52 10 50 69 15 52 15 33 23 24 78 73 20 63 35 64 68 54 52 30 23 64 76 79 34 66 10 67 61 54 16 60 53 8 4 34 74 60 34 34 34 70 55 59 69 16 56 32 30 23 25 41 32 15 39 33 79 59 47 57 67 21 4 52 9 12 29 41 65 49 20 69 49 9 56 6 32 14 12 17 76 46 38 28 21 74 1 20 47 56 43 57 52 18 23 13 48 21 45 9 51 51 37 72 67 65 16 58 55 42 15 35 45 26 57 9 4 3 42 9 51 44 30 66 33 28 74 40 42 36 20 67 1 35 70 29 56 15 47 56 41 51 1 54 1 59 36 63 79 57 50 14 26 68 25 52 24 36 60 68 40 55 50 21 73 47 6 20 80 18 37 15 6 9 3 42 8 49 38 46 38 77 41 21 52 17 75 16 43 57 30 33 41 16 8 49 13 41 37 59 44 10 66 79 15 12 20 64 50 13 64 7 23 29 64 45 65 36 52 69 42 75 30 64 77 46 69 54 44 1 19 4 27 40 71 8 3 61 52 71 48 29 64 40 4 11 6 55 66 44 68 19 3 10 30 63 36 2 25 69 70 5 49 46 45 42 19 59 50 10 35 16 33 67 40 67 12 70 75 1 5 26 76 10 56 22 29 32 79 58 5 60 28 23 46 41 67 34 23 23 60 54 34 9 53 63 71 55 47 47 80 13 13 28 43 26 72 16 11 2 45 56 7 77 12 6 58 6 27 15 17 28 66 78 64 4 29 31 61 69 45 21 51 10 39 36 1 68 19 7 73 22 62 11 49 39 25 2 69 3 39 66 3 75 3 68 77 80 24 21 11 60 71 55 22 73 36 17 14 55 73 11 6 59 2 20 66 42 16 60 64 50 70 58 28 18 31 22 58 29 6 32 16 60 12 8 41 56 37 67 35 36 27 61 50 33 74 33 59 39 18 19 26 67 41 71 44 19 70 22 69 76 23 80 76 5 12 53 26 25 57 27 47 25 24 76 61 56 5 68 75 29 48 23 3 20 79 41 52 77 9 20 80 76 12 22 15 23 23 16 75 75 49 56 34 40 48 23 55 32 51 60 18 60 73 40 11 23 72 48 2 49 7 30 10 13 19 16 74 19 78 24 43 63 75 42 61 16 52 1 1 74 36 26 64 52 77 7 51 43 68 45 8 61 32 70 4 79 62 64 28 24 16 61 10 67 73 65 62 49 51 71 58 53 9 76 5 38 77 18 25 16 3 15 54 35 20 75 61 35 77 70 53 70 45 47 57 41 58 30 23 28 61 75 67 17 33 4 18 1 72 59 16 55 22 6 58 50 68 62 37 24 14 32 21 46 21 47 6 16 14 16 55 63 66 76 42 62 60 17 6 21 46 50 69 30 44 67 54 43 63 61 28 78 19 16 45 62 73 12 67 73 54 71 63 28 34 42 65 77 26 52 49 18 79 21 74 55 53 36 57 76 5 10 34 53 59 21 43 24 72 54 32 18 65 51 45 35 30 6 7 61 44 11 20 25 60 22 77 18 65 75 67 7 70 52 8 45 6 47 50 12 34 13 11 61 31 69 51 34 21 78 44 62 49 24 77 25 19 20 33 77 1 71 37 76 19 76 13 7 21 15 31 40 40 18 70 25 16 27 16 75 23 4 65 49 73 74 62 50 22 63 51 26 4 9 30 57 74 48 65 18 54 19 19 78 72 36 32 71 5 56 69 77 53 40 53 4 52 66 38 68 53 56 21 72 42 80 14 64 78 34 36 47 11 62 47 77 36 67 73 53 61 41 80 40 29 56 72 41 19 78 70 80 30 78 53 55 68 75 69 47 44 49 55 76 68 45 18 5 75 16 2 53 56 79 35 61 17 70 42 31 53 64 61 20 35 33 38 24 16 29 51 9 6 62 73 75 15 33 13 22 46 41 25 22 22 43 61 43 33 33 44 39 74 8 11 51 35 1 21 73 64 51 73 43 26 39 42 43 78
43 62 65 75 48 64 73 40 76 79 66 11 41 76 48 66 68 48 42 14 47 3 76 52 15 6 7 26 46 43 12 32 74 71 53 68 68 71 28 60 19 39 2 33 30 60 9 78 38 12 58 21 9 49 65 74 64 58 76 22 34 58 63 21 14 55 34 72 70 44 17 52 46 71 28 18 1 60 5 29 44 48 68 7 17 14 54 52 54 38 74 60 20 9 67 14 40 31 57 40 36 65 55 64 63 78 62 62 17 10 17 31 9 11 23 68 71 27 29 17 49 25 33 62 66 71 40 73 7 61 40 66 80 37 79 46 5 29 26 21 46 24 79 36 10 77 68 76 25 54 21 65 34 3 50 59 30 69 30 24 11 19 1 56 10 8 39 32 64 51 64 24 9 21 62 13 65 71 25 64 41 1 30 68 72 20 60 4 71 49 38 59 4 48 4 58 80 58 49 37 33 31 14 6 49 17 78 73 44 39 24 46 22 75 73 59 19 45 15 23 77 77 30 48 50 20 63 70 52 76 12 13 55 4 6 47 6 45 63 8 46 63 16 40 32 5 36 5 52 60 75 22 17 57 41 57 54 80 20 46 5 77 9 41 2 47 23 20 24 56 34 26 52 30 2 78 40 77 65 34 25 67 49 32 2 3 68 69 47 35 18 49 35 45 54 24 66 2 49 36 23 2 38 80 80 37 76 46 29 21 64 67 36 18 64 38 32 77 80 36 61 61 9 79 46 13 21 58 56 43 21 30 4 75 27 41 49 3 80 74 47 60 47 70 5 39 40 6 11 22 46 71 49 78 25 72 71 44 69 63 67 29 18 69 46 52 34 5 23 56 29 65 30 51 48 45 58 68 41 2 52 46 61 12 58 7 51 77 29 74 71 8 35 5 40 6 5 60 73 20 50 36 51 51 27 72 18 7 37 40 52 25 42 21 14 21 40 23 70 13 32 55 41 20 40 53 39 3 74 35 50 71 19 39 35 1 68 13 21 5 69 67 40 27 45 12 15 34 27 46 2 8 64 19 29 51 51 60 47 27 59 57 28 13 73 50 28 74 11 65 10 69 58 70 37 73 45 66 34 17 67 60 56 30 30 15 2 53 34 42 49 14 26 30 24 70 20 68 14 78 80 37 79 57 68 48 59 18 59 71 22 52 65 2 7 32 57 58 73 43 56 79 60 29 39 67 36 19 4 61 41 29 1 7 22 17 68 17 75 70 54 59 43 42 20 14 14 77 33 52 48 19 66 12 32 54 80 71 34 66 42 62 46 24 80 9 79 27 73 73 4 53 46 79 2 3 13 2 16 37 22 14 57 31 17 32 14 43 39 59 18 53 53 5 60 45 60 58 8 41 67 56 38 64 51 50 42 80 58 46 26 72 73 71 51 31 6 59 69 28 27 77 66 27 69 20 19 62 21 59 3 42 3 15 34 54 38 52 51 79 29 80 78 71 41 79 15 33 48 29 37 39 76 63 4 21 58 26 3 11 76 42 63 78 71 77 38 23 54 38 45 2 5 26 59 17 54 38 43 55 64 39 46 46 11 48 55 65 69 24 77 2 32 25 76 53 49 50 20 3 35 38 9 57 50 43 33 22 49 12 9 48 52 56 65 64 38 80 59 17 5 61 48 69 65 71 59 64 64 79 11 11 77 54 69 2 5 52 65 71 56 34 40 77 78 32 44 29 15 48 48 52 26 25 44 67 79 37 26 62 69 3 76 46 37 37 51 15 28 3 57 18 29 23 25 76 29 79 49 21 70 47 23 75 4 12 33 12 27 33 11 47 63 78 37 12 42 52 3 63 9 74 75 25 15 75 74 63 1 70 80 41 57 77 63 4 52 6 32 1 3 61 46 20 30 48 56 69 60 33 35 66 60 24 6 43 31 63 45 69 75 68 55 24 10 74 40 65 73 56 72 17 26 8 1 11 66 73 36 10 27 78 5 41 67 29 75 57 60 65 49 62 42 41 8 18 8 7 51 17 35 49 57 12 13 3 6 6 11 58 74 74 24 11 8 2 32 42 9 1 21 51 7 11 14 21 50 8 67 18 78 53 66 49 19 18 77 44 60 52 26 18 24 37 34 22 13 47 18 78 32 21 29 21 61 11 71 57 5 72 11 61 27 11 55 57 55 67 59 37 67 38 78 50 32 59 41 1 18 48 25 25 32 36 17 21 21 46 70 36 66 68 49 24 25 21 1 7 3 32 38 13 28 59 55 24 34 29 77 27 25 51 22 27 41 15 67 37 14 52
253
107
24
615
353
194
684
309
282
777
738
270
816
996
49
384
297
121
552
465
823
858
833
165
585
79
824
404
104
41
262
26
304
828
443
944
975
577
170
29
583
934
369
144
900
892
278
603
307
478
225
114
597
409
150
64
381
249
521
646
533
209
97
837
52
275
614
340
604
142
380
316
807
371
607
591
869
408
679
691
620
569
96
140
625
742
728
988
541
952
276
748
891
981
798
110
910
511
229
317
979
817
387
175
936
313
664
361
909
557
529
28
890
689
71
820
545
901
861
674
768
506
651
1000
968
116
436
879
713
92
984
484
32
37
592
493
171
556
351
626
904
53
856
497
563
435
935
931
268
67
553
883
542
441
873
462
402
218
23
36
172
990
760
755
852
486
631
239
108
56
430
624
714
949
299
842
498
129
495
383
811
348
522
950
425
794
805
312
310
573
260
250
187
507
937
821
428
919
753
376
446
355
468
265
461
330
485
832
844
326
223
802
939
6
244
215
659
943
467
851
458
193
859
475
580
162
359
302
812
280
54
730
406
19
576
596
203
400
916
922
829
176
516
439
388
214
893
295
502
568
711
286
137
867
219
135
35
424
476
709
515
191
765
69
778
18
808
889
350
598
543
896
141
180
84
245
17
719
508
155
966
1
756
658
356
560
291
228
138
451
354
881
149
296
415
907
469
271
697
884
642
652
196
921
453
989
382
987
971
938
654
908
643
649
132
965
835
99
561
113
421
641
769
202
606
230
152
655
706
825
588
33
105
528
63
448
123
492
303
318
46
126
255
454
199
945
251
707
924
480
146
40
701
13
732
98
154
635
130
912
100
31
5
272
333
914
60
524
514
344
455
300
761
418
523
723
148
933
782
752
750
393
695
156
780
536
745
600
530
610
420
513
501
929
947
735
339
954
192
880
337
532
466
226
678
785
813
584
846
173
862
554
771
164
207
792
267
457
790
74
7
951
379
437
174
90
815
70
241
279
616
158
758
169
473
447
991
342
182
217
220
489
364
724
287
967
809
66
902
73
88
749
80
499
578
256
78
917
518
284
178
205
311
426
496
656
183
974
548
206
322
666
547
662
633
982
605
224
911
442
471
184
762
57
538
627
537
190
715
550
210
346
868
644
710
285
512
289
112
836
301
118
601
283
423
582
957
995
39
445
117
27
133
401
151
870
433
392
877
320
234
647
843
770
370
747
412
343
962
197
898
236
618
964
328
595
783
460
43
204
661
948
993
623
734
59
565
725
134
827
386
888
222
16
581
665
611
11
233
519
45
93
699
186
431
648
83
61
930
240
367
826
810
822
773
374
449
562
841
677
482
672
403
803
94
417
470
688
213
254
488
941
739
540
232
481
853
639
106
419
438
920
358
534
546
602
969
932
298
693
8
759
629
429
763
622
848
992
85
586
463
567
281
198
686
82
613
227
830
972
799
897
147
269
855
636
161
720
490
238
325
509
101
905
574
875
700
637
800
86
75
539
977
653
336
483
266
942
390
789
787
314
95
960
925
391
334
551
804
416
722
621
163
47
22
906
702
413
744
290
703
784
704
640
450
839
181
102
456
474
682
168
520
733
663
559
208
849
212
10
726
819
940
923
718
566
612
953
882
153
341
124
242
491
847
263
743
527
477
864
51
871
526
958
999
727
128
866
65
775
850
632
246
757
259
876
766
347
788
115
737
946
863
120
308
231
575
731
109
619
479
273
189
405
377
398
12
440
564
264
464
503
671
670
201
865
394
44
365
294
472
599
579
986
76
494
362
767
306
58
717
736
159
779
323
716
397
372
668
854
895
487
673
38
375
111
786
62
587
127
650
25
926
89
77
998
795
21
14
774
669
200
676
166
288
216
692
399
131
698
500
885
838
525
874
985
510
72
87
292
389
657
918
983
667
857
335
772
963
177
903
235
793
681
422
352
119
840
712
558
139
590
845
721
157
913
91
188
915
373
68
818
961
4
321
331
2
814
764
15
9
248
368
345
708
555
357
459
831
609
143
332
81
899
741
50
531
740
887
338
886
834
20
211
645
660
978
872
407
122
432
378
980
705
955
257
324
237
444
349
258
696
274
