1000 260
52 56 72 67 20 19 69 10 85 25 27 24 48 73 45 25 98 72 51 40 93 74 79 20 74 25 43 77 44 64 69 74 24 81 85 41 3 3 64 52 43 44 51 36 41 4 32 73 85 89 29 91 38 73 94 100 90 28 11 76 64 95 100 31 5 93 24 50 62 81 83 26 33 27 44 60 20 79 11 91 4 69 92 18 44 96 22 47 44 41 13 61 62 89 97 43 71 13 84 78 75 3 8 83 21 8 18 15 84 61 20 65 58 96 45 36 31 5 91 86 82 10 28 74 16 90 94 43 43 64 57 10 45 49 22 56 38 17 82 61 57 74 14 67 100 67 83 73 28 74 18 100 78 35 88 49 84 23 89 81 28 66 68 48 72 77 81 63 65 37 59 11 72 14 74 87 16 80 22 93 69 14 42 53 87 26 14 57 89 31 57 7 71 27 48 42 40 85 89 38 60 52 57 75 96 82 51 63 9 13 14 65 24 62 19 22 1 57 52 23 56 14 86 33 90 4 29 92 18 44 3 68 85 66 92 11 65 12 61 77 23 62 32 71 89 56 97 73 4 59 96 65 19 57 81 73 43 71 59 44 17 74 66 94 87 12 53 3 83 75 72 20 66 25 27 53 66 30 45 96 13 84 49 77 76 2 85 21 13 7 10 88 37 20 58 62 18 61 7 85 75 76 44 49 99 32 75 79 89 87 5 43 19 89 72 98 98 39 58 72 64 89 19 35 39 81 11 26 7 53 6 3 63 48 66 82 21 62 60 87 29 52 43 60 90 69 52 93 38 19 64 30 33 95 1 17 93 1 86 5 53 44 18 96 81 80 49 22 44 27 7 79 99 15 75 25 15 12 45 28 50 87 88 36 47 79 80 94 17 56 98 55 84 35 27 60 41 95 25 1 76 44 95 74 41 30 51 29 5 46 27 9 48 70 77 17 62 32 93 91 46 54 11 89 100 25 6 28 53 42 47 35 22 35 36 32 21 72 37 12 48 48 82 43 91 20 75 57 54 7 39 83 81 8 93 82 98 70 18 6 27 75 81 69 29 98 42 90 66 38 56 39 8 12 87 51 24 9 62 68 99 78 6 70 41 5 45 22 33 75 92 32 30 28 61 30 1 49 50 59 92 38 96 92 97 16 73 59 57 65 35 90 74 95 70 8 90 14 86 93 93 22 66 58 70 48 83 6 71 94 71 27 84 10 38 81 100 16 40 45 76 49 61 68 30 44 99 26 96 37 92 92 74 1 86 74 72 88 65 13 57 59 9 50 41 2 93 69 48 30 88 24 4 28 36 17 72 29 2 27 95 48 99 98 9 83 47 34 94 14 53 100 1 39 96 9 3 48 69 45 69 20 74 93 94 6 56 34 86 64 10 43 64 6 64 31 45 29 73 29 22 84 38 54 66 50 69 39 86 30 50 12 20 49 69 62 20 76 74 69 38 31 23 3 54 27 66 95 38 77 77 27 80 13 32 43 29 88 19 56 51 70 100 26 51 21 5 57 60 24 96 68 71 33 90 93 97 40 93 91 28 13 46 73 66 57 11 99 24 78 58 44 29 67 80 71 48 57 43 65 45 32 89 38 93 39 54 15 45 47 94 58 44 17 64 5 66 5 56 99 93 95 98 12 32 34 17 87 11 4 13 15 36 43 6 47 53 27 87 13 79 98 19 4 97 75 67 41 83 24 42 94 72 39 60 30 64 61 59 31 26 78 1 97 59 58 93 64 74 59 89 17 2 13 18 1 19 9 68 45 61 62 9 44 67 99 11 32 82 7 15 82 59 23 34 26 100 56 28 80 12 18 100 97 34 78 34 66 26 50 21 51 17 31 50 18 60 94 19 42 20 48 76 100 1 52 61 66 30 25 57 3 63 25 5 88 24 67 56 6 39 18 61 97 9 40 3 38 78 72 68 2 16 12 14 94 64 20 21 25 62 57 48 65 71 66 51 98 94 79 50 57 17 9 13 50 43 68 34 42 17 13 55 82 14 48 33 58 73 75 25 20 70 48 31 22 13 27 50 79 58 42 78 55 92 84 94 78 7 87 75 9 65 77 74 85 24 99 70 62 74 77 76 50 44 43 8 91 44 83 23 84 4 93 63 69 68 82 89 38 87 45 28 48 11 65 76 52 40 69 39 18 17 62 39 95 87 77 54 99 97 91 45 80 18 87 66 77 14 83 53 44 73 7 19 49 86 100 70 29 77 34 90 8 1 23 12 23 8 86 46 82 58 29 12 27 10 96 97 62
5 23 91 2 36 71 79 50 86 26 78 46 76 27 43 34 87 79 54 59 66 75 54 69 93 15 60 30 47 64 50 57 45 99 89 8 56 28 20 75 35 92 66 34 39 35 44 23 34 95 45 42 44 50 28 39 69 4 49 7 61 39 76 64 10 10 45 60 74 51 22 58 54 53 89 41 96 26 7 95 34 97 77 28 17 53 83 52 46 89 32 28 28 54 12 93 81 44 50 68 25 41 90 17 94 5 80 60 86 60 51 23 79 47 15 29 38 15 59 56 65 24 52 84 97 8 73 58 100 26 28 75 25 59 55 87 15 48 93 82 97 30 56 77 93 84 26 22 25 49 89 84 81 35 17 64 59 37 2 23 70 6 48 57 82 20 53 32 29 2 2 3 94 75 27 23 33 4 86 70 96 10 84 90 58 73 4 59 10 30 86 50 56 30 77 15 40 9 45 96 77 72 58 39 64 79 59 68 26 92 16 81 30 62 44 84 20 43 56 92 83 66 10 61 12 65 3 55 76 68 94 64 26 25 34 35 63 38 32 1 96 83 58 51 20 85 1 42 55 67 29 22 40 37 88 55 4 48 94 83 61 87 20 35 28 9 48 57 63 29 70 17 4 41 94 97 80 67 76 22 8 3 63 46 23 31 47 13 3 53 47 51 19 45 19 25 56 97 78 76 37 91 73 72 9 50 51 70 93 9 84 54 70 62 58 46 84 69 63 5 70 78 80 21 27 59 87 70 88 60 83 37 28 60 74 18 15 87 18 94 51 54 29 33 94 53 11 1 33 89 68 53 82 55 83 51 76 79 45 79 26 90 84 85 96 32 12 71 34 18 81 13 82 90 67 91 42 62 49 79 4 65 15 88 60 30 12 88 18 55 48 15 1 23 19 49 89 80 96 40 2 29 74 72 79 94 27 89 52 67 80 64 60 13 59 27 99 81 97 28 81 78 88 62 62 43 6 32 60 23 64 48 88 12 89 38 73 88 60 90 35 27 85 9 57 15 80 16 52 63 100 64 29 48 86 68 35 75 84 91 99 65 94 75 55 97 88 39 64 22 10 70 99 71 63 73 35 97 98 61 93 68 64 67 83 42 92 6 30 74 50 12 100 38 17 54 27 86 9 47 24 23 81 17 69 33 38 64 51 90 30 89 60 24 26 1 94 15 20 71 95 80 70 61 15 91 73 91 93 98 75 71 58 4 50 64 84 87 30 71 60 34 91 73 32 24 20 66 87 35 65 75 44 54 54 61 10 7 47 24 59 93 54 2 77 48 40 85 88 48 75 96 46 66 81 91 86 51 32 38 88 6 36 87 51 34 65 4 23 54 21 93 31 56 58 16 81 71 59 54 25 41 90 69 70 88 36 29 72 69 49 94 15 93 24 17 67 14 52 27 85 29 38 16 77 38 28 81 30 65 67 59 3 40 58 57 46 54 81 10 60 78 55 61 59 91 5 83 36 78 25 97 29 50 71 39 47 43 67 46 69 38 49 86 87 35 87 61 76 92 19 22 17 87 83 23 16 60 63 88 34 100 2 90 77 91 13 97 55 15 15 78 89 59 95 65 12 61 58 96 19 100 98 54 48 83 12 17 23 80 74 53 18 58 2 50 87 55 57 90 92 95 93 61 18 55 19 79 11 46 86 2 24 36 18 81 99 98 42 74 30 40 23 72 51 71 82 2 82 67 78 18 38 58 43 59 40 42 5 20 66 11 71 15 26 3 20 87 48 89 25 66 35 2 93 47 97 59 64 77 6 1 60 10 26 96 31 97 44 37 19 65 35 11 1 87 97 45 11 48 90 70 26 17 58 1 44 33 12 3 6 83 48 83 4 81 86 33 36 94 1 54 91 89 5 30 92 7 73 75 55 9 26 55 11 91 93 2 5 7 25 13 11 72 67 60 33 43 96 45 71 38 59 63 56 32 64 72 17 18 10 44 97 49 34 87 94 33 10 50 22 51 15 27 36 29 91 1 27 65 51 29 54 9 90 59 23 10 85 98 83 68 17 52 55 16 84 39 35 42 36 70 61 95 58 69 31 20 8 56 54 98 80 60 3 16 23 99 14 68 27 35 66 25 17 87 83 86 15 58 44 42 63 41 78 39 27 53 6 67 95 3 75 46 30 31 90 82 37 10 7 84 30 95 51 50 62 41 48 88 16 11 59 6 32 96 63 41 72 5 76 62 39 33 88 33 61 48 29 51 8 28 89 48 38 58 69 42 53 7 23 33 9 65 51 57 65 93 94 91
70
244
910
106
385
704
296
336
534
637
266
185
425
55
856
536
587
581
39
711
502
288
311
789
57
617
677
745
397
586
573
781
354
122
98
255
874
183
785
651
574
635
887
604
202
297
796
380
500
780
763
445
981
568
994
884
59
355
209
681
387
684
802
624
160
42
514
764
655
950
824
474
707
108
507
607
546
295
800
504
926
477
90
877
369
217
12
321
969
485
870
664
187
110
766
394
435
963
570
702
626
7
442
503
480
594
210
862
679
146
596
220
259
765
426
444
770
652
436
730
603
263
735
806
556
600
353
515
251
248
181
830
204
46
493
96
649
640
219
389
499
880
76
469
965
280
132
722
420
483
45
749
538
810
50
812
744
943
207
625
836
941
959
72
867
302
193
455
412
1
612
821
65
47
814
152
40
351
254
101
911
377
391
211
782
580
871
532
54
224
857
284
283
94
134
206
864
533
978
521
787
375
11
366
505
19
517
137
367
347
172
610
9
916
547
869
958
14
249
461
697
431
942
337
359
758
553
813
481
970
291
478
149
980
372
357
358
560
935
119
43
486
262
667
961
306
525
114
130
308
576
558
905
885
653
777
639
232
583
186
