825 82
69 96 79 50 14 86 50 27 59 17 37 7 83 18 76 21 71 46 39 69 76 67 16 57 72 10 63 90 72 7 97 1 41 77 31 38 98 31 62 100 79 56 22 47 53 100 84 37 12 89 46 57 68 83 10 35 41 47 24 30 55 20 8 96 91 77 52 94 95 81 4 46 46 76 53 35 6 19 1 8 27 83 55 85 15 70 8 61 41 81 22 78 85 37 84 84 11 94 100 38 39 23 61 47 47 60 7 11 64 18 33 96 9 90 90 53 92 30 19 86 79 47 95 18 100 82 3 8 45 63 11 67 30 37 19 5 74 80 23 32 41 61 51 52 20 33 39 22 92 55 69 69 47 77 46 39 22 43 77 100 38 25 47 83 94 39 32 92 99 20 73 88 4 16 8 40 98 69 31 95 49 55 73 35 69 56 35 88 19 85 8 97 37 94 46 32 29 34 83 62 47 33 1 69 26 80 22 1 46 21 1 76 97 44 15 66 82 31 62 49 69 10 70 45 94 44 63 34 30 29 72 81 4 50 4 43 89 76 31 70 45 13 1 9 31 89 23 17 69 38 12 46 98 85 50 22 30 38 50 27 41 24 24 52 64 91 92 100 31 72 26 19 17 81 11 3 12 38 42 56 14 65 76 40 65 99 64 36 92 49 12 45 51 91 26 31 91 52 99 74 59 17 55 64 92 41 12 41 3 16 87 27 6 81 6 82 30 57 61 33 44 79 24 35 23 83 82 27 59 46 53 76 53 73 7 42 86 98 39 15 23 97 94 43 39 8 23 24 78 36 83 3 66 2 74 97 25 79 40 79 70 44 48 86 50 30 49 96 33 55 20 97 99 11 83 7 71 76 33 15 47 39 92 85 46 5 14 100 81 91 36 71 51 90 70 53 81 11 5 82 63 12 83 40 100 2 35 39 22 37 38 37 95 7 35 31 81 24 20 98 68 47 3 83 30 52 38 76 82 97 87 96 10 18 97 95 24 68 73 31 38 65 18 92 61 42 97 93 22 40 37 33 44 64 64 75 64 99 81 31 61 83 60 87 49 75 65 26 98 35 65 84 21 54 27 31 50 50 77 88 77 36 92 49 55 41 4 36 48 26 29 58 79 89 43 69 41 89 19 13 10 30 8 53 2 59 95 43 89 14 35 31 55 44 29 48 45 22 77 37 94 65 76 50 39 51 32 81 12 28 91 61 56 61 40 50 81 84 41 27 6 10 23 38 83 84 53 88 96 35 61 11 50 29 73 86 53 33 83 56 64 70 82 21 1 73 79 83 58 38 17 79 73 91 65 22 1 97 51 92 78 41 3 28 81 44 64 58 69 52 85 91 16 61 19 77 8 80 8 25 14 88 99 87 46 84 14 49 69 22 11 32 58 39 3 58 46 76 14 2 84 95 5 19 9 96 2 81 45 76 48 67 16 14 44 31 26 85 45 45 99 31 29 25 96 13 66 96 25 36 82 90 21 62 63 91 65 7 75 30 40 1 65 37 36 12 75 8 60 66 98 42 52 12 98 37 21 71 63 54 78 89 88 3 80 97 75 88 14 51 55 55 70 93 53 63 78 23 36 29 72 88 30 54 87 38 84 22 20 58 94 61 6 45 4 12 77 65 14 36 67 86 17 56 38 42 56 74 91 93 88 62 87 42 76 7 36 56 85 100 25 9 75 95 11 42 75 14 65 97 59 73 65 26 81 85 32 43 76 1 50 48 65 91 11 40 68 100 76 10 93 93 36 68 43 6 91 68 36 19 99 29 58 26 58 11 80 35 40 44 99 24 59 68 25 5 38 82 74 5 50 80 34 19 29 60 88 42 98 65 67 9 91 34 11 88 4 31 60 57 55 30 28 51 31
87 99 81 86 62 91 87 42 79 82 81 73 87 39 88 86 71 47 77 93 82 87 53 98 80 72 83 99 99 17 99 28 91 84 59 49 100 97 72 100 94 77 56 61 63 100 100 93 77 100 86 74 91 87 11 77 57 92 31 37 98 44 11 96 97 87 53 99 98 98 81 48 100 92 53 62 55 43 69 37 77 87 96 96 51 82 30 71 62 100 61 81 100 96 100 99 13 94 100 45 60 93 88 69 98 96 76 88 99 85 33 96 65 91 93 62 99 79 47 96 93 77 99 76 100 97 10 42 80 63 53 77 45 51 93 32 89 92 53 88 88 63 90 63 88 52 58 40 92 100 94 73 75 89 79 96 87 100 92 100 61 68 50 93 94 100 41 100 100 73 94 98 59 76 28 58 99 84 97 96 78 77 97 55 91 78 45 92 34 92 57 99 46 96 54 62 73 80 98 78 74 92 86 99 58 97 43 53 69 23 9 86 100 96 48 70 93 90 78 61 87 47 84 66 97 62 97 46 86 53 81 89 73 64 95 53 100 100 73 96 53 56 80 80 78 99 41 72 100 90 40 91 98 100 71 75 48 82 69 92 58 64 38 66 83 99 92 100 43 78 75 58 29 84 24 17 24 54 65 57 58 71 87 73 71 99 89 56 97 93 32 92 59 92 44 39 100 79 100 95 87 94 74 90 93 53 14 43 36 33 97 81 14 82 83 86 64 57 91 37 64 81 39 49 32 83 84 69 99 92 98 87 97 97 94 81 100 99 93 74 47 99 100 65 49 89 26 62 98 79 93 59 79 58 81 97 29 94 58 82 85 93 87 87 76 75 97 97 89 85 54 99 99 75 91 96 76 93 39 16 77 50 95 95 58 58 14 100 95 94 49 93 92 90 93 74 98 64 23 98 100 63 91 44 100 39 50 87 52 89 65 82 98 52 96 48 84 93 22 98 90 65 20 100 97 84 69 97 98 98 92 96 34 95 97 100 58 97 73 41 83 93 50 99 89 74 97 99 78 92 80 61 93 99 98 100 67 99 83 40 84 99 77 88 80 99 66 86 99 48 82 100 56 62 35 91 59 86 88 97 86 98 93 84 83 52 18 86 61 45 33 85 88 99 84 81 74 90 74 50 94 49 80 60 61 60 95 64 100 49 98 46 82 84 60 60 52 24 88 92 96 88 85 76 55 73 83 81 64 79 92 69 68 67 46 87 97 88 67 86 71 13 58 71 94 99 86 100 97 69 73 14 63 30 73 99 79 81 89 95 75 97 99 81 13 96 94 83 88 80 21 100 84 97 67 88 70 100 80 100 89 56 43 65 92 96 73 90 75 66 91 99 16 97 41 80 33 91 75 67 40 97 100 91 52 91 21 72 78 23 23 47 59 43 78 96 97 96 93 7 85 99 32 96 22 100 43 97 87 95 52 94 76 43 98 55 79 95 92 52 99 64 62 28 98 68 82 99 67 37 89 100 56 69 68 92 100 49 87 44 53 56 97 61 44 92 98 94 78 99 100 59 75 62 100 93 56 80 87 83 80 93 100 6 82 97 93 89 65 80 80 78 91 94 60 95 95 98 37 31 74 91 37 56 88 53 97 40 21 93 97 91 13 98 63 72 94 79 36 89 67 96 88 64 49 48 67 88 95 100 99 92 91 69 77 15 37 60 96 100 61 62 97 97 64 88 88 77 88 98 77 84 82 34 99 92 40 87 97 64 52 67 85 92 91 45 75 100 95 46 100 96 95 92 98 38 100 98 63 93 99 53 74 84 67 91 98 66 91 58 100 51 86 70 89 97 75 98 80 60 51 88 41 89 90 83 94 96 99 87 94 83 93 70 49 98 70 54 85 95 85 59 73 59 45
198
769
477
579
204
466
555
599
819
282
804
378
261
587
420
594
243
247
650
586
502
82
407
206
75
232
345
619
116
359
343
111
553
630
501
5
218
209
615
320
195
452
130
177
11
390
515
96
355
57
569
350
494
317
314
123
122
823
796
374
383
403
803
36
399
223
531
180
105
797
475
108
136
592
68
528
799
535
617
249
24
822
