1000 707
5 16 26 22 26 27 29 3 13 22 20 14 11 10 11 9 20 23 25 24 26 23 14 24 5 24 4 19 12 4 16 23 5 20 7 4 26 16 30 4 1 25 24 27 22 11 14 17 23 29 2 14 20 15 25 29 4 3 1 28 25 22 10 4 25 10 13 7 6 13 9 18 25 27 14 30 9 21 13 4 16 17 22 6 19 24 21 17 1 29 16 4 13 28 30 1 26 8 26 29 5 23 25 19 11 6 2 9 1 13 24 19 27 5 17 29 10 27 18 13 28 1 27 19 17 8 16 3 28 9 17 13 9 18 2 29 18 6 4 22 16 15 19 9 29 25 5 7 22 3 17 5 23 6 21 22 16 9 4 20 24 4 11 28 3 23 4 20 15 12 4 14 24 25 11 1 26 2 3 15 7 28 9 11 21 23 16 2 6 16 26 30 23 1 6 14 26 10 2 19 28 19 27 14 20 24 5 28 20 12 4 29 15 24 18 27 16 12 25 17 25 24 1 22 5 26 11 9 26 23 4 15 27 15 21 6 1 16 21 28 18 8 4 29 17 22 27 9 23 1 19 15 9 3 29 3 22 30 8 30 27 28 3 12 21 8 1 6 19 20 5 4 29 2 1 4 24 19 14 3 9 19 28 24 21 15 23 19 29 20 3 19 11 9 6 11 9 9 15 19 28 21 18 17 25 30 1 15 10 5 27 4 6 8 4 15 6 18 22 9 11 18 25 14 7 6 24 14 9 3 17 8 21 21 1 9 27 1 7 10 27 6 29 17 10 21 8 17 24 1 18 5 30 16 1 21 14 8 2 1 27 16 11 27 22 12 10 6 26 28 6 5 2 19 13 6 12 29 21 22 23 11 21 1 24 25 30 2 18 19 3 16 5 21 21 4 9 21 11 3 14 24 23 26 12 13 24 9 12 18 15 9 14 6 15 28 30 4 17 7 6 18 30 15 5 26 29 10 8 5 21 22 5 19 26 17 15 22 18 5 22 26 26 17 12 11 25 23 19 7 7 11 27 3 17 8 7 15 12 30 17 26 27 21 13 5 29 6 19 8 29 21 20 12 15 4 17 4 14 26 25 2 25 24 17 28 26 10 26 27 30 12 16 22 17 6 5 16 21 8 9 12 19 15 4 24 13 20 16 25 2 23 22 20 7 3 22 25 20 17 24 23 10 20 10 4 9 7 18 3 26 5 10 3 15 5 16 22 12 27 11 29 6 27 23 13 4 23 26 4 18 15 21 19 14 5 21 30 14 6 4 17 21 27 18 23 6 30 21 14 16 12 10 3 19 1 29 4 10 4 28 1 28 27 8 25 12 12 14 25 11 10 26 16 1 1 13 10 30 22 9 14 28 26 3 18 7 19 24 26 17 12 7 13 16 20 26 4 21 11 18 26 25 19 20 29 16 22 24 7 16 2 1 26 15 3 12 29 26 27 12 1 10 26 17 30 7 28 21 27 8 30 29 16 15 30 24 1 28 30 10 1 24 1 14 17 27 18 29 23 27 14 20 5 8 13 9 5 13 18 1 19 24 27 11 12 24 26 18 24 4 27 9 14 14 7 10 19 28 18 1 7 20 17 28 3 1 21 30 23 11 30 21 27 15 6 9 1 29 9 18 30 24 30 13 10 13 18 27 21 21 17 18 3 9 25 29 20 5 4 28 12 2 4 4 20 11 29 14 12 28 9 10 25 16 6 29 22 12 23 17 22 3 15 4 28 28 27 20 16 17 17 15 22 8 28 10 29 8 6 20 11 26 18 23 8 6 9 24 29 30 27 25 20 18 14 14 26 17 16 4 1 26 14 1 3 29 14 5 12 25 10 15 8 11 23 15 30 6 26 18 5 21 28 18 17 18 17 13 27 14 23 4 26 2 17 29 30 18 6 28 6 15 12 30 18 1 21 6 17 4 13 25 8 19 24 9 26 2 21 25 24 8 6 1 26 30 12 4 12 26 3 10 5 8 30 15 23 11 16 15 22 15 14 30 17 24 2 28 19 9 6 13 10 1 22 26 29 16 21 12 29 11 11 27 9 19 30 8 14 8 13 17 5 5 3 30 29 25 29 9 30 21 9 7 27 24 7 5 29 16 28 12 18 15 26 18 13 19 1 15 4 28 11 20 6 29 16 9 14 9 25 25 29 4 15 23 10 28 17 2 27 7 22 23 14 7 25 1 20 10 30 20 1 5 24 27 11 26 11 13 12 26 14 16 26 17 22 16 29 15 17 4 12 2 1 23 19 11 19
8 16 12 27 1 11 18 12 29 8 4 25 25 18 23 1 9 5 11 26 29 24 23 20 28 22 22 28 16 13 26 16 30 3 27 26 13 29 12 16 28 13 9 2 16 19 16 20 1 21 14 21 9 29 6 22 14 29 16 2 28 28 11 27 26 2 4 24 27 12 1 16 22 15 18 16 2 25 1 30 10 4 18 30 11 30 3 5 16 26 27 7 14 7 11 29 26 30 18 6 19 28 21 30 11 6 5 24 7 5 13 8 28 13 12 4 30 23 13 30 25 26 2 27 9 27 1 15 28 29 29 4 9 23 7 12 14 19 1 27 18 17 5 11 23 15 5 21 1 5 2 2 16 27 7 23 9 8 4 18 5 10 18 14 10 18 22 10 18 8 19 1 6 7 22 10 8 20 13 28 24 12 29 21 27 17 1 18 5 15 29 13 8 23 18 29 16 15 26 16 3 15 18 2 23 22 28 20 24 4 4 17 28 8 9 29 12 15 26 10 24 1 18 26 11 4 7 30 6 19 13 25 10 23 15 19 27 27 15 18 2 16 15 2 17 18 28 9 30 18 24 13 12 4 19 26 28 28 15 13 11 13 28 13 13 9 13 1 19 4 27 18 2 4 27 29 21 5 20 6 9 4 18 7 23 6 27 5 29 12 30 12 19 14 10 7 20 4 1 24 4 19 21 4 22 20 26 2 23 13 17 8 30 19 15 11 7 24 5 20 8 26 21 28 14 1 3 4 21 2 11 29 30 25 18 13 27 8 16 15 26 1 16 15 12 14 29 12 1 12 29 29 23 30 1 24 17 5 1 28 28 21 15 26 27 13 4 8 7 4 12 23 20 17 20 2 17 23 18 7 4 12 19 16 1 5 8 16 8 15 11 17 7 15 12 17 6 27 12 21 19 12 23 22 2 11 10 28 1 1 21 10 28 2 26 10 4 14 17 30 26 21 24 9 25 21 30 1 10 29 4 22 7 7 27 29 8 16 26 19 11 3 7 17 30 18 12 8 14 4 14 21 8 3 8 13 2 6 16 29 25 10 22 10 6 1 28 26 28 9 10 6 22 11 4 17 25 24 6 5 24 28 25 30 5 24 21 28 18 12 23 24 11 17 5 19 5 3 29 5 27 5 13 25 30 5 27 18 21 11 9 5 1 21 12 15 10 6 16 25 22 28 5 4 9 10 26 18 9 28 25 20 4 22 7 28 25 1 28 21 4 21 7 4 5 18 3 14 16 4 6 26 1 27 4 27 24 19 22 8 1 2 20 9 16 18 7 28 6 23 11 7 25 15 12 16 8 1 4 6 18 17 7 15 27 2 26 5 20 9 3 9 22 25 14 12 27 7 25 18 14 25 7 14 2 11 5 24 5 1 14 4 14 27 30 13 15 4 28 27 23 15 15 1 28 10 26 10 27 4 23 28 9 21 19 2 25 21 13 17 23 18 7 16 22 12 25 22 6 30 21 6 24 19 20 3 10 9 4 19 20 22 27 22 13 16 6 6 26 7 26 13 4 6 20 24 23 3 30 27 4 24 22 28 30 17 7 14 1 16 21 28 3 7 27 9 27 7 26 21 1 9 2 9 24 10 11 5 7 3 2 18 21 9 23 9 21 14 9 24 9 13 10 13 9 24 5 30 8 22 11 27 28 9 30 25 6 5 20 22 25 10 2 23 5 15 10 8 9 9 8 9 10 30 11 16 18 15 6 5 20 5 21 6 20 30 2 5 29 11 15 21 24 16 4 24 19 9 18 22 25 20 21 6 23 11 2 7 24 20 14 18 25 21 1 30 11 20 3 1 19 24 18 16 22 26 4 7 10 25 17 23 26 23 28 14 8 29 8 28 2 12 22 13 26 19 18 4 12 24 18 3 9 19 1 4 27 6 3 8 14 19 28 22 24 17 7 9 25 14 24 3 7 22 23 30 1 1 22 27 11 14 4 17 5 11 7 30 16 19 16 26 18 13 16 17 13 3 29 5 30 15 10 19 13 9 9 13 23 19 19 4 18 13 2 24 15 18 10 14 14 2 19 25 2 19 17 12 12 21 27 27 5 1 2 14 21 16 24 14 1 8 6 3 15 2 5 20 12 3 5 4 15 22 24 28 20 11 15 24 8 27 30 11 6 20 9 9 21 22 28 8 29 15 14 4 28 4 2 27 9 24 4 25 11 6 8 4 6 30 13 22 29 11 16 20 26 14 18 6 15 8 24 8 13 24 1 12 19 20 1 28 26 11 21 26 13 13 26 1
296
182
540
472
724
619
267
311
279
281
482
216
829
755
75
719
300
768
234
991
292
581
790
600
35
427
836
956
1000
769
812
994
342
155
121
670
363
922
687
702
88
447
920
222
681
40
516
227
82
48
94
106
400
44
822
387
819
815
433
571
622
828
431
911
379
777
180
554
353
470
485
390
208
846
677
711
697
674
987
429
508
417
102
479
89
334
550
738
29
14
817
918
455
391
67
664
362
907
862
241
535
580
821
367
12
900
931
940
278
341
986
63
567
603
276
574
202
225
408
522
542
816
562
359
275
39
786
198
496
310
593
723
480
396
210
58
814
758
206
879
96
618
740
544
575
464
663
406
502
299
527
959
511
577
944
893
385
186
596
350
688
551
302
46
499
358
640
864
867
857
28
781
962
971
147
344
131
424
290
251
361
887
921
650
437
960
128
377
652
703
293
657
984
356
488
747
823
389
364
548
614
528
422
404
224
448
16
452
775
926
201
90
977
98
286
764
23
503
318
604
997
945
950
450
87
212
855
428
371
145
72
271
392
372
100
538
754
866
440
475
908
874
319
323
734
933
716
243
546
453
825
151
620
885
92
51
752
969
843
374
483
523
187
749
192
741
49
590
343
628
20
827
514
441
712
297
215
8
844
413
118
927
778
946
838
568
238
150
143
517
710
762
97
339
935
583
759
473
881
185
521
445
476
937
61
331
160
154
454
901
381
725
809
10
552
789
985
975
684
565
119
798
631
421
668
57
941
261
320
412
556
932
923
451
707
953
11
560
766
258
291
602
771
462
897
287
584
952
649
229
347
504
328
676
795
77
138
917
349
375
393
853
718
678
623
209
579
177
436
800
763
204
586
183
395
474
595
746
79
690
667
316
306
930
555
95
772
60
539
3
481
641
357
936
434
32
132
153
283
787
5
262
750
444
33
47
915
691
970
842
111
860
41
240
506
9
794
996
490
214
171
137
558
312
942
607
617
220
644
720
270
127
904
486
211
625
15
898
799
848
24
466
487
559
78
965
951
837
629
869
64
873
410
148
806
184
934
354
489
891
880
370
757
878
612
572
779
563
360
257
627
895
477
266
653
660
748
958
928
591
888
197
646
645
463
122
203
656
979
805
166
803
726
230
954
336
124
871
30
478
73
174
351
713
84
863
884
947
833
736
686
859
399
218
22
557
18
469
679
190
228
636
820
669
875
322
751
492
792
742
141
839
531
327
673
601
695
125
518
340
608
737
943
929
226
961
919
425
509
324
383
545
876
989
745
576
491
525
246
626
237
868
388
139
36
851
409
435
983
457
585
126
76
159
714
26
110
373
892
309
896
169
415
639
446
93
510
366
615
253
117
62
570
317
247
903
163
332
459
272
149
609
423
972
780
99
494
442
651
632
414
114
384
394
654
598
505
66
68
957
263
793
980
785
634
313
365
840
658
248
715
730
553
732
948
968
352
13
71
594
217
465
655
776
233
882
774
260
256
329
633
624
912
172
484
458
993
709
704
398
773
743
221
142
721
249
597
767
136
235
810
307
471
533
925
195
219
369
269
178
672
520
146
854
845
7
315
50
250
638
635
824
543
191
380
519
705
992
700
852
338
847
45
850
305
832
101
