83 13
74 79 5 22 19 95 70 16 19 92 70 79 82 42 15 73 63 16 34 98 36 32 62 57 8 50 8 89 48 1 36 25 7 25 87 17 6 24 35 19 69 18 6 86 47 16 43 86 66 100 79 73 84 39 29 8 7 38 23 52 55 22 79 70 50 44 47 44 59 97 13 41 20 87 68 5 71 66 69 50 38 13 66
92 14 43 78 34 68 1 92 23 95 62 12 50 64 34 61 7 2 35 38 67 75 89 51 60 69 37 41 79 61 85 16 11 47 54 98 1 87 25 51 82 46 15 47 35 28 89 42 26 56 97 8 18 43 31 50 23 93 96 11 40 2 54 51 99 14 42 44 76 97 49 72 6 24 28 33 16 18 21 77 46 56 83
79
2
38
72
54
10
19
57
78
46
51
47
58
