87 64
249942747 835332483 403905728 483195383 452286958 757696710 863692567 978915291 985222099 811921018 347367382 431011733 469212003 149306206 432673027 422525469 711538290 744568898 331536090 834259390 160297539 813494925 697751624 718768279 549320718 901616312 857673586 3229981 381950337 139870929 647973932 958324375 90656572 722122489 210067587 419004321 15064404 334985702 997645108 104598185 920291792 295804770 149459506 35337845 695954223 979123402 23090468 414572700 686132961 208870288 71967716 219822600 394815433 433209273 128770305 291900282 332558530 713448031 595188798 799539206 279536918 169746992 699369745 926729618 425635080 825853933 996564261 756514652 123087436 337833708 408169176 237592689 413392522 847104407 141489085 300915255 823349214 420761067 524140316 334552804 280555355 382734842 357881965 910973444 121283971 586699369 115432417
509456119 672586449 703645426 954058457 211914608 487950383 358032612 327085676 685939191 828204416 498804638 529609190 448576104 197236759 138433815 525814083 101557874 939089214 480706137 257873336 610498073 61915825 413929985 350495787 309839413 660663584 74278593 171330486 28061937 355466928 820864479 857990184 158018636 266754427 94854579 729423491 889207963 176114187 474002989 716792191 120833797 224742371 118340940 454257158 933724678 270563318 634986408 43957686 837443565 300432686 642003689 860696418 99115869 751629542 202361421 695598993 269230032 692983153 455205670 276163838 189143567 321424529 751185242 943259926 368613051 179579904 843673569 32463485 157677256 699404267 629042507 747765129 189134844 947321713 571177016 115449541 728247157 692214568 956975069 839744880 541805088 935967129 156136069 1013244 392935747 4157375 607109134
76
19
7
74
11
33
80
12
31
25
15
34
45
72
82
62
27
59
52
28
37
60
53
42
84
65
41
47
2
1
51
20
29
10
73
9
87
43
85
64
8
44
71
79
3
23
70
4
18
54
40
22
24
21
68
32
50
81
55
6
83
13
75
5
