1000 510
60 52 43 19 32 75 61 51 7 22 35 53 32 66 42 44 31 78 87 14 53 52 77 49 19 10 89 37 50 39 29 62 77 82 87 40 48 66 15 88 24 26 74 77 76 90 33 60 90 68 90 83 83 76 76 89 50 84 42 17 78 25 88 1 74 73 70 84 90 87 32 21 70 15 32 19 47 73 43 30 50 82 71 2 59 72 83 32 18 66 50 73 9 55 65 67 25 89 73 5 75 37 57 24 27 71 84 45 66 45 37 15 1 62 44 56 43 26 55 8 31 27 9 49 35 67 40 54 20 76 83 86 87 2 17 55 90 23 61 15 62 50 3 83 59 40 7 79 21 32 31 37 1 21 23 61 31 35 47 49 82 77 4 4 5 26 58 15 62 2 80 7 9 15 3 78 87 18 32 55 30 41 37 70 50 13 31 57 82 65 42 57 43 21 82 65 1 66 48 90 53 20 88 79 38 13 52 29 20 30 28 65 2 23 11 74 7 42 13 84 18 15 69 86 26 76 46 67 51 82 89 35 11 78 28 55 32 34 76 77 52 70 57 48 36 40 54 11 5 18 11 66 89 47 39 22 40 78 29 7 48 66 14 52 63 16 84 30 1 86 22 28 43 55 75 48 51 49 39 87 58 53 89 38 18 66 24 38 81 64 11 77 89 60 48 67 11 60 85 62 9 60 9 66 56 35 87 32 5 11 68 11 59 40 13 21 64 60 30 59 73 49 34 52 7 36 43 76 54 12 47 75 64 27 89 44 74 3 72 49 60 32 45 68 50 66 75 53 27 6 4 33 70 51 15 63 44 20 2 63 3 58 60 32 17 9 86 22 61 56 66 85 57 46 45 36 41 25 40 50 3 90 77 25 83 79 15 50 22 89 36 28 71 76 65 42 47 52 47 46 23 64 66 2 22 6 45 37 53 63 50 33 1 42 17 1 9 25 60 45 15 89 63 74 59 47 15 47 50 19 88 22 57 85 59 24 28 37 13 8 47 47 90 34 64 6 47 67 36 31 46 44 86 57 9 55 32 81 8 1 81 61 72 80 82 25 42 16 58 83 5 16 78 52 23 62 16 34 85 39 65 16 22 3 34 66 48 66 57 70 64 61 53 4 18 68 78 45 48 7 41 49 38 21 48 70 25 18 71 90 21 25 19 73 41 38 37 30 67 82 32 85 80 54 86 82 21 21 89 2 36 51 14 29 7 83 61 15 58 39 70 33 84 59 4 80 37 5 21 13 65 69 11 67 45 62 76 18 8 66 24 5 66 9 66 73 24 5 9 36 43 84 74 55 25 28 22 11 78 25 25 24 7 67 71 88 11 74 43 89 46 71 62 36 55 87 50 33 21 88 11 31 62 18 33 77 31 12 50 33 59 45 72 10 77 74 39 79 32 40 84 45 68 8 25 81 23 37 80 11 51 62 66 35 37 43 89 17 48 53 54 79 24 83 44 25 11 55 73 29 67 72 56 22 22 60 1 47 61 43 56 21 37 11 80 89 24 30 83 57 46 48 60 71 78 59 56 31 76 9 35 32 43 67 71 51 26 41 69 64 51 19 41 44 3 46 38 88 7 36 40 74 77 72 28 25 40 56 4 51 74 82 32 82 76 56 18 9 43 52 48 9 81 39 1 12 49 64 46 43 74 59 56 75 48 35 18 8 19 89 52 85 78 43 48 3 87 85 33 46 9 82 78 88 82 22 89 33 6 59 34 63 28 23 27 59 14 68 28 39 62 26 31 29 86 53 62 74 6 28 32 42 59 35 45 2 47 50 72 8 25 39 41 53 27 47 80 58 53 37 65 11 68 41 84 3 78 32 5 54 73 28 39 52 74 51 2 88 61 36 68 6 75 69 4 23 24 82 52 16 77 28 89 23 82 5 37 41 54 70 37 79 19 16 28 33 50 15 88 71 66 32 81 57 65 88 8 19 28 12 65 83 21 31 47 58 14 37 24 17 48 11 56 20 3 65 71 13 17 68 43 40 36 12 8 37 62 60 43 2 77 15 71 86 12 6 7 37 50 45 31 84 90 56 27 15 13 6 65 48 72 40 66 14 1 76 39 51 9 86 3 7 23 15 53 36 60 37 77 26 11 51 10 60 47 70 59 40 53 2 20 15 88 19 85 87 46 82 2 26 4 72 76 24 35 83 16 33 78 55 87 74 74 26 39 38 31 21 82 62 9 74 55 85 79 90 30 66 38 40 35 44 27 12 57 15 89 26 10 8 52 48 53 69 5 55 1 59 31 54
46 20 3 10 12 30 33 47 52 10 77 37 30 12 77 1 43 69 3 77 15 14 10 90 75 81 42 4 90 1 35 22 80 89 67 77 89 12 5 64 84 33 70 79 79 18 57 38 24 28 31 34 88 57 18 72 90 43 40 9 56 32 33 47 66 57 9 81 66 34 9 59 80 33 13 34 35 78 77 85 63 39 23 61 47 27 64 43 16 18 32 69 62 65 35 41 9 38 22 40 31 59 37 28 24 71 70 35 16 69 5 66 48 81 49 1 17 26 6 57 74 42 72 26 69 79 71 59 88 84 39 75 64 31 53 41 79 71 21 59 1 64 26 46 45 66 26 62 11 35 89 67 5 3 54 73 65 24 75 33 88 42 44 15 28 8 83 19 28 27 38 76 73 16 37 32 31 64 30 9 73 15 39 79 11 40 19 25 40 60 2 3 66 85 32 28 61 63 77 27 85 41 13 45 80 21 10 66 57 8 72 7 67 30 50 55 12 80 17 42 69 81 14 51 49 55 11 54 34 49 52 7 86 17 63 55 2 77 9 40 76 83 65 68 78 31 25 58 48 51 17 26 31 82 76 77 62 45 55 20 67 10 16 31 84 15 20 8 76 42 87 41 10 3 47 20 21 55 87 65 70 47 60 60 24 52 86 59 59 87 15 41 58 6 68 68 4 90 49 80 46 23 55 12 89 88 22 73 76 48 8 57 53 43 52 33 67 8 44 60 66 29 50 11 23 62 77 76 12 66 60 1 54 49 63 47 63 9 74 54 13 58 36 18 88 22 47 77 6 40 10 68 90 63 62 49 26 85 5 86 22 68 13 88 32 70 71 56 47 47 66 62 32 67 28 66 33 62 56 60 49 36 68 30 8 65 27 61 53 43 52 51 18 25 1 50 58 80 14 26 68 72 21 20 57 84 23 27 34 1 38 23 71 53 72 76 50 41 8 47 33 40 79 53 48 73 77 59 40 40 67 34 40 34 8 86 30 68 89 50 20 14 21 73 5 61 61 10 10 18 28 6 64 17 81 4 32 86 90 44 15 25 18 8 38 34 79 88 25 57 57 40 11 70 63 6 49 75 39 84 67 76 67 89 6 19 54 77 24 90 66 57 7 1 37 10 8 52 24 75 5 82 33 31 72 21 67 52 29 68 73 84 71 15 13 16 36 28 78 89 3 14 33 40 71 75 63 79 66 39 34 3 19 46 35 55 85 4 28 46 85 60 21 82 51 88 49 41 3 60 24 50 6 11 85 25 72 25 9 84 29 34 49 9 33 73 77 63 68 9 2 37 33 89 43 1 84 4 12 76 23 74 86 72 1 69 23 48 84 39 3 5 88 57 2 88 81 55 71 50 45 58 59 29 41 72 9 45 20 79 62 85 87 85 14 32 59 11 60 17 73 40 2 30 58 90 72 28 86 18 77 62 52 58 16 48 84 13 65 57 7 12 42 78 6 25 64 30 86 32 90 53 18 13 10 26 75 33 69 81 85 43 24 64 67 58 86 7 2 51 45 23 36 75 86 62 6 72 16 44 68 56 12 80 22 53 19 20 71 78 31 75 54 83 36 68 77 42 15 69 21 57 84 1 22 48 58 65 25 81 26 66 78 29 88 67 67 59 36 62 4 17 68 41 39 2 63 66 38 52 59 24 20 6 2 45 33 83 67 67 11 36 5 48 87 32 12 78 7 38 42 46 7 2 33 10 73 29 38 66 17 65 15 6 18 45 84 71 83 90 86 7 61 10 42 74 89 57 84 13 6 73 23 3 9 28 75 29 15 19 28 50 57 70 13 24 37 81 86 67 73 87 17 14 52 42 39 69 82 14 48 61 87 80 45 72 82 78 78 6 35 58 3 16 30 5 2 11 41 55 82 68 81 3 84 28 50 54 86 44 63 23 82 29 87 6 25 28 77 88 79 71 23 40 90 3 6 40 7 53 57 25 78 70 10 52 87 53 84 60 6 85 35 76 77 16 89 45 56 90 22 66 83 15 2 87 7 87 63 10 6 40 4 35 82 52 77 2 24 62 1 71 61 34 50 63 81 12 53 1 2 35 57 9 34 90 37 4 30 38 58 54 25 29 14 20 90 9 77 52 25 88 19 18 50 44 90 85 59 73 9 21 77 86 87 79 76 77 2 76 14 47 10 49 36 26 10 80 11 45 57 59 21 51 32 13 34 65 80 76 49 51 46 24 66 45 55 57 80 41 49 47 24 67 21 62 65 42 58 64 47 52 14 5 56 77 64 36 41 58
59
455
890
336
207
463
321
442
324
162
619
778
113
43
9
271
910
50
861
737
305
593
761
163
762
81
699
824
886
84
853
108
866
531
694
577
332
923
408
996
247
689
140
87
42
999
395
443
568
131
64
488
581
909
618
125
609
371
251
414
790
793
138
507
288
922
971
517
171
412
549
944
608
425
302
764
520
146
275
209
266
306
323
653
599
272
578
366
307
450
772
513
527
831
770
291
487
358
41
794
842
929
296
352
641
82
603
170
718
627
295
86
7
651
451
892
680
90
421
594
550
155
997
625
103
436
327
939
400
139
712
988
644
227
981
834
646
643
576
29
495
94
859
219
801
424
394
249
117
767
104
501
579
141
930
176
530
85
958
258
435
918
714
489
647
840
895
234
754
194
655
904
628
38
101
277
482
705
215
427
521
37
621
287
984
846
735
876
612
89
690
692
304
456
946
972
499
717
623
355
158
63
931
656
410
242
95
768
841
964
496
237
973
897
196
485
658
598
183
1000
828
221
351
938
820
317
326
906
330
642
165
730
396
348
597
157
784
802
518
950
401
569
615
325
736
128
370
519
239
4
445
105
916
8
810
311
389
471
595
68
111
678
948
121
299
56
698
963
109
184
742
756
986
161
805
849
238
300
405
40
2
241
634
725
924
210
447
553
36
851
873
91
732
313
792
710
582
855
133
956
688
428
943
259
262
374
301
731
809
741
510
205
912
294
629
532
222
204
135
795
27
907
53
70
785
226
31
991
461
857
804
477
691
182
825
516
268
821
432
75
232
789
763
896
11
872
564
127
994
702
734
667
392
457
54
626
26
777
505
24
353
246
563
652
208
665
673
747
497
654
663
191
844
308
871
755
93
978
536
339
340
775
255
164
616
887
265
149
433
402
807
33
45
782
664
522
298
228
178
624
5
74
551
757
894
134
670
748
533
786
940
917
88
475
998
781
839
342
881
361
951
862
668
947
934
753
286
35
422
77
728
186
552
453
96
508
740
98
315
952
921
852
44
898
281
565
137
845
969
722
474
367
384
541
417
1
709
547
765
116
534
280
172
167
749
406
337
328
674
220
397
314
160
360
566
10
22
16
48
875
199
671
592
878
415
666
383
707
697
12
124
970
378
968
142
724
481
902
893
727
376
548
274
66
6
260
869
526
373
147
