100 78
44 39 15 59 57 25 9 12 31 1 7 34 35 38 47 22 15 42 13 51 40 28 17 16 60 31 10 11 57 12 12 22 60 4 34 2 39 55 40 52 27 14 35 6 14 35 32 28 18 23 9 44 52 35 32 48 35 55 50 1 30 48 1 10 46 60 18 21 41 25 17 58 28 58 36 18 30 54 27 53 18 35 46 20 34 4 33 32 30 11 52 10 41 60 1 37 52 48 12 7
1 50 30 28 6 38 14 44 28 21 47 54 48 23 33 60 40 1 51 44 35 58 18 30 53 50 53 11 21 11 15 28 47 35 53 17 53 33 25 30 42 55 52 57 55 29 60 42 36 13 31 58 1 41 2 5 50 16 35 60 50 1 16 24 1 10 37 45 38 31 18 19 6 53 50 40 39 59 41 60 10 60 51 56 4 35 60 60 29 33 58 29 21 55 33 52 45 41 34 16
31
20
68
57
64
79
59
56
33
89
85
48
55
75
96
60
43
73
70
4
23
44
97
2
78
5
69
37
14
29
30
6
87
63
3
1
61
16
45
22
80
41
11
77
88
53
35
95
46
10
76
38
86
24
52
74
9
26
67
83
32
28
91
54
13
39
72
36
27
82
18
94
21
99
17
50
58
92
