1000 308
42 26 36 43 21 31 44 35 32 15 20 13 11 29 1 22 24 12 38 46 20 22 34 2 22 14 22 25 50 50 11 8 7 36 36 34 4 35 21 3 10 9 6 29 28 24 48 38 28 14 21 3 47 35 32 43 42 13 30 40 7 48 22 44 5 19 24 46 44 37 10 16 18 31 24 34 24 48 8 32 22 36 46 20 1 10 49 27 40 31 39 14 3 41 47 50 8 38 14 3 6 23 13 2 29 50 26 41 13 4 24 14 39 32 29 20 22 46 13 16 6 43 21 41 18 43 25 10 5 12 9 50 13 13 45 10 37 34 48 19 18 37 6 11 3 48 14 43 41 19 19 6 48 9 4 50 6 23 11 4 11 25 1 38 9 11 44 13 25 33 3 14 24 15 8 29 6 38 46 11 15 21 22 4 7 23 33 13 34 5 33 3 26 5 5 49 10 36 26 25 32 36 18 20 13 12 12 13 43 49 9 3 28 41 18 20 26 7 39 4 20 11 18 11 32 11 38 43 41 18 30 9 22 24 33 42 26 17 22 28 37 13 23 38 38 50 3 13 32 25 16 27 47 45 42 6 31 34 40 5 7 48 11 44 43 23 28 9 13 37 38 40 26 5 41 32 31 14 20 34 23 29 31 26 2 19 19 1 8 30 13 11 16 5 27 20 4 1 4 13 46 24 25 3 22 39 38 36 2 40 32 27 23 8 47 39 10 37 2 15 22 11 48 9 22 41 13 17 19 33 38 40 6 10 49 20 8 17 26 30 12 38 17 34 26 10 16 21 10 18 46 30 3 30 31 5 32 20 40 21 5 12 46 3 42 34 13 29 23 15 22 34 15 28 37 11 19 42 8 44 5 50 43 36 18 42 47 35 15 36 29 45 35 28 16 11 25 19 36 17 7 7 24 42 6 13 49 20 35 41 9 7 20 25 45 22 6 9 21 7 29 26 29 4 48 26 31 12 11 45 32 3 50 31 24 40 12 30 24 3 48 11 32 33 29 26 35 13 17 41 44 32 6 43 21 4 35 24 18 10 22 10 25 6 7 42 23 2 43 33 16 38 36 22 50 8 34 32 16 23 49 31 5 15 33 34 3 20 3 14 29 50 8 1 12 49 5 12 20 27 25 24 49 48 14 45 18 30 6 19 44 47 8 28 45 48 33 19 38 10 9 4 12 27 6 34 13 21 22 40 24 27 39 46 18 14 9 7 10 31 2 10 39 13 29 22 5 11 8 8 50 50 3 10 4 29 35 44 12 40 48 20 19 34 3 12 29 44 5 4 38 22 34 36 20 17 9 1 31 11 12 16 2 48 37 42 12 2 5 28 5 25 16 20 47 25 23 18 3 22 19 20 27 44 10 3 14 42 40 24 23 48 2 9 46 18 14 7 2 7 13 11 12 45 47 41 50 5 5 38 13 49 33 44 47 11 5 43 23 19 11 22 34 25 41 44 50 32 48 15 40 3 47 10 21 46 35 48 15 42 45 9 8 12 21 16 41 42 1 46 6 48 2 35 8 43 27 11 49 25 28 26 5 20 49 44 45 38 2 20 17 7 45 26 25 5 6 20 3 34 49 5 27 47 45 5 4 8 26 39 12 3 43 41 38 26 44 14 6 48 13 39 48 18 10 44 5 48 1 44 15 19 46 17 30 47 18 23 23 22 1 43 20 3 17 11 2 26 23 30 25 21 35 9 46 31 20 30 31 18 42 26 19 43 16 36 46 33 39 26 39 18 11 22 45 45 20 16 48 27 19 14 45 31 10 18 40 36 48 1 37 10 7 28 21 44 15 19 32 14 24 24 40 3 36 25 21 29 21 42 49 37 40 9 42 12 48 41 29 49 12 16 3 44 12 19 33 49 20 44 22 19 26 43 13 41 37 13 34 33 8 12 8 3 2 16 10 6 12 5 19 20 38 19 32 38 11 33 18 15 6 43 2 39 9 34 9 46 32 16 7 21 15 1 7 27 3 39 26 34 45 50 19 24 6 9 29 5 48 39 32 16 47 45 16 21 2 42 46 13 23 15 29 17 34 11 14 35 4 16 26 27 41 11 23 41 38 42 2 12 30 44 36 31 5 21 46 15 11 41 10 8 33 47 18 18 29 45 38 48 46 42 42 42 32 39 31 35 16 38 27 15 9 20 48 43 19 8 22 50 8 9 14 25 9 32 9 12 50 31 22 31 47 11 26 17 21 46 35 5 33 8 39 50 1 5 46 34 43 50 14 42 11 23 26 42 47 36 26 5
28 1 44 36 40 32 28 22 34 38 31 18 1 37 23 8 41 14 4 50 2 43 39 43 36 22 48 35 13 22 33 18 11 2 32 1 19 20 24 6 34 9 13 32 37 7 5 5 6 20 26 44 43 45 4 48 31 36 38 12 8 42 16 18 2 27 47 31 46 19 49 33 34 40 46 10 24 18 41 24 18 17 8 14 27 11 41 38 47 45 48 30 23 38 19 15 18 43 34 41 50 35 9 22 4 20 50 18 36 39 30 32 27 25 7 2 23 4 11 21 18 12 8 18 18 12 4 6 13 16 23 3 10 21 41 4 8 41 27 30 33 21 22 23 32 16 49 28 28 22 14 15 5 24 1 46 45 24 28 16 3 14 46 25 27 8 10 9 21 22 26 27 3 20 2 45 14 11 27 48 37 8 40 23 26 23 23 8 49 12 47 45 3 11 40 34 45 44 34 17 16 34 6 12 35 16 31 43 31 15 39 34 16 10 16 34 35 33 29 21 21 5 50 33 45 46 6 19 48 23 47 24 11 19 9 20 30 2 39 8 24 17 21 41 37 2 35 38 4 29 12 5 33 35 7 30 49 24 26 38 14 38 21 27 40 29 41 17 19 37 50 18 11 31 37 43 29 12 23 2 15 18 12 47 5 9 6 25 29 19 12 29 24 24 25 35 37 30 1 43 2 23 37 47 42 25 5 45 21 28 34 46 24 42 7 46 21 24 2 21 29 5 1 21 17 19 22 3 6 43 10 14 15 20 5 30 24 46 3 33 11 40 43 30 32 49 28 40 1 10 16 46 15 43 8 27 45 45 37 19 35 45 24 7 23 47 44 34 8 26 38 31 37 17 33 31 15 40 40 19 43 35 5 29 38 32 23 49 15 5 2 21 6 28 2 25 26 25 42 33 22 2 22 17 42 19 2 6 49 46 27 10 17 21 37 40 36 20 48 41 3 31 19 4 8 33 46 26 41 20 6 41 46 27 38 35 20 38 12 29 23 39 39 26 50 13 46 33 30 12 42 28 9 8 15 2 22 15 50 8 4 31 1 35 12 17 30 25 18 45 32 22 30 35 41 11 5 48 8 4 21 26 14 15 28 43 40 12 50 10 50 12 29 4 29 4 38 4 28 14 15 43 9 23 46 47 9 47 32 34 10 31 1 4 10 50 17 4 15 7 12 8 46 13 28 17 30 12 32 11 28 26 9 20 29 30 8 50 17 11 14 24 29 2 6 11 41 43 15 49 9 5 15 5 22 35 17 13 35 43 47 14 22 28 24 39 49 45 15 4 3 7 9 31 9 24 19 32 19 41 8 16 16 34 42 22 33 37 46 35 3 30 11 28 26 32 19 8 25 45 25 39 29 33 23 29 17 35 43 30 44 43 36 7 16 26 49 38 45 13 32 15 38 46 38 30 1 10 27 3 41 28 44 28 7 25 17 36 29 48 50 28 9 37 9 28 23 40 42 29 36 49 11 15 2 39 9 29 11 30 24 34 6 4 8 47 2 25 40 37 15 39 42 45 27 3 28 23 22 35 12 10 21 37 22 24 46 11 15 4 7 6 12 27 9 14 8 11 15 13 20 10 49 28 31 48 8 4 38 31 10 26 40 4 17 19 20 7 32 25 50 10 19 8 18 44 32 19 9 37 44 28 3 15 33 12 22 11 38 47 15 49 9 37 12 47 38 43 11 32 37 4 8 12 31 15 44 2 9 5 19 1 21 39 12 32 7 30 10 45 18 9 32 41 42 28 12 23 23 36 37 5 28 18 8 14 5 19 31 33 32 34 47 45 17 30 8 13 38 13 14 34 25 5 39 11 16 50 31 24 40 18 16 15 47 41 11 40 1 41 18 15 35 37 20 32 32 47 49 12 42 37 40 6 9 50 30 42 31 49 50 29 29 41 33 5 22 10 27 29 43 48 32 43 12 25 40 49 15 15 19 40 46 2 4 38 36 35 20 32 21 24 5 1 49 34 21 42 35 33 5 9 12 28 24 10 44 26 41 34 35 42 31 9 48 50 33 13 39 18 4 20 9 4 8 4 13 10 16 9 44 19 47 47 20 13 1 4 25 4 7 49 6 17 22 50 18 26 19 39 7 45 1 25 23 49 48 5 50 7 5 5 45 3 43 36 42 43 48 48 41 26 7 19 50 29 30 6 21 31 39 3 28 25 3 15 21 11 16 3 29 2 21 3 4 7 38 48 8 41 11 15 7 23 18 27 36 22 19 13 12 33 12 9 20 37 40 6 31 36
691
928
377
816
901
715
22
106
589
911
543
800
518
213
429
223
105
697
54
414
735
474
36
719
670
647
711
528
274
682
662
246
601
294
874
64
646
298
523
363
219
696
571
817
851
878
922
578
1
658
742
557
65
458
420
862
885
473
47
283
88
765
856
155
686
826
881
490
394
487
552
706
79
217
259
355
18
128
795
592
956
58
712
126
449
428
244
7
717
672
52
510
380
273
307
674
963
577
986
777
976
335
710
692
115
537
354
622
955
45
632
675
538
187
730
793
607
357
203
709
724
184
12
638
923
230
342
679
615
555
148
154
124
341
446
562
912
346
100
630
276
645
488
201
292
598
315
208
671
550
476
657
94
120
119
388
178
757
279
33
345
289
743
173
631
649
21
198
873
853
430
186
828
139
703
727
740
775
505
807
400
441
405
832
539
471
533
214
936
998
978
639
758
785
794
436
723
755
320
732
282
783
424
621
989
707
138
263
379
643
480
475
532
950
269
554
499
123
390
810
174
722
324
891
791
829
243
967
859
521
606
132
300
89
469
849
913
979
789
75
947
519
68
296
4
29
285
411
1000
179
663
452
830
76
80
227
439
959
918
574
822
737
149
969
28
447
652
391
580
736
985
559
762
569
725
585
455
739
171
781
624
50
941
297
491
974
327
162
419
107
931
325
17
358
611
71
888
948
457
32
493
648
43
558
247
877
288
190
