1000 608
28 4 15 8 36 17 49 16 47 22 24 31 29 12 53 34 19 17 34 30 50 16 29 55 24 54 32 54 16 47 16 16 33 50 58 41 7 49 1 50 34 18 1 11 41 1 54 58 8 52 39 42 15 42 27 29 16 32 28 34 17 30 23 35 11 15 34 20 4 9 6 35 59 26 20 2 54 58 36 13 51 38 50 45 20 59 3 57 21 29 10 9 18 52 52 30 59 39 27 51 22 8 56 55 8 9 5 1 45 26 27 43 3 4 41 19 31 55 60 25 19 29 25 15 41 46 2 40 31 6 9 49 33 10 35 27 27 7 46 19 8 25 52 12 36 25 14 17 6 39 50 32 39 29 41 1 57 14 17 4 9 36 40 43 38 31 20 18 23 56 53 32 9 35 22 21 34 29 40 46 3 14 5 15 40 44 23 45 15 14 34 37 52 30 25 51 47 16 2 40 49 1 57 4 7 44 17 32 34 40 28 58 46 4 14 24 46 46 45 1 37 5 20 36 12 47 51 31 30 16 13 41 31 24 39 48 50 13 46 8 35 39 48 54 49 46 3 29 21 43 57 49 9 52 11 39 42 35 19 26 19 43 49 25 27 31 53 59 3 37 48 50 33 25 50 56 30 23 7 33 21 44 46 35 38 17 23 29 21 27 59 52 24 9 31 9 56 2 1 33 40 48 11 55 41 10 29 34 48 31 47 49 39 32 1 33 13 50 33 14 57 26 33 26 7 55 26 8 35 11 2 19 31 43 11 4 21 6 30 52 44 34 40 35 30 47 13 38 40 22 56 22 54 56 20 43 3 44 50 50 26 52 24 51 8 40 60 48 55 42 43 52 36 29 59 21 14 42 38 10 17 50 24 50 5 41 36 7 24 16 20 60 23 52 32 23 25 37 7 32 22 29 10 44 58 54 15 18 52 51 36 10 11 16 1 41 52 37 50 14 2 12 50 44 9 51 25 2 44 34 59 38 31 7 46 47 13 59 57 59 31 40 59 37 19 34 28 23 58 49 60 17 30 34 50 20 56 14 3 13 12 5 8 28 45 56 32 53 54 8 39 18 23 21 20 55 32 27 28 32 8 44 8 7 51 32 47 8 41 4 50 10 45 24 59 37 23 57 34 26 47 7 59 33 52 32 34 56 13 19 5 25 47 6 54 32 25 1 2 26 51 5 19 19 60 54 22 25 24 37 42 31 42 46 16 3 38 23 21 36 53 19 23 5 40 32 16 36 17 46 37 20 50 1 45 23 8 27 23 17 41 48 39 3 34 48 14 37 30 25 25 4 5 26 59 40 2 33 52 8 54 49 18 21 2 49 20 43 25 12 6 4 52 14 10 58 39 13 22 29 59 42 19 11 3 36 60 39 18 41 13 51 36 48 12 29 20 8 24 25 47 39 1 18 56 40 53 45 38 42 7 25 41 26 22 5 58 49 14 36 26 28 43 33 31 50 36 49 47 6 34 59 46 38 42 15 21 53 26 14 26 22 53 40 25 46 6 35 26 14 9 9 36 38 31 2 43 44 45 39 3 51 4 28 59 8 52 7 55 37 20 15 59 33 32 18 58 21 40 12 39 26 34 33 39 48 47 31 5 45 38 29 40 48 52 49 21 50 47 15 11 60 8 28 29 3 24 36 40 43 54 4 22 57 48 1 23 33 57 46 28 60 10 47 3 7 30 12 5 59 60 30 36 31 24 59 37 1 46 49 11 25 42 27 26 51 43 48 1 57 25 21 16 60 6 59 7 6 52 43 41 35 49 57 30 5 30 26 18 45 57 37 55 21 12 33 43 49 31 38 4 29 13 20 2 10 16 3 12 41 52 45 23 30 16 6 46 14 25 28 28 17 10 44 45 5 26 31 5 14 53 7 44 36 11 45 48 52 35 42 6 46 13 59 6 48 36 15 18 26 50 49 15 37 31 3 4 44 22 16 53 46 52 11 17 42 14 2 48 57 11 52 22 27 40 56 2 10 22 27 36 50 47 17 20 7 10 53 8 59 51 33 42 37 52 7 28 59 30 18 17 5 8 26 35 23 31 15 52 35 21 22 7 25 14 57 54 37 10 30 58 40 29 16 52 36 5 22 3 43 44 14 60 28 35 2 9 27 36 35 54 51 9 41 8 43 23 44 9 42 43 26 21 37 60 7 15 14 4 44 48 31 59 12 12 7 11 38 48 33 50 49 31 55 2 23 17 60 36 14 17 58 54 46 41 2 57 9 20 39 3 21 55 6 23 58 5 53 36 18
53 47 33 11 44 57 48 56 40 5 11 4 39 50 58 1 26 33 15 10 14 19 17 14 2 36 24 11 27 14 38 4 3 24 6 59 14 39 60 28 45 1 50 48 17 1 11 51 12 44 22 47 37 43 27 6 19 58 58 39 34 26 22 14 38 40 48 56 34 53 25 16 58 28 28 56 37 15 57 8 40 34 51 18 17 13 27 9 9 3 2 15 11 54 27 35 14 16 23 31 55 9 47 6 53 50 38 12 19 4 20 41 49 35 8 13 39 28 51 36 9 7 7 38 17 5 17 51 24 43 23 6 25 49 19 48 29 56 38 14 17 1 49 25 27 11 23 20 2 57 41 53 41 26 45 40 4 39 21 14 43 41 9 4 45 32 60 34 26 29 50 20 17 48 7 28 35 23 8 33 22 6 57 2 15 24 37 13 45 52 45 49 19 58 52 45 58 6 29 58 40 13 57 13 22 55 7 46 12 58 57 58 36 45 29 50 34 2 22 22 34 1 35 35 56 7 24 49 20 52 37 58 52 60 28 37 57 14 19 4 2 16 40 42 2 20 23 26 58 19 28 46 21 25 6 28 11 18 1 5 31 60 45 45 1 27 21 60 32 31 57 33 9 34 52 13 10 27 38 16 56 47 43 45 42 48 39 17 3 58 8 16 16 48 39 11 15 21 47 51 9 28 4 5 9 46 13 8 3 60 47 2 19 31 11 55 15 27 32 21 56 28 39 2 33 27 14 21 51 42 10 37 35 60 40 60 35 34 7 46 46 37 56 28 19 14 5 45 30 4 19 52 42 57 16 43 40 30 14 38 7 2 14 34 59 27 42 55 38 37 31 51 41 53 43 4 44 32 12 33 34 5 32 46 38 54 59 28 1 40 32 42 1 58 4 3 51 10 13 9 54 8 60 55 2 41 35 36 51 57 52 2 35 1 49 39 31 42 38 28 22 49 2 5 40 5 43 18 25 16 25 2 36 14 2 42 52 35 21 35 34 1 10 45 5 33 8 32 45 18 47 3 25 9 22 16 25 35 23 21 20 29 42 50 7 15 6 45 8 29 47 53 23 25 53 55 45 11 56 36 60 52 49 41 1 52 28 50 2 32 32 56 20 5 48 26 7 39 18 55 20 42 27 54 2 32 21 1 18 1 41 3 25 22 17 27 46 35 2 31 49 13 15 29 10 20 36 45 24 22 40 44 26 15 56 19 25 47 58 6 44 22 3 58 55 11 41 28 25 17 14 27 42 37 15 26 41 3 1 31 50 33 11 17 18 22 31 31 30 60 33 11 36 7 31 28 50 47 31 56 13 34 47 54 11 32 48 42 33 5 32 36 14 15 28 5 50 57 18 46 56 1 28 58 40 23 4 9 50 59 30 39 2 11 29 37 22 14 6 37 18 31 15 53 43 20 54 56 8 19 35 52 23 17 13 29 6 9 38 21 56 18 42 2 44 22 36 7 50 24 30 11 13 35 8 45 49 40 37 50 18 17 33 58 36 60 28 55 10 44 21 44 27 4 4 24 3 37 1 25 55 17 47 1 37 39 54 36 25 28 41 52 11 45 9 39 22 59 47 45 26 17 38 31 23 33 35 57 8 12 7 53 45 57 41 42 18 18 29 6 34 19 42 8 32 57 57 59 13 56 12 29 12 46 16 5 60 22 7 25 10 13 22 37 1 16 56 42 12 8 6 8 20 53 49 16 27 52 11 39 21 9 26 29 23 26 47 42 7 6 16 25 9 58 27 16 46 11 9 14 20 2 44 13 39 31 17 40 15 38 14 41 31 42 41 8 43 29 55 11 19 45 7 4 18 50 33 42 12 9 59 16 57 11 7 9 15 23 58 50 60 36 26 51 46 49 2 34 12 47 1 43 8 11 51 34 28 41 12 44 7 54 30 6 11 19 19 44 5 47 32 60 42 13 44 16 30 48 59 28 27 45 4 10 10 21 44 12 35 39 56 41 48 14 34 20 2 58 20 59 52 7 20 9 42 25 19 53 35 34 54 29 23 46 12 16 46 29 58 60 11 29 33 53 30 26 4 60 51 52 7 1 24 17 41 45 55 20 15 56 14 23 35 9 36 18 14 21 11 57 46 20 13 54 8 36 17 33 19 48 56 58 27 34 2 43 31 13 57 11 28 19 49 16 32 4 15 5 32 14 33 57 46 23 47 50 40 39 6 23 23 23 8 47 41 50 29 44 31 27 32 25 27 34 42 31 7 23 31 20 24 6 8 19 4 10 19 2 33 32
303
433
720
883
159
735
482
507
215
681
404
377
933
631
564
770
269
604
952
833
548
161
993
157
769
471
942
553
935
901
124
119
112
688
318
1
970
52
857
463
214
198
561
475
644
180
43
596
185
259
421
555
274
893
854
923
173
407
777
892
160
576
58
765
989
878
189
151
635
985
879
365
72
727
28
682
263
941
163
362
836
795
511
315
781
673
699
674
460
788
246
683
396
510
808
997
976
597
187
865
571
218
979
44
531
529
369
435
861
499
930
896
544
30
306
809
684
521
11
334
148
782
839
321
898
858
481
823
746
675
505
888
387
82
275
195
125
744
83
603
624
201
486
411
664
341
540
680
899
270
293
843
10
642
357
181
208
478
196
536
222
153
227
226
916
500
986
577
216
987
824
582
789
950
537
409
734
209
300
992
152
943
49
62
760
355
56
803
184
399
427
121
190
549
775
210
107
938
136
957
379
429
605
739
908
133
174
245
288
331
103
813
292
700
919
825
302
559
931
614
818
248
21
47
95
560
871
712
632
677
518
202
320
972
46
588
84
452
583
340
375
586
186
260
832
63
590
503
534
519
93
495
568
512
822
376
592
637
206
291
846
305
128
837
284
804
71
607
297
558
237
856
773
262
384
338
651
663
13
817
980
745
432
915
585
860
257
814
533
496
601
572
295
991
636
787
76
877
841
101
459
722
287
963
179
314
654
718
100
397
27
956
866
366
954
573
94
212
711
286
351
731
763
707
18
740
116
162
251
574
451
517
656
442
448
476
686
290
467
139
322
135
26
587
778
412
747
256
204
810
41
834
240
437
723
598
220
205
389
158
929
50
413
2
415
68
726
890
851
164
541
721
704
543
142
759
819
393
690
395
874
821
155
732
828
325
188
542
271
786
323
701
472
897
90
434
506
345
363
913
105
936
261
845
118
639
450
652
445
477
134
349
932
672
144
977
622
946
945
127
962
438
551
538
255
526
842
835
797
221
122
236
868
273
217
332
657
492
796
60
132
599
359
525
527
876
439
75
229
22
385
650
685
968
904
59
798
552
905
258
848
830
145
698
998
666
838
623
827
147
143
714
168
535
900
167
14
141
342
150
965
333
961
354
595
420
665
177
613
792
104
944
213
70
516
88
565
886
154
361
440
25
694
138
870
790
569
729
488
401
983
285
713
630
182
894
16
881
431
926
239
649
20
643
648
847
869
671
969
9
801
31
570
383
294
24
346
927
406
633
391
522
78
199
487
627
304
629
301
394
469
265
578
728
737
77
66
812
34
937
959
864
149
513
79
253
958
319
996
689
176
85
873
329
254
309
175
907
967
670
102
774
608
91
55
200
687
489
146
755
312
705
298
172
902
289
45
678
137
667
35
679
751
417
317
562
994
546
