369 270
459 298 526 499 65 505 288 104 541 560 579 141 368 466 570 82 540 551 265 79 104 340 48 355 575 17 463 105 120 497 76 14 247 485 54 597 139 233 486 531 582 430 217 18 80 383 575 218 525 252 159 292 546 337 537 382 276 528 98 521 433 555 76 398 500 27 419 309 445 556 233 428 191 350 34 190 241 214 97 353 502 306 394 351 148 209 270 134 265 281 90 456 513 183 463 420 393 259 500 427 64 289 479 187 272 105 248 96 505 463 247 366 391 499 9 64 559 387 382 100 390 173 478 189 90 477 223 552 71 293 81 247 3 575 298 393 186 477 162 472 10 426 481 185 528 15 372 600 498 559 396 273 539 130 334 40 475 462 460 202 172 529 474 458 518 473 322 461 139 484 361 230 372 112 199 171 122 268 147 157 478 317 501 100 193 283 290 121 340 1 492 307 362 360 191 571 369 140 173 303 101 557 331 66 341 168 530 162 396 372 303 34 281 294 99 390 111 197 403 377 302 62 369 338 520 345 137 58 117 466 565 544 359 425 418 253 583 386 249 41 366 334 127 180 277 408 189 397 206 289 312 151 448 117 386 95 158 380 279 351 249 426 337 166 538 39 269 222 217 127 60 37 361 338 267 228 289 366 283 299 412 280 97 227 282 543 335 50 317 481 561 323 309 228 417 315 317 439 476 557 139 38 451 7 331 57 147 179 285 141 349 287 371 1 343 453 396 563 328 484 236 345 224 197 241 248 462 31 135 473 48 35 253 463 511 352 318 90 208 352 154 270 380 513 506 549 96 342 271 521 30 60 523 459 27 141 134 207 407 168 531 45 416 207 376 266 7 71 58
531 569 546 510 362 551 480 214 586 586 579 230 459 537 588 274 577 556 452 463 596 569 533 526 582 60 487 555 326 571 481 479 552 550 257 599 240 478 511 561 583 587 506 388 552 560 592 409 526 589 538 382 584 421 582 546 567 554 250 550 439 563 265 423 593 255 543 385 553 598 486 500 430 545 130 357 305 538 305 578 565 414 519 543 235 595 313 315 568 577 108 514 529 436 500 531 531 265 515 504 104 593 585 327 341 362 430 567 568 530 526 563 569 542 404 298 578 532 449 236 411 269 524 574 259 557 486 587 435 363 463 594 220 595 495 481 297 552 420 498 53 583 577 546 569 554 455 600 561 588 511 590 593 487 370 580 530 553 483 276 223 549 520 474 553 485 405 506 338 556 541 553 443 161 480 171 515 315 397 415 582 557 592 311 255 542 398 198 375 95 586 594 425 600 445 596 472 391 241 472 383 583 465 384 591 267 569 488 451 528 561 567 525 402 325 397 568 241 598 498 544 436 399 340 551 390 330 192 168 545 565 560 511 591 585 440 591 504 300 101 448 566 493 213 426 540 573 541 542 471 388 185 468 478 454 433 476 570 505 510 290 502 592 527 549 269 341 545 437 139 310 478 393 449 370 521 488 561 352 487 547 281 321 314 323 559 537 61 573 504 586 493 378 497 537 534 374 465 547 558 158 427 580 332 334 336 599 438 438 268 378 454 408 16 470 525 497 569 399 538 578 499 340 388 452 448 540 332 260 515 100 136 341 582 537 412 598 225 265 446 239 375 535 590 522 550 290 586 316 597 445 241 589 577 496 335 380 451 497 222 560 560 500 459 500 553 144 172 129
354
333
276
109
176
107
250
105
306
187
245
257
363
1
151
248
113
349
96
103
206
99
348
327
175
298
163
222
92
216
277
340
332
173
55
91
127
265
293
351
266
328
183
231
288
87
177
233
34
130
303
217
166
17
125
271
268
343
322
339
188
243
33
62
129
291
149
264
296
128
170
100
270
121
154
43
19
79
282
229
148
97
368
150
249
95
147
281
182
74
205
164
198
317
60
112
32
156
260
84
318
345
2
195
323
81
329
209
137
42
37
13
366
208
41
69
123
189
139
132
160
342
223
88
225
75
304
53
7
65
46
258
108
142
364
141
54
76
118
193
305
297
174
286
321
98
285
269
61
201
133
280
119
49
25
172
290
5
213
153
235
325
48
300
21
267
144
241
178
239
136
165
196
157
3
263
283
38
324
338
140
230
212
220
278
301
204
180
344
111
238
289
284
262
226
237
30
52
117
78
68
58
71
214
309
14
207
312
80
67
255
18
6
228
369
218
184
352
59
12
134
120
362
35
70
273
8
234
101
83
45
16
194
36
77
64
82
346
315
159
314
200
259
236
292
10
244
47
124
251
93
358
360
356
155
307
203
57
336
24
94
126
73
171
158
122
215
210
185
145
