257 100
923942488 413673211 807669520 322665295 27717458 570815697 577932214 913653468 341035124 614626923 551089211 964663059 136730689 603395380 953760155 778425707 312859086 746565450 404161189 834702667 371348292 485674496 729137277 410318479 259839585 314659422 863375642 910399497 961606904 529427868 841997257 251583998 199732076 340175275 930337192 727533221 569644857 568201132 605147180 180230316 119040364 514022518 639014811 464962482 437433638 242648340 589954451 765724878 393132572 791279941 239011201 451865863 968435482 695538683 876233003 220196825 631463547 988108764 779752743 961014710 120885427 869198276 881907041 910215811 677674694 165744449 778206105 318364183 605133006 35950870 337081826 768979135 278672504 506074040 123581733 592189373 408234375 730222548 529353116 995248580 968068688 185092807 590093655 241247102 974486589 490828580 681726650 171886086 890472010 189487410 203739389 742943598 803441547 52425068 651469483 859479355 393157028 810710271 551520803 506292452 598808399 66537551 830846491 286031446 248673498 422254962 791027224 520558707 687337126 134248115 260588278 94195598 97193897 538100497 120344934 831984624 988709869 750710461 40126571 899584087 516908303 725514655 36567004 392883826 338998465 766098898 376561894 180553574 74155336 692264996 278785671 464990284 15435774 981236375 418777108 139403952 865533393 679729891 425877428 797142803 48151490 675046129 172853474 983977835 569549672 253268321 111240430 80384926 725809514 528697349 772351357 393733642 17482249 610796644 507851525 811688960 325507987 163311672 465002322 212845636 11183345 554270704 345288708 759003023 153304602 44423983 630044942 145835277 414955677 759021899 2394425 357744352 909158940 693791695 11781791 237964955 937693387 57504505 606725936 531192263 725989365 505872444 864148272 32234593 420030583 951793344 646191543 483049818 437750083 41780701 963180848 975753494 599134175 79539620 908033498 296290286 316265700 283937622 815173706 337073838 413000319 754601450 992627687 537363223 420157170 624808587 551344493 183425630 836741396 354371352 734892907 440172971 387037389 483895459 171816645 865333915 804128668 963959283 305056050 374135231 857499409 158559234 929225150 768791323 235848018 299031678 622826826 821880999 30956954 625983564 321946375 282291410 547514038 696785409 478027007 22804730 462026118 235098727 594474636 984774133 849932162 4937471 960982751 114261643 134102834 959349369 740460410 712227833 724754613 789433149 318833334 919079535 926356539 568847845 994185790 834092435 245399691
898623425 685296530 814062333 203776894 653737809 420914822 994406073 414084226 817902799 956431296 730859976 906816280 484551331 313847101 375229086 936742229 836257260 415087308 149278629 621105765 516711678 233438865 875599289 329822980 149302238 628753796 140162731 791047683 335707336 626128880 757083582 971598537 749428906 653495284 893681709 553243599 98980262 500888581 746914211 528265507 568682388 399454570 587070145 229156582 262016125 348905663 195314587 368358350 587029281 840529011 665522235 307567013 362030962 761606985 582895389 432529351 402032407 608263899 675599794 20991912 98447338 980263442 372121821 250540364 448664698 782379439 876104057 247829965 730856586 914610374 652107472 585190873 459290000 664472382 434651941 794962482 945407287 366295122 263717932 966267436 841204189 140326162 150483853 808254514 396829974 178086115 791862116 998279233 70090279 498979323 91134148 904406634 292439692 694222822 130030127 489044309 475169394 62433284 944292383 217199289 525431613 19363848 455310209 742664677 701801988 105791098 470980149 539121211 66980368 1120054 562077583 432731055 377683297 580757483 363321561 719791436 571293993 981932189 360955343 183893935 618468942 861701156 68114209 725718410 843149292 352227499 817839860 147748898 185523153 559285809 206346593 890075602 176018176 926245643 474341109 361635462 984965166 128845920 183626544 773338177 79531592 43462828 814773510 288382871 964727531 553847870 179081569 587350579 618017515 582161337 989555612 33028435 371793613 882207895 499066377 356016711 140688204 235177377 236356717 244677365 99728343 156748664 469062783 656728664 208503569 123176208 779715180 522497788 392055633 829989935 856751446 853278084 880350496 74130931 3946448 644400933 310134717 205174089 512753764 324209704 765549980 518092663 539628557 495795307 932489954 922306707 626950845 125537249 137886699 991797257 229933528 187527950 801812933 286916376 824091831 490239883 969527474 257310550 662281511 776109192 836369578 774863144 535762407 18043717 958864854 341144651 400023853 988855704 114464534 130960462 742883618 803644522 321780348 447988501 995521633 224217658 27093455 849726296 805097084 539757976 215774473 370653473 519804535 453208491 35097818 162216530 952687435 94438060 858412834 408854813 734478437 110827625 27902842 875290250 839217188 906067651 559348652 265323252 635041374 123688496 27241015 272232076 466302683 784952889 862938316 202465749 454505945 962135549 695727827 920286758 326429319 821651117 377167847 113964075 77646218 739194894 304820310
10
189
47
105
256
74
191
124
33
13
57
103
170
185
169
257
119
206
172
43
221
70
123
234
60
250
100
121
254
78
49
95
171
179
220
94
101
232
77
149
244
199
93
54
5
129
109
29
201
3
238
59
91
135
132
11
99
125
223
48
227
228
20
213
154
202
12
139
160
126
50
115
112
136
118
134
92
253
22
30
182
41
73
62
166
44
158
162
138
23
188
96
183
117
214
230
217
122
242
173
