598 515
138 735 489 30 43 617 469 294 715 217 214 577 679 482 763 707 735 729 374 709 377 121 63 737 94 800 625 25 283 720 140 432 386 687 401 271 358 295 169 258 258 199 415 729 147 96 609 584 89 488 483 487 283 538 59 466 96 629 614 521 118 633 66 722 750 685 338 18 30 571 446 248 30 338 144 466 492 227 151 374 456 133 296 123 344 562 728 765 5 263 99 220 252 40 553 733 175 185 75 136 370 294 18 776 350 700 649 750 176 622 510 623 683 785 261 513 722 224 565 354 687 152 424 497 239 93 735 371 356 564 700 559 417 455 327 626 194 772 554 493 545 606 693 306 610 683 442 26 40 484 466 354 93 424 86 72 238 281 166 691 269 29 518 681 206 446 540 535 778 555 340 301 255 789 28 767 269 626 328 5 90 62 495 283 368 757 652 258 314 410 670 669 266 84 712 85 118 747 273 662 214 623 166 112 552 466 723 694 717 329 46 578 73 782 332 751 742 65 138 222 337 642 389 210 444 409 578 404 667 623 423 687 327 434 480 501 510 789 539 152 256 461 172 786 212 53 330 350 97 491 752 252 149 209 349 241 770 77 756 612 636 169 765 290 284 83 162 572 96 638 435 164 40 288 226 499 155 210 680 38 128 307 62 732 710 485 165 538 348 79 479 7 729 441 435 304 469 275 493 517 590 206 795 122 165 129 625 391 574 357 358 329 35 602 437 287 578 576 797 397 586 383 418 380 274 575 41 24 723 144 352 337 617 548 179 475 693 496 536 334 670 687 677 710 747 351 404 35 75 417 358 43 749 541 349 259 328 444 512 538 500 748 443 287 783 512 540 133 122 365 151 262 506 47 611 605 663 66 27 426 255 232 510 178 452 74 368 61 282 239 791 438 154 774 62 399 482 322 629 346 115 153 335 561 18 5 418 463 423 67 107 596 641 86 296 484 175 196 59 649 584 600 206 173 133 159 650 321 770 683 190 57 256 83 318 334 614 337 385 218 91 450 419 639 78 458 705 65 79 13 287 327 563 375 5 286 243 149 798 598 301 282 216 99 34 571 294 253 630 531 673 640 212 576 675 653 648 772 682 391 2 581 539 23 153 301 285 265 358 458 730 269 5 175 545 439 312 82 166 766 483 364 705 33 401 668 491 157 237 132 68 280 234 202 208 58 572 729 181 430 445 701 318 710 329 619 251 404 610 214 319 82 428 123 673 763 370 470 571 47 160 299 430 371 326 382 92 655 124 475 461 782 344 303 331 449 185 524 517 573 480 745 784 88 658 672 769 560 759 399 212 36 510 216 360 121 215 608 321 758 407 435 645 456 600 62 95 607 502 20 672 751 275 171 664 240 51 380
560 781 633 66 99 667 521 502 759 328 763 625 798 792 779 720 796 740 550 788 429 191 673 770 229 800 665 450 496 765 415 507 659 692 447 605 535 552 583 741 290 286 794 767 221 558 675 718 662 489 787 575 584 647 666 540 793 635 717 704 274 663 247 752 799 800 508 209 656 723 563 391 783 624 469 535 769 429 411 555 683 747 561 397 712 685 744 778 532 750 708 616 675 109 665 736 358 705 153 508 563 533 575 798 427 783 771 751 255 749 786 635 759 790 300 716 796 716 694 681 728 498 800 734 495 472 746 730 359 730 740 793 619 714 448 769 200 796 695 500 741 776 744 561 738 753 586 600 626 577 466 647 407 472 463 459 666 443 190 699 711 688 705 781 272 758 601 540 794 766 466 656 301 796 95 773 304 701 339 212 557 306 500 569 447 785 712 517 562 419 689 776 699 647 779 101 200 761 794 720 549 747 399 577 593 594 774 783 762 532 262 682 185 786 469 765 784 783 653 225 574 670 661 304 496 527 614 707 705 769 626 779 576 654 487 542 669 800 566 164 302 604 319 796 521 125 589 657 124 580 776 378 677 451 693 649 791 528 761 727 707 226 767 490 711 756 311 741 424 752 637 549 259 301 475 579 263 670 725 401 320 756 152 752 778 556 261 786 508 549 597 336 753 565 776 663 641 609 705 669 595 659 797 754 246 623 668 467 653 511 382 539 91 724 702 342 637 651 797 538 746 757 613 537 439 744 653 272 734 308 757 724 702 657 657 736 709 554 722 546 711 754 772 722 751 492 487 260 615 687 779 367 791 564 667 799 445 776 681 771 670 778 495 799 792 692 689 387 653 626 189 314 712 544 683 795 790 221 461 772 557 578 571 404 698 314 465 342 538 546 800 486 461 793 377 744 668 647 659 692 408 229 666 667 539 25 550 732 754 394 648 680 779 644 635 501 294 685 352 710 749 601 671 723 786 275 718 790 774 707 639 104 395 557 737 560 656 506 779 476 213 531 606 736 157 489 768 157 150 265 400 399 697 590 96 701 696 738 798 759 543 315 483 617 675 736 531 467 632 710 703 750 433 581 727 727 660 788 716 608 684 758 705 719 610 518 562 462 755 585 747 575 52 507 784 711 763 209 760 768 521 579 800 325 504 694 701 452 421 229 356 799 369 239 630 374 649 745 449 499 501 767 513 715 729 659 794 438 772 507 677 228 758 459 685 781 578 775 644 767 177 488 462 765 419 426 233 725 541 508 784 786 682 377 591 522 370 746 568 750 653 747 785 243 795 713 774 643 792 632 652 746 539 558 516 615 226 628 581 776 600 750 723 669 654 109 392 739 715 430 784 776 659 187 687 570 257 432
232
192
308
347
455
254
436
523
388
281
456
53
546
14
540
293
366
7
5
574
323
512
327
492
89
110
538
287
196
162
245
153
518
101
365
41
298
345
286
390
57
573
160
318
401
357
427
63
111
84
480
400
199
507
26
509
246
274
475
20
288
552
397
152
133
97
526
276
339
304
38
68
321
73
127
29
588
444
204
265
557
315
146
117
291
120
591
447
211
413
409
572
98
387
267
252
311
465
498
137
77
180
164
516
488
224
21
474
37
237
517
112
303
307
184
285
541
482
228
171
530
221
477
542
382
126
459
193
141
15
115
209
284
457
326
519
420
194
449
198
331
548
511
493
463
116
346
249
417
301
105
28
452
271
161
437
342
369
313
510
464
243
236
48
352
584
419
156
461
395
393
60
67
138
373
150
592
567
80
4
569
222
125
72
213
418
289
235
175
273
2
227
349
96
547
502
587
54
441
467
515
310
205
405
396
195
432
183
343
389
302
200
471
186
378
36
3
407
330
341
123
295
402
136
225
372
473
522
545
259
442
466
580
174
121
484
106
335
177
428
197
62
147
478
277
468
74
8
581
595
317
65
354
263
292
187
521
503
598
107
483
445
64
508
536
434
264
414
114
32
27
230
570
223
25
128
102
163
377
81
75
167
535
386
188
145
555
340
44
454
154
319
351
558
92
332
562
82
100
140
16
421
537
165
279
322
214
460
385
423
283
561
485
294
469
566
132
212
216
134
229
497
270
309
316
103
244
333
348
398
240
565
429
95
337
61
226
334
299
534
440
344
49
593
554
218
571
88
495
451
190
10
356
155
296
350
268
39
506
113
514
99
300
559
40
578
45
479
529
448
306
166
275
56
422
185
86
439
476
435
336
392
178
203
189
143
253
206
367
590
297
415
338
374
501
91
403
215
118
70
22
525
329
424
368
462
358
269
119
109
13
391
191
568
260
328
411
362
550
577
576
208
361
172
157
353
596
314
23
450
207
176
278
219
238
30
76
505
453
233
360
499
181
158
173
583
513
169
142
94
585
179
239
19
139
412
364
130
33
149
6
247
408
543
66
255
500
433
282
122
375
261
544
528
71
494
563
425
93
124
78
12
458
290
159
589
594
426
168
560
11
87
524
251
17
280
416
182
394
35
18
438
43
472
527
490
325
170
586
383
201
305
406
533
399
