100 83
67 4 25 26 12 61 15 36 74 60 78 79 25 37 75 58 9 80 48 55 77 12 11 78 13 71 13 57 69 23 61 54 52 20 35 24 78 59 13 22 75 77 45 11 69 61 8 36 62 6 8 21 24 3 44 36 42 69 3 13 2 17 53 76 14 15 26 6 33 60 48 16 53 57 25 54 3 9 26 22 60 23 30 34 4 46 49 18 33 31 70 16 16 79 18 26 49 37 46 67
54 80 40 66 40 80 34 17 34 25 66 31 20 51 33 31 17 60 76 55 49 20 70 18 80 15 68 14 29 23 31 15 60 56 22 58 37 18 25 11 18 27 31 47 5 58 17 42 64 45 13 3 74 52 4 3 33 19 60 74 35 20 14 58 35 19 41 10 74 16 45 4 36 33 17 7 47 61 46 5 47 34 18 70 29 31 46 52 67 27 56 45 17 60 26 53 60 65 49 33
9
84
15
71
82
98
97
7
100
91
93
29
31
20
44
47
68
70
19
2
50
12
63
96
65
89
49
13
94
33
58
76
73
23
10
35
78
16
39
87
59
11
88
55
67
86
75
95
8
52
1
69
27
92
83
34
90
64
51
66
3
5
4
30
26
60
48
25
36
32
6
45
46
38
72
54
53
85
42
14
80
24
41
