100 76
16 12 18 13 8 13 7 18 10 20 2 14 4 1 11 10 8 2 3 4 7 2 20 14 3 15 18 3 1 16 17 19 20 8 4 19 12 9 12 14 11 6 15 10 16 13 9 3 3 17 6 14 10 5 18 12 7 8 8 1 19 3 3 10 17 15 4 19 5 12 10 9 6 6 13 17 1 12 12 11 19 12 15 9 2 20 13 17 12 8 6 10 7 6 3 16 20 17 9 3
12 7 14 16 18 10 16 20 3 2 4 11 16 2 16 14 11 19 9 2 3 4 10 6 20 16 19 5 12 6 12 10 4 8 7 6 7 9 5 10 14 20 1 6 6 7 19 7 6 12 19 17 3 11 4 18 14 14 9 9 9 3 15 12 5 6 17 3 1 20 3 15 11 1 8 8 18 11 19 10 6 17 10 16 20 5 2 16 9 14 4 9 7 19 8 6 20 14 1 19
70
17
90
66
98
27
85
3
84
86
87
4
95
2
6
65
8
21
18
1
33
24
60
19
9
71
82
11
81
50
14
32
29
91
72
79
78
73
94
40
48
80
52
45
5
53
7
67
47
76
36
74
25
64
20
57
99
16
10
88
35
100
97
44
83
31
77
37
92
69
55
96
46
62
28
54
