758 284
240 138 34 294 93 194 148 14 33 170 171 243 202 38 253 51 167 32 249 95 145 44 26 235 291 93 118 13 239 122 269 227 279 83 78 221 117 289 245 232 264 25 24 161 20 13 217 102 277 113 269 52 101 84 241 111 253 40 40 222 241 294 298 116 237 136 280 96 276 296 217 266 89 168 70 119 57 237 64 217 82 214 269 57 211 27 66 91 290 263 28 154 32 94 70 197 285 17 72 55 145 228 107 40 216 151 3 166 143 73 100 241 101 276 134 94 159 79 1 28 264 19 246 23 154 98 115 223 139 234 23 279 137 12 248 239 74 279 222 244 68 45 159 268 2 201 14 260 134 275 139 53 9 183 2 275 182 270 83 81 131 24 99 215 82 113 50 266 237 187 248 63 91 189 236 37 149 235 16 142 162 104 166 230 244 227 296 16 196 94 286 259 41 218 267 251 86 133 183 21 148 203 135 107 49 270 104 29 163 285 144 21 185 121 152 239 13 195 101 98 101 87 186 25 218 200 208 183 288 282 226 28 268 159 273 178 228 179 221 69 35 244 54 115 262 142 265 73 164 35 52 147 95 276 1 276 141 235 219 76 24 267 152 276 215 32 181 150 2 180 5 42 89 126 75 70 278 291 239 195 34 292 241 233 88 237 298 223 127 250 233 133 171 200 143 220 231 288 128 22 110 181 295 187 226 225 86 57 204 220 192 73 74 193 201 7 20 267 25 246 98 25 225 126 152 210 53 108 251 14 144 178 209 51 84 160 60 208 263 292 140 6 295 227 80 6 231 110 269 33 3 86 88 88 296 211 203 216 141 53 32 43 279 279 257 276 294 74 201 228 7 56 258 108 224 238 185 212 215 288 105 7 15 125 44 252 272 41 180 34 195 77 112 152 284 7 104 183 63 272 260 271 212 92 206 250 227 252 228 57 129 39 231 81 237 105 142 103 183 99 112 208 132 26 1 194 296 120 177 233 18 118 70 95 292 192 217 248 45 31 165 163 285 186 191 19 77 113 195 123 228 29 2 47 103 20 77 248 229 165 17 60 160 200 113 59 70 192 50 39 121 67 180 78 296 70 194 270 15 234 282 268 95 96 238 1 252 77 56 163 253 179 18 150 16 30 143 20 147 20 21 50 275 174 49 136 181 49 119 289 112 114 31 180 93 122 12 269 127 67 40 193 19 109 222 170 253 57 52 252 2 109 158 181 232 94 117 207 236 173 22 192 267 59 178 109 45 85 289 216 293 1 247 264 48 127 16 101 10 164 182 249 194 214 162 201 115 290 203 254 158 253 299 104 5 152 4 270 119 124 79 211 29 259 92 7 58 73 265 257 244 155 131 291 226 76 32 196 295 127 187 141 238 18 114 287 84 170 255 219 87 208 292 31 79 197 196 19 139 191 147 124 77 99 246 248 159 289 208 52 167 207 70 84 172 174 44 255 298 275 121 241 110 43 184 227 295 208 93 266 14 170 56 141 64 299 3 62 191 99 71 204 24 108 275 140 112 35 212 160 198 221 6 99 278 19 13 180 78 139 273 6 136 17 83 45 149 35 94 255 261 25 288 173 32 73 234 36 62 280 234 96 276 19 52 165 98 288 257 12 199 258 175 38 247 4 61 194 176 175 160 62 61 27 90 193 202 290 95 168 283 277 187 165 273 114 185 223 283 16 55 101 294 26 68 250 101 248 201 146 198 235 108 248 127 66 164 78
244 148 80 297 214 199 159 14 183 259 238 279 285 139 300 292 245 261 290 99 149 143 61 276 296 180 183 31 242 281 299 252 287 292 91 265 187 297 247 275 287 255 242 296 228 266 258 288 287 121 291 281 212 114 247 149 296 101 191 284 279 298 300 172 281 153 299 174 277 296 246 299 200 281 87 275 296 259 134 281 136 218 298 121 220 174 227 239 296 284 76 161 70 224 256 211 292 230 169 132 249 263 143 268 292 204 21 265 155 240 262 267 261 283 145 124 261 254 278 180 277 248 273 276 214 265 247 223 179 297 65 279 221 182 258 264 168 279 226 279 188 114 247 277 247 271 241 297 277 295 178 286 68 260 8 278 225 290 167 239 173 295 277 227 260 223 157 292 255 255 274 166 178 248 269 127 196 282 212 223 187 106 265 291 283 234 296 43 292 175 292 291 227 253 292 263 232 258 244 173 208 249 166 270 247 292 259 290 192 297 272 24 277 155 281 271 256 250 174 180 119 121 225 52 249 218 224 211 296 283 237 238 278 212 276 275 245 200 225 252 47 279 56 140 268 207 267 102 222 120 283 186 230 286 14 276 205 290 233 173 213 269 250 281 251 203 257 162 91 275 47 157 99 166 212 80 292 296 271 219 88 296 272 293 123 248 299 298 277 268 295 256 262 229 158 250 234 288 219 69 230 298 300 251 250 230 270 72 204 297 250 129 167 290 239 16 30 285 295 251 249 141 229 141 247 283 297 193 281 32 262 281 266 79 284 253 194 225 288 296 274 207 297 264 260 195 253 143 271 102 141 273 123 293 296 280 264 233 241 297 79 288 282 288 262 299 299 120 202 252 52 297 270 289 283 256 289 238 222 296 236 210 156 289 260 271 291 146 275 97 256 209 122 262 295 183 158 220 185 282 281 297 235 282 264 256 247 277 282 177 140 282 272 186 300 129 171 211 204 187 134 213 253 31 264 243 297 258 266 240 244 126 223 296 295 247 232 296 244 35 225 213 299 283 294 64 225 162 279 180 279 53 271 148 247 206 99 287 259 295 225 287 255 281 122 79 126 251 178 296 245 75 189 260 296 156 236 276 276 256 296 288 277 180 260 29 266 275 266 210 272 207 81 209 97 107 187 124 211 145 33 190 285 278 54 222 213 148 224 300 222 180 234 255 192 164 137 291 160 288 253 300 219 236 278 246 259 289 142 279 140 266 249 205 251 172 186 268 280 299 246 293 298 240 178 153 194 239 289 273 297 109 297 277 133 292 37 106 212 282 183 258 291 235 299 269 283 294 284 271 192 294 300 110 98 286 17 270 166 269 151 243 268 291 216 70 149 166 271 259 248 264 292 295 282 237 213 223 297 248 279 169 268 296 255 288 274 234 256 235 188 297 297 107 206 224 205 250 248 219 182 221 281 138 271 250 281 290 262 110 236 298 184 236 223 228 246 283 299 282 139 252 159 128 269 230 296 243 256 266 151 259 63 238 153 300 278 69 293 197 284 218 251 200 298 172 192 172 275 241 268 268 300 117 286 112 189 240 136 225 290 128 290 260 205 200 170 274 222 283 269 85 291 296 193 173 253 94 72 281 265 102 295 114 62 254 205 294 269 242 208 259 236 44 266 142 106 202 192 200 280 269 249 273 177 225 232 299 199 203 283 296 200 273 288 163 268 273 289 100 68 269 300 44 255 288 247 262 205 269 242 235 214 290 247 235 228 184
513
568
46
665
119
397
476
660
221
3
6
340
199
612
462
678
302
458
581
526
242
145
609
417
710
616
509
269
57
86
181
495
439
561
674
604
197
128
507
66
470
745
71
160
602
138
408
405
28
231
498
43
627
301
358
456
198
384
421
438
521
644
285
416
500
407
226
723
63
697
534
313
215
532
488
653
39
426
427
739
62
599
250
630
5
689
151
309
245
412
481
53
506
400
7
505
106
247
27
496
709
97
135
460
115
58
686
657
336
225
619
261
276
193
596
371
262
353
90
584
580
126
450
174
253
364
178
279
387
565
110
108
344
153
31
434
758
544
748
567
211
467
376
343
123
82
702
112
403
355
74
332
613
328
105
148
489
381
672
238
719
592
668
651
137
588
136
683
610
499
515
527
490
83
49
398
623
664
508
319
537
468
361
15
348
354
393
520
104
471
557
734
271
575
274
357
341
554
536
312
629
349
202
639
617
33
218
504
19
273
109
418
720
17
637
551
91
264
229
337
600
706
291
233
451
9
210
514
570
389
611
220
268
297
512
547
292
217
175
553
208
529
125
56
601
444
122
667
699
13
69
176
579
435
410
446
141
32
307
753
203
646
26
249
740
730
373
718
223
305
281
184
648
749
455
368
318
572
360
563
206
464
107
729
