1000 909
46 37 33 20 5 19 36 28 54 59 5 21 40 58 55 4 7 24 26 20 67 29 30 45 13 54 2 41 22 61 14 16 45 4 50 70 29 53 49 48 46 13 20 13 41 11 4 26 58 67 1 50 52 64 69 21 70 64 33 26 28 7 13 54 19 40 41 59 12 26 17 12 7 63 57 61 57 54 58 51 54 2 39 58 33 20 65 26 37 6 43 68 38 6 8 32 5 43 19 27 38 3 23 30 45 37 49 63 68 61 53 33 15 26 17 31 3 5 10 47 32 14 45 7 65 28 30 7 63 44 53 51 64 34 30 22 37 9 14 25 64 58 46 11 59 17 66 59 28 23 69 51 52 68 50 53 28 66 60 57 41 28 4 24 69 58 26 2 41 3 47 66 12 31 26 46 36 20 13 18 22 21 7 68 56 8 48 29 70 29 33 49 16 51 70 40 7 48 31 54 39 21 55 37 55 44 41 34 65 32 52 53 16 20 16 38 35 67 33 28 58 3 26 57 39 21 35 23 58 57 48 21 46 65 64 18 29 55 25 41 13 25 1 49 37 34 32 46 40 46 32 25 8 31 42 23 56 31 59 66 27 70 6 47 37 6 60 29 62 23 59 16 11 5 13 14 9 62 69 7 18 9 46 46 33 51 62 57 11 30 29 35 46 38 49 45 7 24 30 45 23 33 52 40 51 70 37 59 46 6 32 59 58 20 65 51 69 29 48 25 9 66 68 11 21 31 27 17 46 31 2 11 38 27 24 7 23 3 1 29 29 58 64 48 46 2 7 21 7 35 16 69 37 35 50 31 20 42 27 67 12 36 4 47 48 43 24 17 2 49 21 40 3 59 17 15 68 15 33 16 39 41 51 50 41 6 44 66 5 30 36 24 27 12 52 9 22 46 52 1 66 60 24 12 14 6 60 41 3 10 6 25 11 55 57 68 45 56 30 49 60 13 60 37 32 17 14 54 21 57 38 47 62 3 18 7 25 49 67 20 39 32 62 28 60 70 23 47 22 53 38 15 38 27 59 15 64 8 2 29 42 66 49 63 24 5 20 46 40 48 42 2 47 65 33 28 9 46 8 42 29 37 5 47 57 49 66 32 33 13 21 59 20 29 8 31 64 24 21 62 63 6 5 32 34 45 6 54 63 62 46 2 9 45 32 27 34 54 62 40 39 44 59 65 34 1 7 13 36 70 67 13 43 40 60 55 4 55 50 5 24 26 13 33 53 58 44 41 26 58 27 23 17 37 25 44 48 35 10 5 48 1 44 8 65 15 5 49 65 14 61 48 40 48 38 25 32 44 61 64 1 37 69 44 16 50 11 1 48 5 53 66 66 44 25 41 29 70 67 58 4 46 4 56 13 12 67 65 61 56 23 47 49 47 17 4 30 43 55 26 27 3 66 20 3 52 41 20 69 38 70 29 8 47 17 5 30 4 8 48 8 42 42 54 65 9 58 5 34 69 37 50 38 18 53 28 59 27 48 58 61 14 55 39 3 6 52 44 70 56 67 10 51 60 31 31 57 22 60 42 54 64 47 7 33 43 25 47 53 58 26 22 5 64 46 68 51 67 56 52 11 65 2 28 47 61 47 45 57 5 3 40 30 34 11 3 70 6 66 33 3 18 40 47 3 31 53 56 43 20 18 13 54 63 55 2 11 10 52 42 9 44 60 31 34 66 64 5 14 19 60 10 37 41 38 17 11 15 2 36 63 41 8 25 1 16 61 48 29 49 65 41 25 15 21 11 8 57 70 46 28 31 66 57 45 31 49 12 54 12 27 53 33 24 64 21 54 15 28 15 61 62 4 23 19 61 65 42 48 63 2 50 58 62 63 57 1 17 26 62 69 3 36 41 59 37 29 57 11 57 53 24 44 46 61 12 54 50 19 41 15 55 11 61 56 65 31 14 63 61 24 16 8 49 32 32 41 1 60 17 64 34 47 8 57 40 21 68 50 41 41 29 15 69 65 48 33 1 68 16 14 51 68 33 18 66 37 15 35 23 29 29 7 19 16 67 62 16 47 22 40 9 17 6 34 65 28 52 15 54 17 1 36 11 69 15 51 36 64 57 32 41 6 1 9 19 10 19 43 64 14 43 59 42 2 47 23 58 34 41 3 58 47 28 18 15 56 53 47 22 19 42 28 63 44 65 20 16 24 62 21 43 64 19 63 50 57 51 55 45 32 15 48 4 62 24 26 55 63 5 35 33 18 70 66 56 60 50 69 28 42 11 1 42 63 24 56 55 34 6
38 5 41 21 68 31 21 48 66 32 40 9 54 13 19 4 67 42 70 2 14 5 58 27 37 11 5 29 2 42 69 58 50 66 60 58 63 1 52 8 16 8 32 49 30 67 54 13 41 46 38 48 39 70 54 38 45 60 45 5 66 50 42 55 18 16 37 54 34 38 11 30 48 12 58 31 53 43 49 7 68 5 24 3 27 26 28 70 56 10 60 56 63 48 35 24 47 47 68 19 60 1 19 21 18 52 36 55 68 15 3 52 1 41 64 47 11 63 24 70 61 24 6 12 52 44 52 16 55 24 46 54 3 13 23 49 5 28 36 6 22 58 42 45 17 14 24 54 8 42 63 45 22 70 54 14 69 24 47 35 1 32 7 30 47 64 29 41 59 34 5 16 31 27 4 9 26 37 4 44 24 11 23 57 53 12 30 48 36 33 9 20 11 31 12 11 49 54 67 66 13 68 49 15 13 4 30 26 10 37 13 68 47 70 49 39 69 31 20 27 16 37 23 30 1 13 41 44 30 48 47 14 35 56 19 44 1 37 39 24 34 14 48 45 63 47 28 17 57 40 69 30 29 11 1 33 43 65 44 53 4 39 63 33 39 47 18 42 34 68 19 16 66 38 13 55 9 28 70 27 11 67 38 53 66 30 67 3 29 34 33 44 33 27 47 58 21 49 50 31 34 17 31 7 28 66 9 47 6 9 41 20 46 62 60 58 40 48 16 18 65 20 10 48 40 34 38 49 11 35 49 68 50 14 70 31 62 66 36 6 28 49 62 69 32 66 5 67 35 19 43 5 60 20 17 60 16 53 62 15 67 61 6 61 44 64 62 58 20 24 66 62 16 38 26 63 61 12 7 32 17 5 14 63 70 68 29 68 25 49 51 37 10 11 68 16 44 65 23 5 42 10 70 63 26 63 41 13 66 40 4 3 4 63 33 46 43 30 26 26 43 38 28 48 42 1 7 45 29 61 51 34 37 28 27 44 52 36 33 70 64 10 51 4 35 34 59 45 66 34 39 9 35 42 24 69 70 31 35 14 56 13 1 12 32 18 63 47 2 11 48 39 69 5 41 62 9 11 33 35 40 62 43 70 45 26 5 33 62 27 7 9 41 70 32 56 39 43 10 6 16 51 31 20 25 26 54 56 56 66 23 10 15 20 32 35 8 55 19 63 38 44 43 51 40 44 40 4 48 20 31 53 14 13 29 24 51 66 11 62 63 23 53 26 52 25 56 42 53 1 37 17 38 40 12 40 3 31 4 50 48 61 57 16 35 58 29 31 10 6 50 64 3 67 6 5 51 53 67 12 52 40 32 31 52 34 7 18 28 22 23 59 55 16 22 27 35 60 55 19 60 65 13 21 36 14 13 38 10 28 28 62 9 51 24 10 54 3 63 70 47 26 29 20 36 34 2 7 27 69 35 9 63 28 61 47 22 59 62 16 54 55 18 51 34 12 6 56 39 59 9 45 5 27 58 17 20 1 68 60 1 63 70 34 52 57 29 7 54 17 51 19 20 57 37 34 51 62 58 24 9 16 14 31 20 43 60 60 17 66 33 27 35 63 40 18 60 30 64 58 44 66 43 56 67 38 36 50 6 8 58 33 67 14 65 55 14 37 22 48 43 22 9 23 40 12 44 20 21 20 20 28 60 20 17 20 34 67 10 52 25 56 1 3 19 12 50 42 68 38 5 10 21 5 28 70 25 66 13 12 27 66 17 19 6 13 19 63 68 70 49 12 1 46 40 38 45 39 63 6 63 22 7 30 3 67 9 66 37 50 47 42 35 8 47 56 54 38 23 55 44 23 59 23 55 27 67 27 39 63 15 57 5 54 27 40 8 15 63 5 22 1 8 1 16 55 61 52 32 12 48 14 60 60 5 29 47 8 36 58 39 39 45 1 16 36 4 47 7 34 6 66 64 25 69 16 44 31 70 65 49 14 19 15 59 23 5 42 19 34 37 53 21 18 69 13 61 26 40 62 63 12 40 38 41 32 40 51 47 64 60 45 1 40 10 35 49 56 13 29 54 18 48 54 2 46 25 4 27 1 15 57 29 3 4 54 34 40 49 30 34 9 8 45 7 24 11 52 16 6 1 33 27 51 67 23 46 43 16 48 70 64 11 14 48 20 59 24 66 22 20 37 56 35 56 12 56 53 15 37 31 55 41 48 32 70 39 48 60 45 42 20 10 29 47 68 3 43 31 70 27 23 21 68 61 40 18 22 52 19 35 27 41 37 67 2 67 5 16 26
839
798
822
543
272
365
209
298
470
433
768
111
360
629
66
878
330
714
46
48
408
54
582
763
438
827
756
897
367
734
413
502
718
637
472
977
471
490
176
874
936
283
915
864
546
477
466
460
588
952
171
172
587
25
435
279
374
482
425
489
436
613
921
299
116
624
742
23
221
974
316
244
351
854
458
651
540
443
420
448
358
937
290
146
903
740
280
713
183
205
577
33
429
767
605
191
251
281
665
708
932
63
375
507
965
856
28
10
830
148
672
907
159
99
227
866
541
670
853
468
187
606
384
966
561
42
303
764
392
81
802
772
597
195
882
247
717
373
918
762
699
224
840
92
794
149
407
246
340
56
399
828
720
547
711
780
188
383
59
211
645
675
157
532
515
527
337
139
808
97
777
401
555
483
525
55
876
962
253
380
877
928
17
526
396
73
563
647
566
642
254
574
657
591
499
998
240
38
278
971
268
284
811
162
26
173
134
226
265
933
105
123
342
842
529
983
311
941
872
422
787
72
294
393
832
679
958
996
137
610
896
646
75
674
625
801
697
701
446
640
683
760
379
372
218
851
233
785
68
567
943
327
835
509
335
437
402
600
984
43
257
300
578
945
748
550
198
580
397
242
855
863
901
831
494
994
653
228
980
208
27
970
366
859
94
724
738
988
210
87
797
423
944
310
8
522
884
611
282
114
930
122
766
219
230
955
411
560
791
341
168
356
736
517
557
181
96
120
200
124
14
222
656
990
245
498
293
256
696
790
121
456
892
61
964
44
185
659
259
273
755
595
709
618
347
726
601
735
453
286
324
364
103
949
712
88
319
328
107
145
62
390
616
599
743
334
432
823
836
386
389
126
165
350
969
288
132
995
199
369
581
361
19
455
552
867
686
77
887
663
84
112
774
304
217
214
705
308
464
9
301
729
954
93
627
76
32
919
343
243
182
260
141
524
721
622
956
739
291
215
946
474
129
309
846
576
972
212
266
275
41
501
879
902
376
589
348
888
865
235
979
733
236
963
741
940
989
249
821
986
644
1000
53
431
193
3
514
385
652
306
476
440
634
451
40
473
223
730
69
518
913
462
357
573
953
723
754
106
834
942
31
297
339
167
868
314
716
771
203
497
981
792
751
418
322
549
947
537
263
479
545
689
803
569
184
5
82
20
786
707
196
583
841
862
510
731
571
704
469
784
329
732
987
118
135
747
461
519
548
90
22
344
899
428
556
332
180
684
744
770
838
910
323
520
317
810
781
636
7
796
336
667
419
505
916
551
478
190
669
125
346
213
604
143
486
650
661
531
267
484
381
635
593
690
410
78
15
108
826
156
603
302
935
530
189
98
495
833
83
277
326
262
1
819
161
237
895
475
807
487
680
991
776
403
50
175
58
130
806
950
778
155
931
287
207
179
702
362
454
463
886
861
177
91
535
655
60
870
638
695
788
442
36
728
241
817
52
321
889
938
295
630
427
685
67
804
412
151
891
307
562
523
255
626
276
677
34
528
169
654
820
633
178
592
71
691
795
405
631
959
875
584
706
852
676
682
305
602
447
333
678
559
353
248
467
925
197
719
860
628
415
238
564
352
378
985
843
858
496
186
521
911
536
773
406
441
621
869
594
917
908
614
687
144
693
424
416
745
481
883
900
377
250
4
430
355
371
757
21
703
138
783
216
880
816
553
229
388
503
201
457
575
232
113
39
11
809
623
920
715
400
109
417
967
320
596
598
45
6
85
398
727
898
799
641
491
164
725
354
395
752
439
662
150
445
315
394
837
572
978
961
513
829
37
86
104
258
844
204
506
997
80
30
761
673
894
64
409
13
492
391
649
318
533
382
426
313
948
142
194
136
421
338
850
586
140
871
648
923
585
615
95
269
127
885
700
206
508
973
960
480
449
542
414
793
590
404
239
51
117
909
890
485
70
924
765
848
154
202
982
359
65
131
893
512
133
957
153
639
270
753
331
160
904
992
927
115
147
174
534
664
660
493
2
568
158
101
434
119
264
681
609
975
100
782
779
607
759
544
758
993
192
504
370
35
558
345
769
12
926
976
812
775
79
737
849
617
152
873
