48 22
951428084 1795171 58500161 74560694 418163365 305525737 722237301 834108342 584539888 393261418 239893923 754018026 515711758 234132475 259659399 847000509 89008222 507697784 957346625 238927258 900265442 673475584 154889430 658598516 946519232 183553654 1365166 481570111 730601666 876396290 778314516 183405684 229200599 480930958 61056953 920908945 570847120 464301642 927273010 908476055 133543843 333532713 307852917 508053131 592542316 267699554 710444896 13077493
434722407 7887599 314457394 715001443 190142391 472427025 285923344 205725159 718530722 298699978 699094658 727949717 44252691 451641441 298075123 135333383 376287767 948095970 678675764 680890329 716873824 925741724 130133753 563196972 41299141 380027553 659395162 659587879 830411200 605230921 651320660 490931825 653446894 644039087 757664070 318100921 345609107 892677938 373242740 902290735 961281300 998308342 127986568 623688200 771399546 914775393 834798604 137127677
5
44
40
37
14
19
31
2
38
16
42
47
33
8
3
13
4
41
7
46
6
15
