100 83
63 57 6 45 22 51 26 24 32 2 14 14 62 23 33 8 30 63 39 11 50 44 42 51 45 31 24 20 43 16 26 12 58 22 50 31 42 59 35 45 11 27 24 39 30 50 42 68 12 11 47 63 6 17 32 10 39 62 69 39 2 51 21 21 64 34 68 41 29 13 48 61 2 10 58 20 53 54 55 54 25 27 6 45 43 27 15 63 26 43 23 15 35 57 43 5 25 53 47 55
36 35 63 7 65 27 28 5 17 23 10 20 56 65 51 29 15 60 62 9 42 5 52 34 17 13 31 33 3 25 55 27 7 29 55 9 67 56 53 56 48 69 25 20 62 52 1 14 18 31 62 11 64 32 5 50 12 8 17 31 32 43 13 13 18 61 53 41 36 13 62 18 3 37 44 6 25 70 62 13 38 31 43 47 1 29 37 62 22 2 3 1 31 55 10 16 42 55 10 50
79
63
64
91
68
65
95
82
20
9
54
8
58
46
53
76
35
52
40
81
29
62
50
61
90
42
17
45
73
55
77
97
31
37
84
47
98
67
70
100
66
92
43
44
71
30
38
13
56
14
99
78
24
21
93
1
83
57
28
19
18
88
6
85
11
4
34
10
32
94
33
69
51
12
25
16
75
27
49
39
74
41
59
