200 3101
6 152 630099083
23 64 578662520
109 173 736719826
27 130 334017984
52 194 982235236
42 69 70902194
106 189 159468391
128 189 180852886
48 156 263927966
26 53 351237257
39 119 462433571
140 184 326746444
44 141 894005074
58 67 84855128
43 143 454528008
37 82 314488885
93 157 550644493
86 138 397458955
121 145 982088398
48 196 817326712
76 197 365451599
30 167 966937252
42 107 794493535
76 143 887895187
19 188 536325388
97 118 146786746
12 128 683805785
32 188 445231828
62 192 179147054
92 182 408750325
82 84 580891023
100 119 870726111
46 179 120628496
1 145 831895443
83 183 795819656
171 200 552255275
25 194 474212612
79 165 85585638
86 151 840104446
79 89 103555972
3 67 560875727
16 199 742145748
127 193 435631969
73 159 844651402
160 183 103487528
70 160 646415446
53 130 179082578
113 198 892616241
120 165 299726652
48 183 972151801
54 108 789956648
32 34 317564224
24 187 481199917
2 24 272188512
71 99 590261358
33 36 25477074
14 97 928449166
22 44 680259263
76 168 207399267
36 189 628694231
28 200 245154793
21 148 546242402
77 160 712783736
9 11 234201492
99 116 367772729
134 190 571992612
23 174 745698518
58 117 906576415
105 162 374830960
45 113 334836985
48 128 879856598
85 184 982406628
27 124 986446066
79 140 46906980
118 191 833466246
178 181 438616099
84 102 366294040
21 115 31757313
12 129 61895723
4 65 624735855
45 65 963924143
65 145 487950077
25 39 388800953
3 89 122714416
13 176 809111926
69 121 666426520
19 162 507122269
2 63 744379938
4 127 805944995
43 128 476795562
104 180 929069300
176 184 834788052
135 150 754410079
25 153 277678620
95 103 22949265
109 134 59432746
103 117 769537861
88 194 187069802
5 17 790059515
4 184 942196700
67 110 882377447
27 167 644691752
66 81 346995756
27 170 287629045
3 115 720258633
42 96 870869114
5 18 725466323
41 189 529348180
82 105 961408100
109 159 305407898
95 164 341071827
14 106 534981166
71 174 450298533
34 92 955062357
59 92 648804546
93 111 953584522
22 28 264020331
139 175 913537678
177 195 614865771
66 157 298994883
28 48 391483020
173 193 516932794
38 114 627185740
36 100 190052362
138 165 587506640
71 102 536989283
47 156 444612377
143 182 154550242
24 181 889231221
94 126 126590630
40 62 983064887
121 188 841857954
36 172 721312938
2 16 27766964
22 172 733291586
19 54 416478711
93 112 700626452
42 117 974834260
60 113 899052679
132 157 649630559
157 173 145286731
126 152 684113504
8 20 347066762
75 137 438982318
27 147 542779998
47 75 279916867
102 115 980522114
82 123 649786253
26 193 100278859
92 153 261133186
13 130 638663896
71 136 107754742
81 165 818662792
67 79 477043760
72 189 689974956
33 148 216911802
39 113 98774397
27 70 985454967
18 86 340264272
19 92 290391291
12 57 975685639
149 187 352144150
2 144 295297482
101 110 415564978
149 157 463522295
51 96 25443038
78 165 53589846
120 135 411083306
67 150 427145105
70 116 470099764
110 176 55726050
108 110 119575683
133 159 91732238
144 152 469642131
12 72 135027345
103 123 119153968
53 186 1916186
13 138 274994439
40 185 996047929
105 156 140024441
68 138 840269654
44 155 346924210
109 126 512262629
8 62 978815994
75 108 729879255
91 143 235780682
29 105 355258195
27 152 436762402
12 44 565498533
121 200 316163737
168 178 804255606
155 178 387704245
5 143 294844989
33 102 986167292
97 158 173521653
1 71 967692363
33 96 171645456
14 61 34095333
32 116 651041451
19 20 226166990
4 150 909125122
7 48 809529434
9 15 565559333
93 146 849028352
25 34 857990123
7 123 10824819
25 91 677558311
11 85 660889331
73 85 728504857
10 99 646954207
66 174 115338023
171 199 355765135
145 168 158608844
155 188 402457952
53 185 664206800
3 39 131770639
24 194 907946425
51 189 886987850
82 128 328891265
176 188 197847428
68 121 111975048
4 129 286095624
20 142 232624332
113 145 529889616
28 159 643963222
13 26 243584151
12 83 856422903
101 199 362036141
58 126 864932916
69 200 286031369
191 193 633823614
22 61 200744740
5 69 485369510
46 169 607793412
133 173 914052751
17 70 873621014
89 172 574399012
73 198 660459073
5 108 730270604
72 98 822780215
9 52 569881756
13 115 650628109
38 64 558496909
11 160 741750797
177 200 748895470
72 77 810298571
45 92 533373915
5 31 108778869
94 199 465404271
142 166 189793135
152 167 60654198
151 169 977350687
74 138 519087207
13 125 796408836
85 153 774812816
126 171 918501645
117 160 479219859
83 127 924760104
34 142 718348304
31 158 82965528
78 128 227966883
110 149 972639627
64 99 527613201
105 189 170965611
97 140 442374845
3 101 382661236
39 90 137557600
28 88 975801094
152 172 84776184
119 163 513179195
100 171 166759937
128 154 41692476
154 158 486565858
98 183 73246672
73 125 809888170
10 14 984661301
145 169 183816187
54 163 908241971
56 64 810009926
104 120 290699373
69 81 829855544
36 190 403157754
131 141 757693299
10 132 900129331
107 133 22718848
79 128 703984846
18 180 524175364
107 165 755828267
6 135 369047858
42 66 23554029
29 46 151767169
121 176 230565581
133 169 330813854
18 192 334399658
146 167 261572258
48 155 327771619
42 164 776869255
77 198 984758249
59 166 28503768
55 156 807808271
24 193 321074600
42 91 547366820
32 46 483797700
4 170 924109379
116 175 928899883
3 113 237627752
113 183 872249790
34 95 118701638
59 128 297400883
69 127 805312728
33 168 608981327
22 47 2266934
13 170 417765972
3 68 255106089
64 138 949352887
21 128 230333185
54 183 613230357
5 166 736908453
3 83 650627176
8 197 321516010
20 37 786111605
114 170 723728680
159 186 374416520
93 97 292846858
84 117 293443939
20 52 589098662
106 169 430337907
113 182 267982541
75 180 417504837
106 126 694697123
7 78 582254904
133 193 630812529
45 158 90498930
57 95 831832505
8 132 369518359
109 139 450658186
99 177 890103736
51 86 181334550
68 156 711222793
103 174 154227841
17 100 649237719
61 168 491490299
97 105 343541048
127 169 530172688
121 143 321821187
95 197 716404286
23 187 211675266
27 64 584626119
35 143 873654886
13 102 155650761
137 146 133772026
124 195 968741771
15 87 767617435
78 182 542710552
133 149 497656167
132 171 480157202
38 150 665727029
21 188 251418815
42 82 371005124
15 110 89063528
5 33 144670262
83 158 861323234
15 115 866698430
19 60 623785836
72 149 923492760
25 147 374265276
161 170 205597753
60 82 593095763
87 89 516123848
142 168 549904152
25 151 687829452
170 177 378266917
21 50 426754341
28 125 258703579
4 158 662359104
71 112 517183803
15 168 227860870
96 155 522067064
106 148 192005908
38 153 605180871
147 172 495194801
60 104 998780538
152 160 207706876
7 75 822404684
165 190 166177765
51 132 723002622
14 95 348677214
49 164 316903202
153 182 226532177
25 102 711959606
31 135 193414099
119 150 788516852
21 78 608213146
95 126 670740199
108 178 658626732
136 162 637703233
105 147 21141849
29 147 937430763
40 200 659541355
17 76 367585758
160 195 194837915
142 197 202021297
44 185 13546053
20 71 647505266
106 118 180299359
29 139 260405432
59 111 52422055
9 154 199875832
192 200 342976027
20 121 178245143
71 137 138561198
11 36 786935873
56 131 109392696
146 174 865270520
62 195 118250413
145 165 598441327
88 142 394474641
6 163 835717656
71 153 767547051
163 198 806636923
44 114 79300600
60 164 871374409
3 151 939092450
81 180 959128241
36 80 732633266
5 168 663431921
61 150 594118722
141 142 984388911
102 103 168551413
6 57 846950537
6 55 991930347
3 18 572807529
15 62 5617009
90 151 826474270
100 176 607909559
168 196 805413032
29 151 244561860
19 133 98260690
142 183 703761069
153 191 698198406
172 199 382352132
79 105 93248604
68 108 124484751
8 84 255144051
90 122 749400890
29 135 633538948
56 161 652100685
36 92 448748084
9 195 831892193
66 160 767950760
48 154 901241744
26 119 269036638
166 200 180278635
85 116 738974779
81 168 431054384
125 149 404379103
141 166 583555516
95 195 637968192
14 32 460245694
56 69 275070326
14 156 436990125
124 183 523077075
30 132 899375355
148 176 478357046
16 70 828112266
21 60 627162784
10 104 644587615
36 68 739011079
160 177 779164309
17 59 280798314
55 82 454014099
85 88 443620901
113 120 726943617
63 67 461804678
85 176 672931319
131 191 683626911
18 19 326313975
166 190 83468637
38 135 945896989
38 56 95045593
70 89 44635668
86 93 153975022
70 181 490146892
53 135 119029002
80 181 294891753
64 79 8121161
5 73 11246078
126 195 856906431
20 65 184494842
66 189 729441557
80 199 569623906
145 147 334866518
34 189 441942720
146 147 333662218
109 132 20326363
7 121 496578436
178 191 212426535
53 153 642073976
143 176 437604990
98 174 930675408
47 112 90046992
86 111 790517439
74 187 209949848
70 135 248158741
151 193 971631824
114 119 928776149
69 151 145929254
3 177 117512452
109 192 185954480
23 164 267141571
27 181 633931868
105 134 637649824
88 111 866651499
21 162 615404840
174 185 40966687
156 170 529925824
44 173 70722994
67 189 123638452
72 194 332486282
15 53 185355920
54 100 646664107
8 194 341792686
42 90 16856429
84 148 722274064
47 171 340840302
171 179 755649647
123 184 159472073
54 115 167438483
41 168 477356935
16 24 76083429
47 93 887378517
14 182 926475842
79 153 369068407
20 196 917340945
56 155 193022460
51 199 897325207
126 148 901524019
85 190 924154761
85 194 234784349
19 45 99978210
121 187 595749539
7 20 695804407
47 196 317056586
2 112 571225800
86 148 609202212
18 155 400880536
149 152 674539593
7 84 86903998
52 101 744108807
18 101 12975037
45 179 94405398
55 177 201713810
27 145 47497488
26 180 612211789
6 71 148601887
28 64 390864611
110 137 226680311
56 182 307877441
2 73 792930823
111 179 299169444
34 90 146400234
53 76 905241639
99 108 167492387
47 116 626151837
63 106 247092233
78 148 891111585
60 72 928235520
87 189 700019434
39 79 375748841
128 139 67963619
76 171 748463579
44 142 965925754
129 136 325617426
26 169 509026615
120 174 481703207
48 104 856893585
33 58 493106049
60 92 760911740
6 35 668142603
111 149 474243142
173 178 912124967
122 131 967723939
42 169 80645345
50 107 809414150
75 97 674050151
22 161 987625521
92 134 505467065
97 130 786654991
95 143 63998364
28 84 552283329
76 183 926886356
39 60 78785782
32 76 779647889
1 176 906188927
38 102 916436009
55 93 872574498
48 75 32525063
4 45 320043181
46 102 11847651
51 198 395140174
35 118 263085107
87 130 122917666
39 69 268805088
107 181 829524747
85 136 384622396
150 151 437494981
97 185 967283764
158 190 388717627
61 115 762795713
11 156 84105751
88 149 528365220
34 80 510251159
36 196 920114258
13 188 120484775
36 53 815851820
17 156 210191915
76 139 586972402
133 155 604745371
176 187 341783673
99 153 768620757
48 84 28261276
145 185 998087469
88 112 419896944
103 175 193145033
17 114 1232315
73 74 238734636
58 191 33452197
170 193 871883535
23 141 659405744
75 95 372481143
49 159 889622245
3 20 832522243
74 180 156432207
50 117 786177926
26 145 380599725
125 178 261726677
35 82 607886434
140 168 537118177
38 69 271176880
15 126 76356871
93 95 287883045
48 121 925210278
100 185 628929876
56 66 845046002
64 175 969309896
104 187 486672135
42 78 506470709
69 92 375777345
143 166 199546865
108 130 731874506
84 143 261989537
161 168 845265267
55 91 982952759
50 51 246715591
11 101 349506331
62 173 53056349
85 193 405649832
75 109 390919022
140 143 69726169
147 194 251760550
2 8 171202371
146 176 550991166
18 45 729087046
91 106 680099146
105 111 264137087
39 179 891790159
3 150 158982272
10 162 432689944
58 153 677667267
70 162 142164425
91 117 916091867
135 161 659861044
7 14 503373803
167 177 412208235
29 39 747858268
103 161 883395733
93 118 357632714
82 150 80132869
16 198 803181630
91 170 982376328
106 179 365319842
80 153 942860798
131 194 20309617
18 56 831798315
110 127 47656365
52 187 500979406
112 150 870260502
148 169 450936307
31 193 379111576
78 90 956524677
36 89 145357060
76 184 307722022
123 142 633637635
38 125 974154819
155 189 613874502
12 142 517917538
68 139 912963074
86 161 486862270
19 186 391981467
15 146 480150548
23 113 345393823
70 74 519531967
34 119 9352437
60 143 474139906
4 143 590622805
179 181 810068132
72 167 690228730
30 59 757885634
28 114 973279126
153 167 461423328
143 161 802565510
37 170 560283968
8 76 843546695
130 191 804162935
37 80 423484711
87 139 670614588
128 181 760591935
5 133 421057667
163 191 270288288
3 74 278448586
27 87 378274251
18 22 740425649
130 158 265231719
117 192 226198736
35 159 944198189
81 125 695403716
66 141 299376934
9 175 251838859
17 107 274610712
25 150 463650321
87 156 946787901
53 156 456914954
67 177 77942838
62 87 290697986
150 187 201701694
123 131 368313521
46 152 81911202
164 186 106201748
119 184 215826032
119 126 183974584
162 184 576188526
155 161 552434136
16 167 133125198
59 172 879100586
73 95 115956767
1 108 840314485
57 121 898749957
125 157 483474663
29 193 286341164
176 194 452301092
117 200 729283065
8 12 565605410
151 154 169187970
133 140 580400691
42 56 461054528
128 174 734868963
13 147 358995459
53 97 205354499
91 156 972920613
32 91 812551429
90 108 54580994
112 149 902083466
9 130 306853287
30 111 73144889
123 172 713840584
71 117 976916178
25 183 369215479
120 154 104417922
111 162 727739667
89 158 990305144
106 167 557344766
131 186 710941111
49 113 849933458
69 102 310309678
2 94 702655956
18 167 522473733
78 184 952233834
156 160 23932473
110 182 778009162
111 145 812593002
109 171 643774132
145 162 422397427
77 85 645949793
49 114 312886331
56 144 907463164
38 190 998115146
71 177 306672337
90 150 622211487
58 143 902753732
155 200 239655231
38 162 275768451
92 175 153181457
156 158 643824639
118 141 875693929
46 66 430183191
70 172 749291490
82 183 625046166
97 159 721270896
92 185 744445023
71 130 707290036
55 161 150226406
19 180 155393170
50 60 786724322
53 75 731820800
113 181 244501824
10 186 941594145
99 105 259721562
114 135 113026961
14 181 387068264
21 125 276889090
36 75 594946870
101 160 752653063
156 157 544379671
165 188 153599535
59 122 398999321
64 132 613805398
19 74 6935929
15 88 826001974
78 181 60723289
50 169 557163844
126 176 666093744
82 174 946570169
89 180 660760193
19 25 599110894
170 195 541257807
49 71 804686060
69 194 619061199
130 137 274027075
151 162 728991711
172 187 653386522
35 182 997851575
55 68 757832071
43 196 866168669
120 122 656073505
1 15 454475614
174 198 236302290
75 123 43250106
100 122 920826353
1 156 815312415
43 133 932290959
67 89 445924698
120 151 821121296
18 93 388784650
4 146 60846845
112 185 178494102
108 162 224696601
8 182 936424032
108 189 34788017
37 195 948968506
52 146 112540728
104 134 376893976
41 180 273037842
14 93 449616903
14 116 605954224
125 129 975629918
4 99 70646748
17 42 421058354
66 168 771966805
8 125 388885774
48 158 906887326
112 187 494597347
65 67 361703442
32 84 697055037
50 141 304211260
28 135 835886775
39 123 345148517
152 200 244958129
1 45 114125677
72 162 904693055
31 108 60967902
64 65 594805092
49 185 220060221
92 118 556260479
57 190 378810020
17 26 528062981
4 98 680260749
39 120 465203312
150 181 943599599
10 116 970658422
144 150 770876814
11 25 447588222
27 182 524967567
85 130 940986703
96 147 427848010
169 170 866256650
6 32 530490211
58 148 536223066
95 139 207780635
147 176 510879721
113 148 639993315
41 136 779592213
7 197 170883122
28 196 863314147
6 48 443194520
111 166 760676403
60 175 543482385
27 35 134078773
20 99 817923998
5 119 912180251
98 129 92985617
54 184 820384015
69 136 910431016
72 190 538567271
10 119 415891165
101 182 73842199
72 195 828701180
42 115 632951911
33 183 424786677
82 190 858153445
33 180 744436211
87 113 493426844
171 185 335638829
128 141 282888837
116 118 654075515
1 138 801856317
78 187 768645163
91 174 21513976
13 151 565011221
77 189 968629941
120 140 352117740
2 107 323509682
134 165 393916887
39 46 872282658
17 20 354663999
6 40 371743517
12 41 435414506
154 169 351752664
88 135 498691400
97 191 440805909
49 171 697561613
114 146 484340700
44 110 327240191
35 177 616034411
19 156 679788816
6 116 230703722
124 200 196630191
54 128 444185955
30 44 130899546
114 152 939259504
21 110 256361335
17 81 294460469
96 132 179718244
91 97 15205904
148 196 922966732
97 107 596330639
91 160 256637244
40 103 383278882
80 190 246141941
40 131 839979793
29 101 903384835
1 183 763264431
97 173 417339278
56 175 870278096
8 38 867059823
182 190 987056247
1 150 896570886
41 162 87743187
10 160 816952138
64 174 676254572
79 193 275369504
33 140 372190873
69 188 129539313
57 78 373472821
91 137 661526390
40 60 770195090
4 97 423669973
21 69 743449260
69 97 783301873
115 150 342909345
26 191 78705917
33 61 235805536
136 163 361248082
115 196 292475553
9 81 497924739
122 130 240359444
79 90 890890669
34 76 648826588
163 179 715973650
93 162 884797502
86 174 848815081
14 157 385213077
109 138 607417455
143 159 371294601
101 165 487292225
51 58 186620288
7 77 198538477
131 185 283992147
165 184 320965829
112 138 406446917
129 192 928935415
142 185 976536624
18 162 228536282
22 138 110602240
26 142 978131850
56 112 661945445
134 177 683761334
40 52 824378564
26 75 345902008
125 190 175431278
5 97 749947109
70 153 628682771
119 142 422862118
80 156 944006776
8 129 91638727
92 107 458996840
177 193 160213902
83 153 531659239
18 51 103797519
33 104 956642477
94 193 303958590
50 100 863943634
32 64 773883205
7 102 311905477
57 139 332741272
10 137 884363650
68 92 88366661
38 122 892285443
42 109 940185744
49 118 790767351
148 152 346899391
31 149 467232177
17 99 854360369
3 38 609759075
86 135 729294261
110 153 190607243
39 41 879173400
179 199 300979116
77 147 307825919
88 123 262611521
27 62 683426039
30 50 762410222
88 125 444103114
71 195 72009720
58 127 159095828
177 179 749739255
35 108 506227733
135 166 512606922
87 200 697910471
131 148 805072074
47 191 631375922
7 152 978686785
92 130 216459007
41 195 136020253
20 79 264421707
87 190 995346144
10 41 74902206
34 192 620920026
88 148 125348315
14 178 471640730
17 27 768471192
127 140 160295329
86 113 69699633
15 46 925639001
78 154 152195640
39 172 197106245
120 157 381540081
97 176 819125880
10 59 767656668
54 83 937373515
27 162 468333970
60 66 121008202
24 183 625475540
79 137 515577198
42 57 986054880
17 124 904137873
67 92 676466438
37 114 407538205
45 145 958100859
71 184 236214023
169 183 29766509
25 36 520950267
158 197 81178711
47 173 958949848
47 189 640407446
14 65 332222303
21 76 551650619
118 159 58901542
17 166 633418273
43 138 999983314
52 199 618088258
155 181 131859588
31 131 675776582
1 43 936071571
42 133 110309724
181 190 219088252
97 129 184434253
44 152 281598998
42 134 294140622
158 176 826189833
15 173 650591253
43 57 771867264
85 121 727416750
66 173 587418653
125 159 852815758
151 182 310587181
32 178 199415656
23 63 530776349
64 104 585136447
75 107 118163243
78 115 715143484
52 73 29452896
60 172 514380992
98 122 980733628
74 116 55940285
26 101 351965107
91 166 979655489
97 135 155258328
94 133 312729171
35 88 308548055
121 152 82482178
97 151 633943209
77 199 811199418
15 128 455633666
36 164 998990553
133 142 550552588
54 94 196398209
95 133 644311898
67 91 151190703
127 135 427605015
42 121 796581516
21 99 286089085
18 108 948708355
95 168 426535565
34 100 309648531
31 119 706518268
19 30 216182117
73 194 142017388
25 96 330474144
82 147 220205787
116 147 725518332
12 67 578057568
74 178 507259029
38 143 277316627
11 162 812206081
146 166 805645901
138 194 483126436
29 62 940633617
78 81 616534850
68 90 735689
60 122 446112213
39 164 954840372
41 72 338067360
13 108 337005470
138 154 257526915
72 122 168363858
105 161 263983505
28 198 331685453
91 175 331278559
40 94 462784052
38 62 547913886
21 178 552938886
8 37 267939180
191 195 957143061
140 183 570311654
29 114 237316274
60 192 218931585
142 179 593491495
59 148 166446746
61 92 637528937
29 104 503319498
16 20 638632718
68 160 340721279
66 76 60439548
40 75 106107080
103 162 857368418
46 124 487231087
24 86 517819884
66 131 976735564
16 31 703383090
17 136 297998040
166 180 522812528
33 178 585697024
72 88 473016188
11 171 679844923
38 186 151713524
51 80 756394206
8 85 190393526
12 157 519713710
91 120 529906581
59 66 90596278
93 186 403279688
84 129 198977883
184 188 354084773
25 52 495803565
16 30 427391759
92 106 982115583
11 128 286213677
30 173 447265721
54 99 850179292
56 149 62774380
126 141 362033254
115 198 849872934
107 112 636209395
16 184 984775687
17 66 795880511
18 113 549622036
76 105 267633037
29 88 960873290
106 156 68701915
86 134 870374902
148 182 199846230
26 83 146957635
59 89 927477008
101 109 40985876
2 159 959644655
52 66 580118291
55 70 163349480
4 166 758266890
49 100 175509613
115 192 59185265
64 196 305089315
109 163 630961223
28 79 777849816
78 161 997811749
120 125 98069940
15 36 610691471
79 123 371485101
110 168 148416141
96 149 75270208
55 60 759008378
34 62 887835741
121 184 622370843
165 191 756982178
9 200 404585202
97 117 838740428
96 99 355810772
73 76 324262762
153 181 510249657
34 148 409193938
23 101 21777362
66 67 110146649
81 147 281081825
100 178 743531197
18 87 688069572
22 131 386949862
46 52 185590609
20 67 622448590
98 125 492087657
27 160 322485692
119 168 886908231
63 177 496898487
114 197 881590041
51 128 293769274
1 133 266538961
39 167 448672547
1 85 802797628
67 200 797909233
93 174 950550866
107 143 259195182
148 195 282861008
157 165 997455402
116 153 112652036
92 163 353819625
174 180 449178343
78 135 689793630
36 150 159153008
139 178 999536344
7 177 629407526
16 92 848243899
41 199 478795511
48 134 694502771
73 163 635988296
33 78 922342822
21 147 136374861
134 187 613655976
35 173 355616153
55 69 767129907
5 127 223551224
95 123 502716503
21 80 545610876
9 44 117174191
84 183 454003157
24 153 620840917
10 121 248459494
68 114 380958743
56 141 373129108
112 148 13937258
136 192 337687776
94 167 809546398
143 157 719788855
30 56 212784339
66 117 491146760
75 118 875957547
137 163 425502359
22 184 384442048
28 168 232958480
29 42 977051096
9 112 608022239
126 188 403100503
59 114 331559230
100 131 916333428
53 73 643649295
83 160 964656559
86 125 805945067
51 56 891890690
68 106 248619130
15 82 987078486
166 173 962493444
37 194 663563576
86 186 456717128
27 65 954580684
42 179 837417868
65 177 17065217
51 130 152764149
31 111 903141894
65 183 642350360
58 123 632248316
141 165 684852432
31 140 400781548
105 143 349331281
59 165 916301306
6 99 428647549
90 196 516066266
32 70 893071478
70 130 595359875
27 190 796004468
27 192 191057955
35 81 79423703
11 22 675113298
79 108 952228479
28 81 960291977
127 163 217657179
43 114 867354325
78 195 644985920
23 153 942382535
15 179 361071611
68 141 792553646
126 193 485795240
33 167 378820872
32 68 278890565
24 150 823378996
77 142 326451073
85 96 907655788
30 138 422457818
113 115 100407539
118 129 416786918
113 129 763374474
101 131 971676912
196 199 50558247
73 103 657115334
7 185 19543017
12 93 621682896
54 145 16808517
84 175 717038180
28 104 252121989
29 91 176360025
45 83 335420787
4 114 912582617
26 173 678677329
108 138 387239547
9 121 592769547
13 153 705771409
87 177 235085743
113 177 378660029
91 134 256209948
15 114 198805450
36 93 689541881
36 159 916805560
23 93 893940457
43 123 142338328
152 185 926206460
172 184 96349594
82 110 370781544
75 102 871423716
88 154 806090360
5 83 398018212
159 166 492141763
74 132 382397416
12 71 334579105
144 173 74142124
63 198 613681371
94 154 184793780
75 126 948137121
116 189 658074268
136 199 109429440
16 50 735171117
53 55 220920083
47 168 892560625
64 152 37443898
4 144 217220616
97 193 906414474
86 154 145017405
45 53 271819076
87 119 444200787
60 153 550279688
28 96 707001509
49 54 329977995
48 61 414842605
17 110 300854919
111 180 539546979
125 137 222674931
6 172 509428233
49 82 49036148
29 102 211372357
117 180 484172306
57 196 514133167
27 197 856142382
138 188 59878188
75 134 872789939
15 58 713925179
4 159 198822284
51 66 187917454
93 182 925593173
113 117 373756892
17 93 515956308
63 155 751575029
143 189 80225962
91 169 770332438
53 138 403188677
98 185 876190078
132 153 153564952
57 74 518271553
47 86 921232398
31 76 867062619
51 151 390653499
102 159 730059015
120 136 994672852
103 176 992215633
77 170 519067489
16 190 216636650
141 188 684991920
37 184 776483387
85 113 215823628
38 175 855345084
101 149 211574447
84 128 679006341
161 190 927155060
18 187 778402852
93 131 535583440
52 72 786976433
124 140 624594179
4 141 106276896
63 130 227309194
95 138 479174870
68 177 414281943
4 171 24954750
49 138 627446851
60 64 396397596
17 184 296889155
74 118 414506081
55 200 333290201
82 176 230600001
81 139 268002894
33 126 664138690
16 96 703772701
32 66 721042199
118 182 303138354
57 145 162459629
26 155 822233428
70 136 376300291
87 120 976577502
35 64 80050432
20 90 34127285
64 154 355802496
44 49 762413429
32 125 86756719
129 161 840035565
132 142 162215066
48 179 739830477
11 189 35230851
33 94 1561501
65 172 798043252
45 152 81590257
72 90 114109654
98 199 139085787
45 76 528329666
49 141 477477280
78 198 626481368
28 43 176682925
42 125 928610895
139 182 681136075
115 134 334868301
55 194 706811281
4 16 937535353
75 177 80442906
92 115 351017421
37 88 987036920
27 110 743637168
74 182 973384296
9 128 137723715
10 197 41680070
36 47 904596987
104 153 626250051
114 138 622665327
133 196 45840852
30 161 835071602
137 169 931287149
24 143 317502564
34 47 399118703
52 137 845307589
161 189 870725470
121 125 601733386
28 128 299012566
125 174 885019059
4 27 190365631
141 176 830373789
103 187 607498943
11 195 547542164
29 130 446384112
98 143 690932012
133 156 975941074
8 200 252094416
88 124 419242883
97 199 746921243
116 165 464495405
16 160 62652774
48 125 597640126
101 155 482026913
71 148 751480798
122 176 987792230
18 26 744205853
142 188 33638475
122 159 758410348
18 170 111315575
53 115 700322511
2 118 306148983
56 142 340838735
166 189 897410130
86 112 467875636
41 44 621765594
24 64 418567027
1 31 37605956
106 132 2767461
55 175 152243963
102 147 453974202
15 81 180230576
69 184 40037292
37 42 824559029
114 178 449503350
23 176 116738699
156 167 371053831
1 65 573622201
27 108 35594227
109 135 524441055
88 97 348990889
29 31 935209226
142 145 833999083
113 152 859497544
15 69 502767226
173 176 74987135
88 98 84365840
17 144 864010362
74 129 482506898
106 133 139418692
3 65 125326725
27 169 435733945
85 132 203571138
7 103 523081305
143 149 985847141
14 96 830543967
22 33 391892235
62 138 326583569
60 165 720952379
83 117 517409369
62 80 999319332
37 199 434923925
28 185 607569288
106 146 600867243
96 141 68642552
117 153 627192415
8 57 110554689
80 122 912101096
48 149 973574182
139 146 265199551
69 112 452015950
103 166 438819770
42 191 634048384
101 185 250109529
145 163 90237453
104 167 801177952
33 182 666086284
36 163 616412581
32 104 655271628
108 163 982091051
94 161 222097158
70 104 115350638
73 192 109893458
3 147 767052544
26 139 880810844
13 57 57694548
36 131 386788695
7 70 381280217
6 49 329298736
95 145 220275530
47 169 626597127
27 66 991056452
159 180 766304986
112 114 889844248
73 120 923425155
19 182 729749218
102 112 316844260
103 130 657540314
166 183 274526047
85 131 666258665
57 180 969148044
14 120 904351359
42 150 997504805
119 164 178619555
109 183 597133381
126 191 885858379
126 197 655886289
112 169 229087725
73 190 494714422
90 121 393530453
40 68 539296084
95 116 828062393
24 188 59299513
85 198 343363082
5 189 643526418
92 169 345974668
120 131 995487965
99 136 957566120
126 153 45772387
65 82 706385408
110 194 565254373
190 192 215235524
24 105 87968021
94 141 426345283
33 34 537957063
69 186 495757252
119 170 702075368
107 176 719577239
30 71 550855854
40 84 227244646
108 169 9331985
38 163 796742608
41 111 303706489
56 196 440255288
121 142 578541240
93 175 419407833
1 139 3911993
58 121 825508381
67 152 556216186
64 173 553905455
44 105 903069111
10 76 739201486
127 178 323172583
156 176 159702628
126 155 900320491
61 199 371608150
103 170 745375749
47 130 999530653
30 75 533401478
87 143 145608085
50 161 579912139
27 102 635619349
37 86 625859945
101 198 596142015
6 138 479394727
29 120 656200856
41 153 48972844
80 191 506289114
91 151 918983673
125 171 350557193
1 97 774962584
38 107 195652163
53 84 241277589
14 28 466213084
129 144 840751149
14 166 450798378
150 168 840774981
30 62 934380188
28 101 820845981
80 134 539120401
28 60 336712773
25 165 659057766
87 157 1902927
3 126 883963729
102 109 349079749
149 165 244787052
71 141 632242909
164 188 24291988
136 141 281232235
25 171 472305524
111 129 749593238
18 116 935034204
75 81 728094926
73 184 833227607
130 145 55721469
157 193 762585723
62 117 715513340
128 136 888064386
49 175 224302152
48 50 623311257
71 158 567635701
114 172 282956920
149 163 249892578
69 107 160851378
31 199 985035565
22 52 336555853
33 188 378427881
44 165 879455637
73 117 172027406
7 71 60611117
114 159 710592688
59 131 819648102
39 43 846016884
49 58 893229779
28 111 930437182
89 147 505577500
87 128 49448495
50 132 660649746
24 195 646225358
25 95 96033796
7 200 576322180
99 111 381358928
45 55 933384013
21 119 293042492
37 112 94413996
3 5 201061638
20 66 194626527
97 106 722538297
22 176 561010516
168 170 147273537
121 129 27716187
37 72 93490241
3 53 648298524
50 185 309663012
32 73 725433802
85 93 620583410
99 155 123506712
108 188 743588452
84 165 56464876
166 188 219272633
137 181 292215890
24 50 135178698
12 109 912482227
32 58 205744476
141 198 309313093
60 160 647672245
59 196 414348229
124 161 220711793
36 69 261568100
30 46 128390293
42 97 502025982
74 171 463202788
9 136 445080209
14 200 783674225
44 83 910074604
26 27 905046645
10 100 345350310
42 194 964756066
50 142 451651665
30 109 140491575
132 149 455606000
17 176 751187734
74 89 116331429
103 164 680082707
8 189 816623790
9 71 310757710
102 172 673938322
15 33 644140611
31 173 989116566
18 37 170365280
103 125 687795574
10 24 768882391
140 172 741736785
44 125 865899189
27 171 824395748
63 118 776976179
62 111 330921979
88 129 179386956
3 43 382767907
45 62 734967951
22 136 213199012
41 119 806853942
11 153 786839469
157 187 392312694
52 109 649063121
23 47 929501976
54 57 94923954
155 162 72595016
122 133 868852731
13 72 27140780
47 131 820010131
3 58 504326584
138 195 612295182
153 157 471776832
14 107 323414887
101 181 295192910
55 123 596578284
86 152 68896821
26 29 17357689
55 109 22733285
33 176 510945768
95 189 69057921
119 182 586106311
102 175 121999406
64 160 16135244
129 146 461940270
91 141 574099589
113 190 177108780
41 179 602812371
37 76 802469336
26 56 801655192
57 126 660278454
135 182 759738415
20 175 141014067
59 116 645140764
37 103 875529721
112 143 961986692
6 181 634876803
63 176 791767519
74 113 754388467
1 24 474975723
20 108 869411107
153 178 461189603
49 129 174959097
5 184 507581424
74 143 982013951
4 115 588293344
132 194 92690994
97 172 844039957
139 143 384173849
143 163 460782271
38 148 631357977
4 147 758369101
96 195 636759047
25 75 287942688
73 132 28434174
128 158 454009473
24 125 386001267
7 173 598729941
128 173 304767110
149 183 208186127
73 164 726356890
168 191 510448741
48 100 903545639
26 163 212558405
37 178 657902286
63 158 301884554
66 154 530507949
12 66 36198634
77 161 190729204
127 192 480204211
43 92 577791160
32 169 206208950
83 178 859350791
74 93 921820035
39 111 103360315
38 197 370202070
17 46 551159187
14 151 193899344
41 59 843160831
48 58 320085865
6 179 45266234
106 182 140529829
79 186 479129118
85 191 602805253
4 157 659070003
3 30 28937664
144 193 218337416
73 186 407831858
145 194 688896454
69 105 342656532
42 124 86055041
18 30 943138541
132 134 264360145
13 15 451328200
16 135 464458529
2 147 479768103
9 102 553162310
102 200 73210679
35 192 96184531
70 198 93801284
67 178 160530858
12 126 619796334
14 33 214598614
84 96 77897885
18 131 282663320
2 48 990184114
144 155 278836415
11 116 511073534
5 176 877116988
55 119 117289975
132 152 548969205
129 185 250104360
39 106 599624153
24 79 331598953
24 83 730990900
53 181 354746704
149 200 605860164
102 168 411690983
40 148 483753995
30 191 685636510
53 70 41639526
187 196 932483459
24 82 535498334
12 30 870908592
132 155 398919357
1 191 999397891
180 185 34745828
83 137 449222420
126 185 283010011
13 143 708268131
140 185 340146601
138 164 838313681
16 90 278862310
83 126 68304977
8 67 929143438
29 98 857828319
70 76 640650775
29 92 500007088
6 137 111299012
25 110 677337258
53 57 702773051
108 174 277736982
38 42 788468565
16 84 575889555
56 85 233619509
90 170 930951501
125 136 208784539
13 42 982305391
167 189 938259578
16 168 276999637
110 126 232000711
21 120 727865606
23 83 870575763
36 161 103602785
71 189 278886235
76 90 435050389
86 167 636422302
55 162 963258198
90 197 765247664
4 182 835823181
54 133 490943694
47 195 841618255
107 196 956960369
104 165 185577169
78 149 708831719
7 183 208589723
12 117 512365598
2 95 867518140
4 156 717696451
94 183 881455805
90 176 171499403
62 71 966214169
43 91 40341455
76 193 565164779
54 67 54793566
39 193 165559273
108 185 967863182
175 186 535248528
45 99 172219796
140 142 967894689
60 130 470765845
53 142 776664779
68 73 777834492
80 152 68638889
110 187 764267917
12 89 420828142
81 182 508773050
23 200 751854814
79 147 548360117
88 145 399682559
43 161 691324614
82 172 737484560
81 111 683169886
151 199 918968122
8 120 464993899
91 101 930158213
1 92 36158701
141 184 393957517
81 138 330980808
55 142 691892852
8 74 317628892
37 102 989029402
66 103 520578386
120 152 445398155
129 131 540935992
152 159 799298489
107 183 187429456
37 90 375679850
96 157 368028964
66 134 814172531
77 83 180299614
9 55 465903910
8 146 193743446
28 136 959411720
127 190 796795115
116 196 471929799
20 197 943378581
66 186 800020842
12 140 702251962
21 168 33551305
36 183 954251073
78 84 548798784
3 124 292946789
45 47 283870367
8 104 71847883
154 179 519412580
1 83 868524757
77 181 820929323
49 65 571782200
73 78 124770405
56 184 896674507
65 91 534360648
154 159 127234466
30 83 64130054
47 147 922124379
129 173 826170177
5 187 797864119
80 176 114827709
33 172 969824620
75 77 400383062
72 93 208982072
69 139 557418293
34 113 627032377
178 195 369994558
73 119 979318651
10 85 94362316
62 113 782179538
2 56 134018976
31 100 417777898
16 87 663333398
1 55 997066140
40 125 821983641
35 167 284433538
30 169 624665176
36 170 507024845
53 155 502389817
117 197 640998997
163 194 637006093
30 70 350592753
117 134 963249669
63 131 749984520
124 143 867708517
43 181 473572456
52 170 982840183
48 67 502329430
140 179 151381953
138 142 751113701
15 162 329051001
41 108 449850763
144 171 17577016
35 92 670031856
145 157 924488174
154 183 562529801
66 167 579203862
37 70 292826213
70 147 951636522
148 165 598811078
72 99 331382871
122 126 183835379
35 121 518677876
20 119 416643020
158 177 731702064
54 112 369155999
112 146 761005963
6 184 812697785
129 179 184618119
67 106 961786686
62 175 486073118
122 165 317857084
161 179 642647414
46 114 715455486
9 153 564314707
5 25 762117790
25 30 63052748
7 12 934870493
73 121 624538945
76 162 765438774
35 155 917484171
150 189 870331184
23 41 337333365
110 124 400866548
70 95 411437675
20 181 294532894
81 99 407228785
8 22 904754135
109 117 959306326
15 35 330936867
115 118 490225448
64 155 840200311
48 115 334586858
89 130 564142734
71 82 10357892
30 39 375353468
82 180 28840954
36 41 853001986
105 194 190515937
81 84 397511972
5 27 785168141
43 158 593218809
107 195 389728399
32 126 249392065
37 81 29943774
36 86 155868988
162 185 760465235
98 150 144254009
71 186 758940634
72 160 633640044
183 194 185895142
62 107 223570821
77 145 586667941
26 153 421199741
28 124 586321781
90 173 143003698
44 187 649400213
61 128 49045557
94 176 280120351
79 96 838886115
12 182 822817845
181 186 842962866
85 156 758863226
69 75 378826956
42 200 278320324
62 166 477991649
93 145 734310927
56 181 680139833
48 127 654152628
52 176 660425992
10 154 682629337
53 126 32215813
90 145 6672171
31 75 761332285
170 191 898809802
7 73 185162019
8 176 373195653
114 175 749770220
86 150 176642631
31 121 760105753
63 156 538814928
21 149 859936596
57 158 443829671
31 55 234193536
28 74 129832014
19 115 618241547
61 72 378179511
104 160 576782981
69 108 780138231
28 132 201864822
124 178 356329273
43 178 254471787
41 43 611926516
19 170 490491986
129 133 503225952
5 100 200370695
83 196 524966437
84 138 357897518
53 59 54010197
64 80 85513795
4 84 527906204
49 151 750128366
35 157 107537078
55 173 409389979
159 172 193582624
99 147 749999690
144 172 14960146
115 161 21690531
55 61 508314539
96 167 344162124
115 116 904947310
19 121 860500095
60 197 585326828
184 192 956864470
59 150 355143875
86 136 934067049
7 95 145772998
51 138 980718106
62 186 81198717
77 99 892331822
166 175 989524431
77 155 944191264
54 120 757673981
128 157 972806065
123 133 749067986
124 166 850944323
9 152 797183256
39 188 862034791
107 154 410316622
4 152 904079028
132 179 577165207
93 189 904246234
33 124 43024628
103 129 662066166
185 186 179336629
48 88 486112807
27 97 984701228
28 137 713896032
10 156 543573668
3 133 746633599
16 39 18983825
127 173 190995102
123 149 758582536
36 167 264863145
65 125 537875568
36 88 126879537
11 102 102451578
154 170 969582462
70 189 608622926
57 60 946603242
4 177 603463430
7 31 540940652
19 129 905960287
15 63 148918131
151 181 599379373
62 120 437287412
15 39 354923023
59 86 44281798
96 114 672915684
40 78 815489069
86 183 183203709
80 162 630304435
63 172 612472339
46 155 299155006
5 165 594242299
51 123 230708063
52 56 910247192
47 104 964863975
127 152 662944656
62 103 638109120
139 141 231545537
16 162 553509625
108 182 230175862
40 161 885279010
10 67 924700501
80 97 170915801
22 40 296808348
62 174 228785828
38 144 978317580
43 70 856199169
3 142 555034660
40 98 370570684
42 94 278084242
108 191 977042047
33 159 713786086
112 180 506345135
8 166 487430536
69 96 484493941
4 108 597019884
132 160 787858714
36 124 735350019
59 77 512286103
120 129 635104756
45 154 588719724
3 170 895725579
8 56 193178800
29 35 22290673
24 115 65699433
129 193 12723229
25 174 766896669
130 150 815759498
79 145 235372456
41 49 719126954
4 168 493911632
73 177 582227354
118 145 872928790
15 178 244572310
13 172 500964430
90 106 815569838
80 99 953433458
115 199 662892218
127 154 253529138
64 82 122686858
107 152 136460750
51 148 117209186
59 149 303167400
41 185 252515237
20 122 532743700
118 136 958067919
18 126 123410034
8 52 731318952
78 136 259352703
2 71 837465782
19 137 262511847
81 83 773426674
17 132 679473438
35 144 492783807
57 147 251134575
134 153 226521623
61 120 895722068
175 177 594409991
99 184 109101064
55 127 135623516
65 155 220224859
20 123 316429982
142 176 944444100
10 145 634900541
28 142 106846908
56 123 445824522
44 87 537752649
101 106 69708264
45 105 606539480
89 127 880866242
113 176 869519695
8 188 450477247
103 152 190975586
48 191 571616180
59 90 117367334
36 160 439387354
46 168 610554595
63 186 194793152
123 199 226668333
96 183 396588163
81 105 646033717
42 119 790246715
50 139 389909852
103 114 183255224
2 124 556920329
109 113 758890349
37 165 485167291
141 169 654282156
141 147 646625377
135 188 443652627
61 107 732117225
61 134 753860934
2 135 687105046
53 85 956788957
32 40 127886742
113 160 737932192
110 193 350798931
1 89 92377841
83 174 555175177
137 155 234989449
172 174 713145880
195 198 65069927
111 164 370661530
79 148 933048068
102 120 731017400
30 195 273736138
13 178 893946169
54 80 280617927
65 191 267819611
117 175 508534429
152 195 55479270
95 194 291111357
38 159 547921533
34 37 467634644
94 188 75468854
100 114 228816772
123 124 124253293
7 92 492305751
7 167 801453781
10 185 483890416
84 190 977824719
30 64 435509635
6 84 102840830
65 176 747682694
113 162 993140506
36 168 352585640
53 66 429769221
28 154 977855234
89 171 520946715
143 194 292139148
156 200 782235597
77 167 760956881
54 61 346073201
5 98 724485862
12 74 236463442
15 52 861276056
153 200 317217806
19 42 854484964
92 123 207393
83 199 647664555
71 107 327452092
36 71 779266981
94 134 615235547
85 165 721360790
6 165 657215894
148 162 416445888
10 161 753287350
72 87 976542104
39 81 378835850
57 153 813793212
140 162 744851451
22 152 43214115
5 125 43758046
162 190 806717846
51 158 42057353
128 179 263387486
79 169 467360680
18 144 573809214
26 175 270854481
47 133 184185251
33 90 582671189
65 139 251937817
107 174 397130200
92 186 787660801
155 172 860539683
51 173 705314176
27 75 129433784
34 158 141090234
60 95 536731558
11 24 389813056
9 183 896699935
115 177 738324934
75 131 967016519
26 79 40732441
67 194 555243086
4 76 664670031
95 166 780008384
60 155 96005183
138 178 487743515
26 167 480881203
70 106 182219425
71 157 5702108
13 185 766585199
45 166 204148102
162 164 116762575
68 183 871736204
98 169 365632969
80 192 93310989
174 193 518544127
51 169 218944479
11 127 571950266
25 155 317939907
70 145 910181183
88 133 419384026
77 127 849437799
60 94 856467288
46 118 377495918
124 153 551453814
6 56 969207306
89 167 504314541
8 139 611184319
94 100 232600352
121 130 705353329
35 37 808701273
3 127 958996282
101 173 518019128
7 112 905771134
3 117 282642471
19 35 337349691
97 156 694157458
10 49 540810149
121 153 187341462
101 141 910543601
19 150 590904567
80 166 594094705
47 152 389621079
31 117 872188640
110 133 273609893
149 195 679967487
32 72 553767635
131 189 773191776
71 131 162856907
60 159 512800641
7 134 975875491
11 177 190867739
86 187 453895694
103 159 82893500
103 169 910696726
37 147 953297555
51 97 494701319
56 136 548673162
1 62 567642030
32 120 415304858
45 146 554721987
82 116 673946201
8 29 294141859
58 145 438618583
58 79 346961473
9 179 210992043
67 114 438191454
61 78 807571016
116 191 776348152
82 92 658227348
114 161 258972671
21 51 445092795
17 154 606045262
7 40 992252479
24 68 358556632
91 144 526783059
144 176 403540514
121 154 175940969
148 155 447964400
84 142 835067145
51 195 404093763
115 185 686867172
89 133 973938562
51 161 735204905
8 65 503236854
65 181 734948886
77 143 791299707
100 200 167593937
3 116 894178932
38 48 691567479
12 187 263129599
189 196 173744757
50 129 903557993
6 197 148281623
38 74 970852836
72 182 470721886
104 177 76012663
88 182 786056981
7 50 694329397
86 155 265008934
59 182 595166129
53 86 387039273
85 103 567833520
22 185 606676029
100 117 827208480
87 126 819549211
34 65 748587593
73 136 509767527
51 192 718027586
27 157 224915529
146 149 998169509
103 198 276439100
67 198 316225413
8 138 593872933
43 188 917779872
6 91 262993319
144 195 74509521
104 123 54034357
98 186 832568007
71 200 268899944
129 184 23450619
26 84 959598610
22 153 617267935
10 91 575226770
3 168 559051859
40 74 268358121
5 122 681837404
30 171 657293581
87 98 451034135
7 136 402312701
87 197 431686635
82 155 468613653
99 126 731892477
11 196 127670691
153 159 543627496
39 114 486340025
138 159 677404333
12 42 483800388
77 94 355435496
116 146 463529309
149 170 352483653
31 67 623417566
50 95 648338993
100 145 249385272
7 199 115826131
44 183 620739716
98 137 351152445
17 189 515759831
99 188 564989150
21 199 12640985
78 139 23060283
108 155 201169816
117 157 738640094
91 115 509934489
83 155 931698062
92 156 419656496
30 128 945615039
119 127 729930769
26 92 773892940
1 58 283727910
52 152 278412899
160 163 491656610
24 76 661406144
62 94 916180565
95 188 464789277
58 97 809695810
39 152 373658344
171 186 872302
86 146 506462774
59 185 983268602
1 60 370113527
140 145 492583795
41 76 363947883
110 152 952918121
34 53 642572244
18 114 210687294
106 131 714294125
158 169 434096959
12 194 710264730
40 141 749540088
157 183 664305248
10 26 606028483
15 169 735993110
17 129 720749218
110 141 870544476
34 180 842110798
109 156 517092172
2 162 17581199
128 178 479085039
21 91 700334286
131 173 778361075
21 49 321365992
102 143 477704858
89 156 572937540
5 30 413528820
61 155 747064103
141 180 70491983
22 137 650453830
13 109 331440366
80 85 187362972
76 176 569316090
30 143 457886334
134 172 779429301
8 177 123594987
145 175 589960437
15 48 885386280
133 183 951255503
116 200 483426188
25 54 654643601
162 176 651188632
22 179 307372534
23 112 217117002
1 126 824405652
18 140 69861042
17 168 515365272
65 135 212334789
145 156 753553334
92 152 820324464
106 122 244152666
68 140 266061552
159 175 592665379
39 163 480009056
119 156 333505425
1 59 725003155
180 190 736263164
31 78 902527523
24 60 424245959
51 159 332116938
35 94 647552726
66 137 115240944
133 186 927833148
32 39 838541956
152 186 486381113
182 200 870020878
44 101 71999075
45 119 643209989
65 103 915376930
85 95 327936349
104 151 914907488
47 137 282870116
13 92 669863809
20 166 336936142
89 103 876573073
57 183 444782862
107 198 496931004
10 111 613968870
11 120 497205762
90 191 435643713
22 195 841933354
16 17 166044736
35 98 146444535
6 134 498866066
22 54 640235929
9 187 428868360
7 57 4460646
8 134 53983335
65 174 86426057
25 166 27871104
5 78 719216762
24 156 970308478
29 148 697736943
42 146 36283262
124 164 613565969
56 164 738594916
143 175 506264883
81 85 694896108
36 137 610130751
19 50 973726463
87 105 581978418
8 198 713318215
7 188 141703113
109 111 460951557
108 151 408209532
180 191 899903521
110 147 670988715
150 182 396396930
7 174 518826007
95 136 614995872
128 164 988715411
74 147 91595094
24 106 164319482
69 185 25052156
70 178 918054755
130 133 372816821
1 120 416711315
106 145 582635268
24 26 891060915
22 105 899867557
6 121 519475010
146 156 465170586
99 154 801883468
7 56 829983619
64 87 370176219
10 30 247216434
124 181 680594350
5 150 177377150
132 180 495210280
137 196 128027223
71 150 594654091
114 157 731022875
16 151 230227557
85 185 364216615
38 82 804518474
42 112 939207855
42 165 472421826
68 93 684876498
15 184 23624069
16 59 803487208
34 49 763679205
45 190 519486238
101 150 450829707
64 92 468944453
61 194 924936549
78 89 308800230
37 159 985235934
62 139 356739225
10 142 371381584
151 192 718408854
84 153 172403638
1 106 709104780
61 106 559809958
4 59 58003121
64 127 675474045
11 115 695189274
24 113 771798491
19 68 392028236
85 144 209883730
119 195 166647570
86 163 226027865
68 131 949486480
112 142 631735942
47 177 175541144
161 185 148007420
26 129 4280891
29 87 638489633
107 116 557812387
166 192 75109524
48 175 302993952
7 9 10383454
14 59 959912832
24 80 293238118
55 74 718351266
157 199 712484138
56 121 806495053
97 183 502835884
5 178 143343677
1 116 9203625
16 106 443963775
141 172 723343120
42 58 182502654
82 133 686058161
122 135 603577436
1 50 291985461
1 182 533882630
16 74 657403214
14 16 50651010
69 166 901450542
103 124 470666250
90 92 397894460
26 78 674378334
87 124 323239685
14 146 421307606
36 158 844440944
69 157 169294518
40 157 578725174
19 172 992263109
22 98 499886224
61 100 857709344
51 141 912276529
50 178 50483019
33 153 269743990
26 97 177608072
16 165 332336091
165 194 807300716
67 101 437670321
53 87 502553518
78 175 512890381
99 144 200155970
6 37 653155843
147 192 571366821
70 86 639575316
61 104 34957690
69 120 125828836
123 193 29428310
12 88 249435183
98 188 903547095
47 183 450095869
13 190 209545211
101 187 436670997
34 194 617235374
100 140 738461615
131 177 595729572
32 43 199804268
100 168 747711337
3 33 942115722
35 184 787581109
104 121 929380691
96 101 197924100
72 159 277191894
81 171 760319846
18 156 219111897
43 96 147793299
87 165 172241933
113 157 224518978
25 176 857586307
102 141 128684730
6 17 825081950
26 187 979091112
13 98 225640650
22 158 989289267
127 142 744913964
57 137 445464141
28 147 775499930
11 188 37668172
11 190 271769485
45 133 942482360
4 125 139009237
57 148 532139878
16 77 761343180
46 64 298440645
24 176 195988942
135 138 40607863
92 110 345380072
65 142 202492195
109 161 153509839
5 182 1129609
13 118 688675347
5 10 521251030
18 103 833410963
2 141 780917049
29 44 139947571
21 171 304487605
113 133 68645580
78 125 19132985
73 170 979414884
7 30 787259885
78 126 506031262
89 196 261502414
92 142 650042483
72 101 670659964
12 148 173035554
6 194 645446482
141 143 174103397
82 186 522766519
23 59 783289060
38 44 553635251
22 74 728173038
156 191 421809604
150 195 288000870
181 192 399298034
10 153 509806075
85 177 79559201
84 187 606628763
24 56 317240230
63 120 804053033
91 186 159251739
3 186 519719788
13 19 378461046
117 118 816219211
63 125 407558232
44 122 664270135
14 30 642452386
12 48 519740903
102 177 260794958
90 163 228087371
58 88 875391099
112 159 367001274
38 116 333291209
30 200 133091693
14 145 390906087
16 121 808382768
95 99 207622505
102 152 878308693
113 150 342264542
10 200 288890604
43 191 265520673
28 93 997029682
11 131 865324015
36 90 528387398
2 123 65761210
3 37 303293730
16 166 814495164
22 62 190186952
158 180 664851022
68 194 592824507
169 200 142257273
94 171 962888368
31 54 142156237
110 143 910596485
88 147 701966705
131 176 588833650
65 80 637355131
68 129 262636414
87 107 183712129
89 166 780546355
55 115 959505776
22 163 110682004
95 184 534787483
1 164 131640655
35 168 803153175
52 183 892666414
42 142 306804037
116 160 889557459
116 142 736186287
125 147 36590500
14 123 521590551
9 109 784744963
92 141 141646797
27 159 976295618
41 188 34134337
23 134 532648662
87 90 599507160
86 106 839582025
94 136 862136834
142 154 799716213
56 151 779953036
4 50 716037742
80 117 392691762
1 171 97102784
1 100 770727032
22 110 494376282
100 199 990074809
41 161 60883144
9 138 887520896
51 55 456017320
148 177 136835093
121 171 988213078
19 149 74206555
127 183 838143465
31 35 220928217
55 76 802057827
24 53 38477333
110 165 584466979
23 85 576307240
86 173 915454878
68 173 286640527
3 157 114623566
60 136 869079870
112 136 224692713
62 152 886504698
132 200 791790806
6 200 323311848
184 198 317320156
123 158 606709856
33 128 727329052
45 59 37956614
152 157 286789697
94 110 287850779
74 186 745091061
158 196 488085008
28 42 733256854
20 85 447166044
91 157 519016489
47 114 413531022
178 193 305175438
141 168 601556389
61 87 369865973
169 180 29870239
11 88 975807376
50 193 144237903
79 188 783950986
163 173 822140787
1 185 870307639
33 86 407942917
13 182 163764875
136 166 386563793
34 146 937614288
86 156 28000839
56 68 212306579
39 56 528409234
109 200 493912543
68 128 286810856
74 174 712639149
70 180 332804132
9 95 599839130
54 194 557671313
105 179 917843930
21 53 842348295
57 128 688069484
21 176 181970492
24 40 251640463
56 70 618532691
13 41 888374388
114 140 136917177
66 72 592089396
47 121 256686641
1 52 143076611
26 140 611841836
9 53 987856550
19 104 651998301
91 179 709060386
64 69 214617741
10 94 558342837
61 118 840778923
103 128 70334217
64 137 6598439
6 126 299340455
151 185 534323839
71 120 401234345
37 142 330734361
47 54 660903347
117 164 400461907
152 178 915062052
68 186 817205976
100 113 758375303
54 143 966917173
34 42 365683535
33 155 355112363
63 110 733869763
121 155 913305670
117 169 562945591
47 48 150511150
111 185 524096892
44 189 355063612
111 116 685988505
55 77 277882576
76 137 533422522
31 57 247562977
82 95 935497320
13 14 146971732
79 126 682652666
46 65 672128145
32 115 115489098
180 194 532316756
63 103 437133228
6 98 672139712
16 81 877069596
28 195 591848377
40 130 108288438
35 191 527590002
32 198 667962474
155 197 442014020
58 83 185579247
165 169 55041985
93 180 116838647
84 155 840262665
4 71 915297957
42 161 764103771
6 139 923923515
48 173 236677614
13 146 491073304
71 80 289523458
22 83 64359392
78 112 558992433
103 153 58544636
93 100 738486538
157 164 453049413
92 127 362420191
38 192 395289339
41 62 209996510
120 197 134644987
21 108 332889182
24 167 641502769
8 119 526853243
90 181 976513866
20 29 162080740
133 158 853174958
13 183 768901618
45 178 530695853
56 163 156688893
77 114 378329336
2 9 539918315
81 163 510064466
11 54 264020489
31 170 399056262
118 164 447656477
82 182 855845019
58 120 48120763
66 101 838822726
32 186 760066007
78 137 279447455
147 190 792538523
46 60 793822231
64 133 622283898
32 45 199421353
85 124 365906309
143 198 307856720
139 153 464640509
35 72 782187192
33 46 250600232
30 153 351200823
70 177 493738344
83 128 274461182
87 167 989606536
19 61 886908043
120 178 367154009
26 44 985269346
58 142 377194621
140 200 148763387
58 189 179744898
25 192 520680702
42 114 436047154
156 196 907612589
114 137 427715624
53 147 892029857
91 195 762848934
136 181 897872056
88 195 102096038
5 193 639003469
61 158 250923310
41 148 379865770
14 82 267391976
63 170 754347194
21 179 797102065
82 93 445616898
154 164 735031281
34 121 989106386
102 149 493623147
137 184 247928503
115 180 437534037
54 191 198972211
113 136 292429291
69 182 569365679
