1000 2343
130 179 540360693
199 959 956627155
793 818 549705553
558 644 471555818
138 972 192880313
246 999 182199977
269 500 125108289
706 802 455614174
443 632 916479053
159 224 179559463
261 937 513535332
40 65 101678317
87 398 632550217
205 450 747745938
68 610 852831564
94 348 595571174
339 902 298854877
424 524 622603486
74 339 468957537
176 779 38846343
422 841 947818568
484 658 3143735
334 890 161256543
293 652 857238790
48 722 550974818
774 913 999689340
819 823 286278869
1 625 67670923
85 435 891881747
317 794 160372927
338 827 232121254
95 250 169938611
137 768 797228761
66 624 995492806
678 948 621423756
155 904 718684943
519 705 374580806
311 752 631322253
147 703 597435024
288 692 751801507
431 973 925934976
589 867 233396418
441 819 53150355
648 753 878978407
210 510 269459392
110 939 481379144
253 913 390838217
559 851 673581001
647 952 385610195
270 341 936165045
187 248 303028793
552 594 911135017
308 881 687308444
435 724 574415827
51 814 531856190
541 581 708768860
446 936 346000784
434 569 698264098
121 928 636527625
389 940 738897450
864 896 40638776
508 759 335590485
81 712 610140700
13 705 855384528
276 789 881611699
14 578 859194065
116 812 27779536
258 307 978400127
275 760 494925617
74 342 77076529
191 731 254248656
442 1000 687626459
454 836 523128441
344 887 975716292
670 765 778700444
167 220 601397628
319 662 166598500
251 919 511258637
64 660 517336327
350 398 194861424
261 825 698901343
322 328 881724738
56 170 844801722
311 401 480812983
863 956 844727789
69 855 801436110
214 951 804615599
154 402 200749766
136 976 537797923
210 265 39733968
454 800 507774390
417 526 32661253
651 808 417399339
424 921 463654554
86 616 619146995
168 938 845519697
521 881 372442561
247 472 951755058
263 653 529074270
533 928 103983483
367 762 530837689
664 891 22870740
83 331 347698241
107 647 541482182
758 977 758205559
438 785 649853550
698 918 27459262
535 636 670391405
820 865 208252789
83 977 454154786
171 710 506073671
348 466 980583963
762 889 848910785
220 334 927832519
452 917 899271204
345 694 757967473
87 704 114632572
597 731 6623081
301 715 246540016
59 78 376019331
550 763 862396252
125 206 259907013
333 489 606816540
140 141 283281755
403 547 85383466
134 526 923793102
133 338 337645931
558 765 528748661
360 555 191854661
203 436 258226219
92 652 311800180
286 589 162118209
94 469 106103838
26 731 751444406
360 626 665826340
261 541 523130277
178 515 699649722
505 924 488580094
38 440 216556089
39 805 108567416
77 80 595488563
641 786 566188742
418 555 290726088
134 561 177602312
573 607 803762231
22 247 178853252
377 541 540145591
502 951 42150037
730 996 125041799
711 951 80406499
884 940 325679684
406 408 892208595
340 362 357854074
38 196 460931649
597 785 236707196
286 525 879228524
492 957 940977527
190 964 409262641
278 643 508969157
571 990 886082172
184 575 421722750
41 640 968947963
374 974 37122645
104 431 423907603
106 807 464780448
250 530 858612247
623 846 910253496
322 461 21619383
642 896 625422978
488 827 498723254
190 648 925282893
91 992 424242143
187 457 528290271
735 758 573735737
876 921 47238090
295 736 453717369
365 924 271142403
286 442 969238455
39 937 965656244
8 282 801175909
358 920 15706704
195 310 674061436
82 836 20277480
682 702 692529399
332 465 180732093
147 180 48979844
428 566 232197653
479 731 69066105
248 402 340272210
48 540 878621700
198 738 354564159
530 769 802253478
87 106 82546605
752 931 160434914
47 903 918601278
215 535 543913777
252 658 4407680
203 816 633364792
398 451 612582973
678 883 364191548
160 202 679287056
511 764 217163989
799 819 576373819
811 917 93045473
17 325 478519480
243 461 487759035
798 979 208823437
189 812 406569133
681 820 19670628
7 405 2543522
746 876 817153114
107 362 339309088
831 994 640340502
272 587 807126644
122 311 646435870
590 842 286078510
344 846 74260581
212 727 321054415
230 446 155770407
254 421 528783808
439 736 244738809
13 447 695911302
115 285 234528539
724 885 715484724
773 938 174163216
581 851 20118304
289 433 691725424
531 881 715982809
97 415 647430140
64 629 880554072
8 560 833278707
163 297 454684276
280 915 180055459
189 601 6442651
544 577 507768130
417 815 706900415
376 570 566540542
92 559 458814093
47 722 656934994
262 495 543768548
306 953 959528090
492 692 93936260
715 972 24370153
177 492 534737414
782 816 984600346
22 990 471810315
371 418 408004900
407 722 931119288
38 723 593372595
199 268 781548897
717 916 625958643
277 833 352747651
209 362 461802670
4 30 292986360
627 698 430154904
327 349 238633573
248 866 640524777
698 969 11723510
9 213 95675436
395 778 440711757
651 924 672390999
717 804 252173495
74 933 862936858
393 511 658079136
232 283 583425915
642 759 205759561
138 642 878060706
779 996 675279799
607 935 913126385
690 708 871286766
478 539 50814551
21 305 921366623
37 115 359273446
138 942 861491102
754 918 839597730
355 821 995263575
815 877 254725275
347 632 273547138
710 897 619251517
385 758 522508757
121 460 318574053
600 792 50248314
158 874 979796920
251 795 705383170
472 752 881516720
950 969 409731224
390 730 45205495
514 707 84344953
180 296 985282423
232 523 735136163
684 815 118243505
174 533 62719436
792 949 835574478
88 570 938995093
424 809 945264627
203 897 788098047
263 655 567061465
686 857 817064221
610 872 539701148
71 673 484146187
445 454 808482514
97 232 324039710
158 901 913908702
54 94 753703772
35 513 47595398
121 516 317448238
100 203 108076483
532 543 879245908
288 902 29170648
359 492 301751576
700 762 193876390
320 456 124173510
679 698 211138109
704 893 297887066
63 251 796072886
173 760 967895675
342 622 552328767
618 626 990487208
471 861 303076470
160 410 521391536
519 727 195894011
567 749 931492455
611 970 112718656
404 952 882788758
77 780 433902498
590 733 372131891
831 838 893998781
501 659 202366161
192 983 886981627
165 281 684675673
674 986 643451758
738 910 893752314
93 786 191301344
91 225 149779038
108 641 208677927
684 880 292619293
377 650 748239036
270 729 459472758
53 635 35822222
8 28 755703100
810 909 382510100
925 961 165377293
655 732 993325473
35 121 401282250
344 893 376239611
409 434 394890050
94 139 812075053
49 137 844320304
209 453 151851163
356 494 904242535
447 818 937972055
235 914 499276619
442 589 519495091
249 856 233972355
778 947 527300887
414 617 765046508
192 299 24043284
135 908 591088080
221 351 160559800
473 677 254300503
79 205 401772323
497 940 72298813
266 651 581495642
163 189 905626308
120 239 374582107
434 723 534899692
437 758 553173616
633 962 402036706
510 974 493259976
122 423 372014261
421 789 341909059
509 782 811219535
19 568 322380428
476 696 662093986
275 753 966612588
141 680 193391905
287 840 159333469
445 963 451484529
263 860 47323230
279 966 88520032
575 830 572728581
30 850 727468053
624 675 762935258
78 522 204609673
187 636 727163105
382 877 956869429
129 428 943039352
374 977 179196685
560 604 46622819
139 170 247820204
773 965 311771429
248 442 433461967
143 191 900357265
184 898 83385095
564 604 812434079
11 253 595495850
177 995 210135939
523 560 229265418
557 991 670204923
96 625 956311529
274 979 626832104
100 390 448170795
374 722 929890848
128 347 335248589
39 649 423484034
122 184 746063126
434 570 822218058
51 219 51174155
151 556 163586213
424 856 486466855
117 680 290668935
13 556 85691211
492 893 514531004
599 948 373309939
829 890 794674493
473 926 16384170
245 516 660211140
779 790 921699263
160 588 736969122
293 617 61997369
955 971 701101776
269 887 566228231
495 496 206587715
257 676 23539323
381 396 530248067
323 959 510521593
462 898 669714558
346 378 452681195
321 743 877670553
44 710 356023799
228 796 679230983
657 690 971612532
220 401 198919774
438 786 595602457
223 845 4820327
586 846 481688567
46 131 304316725
277 681 575547817
363 666 772908920
89 711 324180937
51 368 250738194
268 640 882961317
432 961 333098730
520 743 308495154
129 298 247984384
197 902 504142912
583 996 62334658
286 987 411547374
141 599 548679069
40 994 786495841
182 237 75747542
95 526 570551984
486 675 867966873
432 796 856317218
591 644 488875602
12 398 536162203
379 770 195668283
445 613 629086802
485 686 120350773
266 705 374812871
434 835 290035676
204 316 366645492
553 695 290343381
402 753 447473602
197 376 445428329
36 423 302627006
508 856 561788759
398 984 678870796
468 469 585644517
418 738 91092379
313 892 179017784
174 436 8488601
400 816 269593061
127 308 641096233
81 571 645247943
17 538 499042387
306 759 943528722
293 986 496400444
590 629 593124776
602 884 635854998
671 943 687788458
235 348 531763545
545 889 203989586
222 488 813625010
83 150 510277632
576 836 668620604
723 861 360101778
773 884 884391789
188 419 941501688
236 529 215077458
163 389 169310470
346 940 713763710
186 276 482786444
509 726 15545407
78 245 256445603
513 709 799167507
708 900 274379849
309 937 55635034
440 540 590929712
418 554 961488204
231 292 313004498
448 535 473816620
56 709 252592840
408 932 108961469
217 271 840859484
197 880 869914101
498 515 996168540
390 471 780348912
392 968 544621617
810 929 727485735
449 656 288872751
72 909 974317281
731 809 441884461
6 403 899733737
639 952 611748184
134 221 829104256
526 995 346079556
394 759 2850453
339 779 890739779
537 967 291989299
453 776 259531770
370 395 132668986
282 456 73489968
173 492 276391761
492 620 559655401
156 704 659797274
350 502 907391923
477 917 714320808
151 430 72663359
250 723 74066989
97 153 526175794
93 221 844875767
879 964 215286845
115 261 867313309
291 763 759422571
545 635 801445237
24 511 741852601
493 799 888798280
79 586 424303851
1 333 217640776
229 373 795303837
203 783 781342274
230 235 993612439
560 661 296411407
24 172 5243749
157 544 390417232
69 904 204738855
352 709 711206233
446 985 957996197
88 173 212542573
16 621 93949350
289 331 486488620
693 907 558868353
381 669 908838217
431 572 855174900
321 791 523228031
176 406 375576884
334 984 739336389
763 916 271048260
616 706 634108351
202 464 617339018
356 460 558503288
509 758 951325086
481 994 658445390
630 908 271840869
98 134 201706029
665 909 570430046
270 456 566340607
380 861 65249851
195 825 550058083
431 944 341637043
605 692 555008924
752 816 136097430
507 802 575077579
129 377 355075361
54 263 807389280
382 904 141794195
635 927 835540942
113 544 995477247
711 982 547268222
137 889 612372836
191 526 869031429
240 254 521406714
873 904 948621208
56 609 902721742
3 480 280253631
116 202 996876432
209 732 570725704
201 504 513791403
354 562 330971262
257 677 784287638
631 757 287168410
156 384 876363114
42 172 184900986
576 841 602581171
800 984 529039248
244 752 665545610
16 434 600997404
264 460 627032547
384 931 319164317
2 693 503757346
15 999 346380676
148 985 10247412
162 363 937001003
249 889 29551196
291 338 84559364
74 279 510832140
205 280 257852437
253 750 325243126
469 786 810690979
43 246 28244513
180 309 20409133
873 958 618646720
116 126 835420316
692 862 637976447
262 574 615489207
291 731 976879392
243 248 548245980
40 939 738771526
542 711 934693356
451 969 637751441
405 877 579765639
388 441 412544746
25 915 558268025
15 44 750567199
793 969 593424243
94 955 735350449
257 926 413372157
543 596 295688940
298 555 786517419
573 994 242757688
545 680 810470286
824 842 70180527
54 883 771073773
875 928 336428527
440 452 139694645
1 667 841075760
306 346 545467181
206 358 361355928
300 514 846309229
476 985 608958157
295 360 127289872
7 933 896380876
646 691 896473256
422 782 497684985
471 555 281805682
492 681 971325046
134 217 299315402
328 598 648117175
13 734 529738720
18 766 369498966
330 894 227032748
26 481 213928739
536 773 516385055
143 806 606070655
236 263 588051866
244 851 184413417
732 961 522323619
18 962 487139545
382 520 878302166
325 846 891325388
119 206 443601432
75 745 565146784
296 636 186058003
17 281 315813153
577 711 802444253
352 664 162237411
159 525 938576122
778 885 725803857
414 936 599498116
297 1000 690330118
413 600 722210728
151 819 156578907
360 707 771409492
41 691 691351872
11 147 321179694
13 573 286927951
519 882 607997895
62 638 56945438
218 379 546384656
115 561 867285972
186 436 7734796
114 134 303947518
17 240 850351303
616 684 143624355
338 566 694574214
148 963 280288405
124 189 673339967
714 942 628069385
58 276 401320523
261 795 212720233
30 540 767509337
669 800 997485417
648 876 220998309
401 663 419991128
289 557 150672234
558 983 10725048
200 620 18781589
259 282 553143824
433 896 483331514
36 724 828493567
167 780 245640267
202 537 717616020
484 614 758346759
359 620 285741789
46 795 265587119
472 809 530586045
799 847 552325375
111 579 608691970
26 136 328584412
655 932 453090487
208 357 6085833
306 832 302150837
832 991 17884575
61 659 282167424
322 488 628422525
248 557 325488719
804 856 964201724
387 921 535826284
152 514 459380135
17 584 432586686
612 731 571964842
285 594 379102883
486 676 446058696
229 459 576039171
166 273 808606354
45 470 949204642
833 857 905138133
593 747 577284276
845 864 486776659
283 929 377015222
369 693 420466102
335 644 680489083
38 669 270801601
197 867 759787140
56 681 610677704
222 272 675104661
5 453 306645858
105 363 316127876
583 868 836324956
308 604 79866707
612 717 116773872
734 804 820477569
99 322 348599094
109 687 986180508
17 885 587914713
175 904 359173914
391 682 895800846
238 342 597362025
161 728 752011714
178 933 905220933
231 577 136619282
324 786 587361096
608 786 124153344
349 654 834424007
149 453 32912738
88 231 350137819
28 64 714216733
287 764 931402940
115 296 39194515
108 700 960858198
439 471 297114713
163 299 655030805
645 980 504316973
181 483 774425347
126 720 151375398
414 647 708668949
348 649 749546541
278 350 492424641
591 639 133535915
357 823 132314324
171 177 141920132
10 77 924963457
135 744 409555011
698 978 387957692
143 203 314869653
59 909 530777032
471 560 145319419
376 485 913445391
270 728 194559419
156 196 869146929
163 267 20562967
399 690 331766622
91 996 387696577
81 468 955023848
112 485 497932941
477 524 802954771
95 892 634950248
350 791 984467759
810 822 72508296
559 699 457433577
558 945 932921316
398 473 582473949
495 764 348340198
408 876 60832366
301 621 64347743
781 884 312508377
580 804 828544443
179 864 770819976
475 944 159153269
30 441 786589860
72 601 779190476
350 663 805863917
426 467 210563511
189 447 221893581
581 979 185193237
23 590 291036073
160 838 768975144
436 818 339899002
286 895 135665988
304 603 849734812
239 511 503103939
431 471 874235621
470 483 683660603
185 590 871472889
176 561 864119026
313 340 784730845
179 257 19026578
400 504 404654025
118 273 735247128
611 750 66940993
61 946 73484050
22 816 37947238
332 882 115990537
133 408 250189705
495 969 581457211
152 483 598038016
203 930 575490957
49 393 929456701
585 636 30455999
500 642 101839899
624 958 279895009
629 873 225213819
19 263 54527749
584 916 301159695
572 923 689649205
388 543 524673653
171 605 108616103
361 738 488276871
126 893 528447278
21 54 816265969
527 870 495676148
325 915 270424067
582 931 742497126
257 867 382216647
732 984 806035566
373 795 502588758
402 778 493612007
922 979 141098855
102 357 691049805
49 606 549254440
65 451 151709876
419 732 937629776
312 632 523194107
688 711 42706549
506 888 232802113
174 306 237397402
254 755 884917654
126 663 406410763
97 820 986243829
9 794 366353773
62 114 857112690
482 605 890525968
92 733 792193455
320 338 382113160
444 763 914785940
327 805 816933243
499 944 889435710
599 652 313173947
103 868 340542264
456 591 54634646
628 993 456422120
221 770 402137709
656 858 702066251
291 352 787408259
188 765 575625188
109 424 596588822
570 936 128736497
168 953 582301107
403 895 455732192
123 541 933001414
160 709 791907840
121 700 257251696
740 903 829396603
206 983 39852189
201 221 20000388
587 700 348383828
403 937 197764812
430 965 51982417
388 995 173453369
121 886 102228432
132 257 723176921
472 993 699170987
172 221 152255508
194 767 768122791
118 492 667907873
163 326 10609673
431 695 77761723
6 695 127320688
104 976 235344659
536 785 767072990
823 916 91426056
678 828 587758615
106 673 636637077
572 926 874390574
277 842 583897738
523 914 462191196
321 906 873739390
180 343 105639443
427 905 582471171
961 997 320621394
143 323 55051803
12 94 882731578
519 524 323730411
221 881 936942561
156 402 505689518
187 635 785258086
349 964 458947307
327 720 488927814
415 924 939892714
389 704 366389484
75 431 82450020
149 209 463328910
515 908 29574009
70 221 592010550
48 525 64153830
182 530 82892062
261 520 331089270
265 654 324982849
47 560 866487993
100 601 425755950
57 345 424404979
171 460 910094622
24 515 864752727
497 664 772190537
710 813 771092596
726 938 125593460
357 792 137321199
120 260 143995854
297 633 76050034
537 830 21342204
327 831 113990884
541 637 162656114
482 502 87255002
373 395 523165444
604 906 11802700
6 793 492406204
96 755 526716811
627 699 479786221
580 733 197482354
72 903 926434696
823 942 737336284
777 983 827452589
406 939 273962837
108 770 84029317
203 863 800615699
356 523 681396814
375 755 31523879
175 906 708883639
145 737 683167215
164 424 254189933
767 842 231512526
74 106 979069685
502 607 738352671
538 822 223675324
566 952 588867174
852 880 159583084
68 878 49537736
70 882 709749632
343 949 256854716
38 387 134474522
6 861 775266051
99 389 30270483
134 989 864681685
844 898 627369811
551 576 736423004
536 638 369388643
243 773 278157413
243 271 194376768
51 605 407971156
569 708 182724977
88 967 641786201
570 678 172895067
507 659 98784224
180 246 74445524
377 563 663785550
667 939 860720117
561 882 219999209
204 355 417947444
363 398 819774231
825 890 215951281
400 870 858776522
693 971 247862991
232 708 548386618
83 778 994596102
436 979 655329493
359 638 536904183
452 857 837674611
501 676 962474944
340 816 642648014
458 541 697800593
400 669 705008945
220 915 566489471
226 856 62125934
59 158 411371927
166 194 741764372
444 940 674792502
11 583 246641889
138 805 699839383
146 197 175115637
560 644 943105709
25 968 130705993
446 577 458825523
173 247 915949534
582 730 571165440
846 997 946745145
485 511 999647391
224 998 713290381
494 906 401525023
317 589 622235450
772 831 417526054
775 874 22430966
660 951 82563916
585 764 911674953
323 601 265806758
220 800 176538686
677 898 384232095
19 508 831864151
33 174 809515279
492 512 417723841
714 916 476277125
529 667 206634696
482 720 503272167
31 738 845071756
297 735 92923965
68 247 432130805
304 712 502972361
215 223 651112675
485 996 650223962
204 710 633393322
113 785 786680801
287 828 855422653
507 549 880418372
72 407 876397992
591 921 556430706
515 613 283497027
562 765 91002806
113 516 784259876
223 255 187002704
494 814 392274773
157 767 107854913
608 770 383565894
194 695 476757350
342 859 241101060
685 855 867327688
476 894 799259819
225 835 813572914
700 719 605069849
105 802 338083075
154 527 900465380
343 468 907348548
262 301 705512333
276 386 606700540
198 585 370397429
627 744 693476547
352 495 485091087
574 888 44923540
166 996 133975254
341 966 26061799
257 541 224221569
52 151 255551487
333 575 211444469
605 914 383483008
148 246 859501947
338 871 676677188
696 994 974836403
286 831 310837614
231 252 506533831
232 795 329688254
136 990 742615778
23 108 892782630
779 858 54710755
151 285 77598877
400 501 778234446
38 405 24214836
190 494 942736002
35 538 270547814
244 683 339352113
363 785 741544627
761 963 466882059
372 623 351857007
409 705 256670908
731 830 675171542
177 599 998348057
675 788 922347108
117 418 181387669
104 367 94175331
589 726 934246649
559 841 2596293
206 520 991927379
573 748 109600563
755 847 291765807
274 444 679348581
259 970 386072836
277 513 675691188
148 800 420784881
199 555 687583725
66 304 387920041
423 761 136532071
317 537 17491370
864 989 189950806
650 981 79177652
742 972 983182434
843 863 507032953
858 901 261993331
507 968 46260880
60 116 176606158
136 604 300326063
300 563 461518949
31 731 595121689
588 914 846344554
260 269 810115925
444 488 190993700
72 930 355577888
72 531 786568198
156 624 216530851
339 438 631985661
479 936 121824744
336 462 300676361
51 458 813694090
25 703 302448399
233 997 769322668
700 933 34414828
280 328 233641516
404 723 147583181
543 936 644361239
386 735 582413245
108 179 263065182
306 868 431555199
153 951 117520074
143 457 394843549
131 573 78822701
80 869 738379456
32 630 514044121
63 862 30699842
90 128 893544790
245 901 164843009
93 651 68337230
101 547 619608182
524 761 843181260
162 882 159668997
379 517 401336741
231 863 600010390
317 392 127341877
382 839 403439459
594 937 910463566
567 677 463047443
354 650 149660270
500 860 166206472
734 921 735047471
367 722 124778484
70 312 217490691
277 777 541807026
533 964 459755295
194 562 704719443
180 566 398297783
76 310 478844790
235 517 703148396
757 810 546600668
567 621 276111106
337 652 106883898
692 730 734466134
325 430 387685969
496 778 449166734
766 892 564278843
162 172 178614162
179 513 686786056
159 528 245568186
608 724 53617033
37 223 743631559
377 832 764087403
45 723 149388823
128 470 66403462
340 470 98483220
210 804 949966711
541 625 475748589
676 773 8391019
394 707 828071049
528 757 592673086
800 801 438721207
237 307 451170756
643 968 691438249
102 384 592755301
279 549 612311458
258 466 202860270
342 749 561700078
227 325 390507174
112 442 74345235
69 338 350629536
136 925 220419653
680 791 523174223
408 998 857765406
293 495 533406047
472 772 185930382
526 643 569444290
554 621 797340687
93 822 823975688
249 411 492470045
771 781 182264307
475 815 536174821
77 214 203415370
129 294 675228476
527 988 95746285
346 813 250834898
73 425 357820969
115 311 680581287
207 367 229576013
280 514 507840445
302 787 634268797
206 924 337320974
6 134 664305605
667 670 512361408
7 499 235080817
15 625 310220694
442 568 803871643
632 1000 755240873
393 460 236914180
665 828 705341272
84 738 179489575
318 971 737549949
57 172 668672907
174 793 992078305
329 430 138600024
595 765 129784049
347 547 415364141
158 958 5345457
623 864 111067952
654 874 489627632
591 949 12752485
736 772 494895804
365 571 781940291
117 397 658983192
713 738 938739844
297 502 643449068
333 990 178587964
557 966 499505980
204 641 64724269
102 329 573606556
165 685 977692505
20 337 641333987
515 855 167677911
183 637 640174110
736 833 892257258
637 980 909133511
608 894 921119055
133 967 400325431
3 95 464074965
842 945 541655640
36 370 832150579
289 600 400524702
35 336 465189141
269 346 703373879
193 364 463839608
404 557 363231104
316 792 753443127
18 190 184420027
112 769 507246820
434 707 284594687
259 512 251156443
30 70 788635759
88 749 715692948
71 637 569891758
10 894 83444281
38 763 719111314
285 336 402005112
811 842 55069975
25 170 143761561
186 353 588671381
562 667 626206930
522 567 572692277
540 972 214089434
383 563 993451937
146 569 145678523
531 873 730312698
97 660 289732844
149 153 168583439
642 843 228668318
109 165 250998986
67 507 102743894
446 887 14013677
90 780 754750139
239 706 904326910
730 753 212985777
725 893 210049920
80 960 250912165
42 464 596409955
19 39 547515690
114 655 130937020
160 504 622354117
210 538 792932792
307 850 575629572
577 640 125079246
69 119 399197652
483 694 920523571
322 700 216657172
227 972 450658963
831 909 600447589
231 373 401580285
571 650 986487875
131 408 58827294
185 701 280208473
153 929 891417009
351 761 624776464
481 726 432708918
718 726 905809512
652 742 618874593
242 473 543706635
343 613 873588181
661 871 352850591
426 631 944493457
23 905 517507675
315 716 220281002
224 551 915073756
88 468 359490746
325 669 903463481
285 296 799368600
537 601 46604116
288 735 811920841
588 876 857815923
674 743 186424885
4 52 668476174
210 250 305014557
59 541 819548650
131 975 196602444
448 920 296509542
491 499 959186572
192 724 388699156
412 419 843297883
169 276 549437835
143 465 269715422
75 837 316733306
94 275 299297302
538 614 936169216
689 906 609107281
534 743 925411643
96 232 747301602
402 631 366716959
408 880 847623187
930 984 197436040
266 734 825867354
99 879 919208337
284 498 835687627
296 704 921085734
193 285 516181710
45 618 689203671
183 954 455899153
389 892 553197551
135 425 555521471
74 754 726842309
556 671 456100594
247 969 587263313
250 714 762983525
172 569 55979777
548 573 765004653
30 494 260378573
6 105 840039465
58 732 999778440
290 399 317662456
560 867 222554745
322 659 364821803
656 851 34966314
156 730 114263291
407 924 530493311
213 866 753183933
153 430 815363593
620 918 954221395
282 299 479278748
139 569 621579237
451 852 854590750
617 838 610127569
15 395 496718754
230 845 269696479
60 244 123661236
375 404 204933049
243 400 50469622
426 791 959332505
721 977 200701675
371 402 395166788
563 841 714453522
125 940 741072182
468 991 350291510
744 895 896990494
353 532 39181316
233 975 953540748
175 658 294801885
36 250 274449896
578 643 415255021
91 810 640338854
791 863 575163772
37 607 226839479
461 639 777516932
298 608 192734274
573 809 746411650
44 506 52577683
668 974 165463953
878 899 139508563
357 885 359706291
782 834 732070137
580 792 134029426
108 824 45174144
100 879 979309223
293 502 869930074
271 599 647721625
51 349 296108451
209 813 693212745
45 77 432163738
334 353 239334667
368 388 237578572
54 177 217021784
48 323 622022801
201 1000 409496034
798 869 750489404
146 556 367399913
768 920 716623757
763 947 490838733
382 958 318043626
810 908 910511331
876 892 900550606
581 945 529762699
521 962 562082817
578 923 879513729
248 597 982023689
588 605 412356724
99 300 126768352
661 1000 993837268
80 792 148372198
600 640 992491248
336 670 838651161
365 752 831415359
52 319 378623362
628 735 499504125
597 715 959240946
454 527 118594041
496 683 76798958
233 477 46189741
12 106 372118247
425 543 438984846
184 393 510543278
277 368 306682533
232 683 326463014
250 538 125757023
279 701 207386682
872 900 970000544
296 688 116400401
786 843 485656605
639 937 922859904
466 770 796229866
176 248 431034816
54 460 832813394
299 737 639932000
667 683 409882598
83 120 829278332
152 647 406726872
819 839 452820271
125 328 640961161
263 402 814449221
203 221 581943647
512 992 486137909
393 471 865661148
377 516 313941325
106 629 236881388
16 871 352966703
2 527 785980541
480 863 774659963
341 996 636436564
797 884 625052365
144 540 391557406
81 783 909730537
183 268 543524293
729 790 821053237
40 551 934764293
123 197 428106855
744 827 145601342
33 808 776808574
74 969 118092683
91 716 332962805
419 908 966002706
633 973 22020150
458 591 37056413
191 792 196020045
185 650 266422378
219 876 27464413
400 804 545893950
518 699 811173462
86 501 573686207
142 298 832867944
28 588 240762115
120 847 725372338
545 741 35340132
533 977 934911678
322 670 234358421
894 992 746876209
814 908 386104058
500 727 295662142
19 90 705067827
658 747 100235868
44 230 575741689
87 904 393841720
541 843 781477165
823 990 365517035
429 497 333489454
777 929 443676527
445 864 457687914
492 732 279484239
35 769 679523127
178 572 37263006
148 742 979603939
188 613 487316777
156 813 87680265
789 851 498575599
741 757 303870502
586 732 809135057
713 774 194045291
168 223 608009861
880 991 519193044
393 868 686915280
151 393 560595576
210 930 839689972
395 504 303306531
194 869 11002470
101 909 344461345
245 682 72331715
145 864 123517788
681 997 239059461
312 966 356787881
223 963 401622769
48 687 719526750
5 956 504035027
569 633 882779431
60 104 902089581
137 791 255578137
160 703 764434988
63 818 651309575
404 887 834963357
14 382 608736532
356 997 594758686
68 398 183445385
11 190 900521432
673 842 974697704
399 734 22085612
824 965 904416833
471 749 444578540
145 338 737540035
550 659 238319244
108 970 718190997
527 936 807070873
305 569 610688486
20 684 7779113
135 356 973840450
82 530 120640531
459 656 447239207
32 975 498533793
553 572 535514328
300 524 723347588
98 871 635138672
244 634 983126791
549 900 679420985
92 671 178952071
967 989 578400318
706 803 452198434
358 593 259228702
357 522 467327406
307 561 24675107
409 806 259177965
196 575 22874002
56 860 402549502
3 463 499389252
555 935 370545685
302 556 866219893
278 605 391391598
46 506 982374363
293 384 932661630
49 412 379043066
31 444 754927468
507 647 535450038
87 358 56821439
15 766 67610153
14 223 62380631
645 742 508612534
108 401 479937185
833 910 560682078
429 949 916160773
638 776 473870673
194 489 36069539
112 425 4823240
396 998 120497215
241 283 208440593
44 782 697893753
32 428 860116715
235 647 785667393
211 314 266728723
135 535 815981961
213 458 706584350
443 909 290724411
285 798 29589897
295 434 544921452
234 520 820702478
295 606 492752594
484 938 347057464
90 809 561457779
301 888 172342841
140 923 513780383
4 60 370296315
188 268 620704032
768 879 884492916
623 657 499488687
182 185 883007806
918 953 202277800
442 515 470293094
856 923 338713345
110 205 591203971
429 931 827680376
809 885 45962250
270 760 91811083
62 487 115867617
148 190 701615277
714 822 350605105
255 381 980718134
613 968 457015424
771 965 895684762
246 991 366241278
88 673 124176733
509 997 751294238
691 972 659319878
713 733 144104808
151 457 672277586
212 602 441226893
192 497 211690987
162 298 80314811
635 726 231437913
399 891 473687602
712 722 15971961
440 655 56800535
116 508 386116779
59 734 764290696
276 960 13984272
321 851 44960240
387 624 350063861
765 780 189421467
471 491 760509577
188 440 435295116
171 559 684602838
577 680 699909518
461 984 616857070
34 561 527729288
112 542 526141796
280 395 972725013
413 768 167840510
389 957 291223892
47 489 77196200
255 356 678760955
136 828 233127850
536 781 279416498
323 537 418742557
362 464 214759326
63 867 42338715
544 598 511521339
573 913 859619125
213 400 512855406
80 460 40997033
21 51 947824346
735 973 78954708
181 375 107925362
663 884 512332133
555 699 823623502
700 960 491253971
258 562 503302850
803 810 625979280
649 952 69967533
448 910 587635326
343 477 704655886
127 254 209981602
485 526 949321436
845 977 957767191
321 964 257260565
551 951 351303748
841 922 174743831
109 825 977919313
863 945 228711471
228 519 101485270
338 956 477384303
275 750 950413269
377 527 532745924
420 783 850786282
257 483 241364551
456 685 893867968
93 875 516988371
539 561 662190279
83 1000 418618071
423 973 363241507
17 207 786724204
750 973 817976551
346 559 22977449
169 671 394110338
417 479 599738934
409 661 184316025
727 798 109664799
86 257 176768598
703 801 953644522
525 626 887218399
828 947 216202219
158 208 228341131
145 631 440661973
375 529 204093745
145 403 559101332
2 188 901852930
468 899 953596250
277 446 597276345
261 650 650724600
111 242 903644176
18 726 413610094
121 163 333189493
235 606 271186885
345 471 674928126
734 754 154141211
382 443 211459225
407 637 706502142
224 400 521085575
350 428 308062461
95 131 597819658
409 711 237397116
184 218 140942428
191 462 115668936
715 908 27549155
57 832 420782442
293 752 846895011
452 631 652230592
755 857 991303924
230 318 304669896
214 228 470696564
211 939 230294847
229 496 62665022
269 398 217101546
372 938 245853531
45 188 1340466
65 105 932243832
777 978 74441974
247 534 801063385
169 482 387091101
248 523 261256333
273 558 907370345
8 117 339840227
739 900 490946323
395 924 365972508
334 821 326619283
320 424 461351265
532 811 961246014
152 761 74937079
16 83 347558678
351 767 809429168
339 403 230785117
355 505 90884516
529 604 476273259
475 567 752762657
354 377 829056449
78 962 771112671
158 614 514070365
236 544 578415736
485 568 50879311
349 969 640589334
375 802 598319755
789 888 896381549
121 656 578932225
644 738 118771180
83 642 34518250
59 408 653052206
287 651 251599461
582 607 476990646
356 933 448138818
629 658 897059291
28 693 779097884
878 919 776759553
148 493 948762028
51 957 700990729
622 892 399076700
113 180 86176266
647 981 579225626
83 99 506591552
389 972 45804399
655 830 963894340
495 554 938775247
10 468 836645757
90 315 808638770
695 792 14250454
112 704 557689827
58 879 209793457
74 378 905641623
374 618 273173274
396 850 296116416
225 236 833273151
746 800 230989859
517 986 411160864
120 564 146003624
725 822 687732098
492 797 448554864
134 840 56949800
244 599 37639980
19 310 229984325
268 869 275354028
148 998 763545132
565 872 365437622
18 79 284327497
401 781 329752089
535 817 598162772
365 680 288747264
532 947 241217986
420 704 893270155
543 912 456951935
110 159 127590299
108 444 452113114
259 727 884515309
653 751 245324225
190 556 686207594
130 794 512997421
111 499 702517436
774 823 394094303
726 872 96797220
50 431 494878028
397 660 898771338
533 604 709169109
5 749 253361877
118 216 309908794
391 699 701423996
240 856 915725648
227 620 1383005
29 285 499516146
511 776 63925965
216 883 369057589
692 911 60166383
167 569 87905759
575 866 114492745
504 527 328505112
44 229 929012628
216 251 641630817
394 842 102639827
81 924 209149638
781 949 161559206
11 763 597922383
468 617 977723871
180 921 548271291
66 454 101883989
697 851 23567728
488 894 354547704
878 925 317414572
505 690 451081509
807 842 963792897
477 675 609227323
13 675 509004287
570 746 65033326
85 837 801902386
650 893 59533274
89 532 194468430
18 164 21496539
513 742 812563881
326 773 451762331
94 903 916959720
182 979 982059244
155 265 858839549
104 890 702164311
41 73 886373968
651 680 4356980
605 915 329457468
249 333 428897403
711 781 579376828
550 851 478005787
291 864 847472485
260 636 591016586
295 317 183877271
126 140 3301852
349 438 737955311
329 704 317997208
48 909 125859327
647 683 555891592
364 715 404698689
418 938 84693201
756 928 223677512
720 721 449491010
81 814 128826935
176 990 917740784
358 861 799554167
448 718 502968322
208 294 200214692
523 774 541864136
134 194 570016711
531 656 994845714
629 936 411213258
442 929 852378303
15 178 811133480
85 717 826308500
650 956 947743203
40 230 530649678
720 836 645768379
577 761 362500601
230 577 538278812
563 734 978099842
101 437 672382551
172 583 928329611
155 489 521132693
275 741 57729662
291 685 402404871
14 885 912347108
513 674 876059618
660 882 146357751
121 936 11436938
97 864 470238325
55 911 636232845
621 678 926135734
259 895 841331666
325 965 221456640
174 894 318755857
184 566 318754842
725 781 519680389
97 739 288882719
871 951 854334176
137 676 315084179
450 959 274730367
223 530 206623675
350 622 389997791
130 215 440033064
147 652 1157966
455 829 188910485
835 880 286384101
426 870 848349426
284 417 412966837
328 905 232534976
708 957 117103167
2 734 552168095
717 758 637302057
399 935 876129572
401 406 418480943
254 551 745598448
566 979 570746455
418 782 726779901
624 840 837133160
251 879 170758971
253 380 371548316
60 342 889676891
575 872 239562644
43 747 184606185
193 418 630111883
336 892 375812768
648 985 739221710
280 941 194597625
206 342 251253867
379 701 92352517
284 739 434073384
387 540 280133500
75 722 295950007
133 387 577963284
896 991 730745383
500 671 8362775
269 847 125913244
452 873 393843247
317 809 316181314
103 546 814651012
236 282 119071870
985 989 927500808
406 765 167854694
11 924 498552337
246 986 860277875
519 966 388822567
385 558 73047669
480 530 397825055
575 880 951806150
137 803 623994216
65 428 793293762
123 375 675118500
154 979 527651958
571 984 681054330
17 724 536691350
43 349 514155178
351 540 365396916
7 966 928661089
307 531 108986287
33 425 534298317
231 814 263502441
199 332 316671220
361 482 768413372
225 477 51945409
107 331 278055597
186 447 919292767
67 243 742335202
136 305 920143306
686 743 106694993
78 857 864278179
945 985 86896954
266 919 34476611
87 340 753224278
23 820 647373329
769 790 221114704
216 465 458038808
256 346 9205620
481 677 98015187
687 798 321997734
239 984 843176011
627 861 605526676
548 581 742883683
18 199 786429999
14 709 537368690
504 767 470006358
625 1000 240951826
213 577 938277588
289 628 650370359
436 856 407044748
297 815 768353667
872 976 412745202
545 577 974299351
114 622 284892349
183 769 908717101
516 763 56174810
570 989 429395876
565 825 351796387
292 323 23597020
275 480 542712400
332 781 910341763
485 937 852885677
718 913 740594736
549 587 20270349
620 942 622753135
249 683 904564350
356 928 38808348
693 928 10777149
548 646 26275828
42 579 156181868
206 849 1086312
194 339 146653186
190 346 991848372
88 107 459093762
334 827 819588912
106 887 291422191
611 836 75437798
177 466 947665278
323 624 828523108
597 684 658582925
133 156 134824146
7 369 23073876
714 860 573336902
575 680 158904537
138 180 622529110
482 937 190656681
583 889 825032430
761 827 454503108
66 717 708865636
73 479 398674392
635 995 208020937
441 992 804856754
288 415 178729089
858 869 127025649
2 392 380284438
127 883 736297980
724 909 629239624
514 907 535895605
632 737 605145192
569 626 266779758
38 751 834403045
124 796 222032795
380 994 398337063
72 477 3534537
247 746 240163227
658 942 498263887
236 378 239335438
801 804 122532418
503 639 789915199
407 615 192977709
154 218 522912430
913 929 963733505
136 160 842195642
816 885 443365450
180 599 864056554
282 377 253518243
156 199 524242570
361 531 190767468
126 144 643126905
16 91 239831481
238 836 814033217
275 341 869730189
542 989 46773352
233 459 164369479
525 917 569858309
658 778 76640348
407 721 611089301
194 795 32888134
383 715 113541391
352 368 413560507
904 975 668686645
621 698 46555426
279 325 2088492
397 523 955044162
400 529 559893326
86 306 406067516
599 979 126275391
175 236 916515515
327 560 900870974
51 445 62015593
180 950 980455357
108 127 395422372
72 103 866123314
47 821 815871345
206 868 620365359
420 520 357188528
102 614 64519600
687 802 452109713
353 782 321287859
642 742 938073670
743 745 251727886
308 704 680789241
112 941 539528060
329 786 30344448
309 513 747924216
563 788 827749199
851 919 634044750
132 710 209271598
126 981 139908590
662 875 487082539
166 750 114682883
228 651 682540369
66 85 514354371
533 880 67989913
447 734 986455304
314 854 275454880
94 916 783979039
116 921 518959258
580 658 120831456
673 938 936981638
49 767 334580734
717 941 430871970
55 891 333562016
111 515 927170337
333 661 835499568
95 928 383244571
51 614 756665969
170 322 608670149
417 579 77856471
170 692 394783713
113 668 878234130
627 718 99225207
894 986 186698475
426 763 944867781
414 506 995272788
209 411 833250675
384 981 161693881
433 798 1686027
148 187 147500700
97 389 122868647
276 807 562803296
124 362 369320939
300 528 455255396
309 771 631081269
154 197 196200531
101 444 479558419
942 992 725088441
365 523 632620021
21 720 951733210
318 729 485607971
435 447 106710206
898 976 656089584
769 873 282501520
185 820 403796271
93 117 587812905
364 647 716884454
580 878 202170854
814 968 307432001
66 333 708974273
63 833 868164553
374 924 840795039
163 648 106868693
100 559 781350886
79 99 704438592
25 775 151962706
72 430 216588124
324 751 415082761
27 791 814142501
39 956 437154540
74 810 187675577
429 554 329083951
371 664 768255239
468 496 62844971
293 716 874380231
644 837 632043122
467 722 725567401
47 683 532826403
824 958 563565776
211 324 191500416
773 898 821328257
407 568 151316925
175 828 148121367
162 221 499911962
391 665 666042426
16 947 160225075
958 991 99068496
54 383 977926038
939 970 29065266
394 690 877447830
523 731 933529123
489 791 817221214
320 732 197562109
394 415 282174792
164 754 544129196
381 392 129541999
310 997 523488736
246 327 695580034
804 993 808136958
241 737 766701787
31 70 975230551
589 844 430040783
141 274 298270107
130 209 999187783
42 720 772467855
680 942 359249039
249 679 226052349
50 538 360467566
471 538 620406252
292 819 122382966
160 304 391803921
593 661 972304284
21 126 33453445
20 929 84493578
122 781 603416247
161 204 479520819
14 773 93391011
80 584 751391272
565 620 438248515
163 999 535108137
165 512 104197958
11 947 157675903
593 810 539715071
51 226 863033480
15 925 432716448
873 985 37708051
315 588 964134311
296 741 168005102
147 328 674290583
16 565 160317884
65 80 488148459
692 833 929796875
325 512 184305991
428 484 29219748
944 975 93904112
472 862 602444581
450 741 976608126
175 721 632407245
12 810 393464016
319 745 669183638
170 883 127511871
115 255 103893385
10 554 424238101
28 612 692518221
113 883 928569152
722 924 522917120
315 870 498995778
146 471 393017161
282 802 685807723
296 970 871167917
418 586 426480202
348 851 59297058
382 464 137549408
297 408 578605537
229 356 314647831
213 431 842114688
15 193 562858994
712 976 709486655
658 690 216285700
46 977 610354337
339 914 304402342
873 891 729121342
555 857 347081059
835 969 666351319
165 333 828720183
79 679 885695147
241 482 288601337
60 647 876716296
125 506 385266964
73 306 181066276
301 346 355154557
438 536 784680493
855 864 792023776
204 407 42092445
302 541 898316828
252 983 727418579
106 981 906139634
676 914 635765471
76 946 884635384
702 800 577680797
352 600 351721171
219 819 490391300
629 656 847379876
615 811 531595711
651 722 134448322
680 782 36729085
331 490 797645482
150 721 389206917
104 393 188341299
447 543 549110796
113 260 132768005
233 237 946567370
106 637 90534219
83 681 262093898
85 578 405903527
230 765 618171265
205 815 925506150
352 573 938528546
752 808 386321652
79 570 865253936
522 746 902940818
89 624 832740820
253 795 750005573
514 651 521463920
576 681 880484881
385 922 213293555
296 771 258333031
816 994 903229806
50 996 951076059
60 549 202894823
759 879 651877913
593 928 29238381
107 765 91321625
342 492 633142124
660 958 233310098
246 629 316091714
244 350 84014507
398 559 124512786
354 996 832867832
556 792 279605463
115 613 850341540
70 739 423734715
80 741 838158825
412 890 95339432
410 721 764283336
231 953 635428127
388 805 927688438
143 387 928084553
341 954 864230165
103 436 313168459
