460000 343
235 49047 374623762
317 226775 510858949
515 37944 121770983
1429 346841 745348663
1481 357837 601296566
2812 267294 807926233
3683 88675 242675794
4401 32939 932729751
6885 52293 271719064
7523 184860 325442368
8964 307276 294121394
10682 366696 522649193
11986 229280 294384282
12083 258549 162500753
12171 93582 881750493
12451 429085 425389957
12657 71074 62775457
13743 141247 614302214
13960 170695 81843177
14028 124702 676675240
15741 94432 840931350
15755 40005 540525308
16126 148430 809828528
17021 398635 790009073
17080 32173 711708774
17846 81338 294300790
17959 94649 252115795
18023 266917 751647076
18475 428146 314485634
19182 111748 229695387
19785 332199 7893940
21071 209048 173325162
21793 377400 655677024
23552 109528 34479668
24021 53796 453987578
24146 445688 81805647
24814 301361 113293688
25468 311846 181368111
26072 144913 132444177
26135 124383 587349187
26673 45805 439554375
28285 341407 400951070
29204 305520 515228711
29720 66424 391877978
31582 359963 142277839
32539 114348 620787897
34016 190168 768010545
34138 377030 688456460
34535 40298 432146453
35263 366131 738891096
35490 203192 846533732
35972 230575 796248757
36961 147891 276513442
37131 392060 97114489
37579 402153 463472828
40186 118763 913412246
40666 56255 207500803
42028 68137 636407104
42880 272750 408726904
43605 328782 716584146
45136 457108 880107593
45899 156993 585570034
46117 133650 932021403
46669 411111 149661682
48139 335019 764600970
49422 194973 374241145
51750 413170 763745645
52820 270124 771236194
53732 317303 756097374
53901 436338 69633763
54563 141087 929382649
55541 311026 559799281
55808 341593 168798050
56104 403317 303991523
56603 144035 300798092
56750 147519 134466645
56803 249713 796306361
57893 99511 710906703
57950 363816 744563260
57979 355091 959593893
58129 269566 144993926
58318 450253 141836448
59584 423506 866515295
60046 416453 472777181
62144 435237 121361779
62421 106840 997536373
63103 374675 60863247
63191 157232 109162078
63458 403699 339103789
64298 311323 437384720
64535 425451 885356205
65451 268992 282365547
66532 406261 143110885
68277 216433 144517335
69782 106011 548666971
69993 370962 587532204
71555 317500 756723920
72118 262805 315835604
72354 218319 512747905
72957 348755 213462703
73087 246673 223034536
73387 152512 966545206
74464 389667 757616968
74763 312255 643949922
75083 270676 871980330
75302 183630 993194190
75857 455169 99757858
76564 323231 323681179
77924 78535 163964310
78342 269036 229773459
78785 449709 593477440
79178 210873 710611344
79616 387297 480698930
80213 426612 353137694
80957 236828 820572954
81660 179417 585188447
82411 433960 864913095
83282 113272 642898479
84022 304219 84365803
84321 430356 298899591
86400 342299 501930786
87769 175261 317600550
88061 258859 860930867
88959 395567 711084141
90943 143165 659861396
91012 404762 736787850
91047 359486 53396787
92284 299027 1468633
92633 360046 784516467
92816 110514 466254470
93452 332136 260406132
93749 441282 202172790
94218 282958 907418007
94623 217225 794232935
94679 372756 429530944
94810 189198 656381269
97361 230270 144698590
97753 145958 127201567
97870 104445 468933672
97934 376499 741269354
99036 174412 283794600
100638 354105 607567557
100928 229022 194498684
101478 251944 971135758
101599 413454 303108443
105157 308407 831503891
105163 288810 299519446
106827 209414 277927035
107275 355160 683775712
108660 437416 794848487
113278 401354 580099984
113644 316197 191851347
113671 342480 215876900
113873 196099 464446658
114959 121365 704790856
115107 255320 11177754
118636 370456 76682392
119233 437126 18173260
119483 305550 648430947
119564 393527 678268343
120838 351592 729136818
121697 394158 260187342
121711 161819 2097032
121839 444803 528202743
125475 240952 16802922
125903 359441 407308982
126613 394782 991348001
126713 265463 181334538
127027 138848 892267198
127718 297740 923516439
128024 221150 166731229
128841 439308 408065028
129250 156910 139338542
129974 219711 302011430
130907 231535 453649969
131698 294675 191740509
132803 170447 963700288
133317 383391 286055102
134215 240882 515486674
134501 314137 904259698
137159 227898 587484157
139532 254830 130208477
140391 201429 389724220
140556 260597 34433282
140690 240306 691407474
143577 443919 283452709
144156 366987 810183470
144269 251408 561733809
145719 405553 416381488
146882 380645 481200220
146965 416005 192092972
147817 395285 1536648
149600 190318 658132173
149816 219267 225236972
153017 268745 841549308
153510 454668 104971891
154060 215367 380225377
157125 445268 955447395
158797 253004 982783273
161025 359532 585291202
165583 262354 628705034
167707 322609 197219316
169029 205736 765338244
169416 256568 899015592
169527 367325 906633064
169767 340817 987174133
170248 273107 331867293
171581 191266 107961279
173024 429292 125801249
173121 443016 678068319
174475 294288 634909518
175327 387337 914735235
177874 243341 465106014
179366 315301 301809745
180511 255763 336413233
181234 276596 57355730
184058 242413 6669133
184513 384043 941212813
184626 245697 139434789
184655 304204 891055986
185289 222255 110480541
185734 231251 403946746
186648 435336 803070157
187699 424994 31145355
187836 256702 87588869
190354 229278 622554656
191049 222148 362238224
191114 359665 901997353
191551 437754 825793725
192789 300615 183587247
195463 245836 253491610
197164 318924 922211003
198619 428285 28513794
199371 308624 290612984
200712 308951 400619098
202530 341883 312915095
203213 286428 492775319
203631 399349 743781234
204264 351472 763056130
204449 273122 97843060
204747 297447 776824895
210438 292139 548704055
210601 319951 297404043
212579 390840 336197870
213283 413269 430447684
216243 348771 101756292
216855 251261 291837358
216938 243739 756416005
217428 327590 808258035
217457 264280 373223741
217949 278005 207806315
219738 302535 21064606
219940 398849 49521182
220151 309817 517448038
220935 249408 913903238
221274 232919 747941120
224422 324249 164448408
226419 356829 128145835
231331 330420 976185605
232620 458349 141124697
232626 232824 417574588
233383 357865 623062745
233933 334655 956372147
237236 355061 748660023
241272 255216 770410983
242402 352354 199924578
242437 404538 412049313
244288 435919 268363535
245065 442410 703585786
247735 402023 931343838
250986 391659 706827936
251206 309178 834454458
252623 277737 23869913
255137 438160 950843268
256688 446286 284388807
259178 318379 693385715
260580 378056 514948078
261817 293738 602093749
262757 443327 286824691
262909 291170 68736986
263485 371271 668819110
263892 338152 456529266
265409 341066 422571074
271309 423258 50931060
272449 292535 868085490
275052 419355 913842657
276834 404916 633000087
277917 452569 901945128
279262 352934 562894024
281759 390125 998049996
281962 377415 280291354
283146 452117 514465859
284190 294625 574368160
286940 370375 952677409
288797 352402 524303541
293515 392094 792827253
293657 301263 958947064
295365 430708 87353203
297192 452053 334237848
297680 310748 563469650
298842 337613 922259153
299174 407802 704180855
304088 336686 597745333
305449 409663 119777491
305697 399069 609414191
307712 360760 719574408
311986 364491 432965444
316502 329872 224609234
320045 378340 2340252
320409 377993 315060260
323681 332681 803398721
323841 330002 138940305
324947 432885 572681125
326384 333449 336626541
326881 334712 637222889
329949 344032 251700020
334037 377370 412698460
337496 439359 544453289
340038 397788 851465025
341419 349686 497801794
343183 456416 437976788
343798 358416 939172291
348089 350245 648267407
349802 366991 190216488
350514 424196 10120617
359487 400276 25028039
359694 406623 348899294
360014 390805 480710582
366591 434712 709422453
370500 414155 846457193
377493 424336 791158655
379058 386233 657190816
382386 396783 21843036
383751 455768 949825407
390364 414037 267897475
399069 434336 492032766
403494 447125 806948225
403592 415532 986433411
405881 415987 588963137
412714 446462 317969100
422758 423666 466220430
428265 435557 46319634
438563 439200 306050006
